{
    "pose_0": {
        "type_id": "opencv-matrix",
        "rows": 1,
        "cols": 18,
        "dt": "3f",
        "data": [ 0.0, 0.0, 0.0, 1.34161179e+02, 1.01680969e+02,
            3.70532960e-01, 1.73897217e+02, 8.36195068e+01,
            5.11184931e-01, 2.54570694e+02, 9.68365784e+01,
            5.30343175e-01, 3.06350159e+02, 4.26140671e+01,
            4.03097063e-01, 9.44222717e+01, 1.17287354e+02,
            1.47893056e-01, 0.0, 0.0, 0.0, 0.0, 0.0, 0.0, 2.19642639e+02,
            2.16025253e+02, 3.17617834e-01, 1.88365891e+02,
            2.81054901e+02, 6.10178113e-01, 2.25635635e+02,
            3.46061371e+02, 4.79886681e-01, 1.49796143e+02,
            2.35318298e+02, 2.78931618e-01, 4.26763535e+01,
            2.75090363e+02, 7.12652743e-01, 1.14896034e+02,
            3.26801178e+02, 5.88997662e-01, 0.0, 0.0, 0.0, 0.0, 0.0, 0.0,
            1.37733765e+02, 5.70881462e+01, 2.75259525e-01,
            9.44170837e+01, 7.75673981e+01, 9.99307185e-02 ]
    }
}
