{
    "pose_0": {
        "type_id": "opencv-matrix",
        "rows": 1,
        "cols": 18,
        "dt": "3f",
        "data": [ 0.0, 0.0, 0.0, 1.84583008e+03, 3.62400055e+02,
            8.60225201e-01, 1.88415991e+03, 3.62422760e+02,
            8.27737451e-01, 1.84877441e+03, 4.65540344e+02,
            8.37911963e-01, 1.92248865e+03, 5.39087830e+02,
            6.79814398e-01, 1.80175378e+03, 3.62640015e+02,
            8.09483171e-01, 1.78410718e+03, 4.74307098e+02,
            6.75288260e-01, 1.80775024e+03, 5.09764160e+02,
            4.57344890e-01, 1.86953088e+03, 5.77383179e+02,
            6.56825006e-01, 1.89896008e+03, 7.59807922e+02,
            7.31468618e-01, 1.86946631e+03, 9.01157471e+02,
            7.44659185e-01, 1.80771606e+03, 5.77405579e+02,
            6.29221559e-01, 1.84579956e+03, 7.56850403e+02,
            8.05847228e-01, 1.82834558e+03, 9.04029785e+02,
            6.28162146e-01, 0.0, 0.0, 0.0, 0.0, 0.0, 0.0, 1.89889148e+03,
            2.85938141e+02, 3.98922920e-01, 1.84001404e+03,
            2.77123932e+02, 2.49470770e-01 ]
    }
}
