{
    "pose_0": {
        "type_id": "opencv-matrix",
        "rows": 1,
        "cols": 18,
        "dt": "3f",
        "data": [ 1.39562048e+03, 2.91777466e+02, 7.21973538e-01,
            1.31608777e+03, 3.44894257e+02, 7.74921715e-01,
            1.33380542e+03, 3.47842865e+02, 7.60442734e-01,
            1.30440186e+03, 4.68427490e+02, 8.72358263e-01,
            1.37511365e+03, 5.33271667e+02, 9.19117093e-01,
            1.29258191e+03, 3.41974304e+02, 7.00701833e-01,
            1.26612427e+03, 4.53722748e+02, 9.57851633e-02, 0.0, 0.0,
            0.0, 1.32203857e+03, 5.71504211e+02, 6.54841542e-01,
            1.32800647e+03, 7.48113220e+02, 7.28900135e-01,
            1.31608923e+03, 9.27551697e+02, 7.42964685e-01,
            1.32491443e+03, 5.68568176e+02, 4.46545929e-01,
            1.37195251e+03, 7.42183472e+02, 7.20920742e-01,
            1.30740344e+03, 9.04005249e+02, 4.99021977e-01,
            1.38973877e+03, 2.71351929e+02, 7.18436122e-01, 0.0, 0.0,
            0.0, 1.35736865e+03, 2.71237579e+02, 7.16272056e-01, 0.0,
            0.0, 0.0 ]
    }
}
