{
    "pose_0": {
        "type_id": "opencv-matrix",
        "rows": 1,
        "cols": 18,
        "dt": "3f",
        "data": [ 1.72812988e+03, 2.88948090e+02, 6.74680620e-02,
            1.64873328e+03, 3.62383423e+02, 8.63086462e-01,
            1.68404395e+03, 3.62370575e+02, 8.85629773e-01,
            1.65766113e+03, 4.68529144e+02, 8.99413526e-01,
            1.72813452e+03, 5.39135010e+02, 9.23698306e-01,
            1.61045251e+03, 3.62569733e+02, 8.32178891e-01,
            1.58997095e+03, 4.77317383e+02, 7.72848487e-01,
            1.63396887e+03, 5.06694946e+02, 1.99928299e-01,
            1.66936169e+03, 5.77405579e+02, 6.20376766e-01,
            1.68393347e+03, 7.56943604e+02, 7.97051489e-01,
            1.66045178e+03, 9.30613464e+02, 8.49985063e-01,
            1.63103186e+03, 5.77327209e+02, 6.09259188e-01,
            1.70457837e+03, 7.53935242e+02, 7.30483592e-01,
            1.61639282e+03, 8.80544128e+02, 6.62260652e-01,
            1.72812805e+03, 2.71421478e+02, 1.18644267e-01, 0.0, 0.0,
            0.0, 1.70768079e+03, 2.77220551e+02, 6.18884742e-01,
            1.63997192e+03, 2.68439575e+02, 2.58138299e-01 ]
    }
}
