{
    "pose_0": {
        "type_id": "opencv-matrix",
        "rows": 1,
        "cols": 18,
        "dt": "3f",
        "data": [ 1.04525366e+03, 2.94946106e+02, 8.98292601e-01,
            9.74745178e+02, 3.65585358e+02, 6.77644014e-01,
            9.71705444e+02, 3.65625885e+02, 8.10077429e-01,
            9.33491272e+02, 4.83364990e+02, 9.16658401e-01,
            1.00708282e+03, 5.53838135e+02, 8.82686138e-01,
            9.80642639e+02, 3.65488556e+02, 5.57805836e-01,
            9.74726807e+02, 5.03697845e+02, 5.29312789e-02, 0.0, 0.0,
            0.0, 9.68806519e+02, 5.83258789e+02, 6.74126327e-01,
            9.68785645e+02, 7.62901184e+02, 7.42673635e-01,
            9.30431458e+02, 9.33503601e+02, 8.25433016e-01,
            9.89444092e+02, 5.80275818e+02, 5.73909461e-01,
            1.02182336e+03, 7.42157959e+02, 7.15212107e-01,
            1.08946350e+03, 9.01113892e+02, 7.73808420e-01,
            1.03068420e+03, 2.88822754e+02, 8.24269295e-01,
            1.04521655e+03, 2.83068695e+02, 1.81363851e-01,
            9.98344177e+02, 2.85996429e+02, 7.48028398e-01, 0.0, 0.0,
            0.0 ]
    }
}
