{
    "pose_0": {
        "type_id": "opencv-matrix",
        "rows": 1,
        "cols": 18,
        "dt": "3f",
        "data": [ 4.06566132e+02, 3.03699280e+02, 8.93613160e-01,
            3.38921143e+02, 3.71389130e+02, 8.36841941e-01,
            3.03709015e+02, 3.68486389e+02, 8.00418079e-01,
            2.68224030e+02, 4.86134491e+02, 8.94804120e-01,
            3.44869568e+02, 5.50935669e+02, 8.85714650e-01,
            3.65607056e+02, 3.71321228e+02, 7.58151770e-01,
            3.68435608e+02, 4.86178131e+02, 8.34163427e-02, 0.0, 0.0,
            0.0, 3.30154053e+02, 6.00834290e+02, 6.84261382e-01,
            3.74332550e+02, 7.80399536e+02, 7.76082039e-01,
            3.03630035e+02, 9.27558655e+02, 7.04316437e-01,
            3.77272522e+02, 5.97887146e+02, 6.35880053e-01,
            3.53675903e+02, 7.71653442e+02, 7.44280457e-01,
            3.00742371e+02, 9.18836914e+02, 5.88191569e-01,
            3.91917969e+02, 2.91738312e+02, 9.56228912e-01,
            4.09550842e+02, 2.91883698e+02, 3.22354019e-01,
            3.56673950e+02, 2.83017975e+02, 7.74792492e-01, 0.0, 0.0,
            0.0 ]
    }
}
