{
    "pose_0": {
        "type_id": "opencv-matrix",
        "rows": 1,
        "cols": 18,
        "dt": "3f",
        "data": [ 6.59735596e+02, 2.94873413e+02, 9.66137052e-01,
            5.80405457e+02, 3.65367340e+02, 7.37561882e-01,
            5.74298584e+02, 3.62538605e+02, 9.08709049e-01,
            5.27459900e+02, 4.80247742e+02, 9.46341634e-01,
            6.03841980e+02, 5.50945435e+02, 8.60865891e-01,
            5.97986694e+02, 3.62604950e+02, 6.81068361e-01, 0.0, 0.0,
            0.0, 0.0, 0.0, 0.0, 5.74438965e+02, 5.83311523e+02,
            6.89301550e-01, 5.59767761e+02, 7.62832825e+02,
            8.16870093e-01, 5.09747772e+02, 9.30643372e+02,
            7.79770613e-01, 6.21489197e+02, 5.83245422e+02,
            6.11781836e-01, 6.50996521e+02, 7.45188660e+02,
            7.73327649e-01, 7.21662048e+02, 9.04132446e+02,
            8.00574183e-01, 6.48117554e+02, 2.77213928e+02,
            9.19239700e-01, 0.0, 0.0, 0.0, 6.12695251e+02,
            2.71338562e+02, 8.13206971e-01, 0.0, 0.0, 0.0 ]
    }
}
