{
    "pose_0": {
        "type_id": "opencv-matrix",
        "rows": 1,
        "cols": 18,
        "dt": "3f",
        "data": [ 1.53387280e+03, 2.91839050e+02, 8.33964765e-01,
            1.45441895e+03, 3.50785858e+02, 7.99373329e-01,
            1.47797278e+03, 3.56608459e+02, 7.87295461e-01,
            1.44853369e+03, 4.65546143e+02, 8.97688150e-01,
            1.52226233e+03, 5.30339722e+02, 9.27153766e-01,
            1.42800891e+03, 3.47827454e+02, 7.46639132e-01,
            1.44551599e+03, 4.77303650e+02, 1.54054001e-01, 0.0, 0.0,
            0.0, 1.47206482e+03, 5.74491577e+02, 6.83081865e-01,
            1.52506189e+03, 7.51020264e+02, 7.80381203e-01,
            1.46618188e+03, 8.95264221e+02, 6.76331758e-01,
            1.42799072e+03, 5.74432068e+02, 6.26271427e-01,
            1.46909802e+03, 7.48069885e+02, 7.83380926e-01,
            1.44549133e+03, 8.86416870e+02, 5.58178008e-01,
            1.52223596e+03, 2.71397888e+02, 8.40848446e-01, 0.0, 0.0,
            0.0, 1.49561914e+03, 2.71247131e+02, 7.25715876e-01, 0.0,
            0.0, 0.0 ]
    }
}
