{
    "pose_0": {
        "type_id": "opencv-matrix",
        "rows": 1,
        "cols": 18,
        "dt": "3f",
        "data": [ 4.36126068e+02, 3.15256073e+02, 9.74293828e-01,
            3.68494690e+02, 3.74309296e+02, 7.92835474e-01,
            3.41958191e+02, 3.71312042e+02, 8.26553404e-01,
            2.97851135e+02, 4.86094788e+02, 8.79733384e-01,
            3.83162903e+02, 5.53747437e+02, 8.78577948e-01,
            4.03734436e+02, 3.77252045e+02, 6.78576171e-01,
            4.12586731e+02, 5.03669952e+02, 7.62812495e-02, 0.0, 0.0,
            0.0, 3.62382813e+02, 6.00873535e+02, 7.15789080e-01,
            4.00751129e+02, 7.65796997e+02, 7.47795641e-01,
            4.44909058e+02, 9.45324585e+02, 7.30613768e-01,
            3.92049805e+02, 5.97964050e+02, 5.85160613e-01,
            3.62420074e+02, 7.68649109e+02, 7.23753810e-01,
            3.24235809e+02, 9.33546875e+02, 7.31628656e-01,
            4.33038544e+02, 2.94707825e+02, 9.77505505e-01,
            4.36305359e+02, 2.94802704e+02, 2.58095771e-01,
            3.89046265e+02, 2.86048309e+02, 8.21253121e-01, 0.0, 0.0,
            0.0 ]
    }
}
