{
    "pose_0": {
        "type_id": "opencv-matrix",
        "rows": 1,
        "cols": 18,
        "dt": "3f",
        "data": [ 3.89123932e+02, 3.09541412e+02, 9.23185825e-01,
            3.24256195e+02, 3.74286865e+02, 7.88950503e-01,
            2.91942413e+02, 3.71365234e+02, 8.13819587e-01,
            2.50754883e+02, 4.86145172e+02, 8.73898387e-01,
            3.36023590e+02, 5.51000793e+02, 8.93622696e-01,
            3.62517120e+02, 3.77186066e+02, 7.25854456e-01,
            3.71376434e+02, 5.00759521e+02, 8.35231990e-02, 0.0, 0.0,
            0.0, 3.15495056e+02, 6.00946838e+02, 7.03187883e-01,
            3.47827881e+02, 7.80435913e+02, 8.03885341e-01,
            2.50686722e+02, 9.07055847e+02, 8.23818803e-01,
            3.65521606e+02, 5.97969360e+02, 6.19845212e-01,
            3.56570068e+02, 7.77502930e+02, 6.68257117e-01,
            3.30190338e+02, 9.21748718e+02, 7.24286318e-01,
            3.85934326e+02, 2.91833496e+02, 9.63859975e-01,
            3.92072266e+02, 2.94728638e+02, 4.04265791e-01,
            3.41856079e+02, 2.85948944e+02, 8.20875466e-01, 0.0, 0.0,
            0.0 ]
    }
}
