{
    "pose_0": {
        "type_id": "opencv-matrix",
        "rows": 1,
        "cols": 18,
        "dt": "3f",
        "data": [ 2.27195206e+02, 3.09470215e+02, 8.76520932e-01,
            1.59468735e+02, 3.74302948e+02, 7.75057614e-01,
            1.29917084e+02, 3.71361023e+02, 7.88128912e-01,
            1.00602036e+02, 4.92066559e+02, 7.50316143e-01,
            1.74164444e+02, 5.53971252e+02, 8.39073539e-01,
            1.97682144e+02, 3.80104431e+02, 6.98983014e-01,
            2.18233109e+02, 4.97846130e+02, 8.62500295e-02, 0.0, 0.0,
            0.0, 1.50636658e+02, 6.00945801e+02, 6.61911011e-01,
            1.53637985e+02, 7.83417419e+02, 7.81335950e-01,
            1.30138336e+02, 9.51089294e+02, 6.94583476e-01,
            2.09452545e+02, 5.98024231e+02, 6.16290927e-01,
            1.94648987e+02, 7.83382751e+02, 7.47907221e-01,
            1.74204117e+02, 9.27632629e+02, 7.10322499e-01,
            2.21267960e+02, 2.91776276e+02, 9.66461718e-01,
            2.36000732e+02, 2.91970154e+02, 4.94353414e-01,
            1.77242676e+02, 2.83044373e+02, 7.69693971e-01, 0.0, 0.0,
            0.0 ]
    }
}
