{
    "pose_0": {
        "type_id": "opencv-matrix",
        "rows": 1,
        "cols": 18,
        "dt": "3f",
        "data": [ 1.38101563e+03, 2.91752502e+02, 7.52201915e-01,
            1.30729675e+03, 3.44958344e+02, 8.00163925e-01,
            1.32793396e+03, 3.50797485e+02, 7.91102469e-01,
            1.29848645e+03, 4.68437378e+02, 8.55649948e-01,
            1.37485962e+03, 5.33269470e+02, 8.99106026e-01,
            1.28384937e+03, 3.41999542e+02, 6.99933648e-01,
            1.26026990e+03, 4.36080841e+02, 1.19516112e-01, 0.0, 0.0,
            0.0, 1.31021362e+03, 5.74507568e+02, 7.05029964e-01,
            1.32799951e+03, 7.48102722e+02, 7.82408535e-01,
            1.31036365e+03, 9.27692566e+02, 7.73926973e-01,
            1.31314844e+03, 5.74346313e+02, 4.41432595e-01,
            1.35446448e+03, 7.45157471e+02, 7.26803601e-01,
            1.26009155e+03, 8.83385864e+02, 8.02416325e-01,
            1.37796741e+03, 2.71332794e+02, 8.09164584e-01, 0.0, 0.0,
            0.0, 1.35138953e+03, 2.71240387e+02, 7.22346187e-01, 0.0,
            0.0, 0.0 ]
    }
}
