{
    "pose_0": {
        "type_id": "opencv-matrix",
        "rows": 1,
        "cols": 18,
        "dt": "3f",
        "data": [ 3.80195831e+02, 3.12356903e+02, 8.98032665e-01,
            3.15317413e+02, 3.80147339e+02, 8.14417779e-01,
            2.77173615e+02, 3.74312012e+02, 7.77461469e-01,
            2.44627563e+02, 4.89082031e+02, 8.67186606e-01,
            3.18496429e+02, 5.53863525e+02, 9.03516889e-01,
            3.44926880e+02, 3.83031616e+02, 7.13272989e-01, 0.0, 0.0,
            0.0, 0.0, 0.0, 0.0, 3.00672821e+02, 6.00986389e+02,
            6.85727715e-01, 3.24262207e+02, 7.83343506e+02,
            8.29984188e-01, 2.06512787e+02, 9.18788879e+02,
            7.89011717e-01, 3.56670715e+02, 5.97975281e+02,
            6.29748940e-01, 3.53651398e+02, 7.83374939e+02,
            7.49893367e-01, 3.27181305e+02, 9.33540405e+02,
            7.53602862e-01, 3.65640167e+02, 2.91850372e+02,
            9.53762889e-01, 3.86074402e+02, 2.94734650e+02,
            4.89002943e-01, 3.30169403e+02, 2.82997131e+02,
            7.49153614e-01, 0.0, 0.0, 0.0 ]
    }
}
