{
    "pose_0": {
        "type_id": "opencv-matrix",
        "rows": 1,
        "cols": 18,
        "dt": "3f",
        "data": [ 1.19249634e+03, 2.94904205e+02, 8.46979499e-01,
            1.12183789e+03, 3.62392426e+02, 7.02000618e-01,
            1.13065674e+03, 3.62500183e+02, 7.88078785e-01,
            1.09535571e+03, 4.74409088e+02, 8.97163391e-01,
            1.17186804e+03, 5.30431946e+02, 9.17721391e-01,
            1.11599988e+03, 3.53703735e+02, 5.89739144e-01,
            1.10428162e+03, 4.80322571e+02, 6.21331073e-02, 0.0, 0.0,
            0.0, 1.12775024e+03, 5.77475098e+02, 6.28711164e-01,
            1.18369763e+03, 7.54009705e+02, 7.71567464e-01,
            1.11908752e+03, 9.24621643e+02, 7.33915806e-01,
            1.11309741e+03, 5.77392761e+02, 5.11642873e-01,
            1.12485352e+03, 7.53977539e+02, 7.44776547e-01,
            1.11306580e+03, 9.07036255e+02, 5.63524485e-01,
            1.18666870e+03, 2.85955475e+02, 8.12047720e-01,
            1.19541528e+03, 2.83051605e+02, 1.77184641e-01,
            1.15424878e+03, 2.83030914e+02, 6.50389731e-01, 0.0, 0.0,
            0.0 ]
    }
}
