{
    "pose_0": {
        "type_id": "opencv-matrix",
        "rows": 1,
        "cols": 18,
        "dt": "3f",
        "data": [ 1.58391113e+03, 2.94933533e+02, 5.06943107e-01,
            1.50155151e+03, 3.59579193e+02, 8.51238370e-01,
            1.53966602e+03, 3.59493500e+02, 8.56362224e-01,
            1.49868188e+03, 4.65592499e+02, 8.29895318e-01,
            1.57512842e+03, 5.30400024e+02, 8.80925536e-01,
            1.46927820e+03, 3.62468079e+02, 8.34732115e-01,
            1.45161877e+03, 4.56713470e+02, 6.33709729e-01,
            1.46330969e+03, 5.03775482e+02, 4.82364833e-01,
            1.52217139e+03, 5.77418823e+02, 6.43877208e-01,
            1.58979346e+03, 7.45230957e+02, 8.01567435e-01,
            1.65451038e+03, 9.07155273e+02, 8.07251930e-01,
            1.46919836e+03, 5.77356628e+02, 6.41169548e-01,
            1.49278955e+03, 7.59816833e+02, 8.02046299e-01,
            1.47228308e+03, 9.24663452e+02, 7.81857073e-01,
            1.57510645e+03, 2.85996033e+02, 5.03694117e-01, 0.0, 0.0,
            0.0, 1.55161829e+03, 2.85921326e+02, 6.24948680e-01,
            1.49570007e+03, 2.74261963e+02, 1.12266146e-01 ]
    }
}
