{
    "pose_0": {
        "type_id": "opencv-matrix",
        "rows": 1,
        "cols": 18,
        "dt": "3f",
        "data": [ 9.04036621e+02, 3.03619995e+02, 9.11547542e-01,
            8.33354980e+02, 3.71316040e+02, 6.57630086e-01,
            8.36503296e+02, 3.74296539e+02, 8.04867804e-01,
            8.09947205e+02, 4.92041840e+02, 8.74809682e-01,
            8.86490417e+02, 5.50919678e+02, 9.18657422e-01,
            8.18708801e+02, 3.65439911e+02, 5.65503478e-01, 0.0, 0.0,
            0.0, 0.0, 0.0, 0.0, 8.42307251e+02, 5.95059631e+02,
            6.14833593e-01, 8.83534363e+02, 7.77510376e+02,
            7.78294206e-01, 9.24618530e+02, 9.36405090e+02,
            7.78733909e-01, 8.21645325e+02, 5.97911682e+02,
            5.25838196e-01, 7.98124695e+02, 7.68640320e+02,
            7.64368474e-01, 7.42202698e+02, 9.27724243e+02,
            7.90740550e-01, 8.92296814e+02, 2.91774933e+02,
            8.67985725e-01, 0.0, 0.0, 0.0, 8.57103210e+02,
            2.91747986e+02, 7.47207522e-01, 0.0, 0.0, 0.0 ]
    }
}
