{
    "pose_0": {
        "type_id": "opencv-matrix",
        "rows": 1,
        "cols": 18,
        "dt": "3f",
        "data": [ 1.18656641e+03, 2.94761230e+02, 9.40953374e-01,
            1.11597253e+03, 3.62478516e+02, 7.13623166e-01,
            1.11888770e+03, 3.62607758e+02, 8.70031655e-01,
            1.08660571e+03, 4.80184204e+02, 8.71419132e-01,
            1.16316907e+03, 5.36159119e+02, 9.03380692e-01,
            1.11011670e+03, 3.59484253e+02, 5.48314035e-01,
            1.10715491e+03, 4.80297607e+02, 8.06395933e-02, 0.0, 0.0,
            0.0, 1.11898474e+03, 5.80322449e+02, 6.85096025e-01,
            1.16896252e+03, 7.62797913e+02, 8.35970759e-01,
            1.07183020e+03, 9.04065979e+02, 8.16769242e-01,
            1.11588684e+03, 5.77404358e+02, 4.97633338e-01,
            1.12774146e+03, 7.59911560e+02, 7.23463058e-01,
            1.11887927e+03, 9.07129883e+02, 8.23426545e-01,
            1.17486780e+03, 2.80083069e+02, 8.27811182e-01,
            1.18649988e+03, 2.77145630e+02, 1.25931025e-01,
            1.14238342e+03, 2.80145477e+02, 7.48569191e-01, 0.0, 0.0,
            0.0 ]
    }
}
