{
    "pose_0": {
        "type_id": "opencv-matrix",
        "rows": 1,
        "cols": 18,
        "dt": "3f",
        "data": [ 4.30102814e+02, 3.06615753e+02, 9.00891900e-01,
            3.62503082e+02, 3.80198669e+02, 8.42851877e-01,
            3.33039032e+02, 3.71350037e+02, 7.93758631e-01,
            2.91851196e+02, 4.86149292e+02, 9.11065936e-01,
            3.71318634e+02, 5.50953918e+02, 8.67264748e-01,
            3.89131012e+02, 3.83180084e+02, 7.49051273e-01,
            4.00783234e+02, 5.03788116e+02, 1.59310520e-01, 0.0, 0.0,
            0.0, 3.44917542e+02, 6.00915588e+02, 7.20775008e-01,
            3.89135498e+02, 7.65788147e+02, 8.03085208e-01,
            3.89148071e+02, 9.51101257e+02, 7.81607687e-01,
            3.88938995e+02, 6.00843750e+02, 6.18560076e-01,
            3.62444946e+02, 7.65713745e+02, 7.76022911e-01,
            3.35978943e+02, 9.27540222e+02, 7.78741419e-01,
            4.15496368e+02, 2.91804077e+02, 9.69013691e-01,
            4.33114807e+02, 2.91945984e+02, 2.25921348e-01,
            3.83021881e+02, 2.85919220e+02, 7.94695973e-01, 0.0, 0.0,
            0.0 ]
    }
}
