{
    "pose_0": {
        "type_id": "opencv-matrix",
        "rows": 1,
        "cols": 18,
        "dt": "3f",
        "data": [ 1.36317896e+03, 2.91877014e+02, 5.90166509e-01,
            1.28380334e+03, 3.56601715e+02, 8.33091617e-01,
            1.30746082e+03, 3.59546082e+02, 8.32261920e-01,
            1.28378149e+03, 4.74340454e+02, 8.43984127e-01,
            1.35743115e+03, 5.33178772e+02, 8.93988311e-01,
            1.26013965e+03, 3.50791870e+02, 7.20098197e-01,
            1.23675623e+03, 4.50784485e+02, 4.09348875e-01,
            1.25140771e+03, 4.83149506e+02, 2.02461481e-01,
            1.30431775e+03, 5.77355164e+02, 6.78005338e-01,
            1.31617236e+03, 7.48140137e+02, 7.09057570e-01,
            1.31609546e+03, 9.30496826e+02, 7.38053620e-01,
            1.26605237e+03, 5.77304138e+02, 6.14503026e-01,
            1.29845239e+03, 7.42317261e+02, 7.25256622e-01,
            1.18965540e+03, 8.77534424e+02, 7.44780302e-01,
            1.35734814e+03, 2.74169678e+02, 6.37584090e-01, 0.0, 0.0,
            0.0, 1.33380017e+03, 2.74191254e+02, 6.85979187e-01, 0.0,
            0.0, 0.0 ]
    }
}
