{
    "pose_0": {
        "type_id": "opencv-matrix",
        "rows": 1,
        "cols": 18,
        "dt": "3f",
        "data": [ 1.42222632e+03, 2.85959412e+02, 8.48609328e-01,
            1.33970251e+03, 3.44964966e+02, 7.85099983e-01,
            1.35739368e+03, 3.53656372e+02, 7.96648741e-01,
            1.32501758e+03, 4.71406647e+02, 8.56692791e-01,
            1.39269104e+03, 5.33254578e+02, 8.97211730e-01,
            1.31617236e+03, 3.41947601e+02, 7.06350684e-01,
            1.30434131e+03, 4.44978394e+02, 7.15749413e-02, 0.0, 0.0,
            0.0, 1.34549805e+03, 5.65605347e+02, 6.59955919e-01,
            1.33377917e+03, 7.42226379e+02, 7.10398972e-01,
            1.31025818e+03, 9.27590088e+02, 8.12949181e-01,
            1.34845825e+03, 5.62649902e+02, 4.70351785e-01,
            1.37785596e+03, 7.18730530e+02, 7.58971035e-01,
            1.42807458e+03, 8.95223816e+02, 7.15645194e-01,
            1.41910559e+03, 2.68419739e+02, 8.72881413e-01,
            1.42503906e+03, 2.68320648e+02, 1.81686640e-01,
            1.38088123e+03, 2.68318604e+02, 7.26845503e-01, 0.0, 0.0,
            0.0 ]
    }
}
