{
    "pose_0": {
        "type_id": "opencv-matrix",
        "rows": 1,
        "cols": 18,
        "dt": "3f",
        "data": [ 1.17486597e+03, 2.94815369e+02, 8.77030969e-01,
            1.10124500e+03, 3.62603760e+02, 6.94628000e-01,
            1.10721179e+03, 3.65432892e+02, 7.91757286e-01,
            1.07199597e+03, 4.83100677e+02, 9.32423651e-01,
            1.15420972e+03, 5.39065491e+02, 8.59611988e-01,
            1.09546313e+03, 3.59578583e+02, 5.98015785e-01,
            1.10711597e+03, 4.83149323e+02, 6.53952509e-02, 0.0, 0.0,
            0.0, 1.11297021e+03, 5.77469116e+02, 6.77088916e-01,
            1.14551782e+03, 7.65751648e+02, 7.75957525e-01,
            1.03064136e+03, 8.83499207e+02, 7.69432902e-01,
            1.11597192e+03, 5.74490967e+02, 5.05355120e-01,
            1.13361755e+03, 7.62836792e+02, 6.87733531e-01,
            1.11902783e+03, 9.27700806e+02, 8.22099626e-01,
            1.16600244e+03, 2.80128265e+02, 8.60900760e-01,
            1.18079004e+03, 2.80122009e+02, 2.19377890e-01,
            1.13361108e+03, 2.83054688e+02, 6.78002834e-01, 0.0, 0.0,
            0.0 ]
    }
}
