{
    "pose_0": {
        "type_id": "opencv-matrix",
        "rows": 1,
        "cols": 18,
        "dt": "3f",
        "data": [ 9.51005310e+02, 2.94848267e+02, 8.90485525e-01,
            8.80615173e+02, 3.65458008e+02, 7.07211852e-01,
            8.86452332e+02, 3.65577454e+02, 8.19608808e-01,
            8.59842102e+02, 4.86091766e+02, 9.29115236e-01,
            9.36512146e+02, 5.50719849e+02, 9.04858232e-01,
            8.68791931e+02, 3.62436401e+02, 5.68818748e-01,
            8.80581909e+02, 5.00809967e+02, 5.08374833e-02, 0.0, 0.0,
            0.0, 8.86518982e+02, 5.95070374e+02, 6.40618742e-01,
            9.24663086e+02, 7.74574585e+02, 7.44926512e-01,
            9.27615051e+02, 9.42375244e+02, 7.28896439e-01,
            8.77525146e+02, 5.95048157e+02, 4.96849746e-01,
            8.80512878e+02, 7.65738892e+02, 8.48745167e-01,
            7.80391907e+02, 9.07015808e+02, 7.52599716e-01,
            9.33618774e+02, 2.83080109e+02, 8.05318236e-01,
            9.51078796e+02, 2.85985657e+02, 3.02835405e-01,
            9.04153809e+02, 2.86021667e+02, 7.02405035e-01, 0.0, 0.0,
            0.0 ]
    }
}
