{
    "pose_0": {
        "type_id": "opencv-matrix",
        "rows": 1,
        "cols": 18,
        "dt": "3f",
        "data": [ 1.76936633e+03, 2.91910278e+02, 6.25211522e-02,
            1.68694141e+03, 3.62437805e+02, 8.88762116e-01,
            1.72810461e+03, 3.62443054e+02, 8.97064686e-01,
            1.69291882e+03, 4.74354736e+02, 8.09855938e-01,
            1.75769592e+03, 5.47884644e+02, 8.92723560e-01,
            1.65456030e+03, 3.62512817e+02, 8.01518679e-01,
            1.63403625e+03, 4.74380249e+02, 7.09597707e-01,
            1.67817578e+03, 4.89145996e+02, 7.38593936e-02,
            1.70475378e+03, 5.77410950e+02, 6.54741645e-01,
            1.69290918e+03, 7.62843079e+02, 7.46292114e-01,
            1.66039612e+03, 9.30559387e+02, 8.70002329e-01,
            1.66348413e+03, 5.77336853e+02, 6.05987489e-01,
            1.73123340e+03, 7.39226440e+02, 7.37856150e-01,
            1.79893396e+03, 8.89414734e+02, 7.35550284e-01,
            1.76355042e+03, 2.74301147e+02, 9.52590927e-02, 0.0, 0.0,
            0.0, 1.75166077e+03, 2.85934021e+02, 6.01877093e-01,
            1.68405994e+03, 2.71233704e+02, 1.97258756e-01 ]
    }
}
