{
    "pose_0": {
        "type_id": "opencv-matrix",
        "rows": 1,
        "cols": 18,
        "dt": "3f",
        "data": [ 9.65829773e+02, 2.94775635e+02, 7.63226569e-01,
            8.92285950e+02, 3.65365448e+02, 6.86151922e-01,
            9.04001221e+02, 3.65458862e+02, 8.08406889e-01,
            8.74697876e+02, 4.86147675e+02, 8.66639495e-01,
            9.51288757e+02, 5.47878235e+02, 8.78332317e-01,
            8.83442261e+02, 3.59620392e+02, 6.02909803e-01,
            9.03994141e+02, 5.00719696e+02, 5.66413552e-02, 0.0, 0.0,
            0.0, 9.04020996e+02, 5.83306030e+02, 6.94350302e-01,
            9.30623047e+02, 7.62712402e+02, 7.96023309e-01,
            9.27685486e+02, 9.39433960e+02, 7.48404741e-01,
            9.15826111e+02, 5.77405640e+02, 4.86398131e-01,
            9.18783020e+02, 7.59865845e+02, 6.47916377e-01,
            8.12754639e+02, 8.89329834e+02, 7.45130002e-01,
            9.54273193e+02, 2.80158081e+02, 7.64912307e-01, 0.0, 0.0,
            0.0, 9.30547424e+02, 2.85977936e+02, 6.96006656e-01, 0.0,
            0.0, 0.0 ]
    }
}
