{
    "pose_0": {
        "type_id": "opencv-matrix",
        "rows": 1,
        "cols": 18,
        "dt": "3f",
        "data": [ 2.35986969e+02, 3.12409760e+02, 8.75510156e-01,
            1.65361160e+02, 3.77263000e+02, 7.62837827e-01,
            1.30132767e+02, 3.77204254e+02, 7.66709030e-01,
            1.03499588e+02, 4.92066467e+02, 7.67026365e-01,
            1.74088547e+02, 5.62709473e+02, 7.73047030e-01,
            1.97808319e+02, 3.80181458e+02, 7.02439547e-01, 0.0, 0.0,
            0.0, 0.0, 0.0, 0.0, 1.53536011e+02, 6.03921875e+02,
            6.79111958e-01, 1.56448776e+02, 7.86349487e+02,
            7.60932148e-01, 1.41822632e+02, 9.51244507e+02,
            7.21245170e-01, 2.06548187e+02, 6.00967773e+02,
            6.14957273e-01, 1.97611420e+02, 7.86332825e+02,
            8.15900683e-01, 1.79987167e+02, 9.27506287e+02,
            7.42670774e-01, 2.24274261e+02, 2.91924988e+02,
            9.68037963e-01, 2.44641846e+02, 2.94789032e+02,
            3.79265368e-01, 1.88854523e+02, 2.85950562e+02,
            7.52249897e-01, 0.0, 0.0, 0.0 ]
    }
}
