{
    "pose_0": {
        "type_id": "opencv-matrix",
        "rows": 1,
        "cols": 18,
        "dt": "3f",
        "data": [ 3.65465942e+02, 3.15256592e+02, 9.59609151e-01,
            2.97761688e+02, 3.83078369e+02, 8.29263389e-01,
            2.68200562e+02, 3.77266327e+02, 7.90666640e-01,
            2.24343033e+02, 4.86255646e+02, 8.70299697e-01,
            3.12441132e+02, 5.56822083e+02, 8.62065554e-01,
            3.38855042e+02, 3.86055481e+02, 7.58615911e-01,
            3.50758087e+02, 5.03743073e+02, 1.06616646e-01, 0.0, 0.0,
            0.0, 2.91962280e+02, 6.01018494e+02, 7.13525236e-01,
            2.92000580e+02, 7.83403259e+02, 8.10952067e-01,
            1.85921265e+02, 9.27683289e+02, 7.87156641e-01,
            3.44960968e+02, 6.00867554e+02, 6.37525141e-01,
            3.41824310e+02, 7.83323608e+02, 7.88727045e-01,
            3.30148346e+02, 9.36411987e+02, 7.23672271e-01,
            3.59555786e+02, 2.91988434e+02, 9.32532728e-01,
            3.68417847e+02, 2.94908356e+02, 5.17703295e-01,
            3.15434021e+02, 2.85983887e+02, 7.99663544e-01, 0.0, 0.0,
            0.0 ]
    }
}
