{
    "pose_0": {
        "type_id": "opencv-matrix",
        "rows": 1,
        "cols": 18,
        "dt": "3f",
        "data": [ 3.06633240e+02, 3.15364105e+02, 9.14827466e-01,
            2.35969284e+02, 3.85993225e+02, 7.75576949e-01,
            2.00648209e+02, 3.83096954e+02, 7.99920678e-01,
            1.59421875e+02, 4.92020081e+02, 8.00342202e-01,
            2.41865143e+02, 5.71396973e+02, 8.42950106e-01,
            2.71249908e+02, 3.86163544e+02, 7.12193251e-01, 0.0, 0.0,
            0.0, 0.0, 0.0, 0.0, 2.21147842e+02, 6.06808716e+02,
            6.81436002e-01, 2.00760223e+02, 7.86373291e+02,
            8.34228635e-01, 1.53509277e+02, 9.54152832e+02,
            7.73543119e-01, 2.85925049e+02, 6.03891541e+02,
            6.60464525e-01, 2.94752411e+02, 7.83341553e+02,
            8.29062462e-01, 3.18359497e+02, 9.45233032e+02,
            7.70156085e-01, 2.94956696e+02, 2.94814880e+02,
            9.57081556e-01, 3.15342072e+02, 2.97730560e+02,
            3.73368651e-01, 2.59550842e+02, 2.91735748e+02,
            7.68555224e-01, 0.0, 0.0, 0.0 ]
    }
}
