{
    "pose_0": {
        "type_id": "opencv-matrix",
        "rows": 1,
        "cols": 18,
        "dt": "3f",
        "data": [ 1.56329468e+03, 2.92003448e+02, 5.71564257e-01,
            1.47809485e+03, 3.59482605e+02, 8.40957582e-01,
            1.51611694e+03, 3.59457062e+02, 8.58829081e-01,
            1.47800537e+03, 4.65520996e+02, 8.26293886e-01,
            1.55163306e+03, 5.30408813e+02, 9.01804864e-01,
            1.44852393e+03, 3.59625183e+02, 8.05958927e-01,
            1.42506250e+03, 4.47887512e+02, 6.54557228e-01,
            1.43391895e+03, 4.89117584e+02, 5.30220330e-01,
            1.49856079e+03, 5.74449341e+02, 6.82005405e-01,
            1.54872412e+03, 7.42198242e+02, 7.69404352e-01,
            1.61031348e+03, 9.07018311e+02, 7.99245954e-01,
            1.44859729e+03, 5.74415405e+02, 6.32515788e-01,
            1.48394543e+03, 7.51032898e+02, 7.62768090e-01,
            1.47225708e+03, 9.18761475e+02, 7.79796124e-01,
            1.55746948e+03, 2.74298492e+02, 5.42729199e-01, 0.0, 0.0,
            0.0, 1.53094226e+03, 2.77158081e+02, 6.25203371e-01,
            1.47225659e+03, 2.77217285e+02, 8.42356086e-02 ]
    }
}
