{
    "pose_0": {
        "type_id": "opencv-matrix",
        "rows": 1,
        "cols": 18,
        "dt": "3f",
        "data": [ 4.50837738e+02, 3.12534454e+02, 9.20038164e-01,
            3.85961761e+02, 3.74276672e+02, 7.96366274e-01,
            3.59483582e+02, 3.71322601e+02, 7.99299717e-01,
            3.15433807e+02, 4.86191162e+02, 9.07601535e-01,
            3.94855164e+02, 5.53747437e+02, 8.62300336e-01,
            4.12509216e+02, 3.71369598e+02, 7.14718163e-01,
            4.06649658e+02, 4.97929077e+02, 8.14098716e-02, 0.0, 0.0,
            0.0, 3.65490479e+02, 6.00874878e+02, 7.12982357e-01,
            4.18476715e+02, 7.71663025e+02, 7.63650358e-01,
            4.80115936e+02, 9.33542480e+02, 7.46985018e-01,
            3.94891785e+02, 5.97959900e+02, 5.41047752e-01,
            3.56615173e+02, 7.83376465e+02, 7.51634002e-01,
            3.18513092e+02, 9.36468079e+02, 7.45686233e-01,
            4.36271942e+02, 2.94700104e+02, 9.65840459e-01,
            4.56667999e+02, 2.94855377e+02, 3.44525605e-01,
            4.03712402e+02, 2.88845001e+02, 7.85792351e-01, 0.0, 0.0,
            0.0 ]
    }
}
