{
    "pose_0": {
        "type_id": "opencv-matrix",
        "rows": 1,
        "cols": 18,
        "dt": "3f",
        "data": [ 2.30049759e+02, 3.09561371e+02, 8.79881859e-01,
            1.59462997e+02, 3.74256104e+02, 7.74119139e-01,
            1.30022568e+02, 3.71357086e+02, 7.85634637e-01,
            1.00573631e+02, 4.92056152e+02, 7.53577828e-01,
            1.74125366e+02, 5.56816101e+02, 7.96414971e-01,
            1.97615005e+02, 3.77211212e+02, 6.96853876e-01,
            2.12417816e+02, 4.97848297e+02, 7.38667548e-02, 0.0, 0.0,
            0.0, 1.53495483e+02, 6.03850708e+02, 6.60287499e-01,
            1.53552094e+02, 7.86370300e+02, 8.00068974e-01,
            1.32939850e+02, 9.51230103e+02, 7.02782333e-01,
            2.03673233e+02, 6.00944580e+02, 5.93858898e-01,
            1.94733536e+02, 7.86295776e+02, 7.93250442e-01,
            1.77041214e+02, 9.27645203e+02, 7.33013391e-01,
            2.24107590e+02, 2.91830078e+02, 9.68794107e-01,
            2.38876587e+02, 2.94690155e+02, 3.63354534e-01,
            1.82979767e+02, 2.80129059e+02, 7.56100655e-01, 0.0, 0.0,
            0.0 ]
    }
}
