{
    "pose_0": {
        "type_id": "opencv-matrix",
        "rows": 1,
        "cols": 18,
        "dt": "3f",
        "data": [ 2.44731720e+02, 3.15271454e+02, 9.47100759e-01,
            1.74045547e+02, 3.83011322e+02, 7.96651363e-01,
            1.41785553e+02, 3.77195374e+02, 7.40152359e-01,
            1.15254417e+02, 5.03691315e+02, 7.41489828e-01,
            1.80043411e+02, 5.71413086e+02, 7.60848224e-01,
            2.00750565e+02, 3.83162476e+02, 7.15618193e-01,
            2.18328430e+02, 5.03784698e+02, 1.27261370e-01, 0.0, 0.0,
            0.0, 1.53509308e+02, 6.15649170e+02, 6.76500916e-01,
            1.71111816e+02, 7.86399963e+02, 8.10592771e-01,
            1.50551865e+02, 9.51164490e+02, 7.99216747e-01,
            2.18229736e+02, 6.12676697e+02, 6.47726476e-01,
            2.47666901e+02, 7.83333740e+02, 8.50935936e-01,
            2.24201508e+02, 9.30484985e+02, 7.90562510e-01,
            2.30128113e+02, 2.91995636e+02, 9.19551849e-01,
            2.47653366e+02, 2.94928833e+02, 5.38305581e-01,
            1.94730499e+02, 2.88826691e+02, 7.79722214e-01, 0.0, 0.0,
            0.0 ]
    }
}
