{
    "pose_0": {
        "type_id": "opencv-matrix",
        "rows": 1,
        "cols": 18,
        "dt": "3f",
        "data": [ 1.33101709e+03, 2.91830811e+02, 5.01470089e-01,
            1.25730676e+03, 3.56665985e+02, 8.49219859e-01,
            1.28364075e+03, 3.59592499e+02, 8.28888357e-01,
            1.25714661e+03, 4.74347382e+02, 8.51439476e-01,
            1.32799548e+03, 5.30432861e+02, 9.36445713e-01,
            1.23080872e+03, 3.53706451e+02, 6.97689176e-01,
            1.21303284e+03, 4.36086182e+02, 3.60062003e-01,
            1.22780151e+03, 4.65522736e+02, 1.28994048e-01,
            1.28070898e+03, 5.77378113e+02, 6.30282819e-01,
            1.31612891e+03, 7.53980713e+02, 7.18052983e-01,
            1.31911829e+03, 9.30475220e+02, 7.59729564e-01,
            1.23657629e+03, 5.77337585e+02, 6.78264797e-01,
            1.23957129e+03, 7.39343445e+02, 8.52111578e-01,
            1.14539563e+03, 9.01044312e+02, 7.63143897e-01,
            1.33079834e+03, 2.71418030e+02, 5.69577634e-01, 0.0, 0.0,
            0.0, 1.30444128e+03, 2.74303070e+02, 6.69840395e-01,
            1.25725342e+03, 2.71327057e+02, 6.71550930e-02 ]
    }
}
