{
    "pose_0": {
        "type_id": "opencv-matrix",
        "rows": 1,
        "cols": 18,
        "dt": "3f",
        "data": [ 5.80442627e+02, 2.91954529e+02, 9.72577751e-01,
            5.09745209e+02, 3.62475311e+02, 6.95845008e-01,
            5.03736816e+02, 3.62433411e+02, 8.95634055e-01,
            4.59610199e+02, 4.77336517e+02, 9.10197020e-01,
            5.47841064e+02, 5.42088623e+02, 8.38122129e-01,
            5.27287964e+02, 3.62392761e+02, 6.36821151e-01, 0.0, 0.0,
            0.0, 0.0, 0.0, 0.0, 5.09676361e+02, 5.86249634e+02,
            6.72505021e-01, 5.30162170e+02, 7.62713379e+02,
            8.03384542e-01, 5.06885010e+02, 9.33470581e+02,
            7.70769477e-01, 5.50951111e+02, 5.83258850e+02,
            6.17658913e-01, 5.74317200e+02, 7.62911804e+02,
            8.60788047e-01, 4.62586853e+02, 8.60039185e+02,
            7.43826330e-01, 5.77249390e+02, 2.74190491e+02,
            9.73987341e-01, 5.89140747e+02, 2.71352295e+02,
            1.20814070e-01, 5.33316101e+02, 2.71252655e+02,
            8.32902491e-01, 0.0, 0.0, 0.0 ]
    }
}
