{
    "pose_0": {
        "type_id": "opencv-matrix",
        "rows": 1,
        "cols": 18,
        "dt": "3f",
        "data": [ 1.05715820e+03, 2.97813843e+02, 8.62926006e-01,
            9.80590576e+02, 3.65566559e+02, 6.58977330e-01,
            9.83558533e+02, 3.68432678e+02, 7.85109520e-01,
            9.51129883e+02, 4.86121399e+02, 9.32759225e-01,
            1.02172876e+03, 5.53705322e+02, 9.61335778e-01,
            9.77613647e+02, 3.62603088e+02, 5.72835386e-01, 0.0, 0.0,
            0.0, 0.0, 0.0, 0.0, 9.77643250e+02, 5.86187988e+02,
            7.19554484e-01, 9.71784546e+02, 7.65763123e+02,
            8.01468253e-01, 9.30510071e+02, 9.30619751e+02,
            8.48684847e-01, 9.98285156e+02, 5.80373291e+02,
            5.94685018e-01, 1.04528552e+03, 7.45199707e+02,
            7.41856694e-01, 1.11306055e+03, 9.01103943e+02,
            7.83717155e-01, 1.04829944e+03, 2.86041626e+02,
            8.76540542e-01, 1.06004041e+03, 2.88836304e+02,
            1.61373392e-01, 1.01004181e+03, 2.83059784e+02,
            6.97855115e-01, 0.0, 0.0, 0.0 ]
    }
}
