{
    "pose_0": {
        "type_id": "opencv-matrix",
        "rows": 1,
        "cols": 18,
        "dt": "3f",
        "data": [ 1.41616724e+03, 2.85991425e+02, 8.21649075e-01,
            1.33087207e+03, 3.47854889e+02, 8.00790012e-01,
            1.35154858e+03, 3.53658203e+02, 7.94210196e-01,
            1.31319690e+03, 4.71453217e+02, 8.50508273e-01,
            1.38387512e+03, 5.33319214e+02, 8.66428614e-01,
            1.30738611e+03, 3.44871643e+02, 7.17998147e-01,
            1.28382983e+03, 4.39026886e+02, 1.39015779e-01, 0.0, 0.0,
            0.0, 1.33084180e+03, 5.71526611e+02, 6.73464596e-01,
            1.33387280e+03, 7.53926208e+02, 7.14528739e-01,
            1.31029199e+03, 9.27551880e+02, 8.15143287e-01,
            1.32789380e+03, 5.68558044e+02, 4.35261607e-01,
            1.37788525e+03, 7.42115784e+02, 7.59889901e-01,
            1.40141394e+03, 9.07072632e+02, 8.04782689e-01,
            1.40449341e+03, 2.68418335e+02, 8.88216376e-01, 0.0, 0.0,
            0.0, 1.37501575e+03, 2.68387360e+02, 7.55504191e-01, 0.0,
            0.0, 0.0 ]
    }
}
