{
    "pose_0": {
        "type_id": "opencv-matrix",
        "rows": 1,
        "cols": 18,
        "dt": "3f",
        "data": [ 2.41744095e+02, 3.15241699e+02, 9.10131931e-01,
            1.71096344e+02, 3.83006683e+02, 7.77440906e-01,
            1.32963058e+02, 3.80222321e+02, 7.64967918e-01,
            1.06490517e+02, 5.00824066e+02, 7.63951302e-01,
            1.76998779e+02, 5.68561401e+02, 7.65158594e-01,
            2.00627228e+02, 3.83055542e+02, 7.08063662e-01, 0.0, 0.0,
            0.0, 0.0, 0.0, 0.0, 1.50683289e+02, 6.12695068e+02,
            6.57160461e-01, 1.71180679e+02, 7.98121155e+02,
            7.63501525e-01, 1.47552750e+02, 9.54190369e+02,
            7.46913016e-01, 2.06502472e+02, 6.09708923e+02,
            6.08244300e-01, 2.24354248e+02, 7.89296875e+02,
            8.54633570e-01, 1.88867783e+02, 9.27727051e+02,
            7.26191223e-01, 2.24344406e+02, 2.92013855e+02,
            9.54621077e-01, 2.44819290e+02, 2.94927734e+02,
            5.13942957e-01, 1.91737808e+02, 2.88904663e+02,
            7.69777179e-01, 0.0, 0.0, 0.0 ]
    }
}
