{
    "pose_0": {
        "type_id": "opencv-matrix",
        "rows": 1,
        "cols": 18,
        "dt": "3f",
        "data": [ 1.61045911e+03, 2.94780060e+02, 3.45764816e-01,
            1.53104382e+03, 3.62433472e+02, 8.74509156e-01,
            1.56626135e+03, 3.62478912e+02, 9.06102180e-01,
            1.53693335e+03, 4.77242310e+02, 8.52363646e-01,
            1.60459790e+03, 5.33260132e+02, 8.99665892e-01,
            1.49283984e+03, 3.62557373e+02, 8.36138725e-01,
            1.47220618e+03, 4.65498535e+02, 7.24672973e-01,
            1.49272290e+03, 5.09651672e+02, 3.71466905e-01,
            1.55448572e+03, 5.80281982e+02, 6.47858799e-01,
            1.61053833e+03, 7.56912170e+02, 7.88113594e-01,
            1.65754736e+03, 9.27545349e+02, 8.39555621e-01,
            1.49559888e+03, 5.80275269e+02, 6.65279984e-01,
            1.50161804e+03, 7.62659363e+02, 7.76594043e-01,
            1.47223999e+03, 9.18804871e+02, 7.55310535e-01,
            1.60754016e+03, 2.83018280e+02, 3.59808952e-01, 0.0, 0.0,
            0.0, 1.58695264e+03, 2.88905823e+02, 6.89873815e-01,
            1.52808179e+03, 2.77180511e+02, 9.85419154e-02 ]
    }
}
