{
    "pose_0": {
        "type_id": "opencv-matrix",
        "rows": 1,
        "cols": 18,
        "dt": "3f",
        "data": [ 1.82535315e+03, 3.00783661e+02, 1.30214557e-01,
            1.74880359e+03, 3.68356110e+02, 8.46085072e-01,
            1.78121082e+03, 3.68355164e+02, 8.34313273e-01,
            1.75169116e+03, 4.83235474e+02, 9.20179129e-01,
            1.82224768e+03, 5.51019043e+02, 1.00287867e+00,
            1.70753418e+03, 3.68477875e+02, 7.67518222e-01,
            1.68996729e+03, 4.80334290e+02, 7.18167126e-01,
            1.71639172e+03, 5.12601257e+02, 4.39988434e-01,
            1.76641248e+03, 5.94969421e+02, 6.41126096e-01,
            1.73125427e+03, 7.65829956e+02, 7.87186265e-01,
            1.66050696e+03, 9.27671448e+02, 8.02002907e-01,
            1.72814099e+03, 5.94969604e+02, 5.38580537e-01,
            1.79287463e+03, 7.48136414e+02, 7.07455695e-01,
            1.83123706e+03, 9.07090332e+02, 7.57370830e-01,
            1.82246753e+03, 2.91795837e+02, 2.37812221e-01, 0.0, 0.0,
            0.0, 1.80476685e+03, 2.91992706e+02, 6.55757189e-01,
            1.74866797e+03, 2.88835632e+02, 1.54424474e-01 ]
    }
}
