{
    "pose_0": {
        "type_id": "opencv-matrix",
        "rows": 1,
        "cols": 18,
        "dt": "3f",
        "data": [ 1.89286938e+03, 2.94863983e+02, 3.09902996e-01,
            1.80476111e+03, 3.65364960e+02, 8.85593355e-01,
            1.84587146e+03, 3.62645721e+02, 9.16652679e-01,
            1.81062256e+03, 4.80244446e+02, 8.42448950e-01,
            1.88127527e+03, 5.47985352e+02, 8.78917873e-01,
            1.77235181e+03, 3.65479462e+02, 7.93084025e-01,
            1.75471057e+03, 4.80130676e+02, 7.83487678e-01,
            1.77831604e+03, 5.06794098e+02, 4.19714838e-01,
            1.82537939e+03, 5.92094788e+02, 6.58068240e-01,
            1.84876294e+03, 7.65730896e+02, 8.57183576e-01,
            1.73122241e+03, 9.01177490e+02, 7.95872450e-01,
            1.78709717e+03, 5.83254883e+02, 4.98920441e-01,
            1.86355005e+03, 7.65702271e+02, 6.51789546e-01,
            1.84597009e+03, 9.27656250e+02, 8.05055559e-01,
            1.88706873e+03, 2.85962036e+02, 3.36839855e-01, 0.0, 0.0,
            0.0, 1.86654102e+03, 2.91745850e+02, 6.45224452e-01,
            1.80174329e+03, 2.77233704e+02, 1.47761136e-01 ]
    }
}
