{
    "pose_0": {
        "type_id": "opencv-matrix",
        "rows": 1,
        "cols": 18,
        "dt": "3f",
        "data": [ 1.13950073e+03, 2.97724426e+02, 8.46011698e-01,
            1.07179553e+03, 3.65500854e+02, 6.82849944e-01,
            1.07186731e+03, 3.68358917e+02, 8.31461251e-01,
            1.04245251e+03, 4.86103912e+02, 9.12636757e-01,
            1.11611047e+03, 5.50826904e+02, 9.13389504e-01,
            1.06892725e+03, 3.62487518e+02, 5.34512401e-01, 0.0, 0.0,
            0.0, 0.0, 0.0, 0.0, 1.07181201e+03, 5.77411011e+02,
            7.69913495e-01, 1.05712732e+03, 7.62724426e+02,
            7.80345142e-01, 9.51264709e+02, 9.18792664e+02,
            7.74469972e-01, 1.09829395e+03, 5.74501038e+02,
            5.91716707e-01, 1.11887451e+03, 7.59802429e+02,
            7.44508982e-01, 1.11905542e+03, 9.27511230e+02,
            8.04328084e-01, 1.13357507e+03, 2.88941040e+02,
            7.91072309e-01, 1.13942053e+03, 2.88839996e+02,
            1.16527766e-01, 1.10130225e+03, 2.88862671e+02,
            7.04718828e-01, 0.0, 0.0, 0.0 ]
    }
}
