{
    "pose_0": {
        "type_id": "opencv-matrix",
        "rows": 1,
        "cols": 18,
        "dt": "3f",
        "data": [ 8.15750122e+02, 2.94948975e+02, 9.35832083e-01,
            7.45213501e+02, 3.62612823e+02, 7.25112259e-01,
            7.39093750e+02, 3.62513123e+02, 8.73297095e-01,
            6.94982849e+02, 4.74293182e+02, 8.99571300e-01,
            7.65855225e+02, 5.30257019e+02, 9.39834952e-01,
            7.62802002e+02, 3.62500244e+02, 6.64591789e-01, 0.0, 0.0,
            0.0, 0.0, 0.0, 0.0, 7.42235779e+02, 5.89138184e+02,
            6.93323076e-01, 8.12984070e+02, 7.51017334e+02,
            7.70221710e-01, 8.80427429e+02, 9.06913269e+02,
            7.89398611e-01, 7.62688660e+02, 5.83236755e+02,
            5.49418449e-01, 7.48093750e+02, 7.65713013e+02,
            7.91956007e-01, 7.39217163e+02, 9.30506897e+02,
            8.12251151e-01, 8.09895569e+02, 2.83090057e+02,
            8.91655743e-01, 0.0, 0.0, 0.0, 7.71672913e+02,
            2.80112000e+02, 7.64313161e-01, 0.0, 0.0, 0.0 ]
    }
}
