{
    "pose_0": {
        "type_id": "opencv-matrix",
        "rows": 1,
        "cols": 18,
        "dt": "3f",
        "data": [ 1.11909875e+03, 3.00749847e+02, 8.62635136e-01,
            1.05712854e+03, 3.68426880e+02, 6.48700237e-01,
            1.05417346e+03, 3.71305664e+02, 7.56054163e-01,
            1.02190277e+03, 4.86119110e+02, 9.32971954e-01,
            1.09540466e+03, 5.50971069e+02, 9.20832396e-01,
            1.06298376e+03, 3.65558105e+02, 5.84171295e-01, 0.0, 0.0,
            0.0, 0.0, 0.0, 0.0, 1.05121899e+03, 5.83334106e+02,
            6.96399033e-01, 1.02774304e+03, 7.62857910e+02,
            8.06162715e-01, 9.39449951e+02, 9.27501404e+02,
            7.58087993e-01, 1.07779346e+03, 5.83251343e+02,
            5.60644686e-01, 1.10426550e+03, 7.65667053e+02,
            7.64274538e-01, 1.11905164e+03, 9.27635254e+02,
            8.09591651e-01, 1.11593054e+03, 2.88982330e+02,
            8.76962900e-01, 1.12192590e+03, 2.91807404e+02,
            2.39525720e-01, 1.07486963e+03, 2.88860016e+02,
            7.21760392e-01, 0.0, 0.0, 0.0 ]
    }
}
