{
    "pose_0": {
        "type_id": "opencv-matrix",
        "rows": 1,
        "cols": 18,
        "dt": "3f",
        "data": [ 1.85766443e+03, 2.94722473e+02, 3.03807110e-01,
            1.77816589e+03, 3.65428314e+02, 9.23566580e-01,
            1.81939746e+03, 3.62630249e+02, 8.95413756e-01,
            1.78128284e+03, 4.80191620e+02, 8.49318027e-01,
            1.85479980e+03, 5.50801025e+02, 9.15888667e-01,
            1.73703174e+03, 3.65595306e+02, 7.72695303e-01,
            1.73111072e+03, 4.80194550e+02, 7.04321802e-01,
            1.74581299e+03, 5.06648499e+02, 3.69938701e-01,
            1.80172290e+03, 5.89183838e+02, 6.49668694e-01,
            1.77815649e+03, 7.65720825e+02, 8.17274809e-01,
            1.68111853e+03, 9.24625549e+02, 7.85369217e-01,
            1.76062854e+03, 5.83295410e+02, 5.22232831e-01,
            1.82245386e+03, 7.59791931e+02, 7.17815578e-01,
            1.84295837e+03, 9.21707581e+02, 7.30712950e-01,
            1.85175549e+03, 2.83002594e+02, 3.81748080e-01, 0.0, 0.0,
            0.0, 1.83120679e+03, 2.88856201e+02, 6.57565951e-01,
            1.77528430e+03, 2.83037018e+02, 1.27745688e-01 ]
    }
}
