{
    "pose_0": {
        "type_id": "opencv-matrix",
        "rows": 1,
        "cols": 18,
        "dt": "3f",
        "data": [ 6.45033691e+02, 2.94860168e+02, 1.00747836e+00,
            5.71505493e+02, 3.62562561e+02, 7.01814294e-01,
            5.56783142e+02, 3.62422913e+02, 8.66615295e-01,
            5.09743896e+02, 4.80157257e+02, 8.90673995e-01,
            5.95054749e+02, 5.47951050e+02, 8.47231805e-01,
            5.77453796e+02, 3.62455597e+02, 6.01996779e-01, 0.0, 0.0,
            0.0, 0.0, 0.0, 0.0, 5.59701599e+02, 5.80367371e+02,
            6.67710006e-01, 5.53772217e+02, 7.62863708e+02,
            8.46588671e-01, 5.09626068e+02, 9.30687195e+02,
            7.88382530e-01, 6.00892700e+02, 5.80297791e+02,
            6.31749511e-01, 6.39185303e+02, 7.42326782e+02,
            7.53513515e-01, 7.09827515e+02, 9.04056824e+02,
            7.67193437e-01, 6.39123047e+02, 2.77197937e+02,
            8.88240397e-01, 0.0, 0.0, 0.0, 5.98034607e+02,
            2.71333069e+02, 8.50260496e-01, 0.0, 0.0, 0.0 ]
    }
}
