{
    "pose_0": {
        "type_id": "opencv-matrix",
        "rows": 1,
        "cols": 18,
        "dt": "3f",
        "data": [ 7.03886536e+02, 3.00725769e+02, 9.03640151e-01,
            6.30412842e+02, 3.68352417e+02, 7.75060117e-01,
            6.15606812e+02, 3.65506470e+02, 8.48839104e-01,
            5.74390015e+02, 4.83342987e+02, 9.44778860e-01,
            6.48102112e+02, 5.50916870e+02, 9.18085575e-01,
            6.50964661e+02, 3.65524811e+02, 6.84944510e-01, 0.0, 0.0,
            0.0, 0.0, 0.0, 0.0, 6.24393250e+02, 5.97874451e+02,
            7.06494808e-01, 5.97926331e+02, 7.65856201e+02,
            8.02915812e-01, 5.18465454e+02, 9.27642151e+02,
            7.73910880e-01, 6.74539734e+02, 5.97889648e+02,
            6.57014489e-01, 6.95053345e+02, 7.62809814e+02,
            8.40889454e-01, 7.36349609e+02, 9.27715393e+02,
            8.30888927e-01, 6.95100830e+02, 2.88908386e+02,
            9.50291276e-01, 7.12688660e+02, 2.88841217e+02,
            1.18877351e-01, 6.56838501e+02, 2.80150574e+02,
            7.66101718e-01, 0.0, 0.0, 0.0 ]
    }
}
