{
    "pose_0": {
        "type_id": "opencv-matrix",
        "rows": 1,
        "cols": 18,
        "dt": "3f",
        "data": [ 1.42803540e+03, 2.88910065e+02, 6.39806688e-01,
            1.35142664e+03, 3.47804993e+02, 7.96589077e-01,
            1.37200269e+03, 3.53671600e+02, 7.92627692e-01,
            1.33085034e+03, 4.71360291e+02, 9.01112556e-01,
            1.40141663e+03, 5.39073425e+02, 9.39386606e-01,
            1.33076160e+03, 3.42045288e+02, 6.99231446e-01,
            1.30740515e+03, 4.59634857e+02, 7.39089623e-02, 0.0, 0.0,
            0.0, 1.34843970e+03, 5.74386719e+02, 6.84736431e-01,
            1.33671558e+03, 7.45118347e+02, 7.09080815e-01,
            1.31027795e+03, 9.27661926e+02, 8.15205574e-01,
            1.33964905e+03, 5.71474792e+02, 4.88180816e-01,
            1.38677783e+03, 7.24553955e+02, 6.63855195e-01,
            1.44868811e+03, 8.89411255e+02, 7.26508915e-01,
            1.42496533e+03, 2.71189484e+02, 7.23752975e-01, 0.0, 0.0,
            0.0, 1.39849316e+03, 2.71271332e+02, 6.89396858e-01, 0.0,
            0.0, 0.0 ]
    }
}
