{
    "pose_0": {
        "type_id": "opencv-matrix",
        "rows": 1,
        "cols": 18,
        "dt": "3f",
        "data": [ 1.66937500e+03, 2.94766205e+02, 6.61838874e-02,
            1.59285022e+03, 3.65326538e+02, 9.02780294e-01,
            1.63691699e+03, 3.62569122e+02, 9.21201587e-01,
            1.61351318e+03, 4.80170013e+02, 8.89149070e-01,
            1.68405652e+03, 5.42032349e+02, 9.01397526e-01,
            1.55451428e+03, 3.65454590e+02, 8.02221060e-01,
            1.54273828e+03, 4.83314819e+02, 7.47859538e-01,
            1.58681445e+03, 5.27300110e+02, 3.70762378e-01,
            1.63399414e+03, 5.86223267e+02, 6.36619329e-01,
            1.66035645e+03, 7.65683838e+02, 8.33707392e-01,
            1.66059692e+03, 9.33466064e+02, 7.97920227e-01,
            1.56924573e+03, 5.83242188e+02, 6.58166707e-01,
            1.58985486e+03, 7.56944641e+02, 8.71308327e-01,
            1.50450354e+03, 9.06943359e+02, 7.56873727e-01,
            1.66348279e+03, 2.80106232e+02, 1.01002887e-01, 0.0, 0.0,
            0.0, 1.65745850e+03, 2.88868103e+02, 6.50591910e-01,
            1.58980212e+03, 2.74237366e+02, 2.24372745e-01 ]
    }
}
