{
    "pose_0": {
        "type_id": "opencv-matrix",
        "rows": 1,
        "cols": 18,
        "dt": "3f",
        "data": [ 3.39032349e+02, 3.12504028e+02, 9.44231331e-01,
            2.68403320e+02, 3.83004456e+02, 8.10574293e-01,
            2.38944122e+02, 3.80117645e+02, 7.54539967e-01,
            1.94720917e+02, 4.89133392e+02, 8.27071071e-01,
            2.74212463e+02, 5.56848328e+02, 8.54606867e-01,
            3.00698914e+02, 3.80222290e+02, 6.65030897e-01, 0.0, 0.0,
            0.0, 0.0, 0.0, 0.0, 2.53627731e+02, 6.03845032e+02,
            6.57999516e-01, 2.38836212e+02, 7.80398315e+02,
            7.57969856e-01, 1.68272690e+02, 9.33515076e+02,
            7.44400084e-01, 3.18314453e+02, 6.00941650e+02,
            6.73081279e-01, 3.18433105e+02, 7.83287537e+02,
            8.27506483e-01, 3.24211975e+02, 9.45237244e+02,
            7.52386510e-01, 3.30155518e+02, 2.91967621e+02,
            9.09627438e-01, 3.41887695e+02, 2.94797119e+02,
            2.93040812e-01, 2.91708618e+02, 2.85972626e+02,
            7.90094614e-01, 0.0, 0.0, 0.0 ]
    }
}
