{
    "pose_0": {
        "type_id": "opencv-matrix",
        "rows": 1,
        "cols": 18,
        "dt": "3f",
        "data": [ 8.62829834e+02, 3.00705872e+02, 8.78491282e-01,
            7.89336731e+02, 3.62634583e+02, 6.63388729e-01,
            7.89263611e+02, 3.62622437e+02, 8.67912352e-01,
            7.59743103e+02, 4.83089722e+02, 9.10498619e-01,
            8.33428223e+02, 5.33196350e+02, 9.39945459e-01,
            7.92211365e+02, 3.62503418e+02, 5.36899924e-01,
            7.86274658e+02, 4.89081421e+02, 6.51101917e-02, 0.0, 0.0,
            0.0, 7.89388123e+02, 5.83261475e+02, 6.56288922e-01,
            8.77484009e+02, 7.51035950e+02, 7.42628932e-01,
            9.30546997e+02, 9.07081909e+02, 8.25171530e-01,
            7.89288391e+02, 5.80375732e+02, 5.30746460e-01,
            7.71622009e+02, 7.68653381e+02, 7.71952689e-01,
            7.39305969e+02, 9.30581116e+02, 8.25858176e-01,
            8.56905029e+02, 2.88948669e+02, 9.05732214e-01,
            8.62873047e+02, 2.91714844e+02, 1.36530235e-01,
            8.15784790e+02, 2.85988861e+02, 7.65949190e-01, 0.0, 0.0,
            0.0 ]
    }
}
