{
    "pose_0": {
        "type_id": "opencv-matrix",
        "rows": 1,
        "cols": 18,
        "dt": "3f",
        "data": [ 5.39090515e+02, 2.97813354e+02, 9.19333935e-01,
            4.71390106e+02, 3.65483368e+02, 7.45174587e-01,
            4.56729034e+02, 3.65363953e+02, 9.15701032e-01,
            4.18413116e+02, 4.83242371e+02, 8.88378322e-01,
            5.06653534e+02, 5.47904907e+02, 8.30036759e-01,
            4.83235779e+02, 3.65398346e+02, 6.70963585e-01,
            4.86202606e+02, 4.92076324e+02, 1.96603745e-01,
            5.36150208e+02, 5.30357971e+02, 2.23075911e-01,
            4.77238922e+02, 5.86211548e+02, 6.66418612e-01,
            5.15597290e+02, 7.65779053e+02, 7.98744142e-01,
            5.18526794e+02, 9.42372009e+02, 7.47775197e-01,
            4.86155426e+02, 5.83254578e+02, 5.34471154e-01,
            4.56741394e+02, 7.62781555e+02, 7.90601075e-01,
            3.50797302e+02, 9.07139465e+02, 7.08614469e-01,
            5.30315979e+02, 2.86003601e+02, 9.45723474e-01,
            5.50773499e+02, 2.85970795e+02, 1.24985866e-01,
            4.92027679e+02, 2.74323914e+02, 7.94333696e-01, 0.0, 0.0,
            0.0 ]
    }
}
