{
    "pose_0": {
        "type_id": "opencv-matrix",
        "rows": 1,
        "cols": 18,
        "dt": "3f",
        "data": [ 1.30439783e+03, 2.94785583e+02, 6.21807158e-01,
            1.22779907e+03, 3.59595673e+02, 8.07971716e-01,
            1.24551257e+03, 3.62529053e+02, 7.91439533e-01,
            1.21609009e+03, 4.80109711e+02, 8.64186704e-01,
            1.29555176e+03, 5.47880188e+02, 8.78844738e-01,
            1.20431482e+03, 3.59462677e+02, 6.96007192e-01,
            1.16902563e+03, 4.44980865e+02, 4.60278422e-01,
            1.18369910e+03, 4.91970093e+02, 3.72115076e-01,
            1.23680774e+03, 5.80300110e+02, 6.52778864e-01,
            1.28961438e+03, 7.53955444e+02, 7.20770836e-01,
            1.31903101e+03, 9.30469910e+02, 7.87588656e-01,
            1.19549634e+03, 5.77384338e+02, 6.26851022e-01,
            1.18951575e+03, 7.42314331e+02, 8.32132459e-01,
            1.11905383e+03, 9.07089172e+02, 7.82175720e-01,
            1.30137561e+03, 2.80133972e+02, 6.08788192e-01, 0.0, 0.0,
            0.0, 1.27497253e+03, 2.83079620e+02, 6.89952016e-01, 0.0,
            0.0, 0.0 ]
    }
}
