{
    "pose_0": {
        "type_id": "opencv-matrix",
        "rows": 1,
        "cols": 18,
        "dt": "3f",
        "data": [ 1.80768250e+03, 3.00656250e+02, 1.02133349e-01,
            1.73110083e+03, 3.65469543e+02, 9.15770948e-01,
            1.77235559e+03, 3.65410522e+02, 8.87467980e-01,
            1.73128625e+03, 4.80268646e+02, 8.73398423e-01,
            1.80184570e+03, 5.50918274e+02, 9.99080479e-01,
            1.68990942e+03, 3.65576294e+02, 7.74325728e-01,
            1.67817749e+03, 4.77290619e+02, 6.63103938e-01,
            1.68995154e+03, 5.06665131e+02, 3.22642148e-01,
            1.74874292e+03, 5.89128052e+02, 6.27484918e-01,
            1.72808984e+03, 7.65870300e+02, 7.78703809e-01,
            1.66042810e+03, 9.30479858e+02, 8.04495633e-01,
            1.70754065e+03, 5.86225586e+02, 5.59086919e-01,
            1.78112463e+03, 7.45132507e+02, 7.36396372e-01,
            1.83705664e+03, 9.07144653e+02, 7.66764462e-01,
            1.80190271e+03, 2.88915527e+02, 1.64890140e-01, 0.0, 0.0,
            0.0, 1.79583276e+03, 2.91760223e+02, 6.46142960e-01,
            1.73101697e+03, 2.80084656e+02, 1.74340099e-01 ]
    }
}
