{
    "pose_0": {
        "type_id": "opencv-matrix",
        "rows": 1,
        "cols": 18,
        "dt": "3f",
        "data": [ 3.18503479e+02, 3.15335358e+02, 9.53869581e-01,
            2.50775848e+02, 3.86011566e+02, 8.07038426e-01,
            2.21158737e+02, 3.83061035e+02, 8.13021660e-01,
            1.77058136e+02, 4.97928223e+02, 8.60234082e-01,
            2.59445587e+02, 5.68531067e+02, 8.08901310e-01,
            2.91917480e+02, 3.88995819e+02, 7.21947849e-01, 0.0, 0.0,
            0.0, 0.0, 0.0, 0.0, 2.33021484e+02, 6.09711121e+02,
            6.45831048e-01, 2.18338821e+02, 7.80441040e+02,
            7.82301486e-01, 1.56459290e+02, 9.48215576e+02,
            7.46499777e-01, 2.97766235e+02, 6.06786011e+02,
            6.85437858e-01, 3.15269257e+02, 7.80467468e+02,
            7.71592855e-01, 3.24284668e+02, 9.42305176e+02,
            7.20114052e-01, 3.15397858e+02, 2.94781677e+02,
            9.67217088e-01, 3.24226959e+02, 2.94983704e+02,
            4.26201701e-01, 2.71346130e+02, 2.88943085e+02,
            8.04400623e-01, 0.0, 0.0, 0.0 ]
    }
}
