{
    "pose_0": {
        "type_id": "opencv-matrix",
        "rows": 1,
        "cols": 18,
        "dt": "3f",
        "data": [ 8.33495544e+02, 2.94788879e+02, 9.65795219e-01,
            7.65871582e+02, 3.59617584e+02, 7.65215218e-01,
            7.53920959e+02, 3.59591583e+02, 8.31411839e-01,
            7.15581482e+02, 4.71423645e+02, 8.93068612e-01,
            7.89444580e+02, 5.30328125e+02, 8.89555871e-01,
            7.86339478e+02, 3.59575500e+02, 6.75828099e-01, 0.0, 0.0,
            0.0, 0.0, 0.0, 0.0, 7.62695129e+02, 5.77482178e+02,
            6.88338995e-01, 8.54068665e+02, 7.42336304e+02,
            7.80109406e-01, 9.39377808e+02, 8.89352417e+02,
            7.45839775e-01, 7.68707947e+02, 5.74495483e+02,
            5.54525673e-01, 7.62652222e+02, 7.62753723e+02,
            8.04840088e-01, 7.39297668e+02, 9.30520142e+02,
            8.15024555e-01, 8.24603088e+02, 2.80145142e+02,
            8.59368503e-01, 8.36236450e+02, 2.74338867e+02,
            1.82941183e-01, 7.89238464e+02, 2.80122314e+02,
            8.02832425e-01, 0.0, 0.0, 0.0 ]
    }
}
