{
    "pose_0": {
        "type_id": "opencv-matrix",
        "rows": 1,
        "cols": 18,
        "dt": "3f",
        "data": [ 1.44263733e+03, 2.91747894e+02, 8.61256719e-01,
            1.35728284e+03, 3.47857056e+02, 8.18570793e-01,
            1.37801990e+03, 3.56576294e+02, 8.23028266e-01,
            1.33679102e+03, 4.71438446e+02, 8.64486217e-01,
            1.40453943e+03, 5.33353271e+02, 9.07227099e-01,
            1.33097607e+03, 3.42070679e+02, 7.77410924e-01,
            1.30739380e+03, 4.30233398e+02, 1.67763025e-01, 0.0, 0.0,
            0.0, 1.35430225e+03, 5.74362915e+02, 6.91617966e-01,
            1.35129822e+03, 7.50989380e+02, 7.48698533e-01,
            1.31024866e+03, 9.27601379e+02, 8.15407097e-01,
            1.34556531e+03, 5.71419922e+02, 4.80672479e-01,
            1.40153442e+03, 7.36240417e+02, 6.88138187e-01,
            1.46331714e+03, 9.01047180e+02, 7.15335488e-01,
            1.43387793e+03, 2.71336090e+02, 8.35683882e-01, 0.0, 0.0,
            0.0, 1.40157666e+03, 2.71184937e+02, 7.71890402e-01, 0.0,
            0.0, 0.0 ]
    }
}
