{
    "pose_0": {
        "type_id": "opencv-matrix",
        "rows": 1,
        "cols": 18,
        "dt": "3f",
        "data": [ 2.47643265e+02, 3.15275604e+02, 9.64031637e-01,
            1.74203064e+02, 3.77200806e+02, 7.94567049e-01,
            1.50491852e+02, 3.71300354e+02, 7.81222522e-01,
            1.15311287e+02, 5.00865875e+02, 7.46997118e-01,
            1.83021622e+02, 5.68483337e+02, 7.47834623e-01,
            2.03571396e+02, 3.80126099e+02, 6.65645719e-01,
            2.18257629e+02, 5.03724152e+02, 8.51846784e-02, 0.0, 0.0,
            0.0, 1.56459564e+02, 6.09729248e+02, 6.51295304e-01,
            1.73989700e+02, 7.89350586e+02, 7.93253481e-01,
            1.50619156e+02, 9.51155396e+02, 7.58885443e-01,
            2.21098343e+02, 6.03907898e+02, 6.56364739e-01,
            2.47747345e+02, 7.83289001e+02, 8.16395164e-01,
            2.53661636e+02, 9.33584534e+02, 7.50697732e-01,
            2.41783203e+02, 2.92002258e+02, 9.28952456e-01,
            2.47893784e+02, 2.94973053e+02, 4.28673953e-01,
            2.00546127e+02, 2.86026550e+02, 7.91042507e-01, 0.0, 0.0,
            0.0 ]
    }
}
