{
    "pose_0": {
        "type_id": "opencv-matrix",
        "rows": 1,
        "cols": 18,
        "dt": "3f",
        "data": [ 1.48392395e+03, 2.91823273e+02, 8.51236820e-01,
            1.40443506e+03, 3.56623535e+02, 8.00485611e-01,
            1.42802075e+03, 3.59530548e+02, 8.16406488e-01,
            1.40137476e+03, 4.74342834e+02, 8.50991428e-01,
            1.47224817e+03, 5.44925659e+02, 9.03625727e-01,
            1.37800928e+03, 3.53705841e+02, 7.11575389e-01,
            1.36907031e+03, 4.47913116e+02, 1.03542805e-01,
            1.37193433e+03, 4.86284485e+02, 7.53977895e-02,
            1.42199805e+03, 5.74374023e+02, 6.78450048e-01,
            1.39844531e+03, 7.48097961e+02, 7.50413060e-01,
            1.32495398e+03, 9.18797119e+02, 7.73190916e-01,
            1.40443848e+03, 5.71426147e+02, 4.76568937e-01,
            1.44565942e+03, 7.42327515e+02, 7.22246170e-01,
            1.47213904e+03, 9.09965881e+02, 7.42576480e-01,
            1.47505225e+03, 2.71385681e+02, 8.71499598e-01, 0.0, 0.0,
            0.0, 1.44563110e+03, 2.71309967e+02, 7.51132607e-01, 0.0,
            0.0, 0.0 ]
    }
}
