{
    "pose_0": {
        "type_id": "opencv-matrix",
        "rows": 1,
        "cols": 18,
        "dt": "3f",
        "data": [ 1.25729065e+03, 2.94814697e+02, 8.97820294e-01,
            1.18364636e+03, 3.53734161e+02, 7.37942398e-01,
            1.19252759e+03, 3.59547455e+02, 8.15293968e-01,
            1.16017822e+03, 4.74383209e+02, 8.48564684e-01,
            1.23365039e+03, 5.36172424e+02, 9.05820310e-01,
            1.16316504e+03, 3.47776093e+02, 6.76202536e-01,
            1.14550525e+03, 4.47930054e+02, 9.11051407e-02, 0.0, 0.0,
            0.0, 1.18657275e+03, 5.80314331e+02, 6.29934907e-01,
            1.25724939e+03, 7.56929016e+02, 7.50859797e-01,
            1.31320728e+03, 9.18761230e+02, 7.58647323e-01,
            1.15128381e+03, 5.77405762e+02, 5.83527803e-01,
            1.15127625e+03, 7.59875122e+02, 7.72533834e-01,
            1.11596667e+03, 9.24673584e+02, 8.18914711e-01,
            1.25138489e+03, 2.80131226e+02, 8.07842731e-01, 0.0, 0.0,
            0.0, 1.21601953e+03, 2.80080048e+02, 7.46566236e-01, 0.0,
            0.0, 0.0 ]
    }
}
