{
    "pose_0": {
        "type_id": "opencv-matrix",
        "rows": 1,
        "cols": 18,
        "dt": "3f",
        "data": [ 7.18712585e+02, 2.97816772e+02, 9.67795074e-01,
            6.48123840e+02, 3.68352173e+02, 7.90826321e-01,
            6.30400085e+02, 3.65516510e+02, 8.49238455e-01,
            5.97929199e+02, 4.83260437e+02, 9.45383549e-01,
            6.71467285e+02, 5.50807495e+02, 9.29833174e-01,
            6.68677246e+02, 3.65562195e+02, 6.98650956e-01, 0.0, 0.0,
            0.0, 0.0, 0.0, 0.0, 6.48003052e+02, 5.92101440e+02,
            7.08178043e-01, 6.21466736e+02, 7.65753601e+02,
            8.15609038e-01, 5.27300903e+02, 9.27513550e+02,
            8.19225132e-01, 6.98021301e+02, 5.92087341e+02,
            6.46392345e-01, 7.12716064e+02, 7.62815857e+02,
            8.36828232e-01, 7.39099243e+02, 9.27731873e+02,
            8.21120858e-01, 7.12809204e+02, 2.86027863e+02,
            9.12999868e-01, 7.18626709e+02, 2.74194885e+02,
            7.22852945e-02, 6.71515015e+02, 2.80119049e+02,
            7.94558048e-01, 0.0, 0.0, 0.0 ]
    }
}
