{
    "pose_0": {
        "type_id": "opencv-matrix",
        "rows": 1,
        "cols": 18,
        "dt": "3f",
        "data": [ 1.47204382e+03, 2.94693542e+02, 8.07959378e-01,
            1.39555212e+03, 3.59547516e+02, 8.13528240e-01,
            1.41913672e+03, 3.62493134e+02, 8.36804330e-01,
            1.38083130e+03, 4.80106232e+02, 8.95966053e-01,
            1.45163989e+03, 5.47842407e+02, 8.73859882e-01,
            1.36909021e+03, 3.53737122e+02, 6.95836484e-01,
            1.35142773e+03, 4.50786987e+02, 1.16734728e-01, 0.0, 0.0,
            0.0, 1.40148767e+03, 5.77359131e+02, 6.79961562e-01,
            1.37510327e+03, 7.56915405e+02, 7.60861516e-01,
            1.31612695e+03, 9.27551514e+02, 7.71801949e-01,
            1.38680103e+03, 5.74395630e+02, 4.91388559e-01,
            1.42796948e+03, 7.42330505e+02, 7.29789376e-01,
            1.47206714e+03, 9.07090393e+02, 7.39990354e-01,
            1.46629443e+03, 2.77119965e+02, 7.44456947e-01, 0.0, 0.0,
            0.0, 1.43383496e+03, 2.74290100e+02, 6.74954057e-01, 0.0,
            0.0, 0.0 ]
    }
}
