{
    "pose_0": {
        "type_id": "opencv-matrix",
        "rows": 1,
        "cols": 18,
        "dt": "3f",
        "data": [ 8.09817078e+02, 2.94933777e+02, 9.84035254e-01,
            7.39336731e+02, 3.62596558e+02, 7.69862235e-01,
            7.21705200e+02, 3.62442139e+02, 8.86861324e-01,
            6.86264526e+02, 4.77250214e+02, 8.74255776e-01,
            7.62824463e+02, 5.30341614e+02, 9.52761233e-01,
            7.56889465e+02, 3.62599487e+02, 6.55966401e-01, 0.0, 0.0,
            0.0, 0.0, 0.0, 0.0, 7.39294434e+02, 5.86240540e+02,
            7.07195878e-01, 7.92260925e+02, 7.65688599e+02,
            8.14175546e-01, 8.33313232e+02, 9.30683594e+02,
            8.22975159e-01, 7.59886780e+02, 5.80343079e+02,
            5.50981879e-01, 7.42269958e+02, 7.65731812e+02,
            8.22682679e-01, 7.39216675e+02, 9.27668457e+02,
            8.09229255e-01, 7.95166443e+02, 2.83102203e+02,
            8.76472473e-01, 8.09904724e+02, 2.88803070e+02,
            2.75633961e-01, 7.62650146e+02, 2.80118500e+02,
            7.90599108e-01, 0.0, 0.0, 0.0 ]
    }
}
