{
    "pose_0": {
        "type_id": "opencv-matrix",
        "rows": 1,
        "cols": 18,
        "dt": "3f",
        "data": [ 1.73411670e+03, 2.91894257e+02, 2.38535449e-01,
            1.65763647e+03, 3.62360291e+02, 9.14148331e-01,
            1.69585730e+03, 3.62354889e+02, 8.42285693e-01,
            1.66339795e+03, 4.68523376e+02, 8.32954168e-01,
            1.73126282e+03, 5.42080322e+02, 8.96071076e-01,
            1.61930737e+03, 3.62483612e+02, 8.07416797e-01,
            1.60743201e+03, 4.62556885e+02, 6.82995737e-01,
            1.62228406e+03, 4.94988525e+02, 2.53571808e-01,
            1.68395313e+03, 5.77365356e+02, 6.57201231e-01,
            1.68396948e+03, 7.62912842e+02, 8.05854201e-01,
            1.65765747e+03, 9.30707275e+02, 8.65030110e-01,
            1.63996741e+03, 5.74448792e+02, 5.75075328e-01,
            1.71346667e+03, 7.59803467e+02, 7.43232369e-01,
            1.68110828e+03, 9.18820496e+02, 7.01856256e-01,
            1.73116785e+03, 2.74179138e+02, 3.12849909e-01, 0.0, 0.0,
            0.0, 1.71055139e+03, 2.77194977e+02, 6.18733108e-01,
            1.65746814e+03, 2.71261292e+02, 1.47340864e-01 ]
    }
}
