{
    "pose_0": {
        "type_id": "opencv-matrix",
        "rows": 1,
        "cols": 18,
        "dt": "3f",
        "data": [ 1.32206335e+03, 2.94728119e+02, 5.90075791e-01,
            1.23971716e+03, 3.56661560e+02, 7.67445385e-01,
            1.26311816e+03, 3.59607239e+02, 7.78787971e-01,
            1.23660352e+03, 4.77243286e+02, 8.49870205e-01,
            1.31026233e+03, 5.30450317e+02, 9.00942981e-01,
            1.21899780e+03, 3.53727936e+02, 6.62901402e-01,
            1.19247583e+03, 4.56628998e+02, 2.85591543e-01,
            1.20998218e+03, 4.80360565e+02, 1.09969825e-01,
            1.26015662e+03, 5.77399902e+02, 6.38149261e-01,
            1.30720129e+03, 7.53956360e+02, 7.79917479e-01,
            1.31910156e+03, 9.30496338e+02, 7.92270064e-01,
            1.21601831e+03, 5.77344910e+02, 6.48288488e-01,
            1.21017578e+03, 7.48137390e+02, 8.12992573e-01,
            1.13070996e+03, 9.03969971e+02, 7.35415697e-01,
            1.31617578e+03, 2.77198364e+02, 5.89136183e-01, 0.0, 0.0,
            0.0, 1.28678735e+03, 2.80053192e+02, 7.30691075e-01, 0.0,
            0.0, 0.0 ]
    }
}
