{
    "pose_0": {
        "type_id": "opencv-matrix",
        "rows": 1,
        "cols": 18,
        "dt": "3f",
        "data": [ 1.65770044e+03, 2.94993073e+02, 8.09612498e-02,
            1.58389563e+03, 3.65373291e+02, 9.06924844e-01,
            1.61936023e+03, 3.62652466e+02, 8.81392300e-01,
            1.60741113e+03, 4.80218262e+02, 8.92219782e-01,
            1.67519263e+03, 5.39140381e+02, 8.57416451e-01,
            1.53971899e+03, 3.65519897e+02, 8.41772139e-01,
            1.52225708e+03, 4.80138947e+02, 7.30555177e-01,
            1.55747180e+03, 5.21439941e+02, 4.24734563e-01,
            1.61352051e+03, 5.86241699e+02, 6.44071996e-01,
            1.64871875e+03, 7.62905396e+02, 7.61152029e-01,
            1.66058545e+03, 9.30679810e+02, 8.26548576e-01,
            1.55156836e+03, 5.83267456e+02, 6.38442874e-01,
            1.56041956e+03, 7.59845215e+02, 8.16852152e-01,
            1.49263818e+03, 9.07044800e+02, 7.78450310e-01,
            1.65762244e+03, 2.88960907e+02, 1.41797319e-01, 0.0, 0.0,
            0.0, 1.64285608e+03, 2.91847107e+02, 6.93100393e-01,
            1.57812695e+03, 2.83007935e+02, 2.10833415e-01 ]
    }
}
