{
    "pose_0": {
        "type_id": "opencv-matrix",
        "rows": 1,
        "cols": 18,
        "dt": "3f",
        "data": [ 1.77835559e+03, 2.91795563e+02, 5.99158891e-02,
            1.70162280e+03, 3.62424957e+02, 8.93222213e-01,
            1.73407886e+03, 3.62505859e+02, 8.69813919e-01,
            1.70464136e+03, 4.77362762e+02, 9.16086435e-01,
            1.77227869e+03, 5.47920349e+02, 9.21382904e-01,
            1.66038086e+03, 3.62534821e+02, 8.26088786e-01,
            1.63697876e+03, 4.65545868e+02, 7.23142326e-01,
            1.66634619e+03, 5.09772888e+02, 2.92624474e-01,
            1.71058789e+03, 5.77432190e+02, 6.61633432e-01,
            1.70166882e+03, 7.62725647e+02, 7.54639149e-01,
            1.65766724e+03, 9.30580566e+02, 8.59897733e-01,
            1.67223022e+03, 5.77385864e+02, 6.04388654e-01,
            1.75160608e+03, 7.33411926e+02, 6.85679197e-01,
            1.82244653e+03, 9.01073486e+02, 7.66780376e-01,
            1.77816577e+03, 2.74312988e+02, 9.74939615e-02, 0.0, 0.0,
            0.0, 1.76639929e+03, 2.83054901e+02, 5.68902731e-01,
            1.70171375e+03, 2.71264099e+02, 2.26215512e-01 ]
    }
}
