{
    "pose_0": {
        "type_id": "opencv-matrix",
        "rows": 1,
        "cols": 18,
        "dt": "3f",
        "data": [ 8.27556885e+02, 2.94743958e+02, 9.56688046e-01,
            7.59768677e+02, 3.62412048e+02, 6.96418703e-01,
            7.42267944e+02, 3.62367065e+02, 8.64916682e-01,
            7.00992371e+02, 4.68518890e+02, 8.55388463e-01,
            7.83341797e+02, 5.30357361e+02, 9.27200675e-01,
            7.65785767e+02, 3.59599182e+02, 6.40464962e-01, 0.0, 0.0,
            0.0, 0.0, 0.0, 0.0, 7.48126221e+02, 5.86254211e+02,
            6.25725508e-01, 8.36387268e+02, 7.54001038e+02,
            7.88375139e-01, 9.21690063e+02, 9.01073975e+02,
            7.62096941e-01, 7.62826172e+02, 5.83265381e+02,
            5.58317780e-01, 7.59796326e+02, 7.65721008e+02,
            8.09464037e-01, 7.39212830e+02, 9.30504639e+02,
            8.13693047e-01, 8.15731934e+02, 2.77197601e+02,
            8.83131683e-01, 8.30511108e+02, 2.74252197e+02,
            1.23185247e-01, 7.83345947e+02, 2.77173706e+02,
            7.93036401e-01, 0.0, 0.0, 0.0 ]
    }
}
