{
    "pose_0": {
        "type_id": "opencv-matrix",
        "rows": 1,
        "cols": 18,
        "dt": "3f",
        "data": [ 1.51938953e+03, 2.91739960e+02, 6.94474101e-01,
            1.44846545e+03, 3.53739380e+02, 8.20566177e-01,
            1.46930994e+03, 3.59511780e+02, 8.25182617e-01,
            1.43979688e+03, 4.68456573e+02, 8.29993963e-01,
            1.51618494e+03, 5.30411499e+02, 9.16348755e-01,
            1.42214868e+03, 3.50706390e+02, 7.04549074e-01,
            1.42202649e+03, 4.42050751e+02, 9.67173874e-02, 0.0, 0.0,
            0.0, 1.46621216e+03, 5.77316040e+02, 6.41595662e-01,
            1.51637659e+03, 7.56907349e+02, 8.20411026e-01,
            1.41032434e+03, 8.95254089e+02, 7.40152001e-01,
            1.42515540e+03, 5.74469238e+02, 6.05160773e-01,
            1.46615942e+03, 7.45204041e+02, 7.86569774e-01,
            1.46920874e+03, 9.09951294e+02, 7.63053298e-01,
            1.51641211e+03, 2.71322083e+02, 7.47028708e-01, 0.0, 0.0,
            0.0, 1.49265503e+03, 2.71358978e+02, 6.64873183e-01,
            1.44553723e+03, 2.82970978e+02, 5.91476113e-02 ]
    }
}
