{
    "pose_0": {
        "type_id": "opencv-matrix",
        "rows": 1,
        "cols": 18,
        "dt": "3f",
        "data": [ 2.30138916e+02, 3.09577118e+02, 8.59302402e-01,
            1.65305130e+02, 3.74352997e+02, 7.58456409e-01,
            1.32919250e+02, 3.71399445e+02, 7.68082500e-01,
            1.06396347e+02, 4.94987335e+02, 7.53754973e-01,
            1.74154297e+02, 5.59782471e+02, 7.75937974e-01,
            1.97755402e+02, 3.80150879e+02, 7.03525782e-01,
            2.15312820e+02, 5.00793396e+02, 8.10027122e-02, 0.0, 0.0,
            0.0, 1.53479996e+02, 6.03862244e+02, 6.58197761e-01,
            1.53439255e+02, 7.86282166e+02, 7.68427253e-01,
            1.38780975e+02, 9.51158264e+02, 7.01107681e-01,
            2.09454849e+02, 6.00860413e+02, 5.98036706e-01,
            1.94775879e+02, 7.86237976e+02, 7.89913952e-01,
            1.77120605e+02, 9.30480347e+02, 7.61204302e-01,
            2.24155823e+02, 2.91847321e+02, 9.59192395e-01,
            2.41771774e+02, 2.94715759e+02, 3.77431095e-01,
            1.85872131e+02, 2.80075012e+02, 7.36154795e-01, 0.0, 0.0,
            0.0 ]
    }
}
