{
    "pose_0": {
        "type_id": "opencv-matrix",
        "rows": 1,
        "cols": 18,
        "dt": "3f",
        "data": [ 1.63699683e+03, 2.97752441e+02, 8.10896531e-02,
            1.56344202e+03, 3.65485168e+02, 9.39362884e-01,
            1.60754639e+03, 3.65403290e+02, 9.05020118e-01,
            1.58701160e+03, 4.83119385e+02, 9.26618516e-01,
            1.65450769e+03, 5.47965759e+02, 8.95673275e-01,
            1.51925891e+03, 3.65607361e+02, 8.32222342e-01,
            1.50748108e+03, 4.83269653e+02, 7.76749253e-01,
            1.54288037e+03, 5.27397095e+02, 4.45024431e-01,
            1.59572485e+03, 5.92117981e+02, 6.39299810e-01,
            1.63383533e+03, 7.62857605e+02, 7.85224319e-01,
            1.66054663e+03, 9.30617920e+02, 8.48879635e-01,
            1.53685571e+03, 5.89188049e+02, 6.31660700e-01,
            1.53680920e+03, 7.62674805e+02, 7.90127814e-01,
            1.47799561e+03, 9.12943359e+02, 7.18026757e-01,
            1.63414709e+03, 2.91669617e+02, 1.35231137e-01, 0.0, 0.0,
            0.0, 1.62220142e+03, 2.91946533e+02, 6.35461569e-01,
            1.56042114e+03, 2.86039001e+02, 2.31212109e-01 ]
    }
}
