{
    "pose_0": {
        "type_id": "opencv-matrix",
        "rows": 1,
        "cols": 18,
        "dt": "3f",
        "data": [ 2.59489105e+02, 3.12538177e+02, 8.93016875e-01,
            1.83004211e+02, 3.77233215e+02, 7.55664229e-01,
            1.53635300e+02, 3.77187653e+02, 7.68284321e-01,
            1.15334572e+02, 4.92071136e+02, 7.43292093e-01,
            1.97698853e+02, 5.68526123e+02, 8.16909432e-01,
            2.18333801e+02, 3.80173828e+02, 6.77394092e-01,
            2.24153412e+02, 4.97941162e+02, 5.21930531e-02, 0.0, 0.0,
            0.0, 1.71190933e+02, 6.03843262e+02, 6.60625339e-01,
            1.74229736e+02, 7.86391785e+02, 8.26228499e-01,
            1.50549026e+02, 9.57125610e+02, 7.33689070e-01,
            2.32997192e+02, 6.00912842e+02, 6.29650176e-01,
            2.62412231e+02, 7.77516724e+02, 7.50688195e-01,
            2.94949280e+02, 9.30473572e+02, 7.81056583e-01,
            2.47872635e+02, 2.94694092e+02, 9.60405886e-01,
            2.68203247e+02, 2.94913910e+02, 3.27825367e-01,
            2.18195786e+02, 2.86032196e+02, 7.75831223e-01, 0.0, 0.0,
            0.0 ]
    }
}
