{
    "pose_0": {
        "type_id": "opencv-matrix",
        "rows": 1,
        "cols": 18,
        "dt": "3f",
        "data": [ 9.95238037e+02, 2.94871704e+02, 6.49307549e-01,
            9.15848755e+02, 3.62585236e+02, 6.83222234e-01,
            9.27546509e+02, 3.65436340e+02, 8.10292006e-01,
            8.95196899e+02, 4.83237030e+02, 8.73088658e-01,
            9.71826538e+02, 5.47925842e+02, 8.92906368e-01,
            9.07007263e+02, 3.59478668e+02, 5.96552730e-01,
            9.27575989e+02, 5.00755096e+02, 5.83225526e-02, 0.0, 0.0,
            0.0, 9.27632751e+02, 5.89186829e+02, 7.17964590e-01,
            9.42322021e+02, 7.62708496e+02, 7.61512756e-01,
            9.27528809e+02, 9.33603821e+02, 7.76162684e-01,
            9.45216858e+02, 5.80387634e+02, 5.11406958e-01,
            9.92312744e+02, 7.53995605e+02, 7.80705333e-01,
            8.83539124e+02, 8.74596558e+02, 6.62358999e-01,
            9.83584595e+02, 2.85983490e+02, 6.41712487e-01, 0.0, 0.0,
            0.0, 9.59966125e+02, 2.86036011e+02, 6.81604505e-01, 0.0,
            0.0, 0.0 ]
    }
}
