{
    "pose_0": {
        "type_id": "opencv-matrix",
        "rows": 1,
        "cols": 18,
        "dt": "3f",
        "data": [ 1.50448657e+03, 2.88893433e+02, 6.76579893e-01,
            1.42516553e+03, 3.56573303e+02, 8.34622622e-01,
            1.45154980e+03, 3.56639862e+02, 8.16681981e-01,
            1.42494714e+03, 4.65605865e+02, 8.59258354e-01,
            1.49575696e+03, 5.36181213e+02, 8.92999828e-01,
            1.40144543e+03, 3.56556396e+02, 7.51880765e-01,
            1.37796033e+03, 4.50838623e+02, 6.11962140e-01,
            1.38971765e+03, 4.94917450e+02, 5.26187837e-01,
            1.44558142e+03, 5.77426392e+02, 6.74336910e-01,
            1.46323376e+03, 7.59827942e+02, 7.94504106e-01,
            1.35148962e+03, 9.04019287e+02, 8.48507762e-01,
            1.42496069e+03, 5.74442261e+02, 4.80602503e-01,
            1.47515625e+03, 7.56916870e+02, 6.74954236e-01,
            1.47506482e+03, 9.24648865e+02, 7.92099118e-01,
            1.49583069e+03, 2.71182922e+02, 7.59695292e-01, 0.0, 0.0,
            0.0, 1.47207776e+03, 2.71272980e+02, 7.16087759e-01,
            1.42216492e+03, 2.82979736e+02, 6.28361106e-02 ]
    }
}
