{
    "pose_0": {
        "type_id": "opencv-matrix",
        "rows": 1,
        "cols": 18,
        "dt": "3f",
        "data": [ 2.35996811e+02, 3.12493134e+02, 8.88342500e-01,
            1.68267014e+02, 3.80210571e+02, 7.80448616e-01,
            1.30133972e+02, 3.80139740e+02, 7.61442661e-01,
            1.09340004e+02, 5.00773285e+02, 7.51357794e-01,
            1.74263229e+02, 5.68525818e+02, 7.75103450e-01,
            2.00622864e+02, 3.83103210e+02, 7.23301649e-01, 0.0, 0.0,
            0.0, 0.0, 0.0, 0.0, 1.53520905e+02, 6.06820801e+02,
            6.66900635e-01, 1.56507645e+02, 7.89209839e+02,
            7.69564688e-01, 1.47619659e+02, 9.51178955e+02,
            7.31900632e-01, 2.06505463e+02, 6.03862671e+02,
            6.04661822e-01, 1.97708694e+02, 7.89247803e+02,
            8.45680296e-01, 1.77115524e+02, 9.30543762e+02,
            7.42492437e-01, 2.24289871e+02, 2.91975952e+02,
            9.60160255e-01, 2.44677948e+02, 2.94873260e+02,
            3.78864944e-01, 1.88913422e+02, 2.86021210e+02,
            7.53573000e-01, 0.0, 0.0, 0.0 ]
    }
}
