{
    "pose_0": {
        "type_id": "opencv-matrix",
        "rows": 1,
        "cols": 18,
        "dt": "3f",
        "data": [ 0.0, 0.0, 0.0, 1.85769421e+03, 3.65354401e+02,
            8.05760562e-01, 1.89594250e+03, 3.65349640e+02,
            7.90572762e-01, 1.87256946e+03, 4.71468750e+02,
            7.55752444e-01, 1.92251038e+03, 5.33233826e+02,
            1.00579321e-01, 1.81948047e+03, 3.65477814e+02,
            7.80224442e-01, 1.80185693e+03, 4.83300262e+02,
            7.32143700e-01, 1.84302271e+03, 5.21450928e+02,
            3.25556636e-01, 1.89295239e+03, 5.80313782e+02,
            5.64265013e-01, 1.92254175e+03, 7.53930603e+02,
            2.07887873e-01, 0.0, 0.0, 0.0, 1.82545337e+03,
            5.80384766e+02, 6.43172681e-01, 1.85188928e+03,
            7.59813599e+02, 7.71259964e-01, 1.84892334e+03,
            9.27521729e+02, 7.40536571e-01, 0.0, 0.0, 0.0, 0.0, 0.0, 0.0,
            1.92248975e+03, 2.86007111e+02, 2.66942114e-01,
            1.86063660e+03, 2.74282959e+02, 1.73357472e-01 ]
    }
}
