{
    "pose_0": {
        "type_id": "opencv-matrix",
        "rows": 1,
        "cols": 18,
        "dt": "3f",
        "data": [ 0.0, 0.0, 0.0, 1.84894202e+03, 3.62563751e+02,
            8.96761894e-01, 1.89303601e+03, 3.62420868e+02,
            8.84850740e-01, 1.86645337e+03, 4.71433533e+02,
            7.95159698e-01, 1.92252771e+03, 5.36242310e+02,
            3.08437228e-01, 1.80770435e+03, 3.65522614e+02,
            7.75951266e-01, 1.79583435e+03, 4.80364197e+02,
            7.98099518e-01, 1.82541113e+03, 5.24380676e+02,
            4.62864012e-01, 1.88422034e+03, 5.77436401e+02,
            5.98444164e-01, 1.92249695e+03, 7.62780823e+02,
            6.16991580e-01, 1.92245764e+03, 9.07032227e+02,
            2.82459050e-01, 1.82235388e+03, 5.77436279e+02,
            6.40173137e-01, 1.84878992e+03, 7.59885193e+02,
            8.29986930e-01, 1.84875220e+03, 9.30514709e+02,
            7.77997851e-01, 0.0, 0.0, 0.0, 0.0, 0.0, 0.0, 1.92245618e+03,
            2.83018707e+02, 3.38695318e-01, 1.84600525e+03,
            2.77214539e+02, 2.57784575e-01 ]
    }
}
