{
    "pose_0": {
        "type_id": "opencv-matrix",
        "rows": 1,
        "cols": 18,
        "dt": "3f",
        "data": [ 3.50753174e+02, 3.12495941e+02, 8.93517613e-01,
            2.86021973e+02, 3.80200653e+02, 7.81754434e-01,
            2.47866348e+02, 3.74341644e+02, 7.74094939e-01,
            2.12404251e+02, 4.89099701e+02, 8.19873393e-01,
            2.91999176e+02, 5.56756287e+02, 8.84614468e-01,
            3.18400940e+02, 3.83107727e+02, 7.19964266e-01,
            3.39030396e+02, 5.03825775e+02, 1.70473069e-01,
            3.59625427e+02, 5.27340210e+02, 9.38253254e-02,
            2.71378906e+02, 6.03856445e+02, 6.91801429e-01,
            2.62469147e+02, 7.80502563e+02, 8.06126833e-01,
            1.77000290e+02, 9.33494019e+02, 7.65554488e-01,
            3.38823090e+02, 6.01003479e+02, 6.75093949e-01,
            3.36074585e+02, 7.80486023e+02, 7.92855084e-01,
            3.24254089e+02, 9.36524292e+02, 7.15883374e-01,
            3.41903687e+02, 2.91991425e+02, 9.69451785e-01,
            3.59595673e+02, 2.94816742e+02, 4.58784342e-01,
            3.00777710e+02, 2.85925079e+02, 7.25824416e-01, 0.0, 0.0,
            0.0 ]
    }
}
