{
    "pose_0": {
        "type_id": "opencv-matrix",
        "rows": 1,
        "cols": 18,
        "dt": "3f",
        "data": [ 0.0, 0.0, 0.0, 1.82825916e+03, 3.62451416e+02,
            8.98542941e-01, 1.86942395e+03, 3.62437714e+02,
            8.90187085e-01, 1.83416028e+03, 4.71461578e+02,
            7.92059958e-01, 1.91070435e+03, 5.42036926e+02,
            7.24290371e-01, 1.79582410e+03, 3.62599335e+02,
            8.39025378e-01, 1.77540015e+03, 4.77265472e+02,
            8.09814334e-01, 1.80174744e+03, 5.06815582e+02,
            5.20744383e-01, 1.85480310e+03, 5.80294556e+02,
            6.47484899e-01, 1.89594177e+03, 7.62752319e+02,
            7.97940016e-01, 1.84302466e+03, 9.07108459e+02,
            7.29751766e-01, 1.80174023e+03, 5.80301758e+02,
            6.38942063e-01, 1.83997290e+03, 7.51045166e+02,
            7.41730273e-01, 1.81938599e+03, 8.83480896e+02,
            7.15465605e-01, 0.0, 0.0, 0.0, 0.0, 0.0, 0.0, 1.88713733e+03,
            2.88946411e+02, 5.82813561e-01, 1.82529346e+03,
            2.74276672e+02, 2.52284944e-01 ]
    }
}
