{
    "pose_0": {
        "type_id": "opencv-matrix",
        "rows": 1,
        "cols": 18,
        "dt": "3f",
        "data": [ 7.65632935e+02, 2.94959625e+02, 9.86552358e-01,
            6.98081848e+02, 3.65364624e+02, 7.84104764e-01,
            6.80440369e+02, 3.62572113e+02, 8.56729269e-01,
            6.45199463e+02, 4.83076660e+02, 9.58468378e-01,
            7.21640930e+02, 5.44982361e+02, 8.65553975e-01,
            7.18592773e+02, 3.62547760e+02, 6.99122012e-01, 0.0, 0.0,
            0.0, 0.0, 0.0, 0.0, 6.98101929e+02, 5.94964050e+02,
            6.87157750e-01, 7.18680664e+02, 7.68645386e+02,
            8.57058644e-01, 5.97852478e+02, 8.98142822e+02,
            7.77682662e-01, 7.39348877e+02, 5.86240417e+02,
            5.88009119e-01, 7.45113770e+02, 7.68698608e+02,
            7.80529082e-01, 7.39180176e+02, 9.30495483e+02,
            8.04786444e-01, 7.56846619e+02, 2.85920258e+02,
            8.84222448e-01, 7.62945557e+02, 2.85968109e+02,
            1.75444722e-01, 7.15798096e+02, 2.77237579e+02,
            8.22189987e-01, 0.0, 0.0, 0.0 ]
    }
}
