{
    "pose_0": {
        "type_id": "opencv-matrix",
        "rows": 1,
        "cols": 18,
        "dt": "3f",
        "data": [ 7.51049377e+02, 2.94904541e+02, 9.65181172e-01,
            6.86225769e+02, 3.65461700e+02, 7.44466603e-01,
            6.68628296e+02, 3.62653351e+02, 9.18817580e-01,
            6.27522583e+02, 4.83072357e+02, 8.98616135e-01,
            7.12734375e+02, 5.47899780e+02, 8.77482176e-01,
            6.98135010e+02, 3.65360321e+02, 6.56804502e-01, 0.0, 0.0,
            0.0, 0.0, 0.0, 0.0, 6.89230896e+02, 5.92128479e+02,
            6.92395866e-01, 6.92028687e+02, 7.65765015e+02,
            8.32463503e-01, 5.68509644e+02, 9.01061096e+02,
            7.71395802e-01, 7.21664856e+02, 5.92112610e+02,
            6.09813988e-01, 7.39275757e+02, 7.65649414e+02,
            8.90997648e-01, 7.39197998e+02, 9.30462708e+02,
            7.93012619e-01, 7.42253296e+02, 2.80131561e+02,
            9.17718112e-01, 0.0, 0.0, 0.0, 7.06875793e+02,
            2.74228851e+02, 8.01708102e-01, 0.0, 0.0, 0.0 ]
    }
}
