{
    "pose_0": {
        "type_id": "opencv-matrix",
        "rows": 1,
        "cols": 18,
        "dt": "3f",
        "data": [ 5.03864532e+02, 3.12408386e+02, 9.60239887e-01,
            4.36186249e+02, 3.77215027e+02, 7.31979251e-01,
            4.21375031e+02, 3.71341827e+02, 8.13910604e-01,
            3.86081451e+02, 4.89064178e+02, 8.88196707e-01,
            4.68513153e+02, 5.53795166e+02, 8.80784094e-01,
            4.56692902e+02, 3.77233856e+02, 6.20585203e-01, 0.0, 0.0,
            0.0, 0.0, 0.0, 0.0, 4.36102081e+02, 5.97953064e+02,
            6.72084868e-01, 4.86144104e+02, 7.68684143e+02,
            7.58593082e-01, 5.21397339e+02, 9.45313965e+02,
            7.64489174e-01, 4.47863281e+02, 5.97899170e+02,
            4.95527953e-01, 3.92043884e+02, 7.74570557e+02,
            7.69658148e-01, 3.21354401e+02, 9.24704834e+02,
            7.14900434e-01, 4.95018494e+02, 2.91913910e+02,
            9.24107313e-01, 5.06704193e+02, 2.94736267e+02,
            2.74870872e-01, 4.56635132e+02, 2.85948181e+02,
            8.19601119e-01, 0.0, 0.0, 0.0 ]
    }
}
