{
    "pose_0": {
        "type_id": "opencv-matrix",
        "rows": 1,
        "cols": 18,
        "dt": "3f",
        "data": [ 2.30158859e+02, 3.09505707e+02, 8.50760818e-01,
            1.65309387e+02, 3.74296143e+02, 7.67402828e-01,
            1.30123566e+02, 3.71344360e+02, 7.80364513e-01,
            1.03548431e+02, 4.94937439e+02, 7.83494532e-01,
            1.74206436e+02, 5.59764648e+02, 7.97731817e-01,
            1.97768646e+02, 3.77249969e+02, 7.06505120e-01,
            2.18298111e+02, 5.00773407e+02, 1.00727119e-01, 0.0, 0.0,
            0.0, 1.50660019e+02, 6.03850037e+02, 6.55163944e-01,
            1.53448090e+02, 7.89285889e+02, 8.12107086e-01,
            1.33005905e+02, 9.54141663e+02, 7.02202797e-01,
            2.06534088e+02, 6.00922119e+02, 5.94722927e-01,
            1.94689423e+02, 7.86368713e+02, 7.96756387e-01,
            1.74244308e+02, 9.30568054e+02, 7.39848912e-01,
            2.24156174e+02, 2.91834351e+02, 9.69100118e-01,
            2.41772736e+02, 2.92024139e+02, 3.72246742e-01,
            1.85917465e+02, 2.83070160e+02, 7.51446664e-01, 0.0, 0.0,
            0.0 ]
    }
}
