{
    "pose_0": {
        "type_id": "opencv-matrix",
        "rows": 1,
        "cols": 18,
        "dt": "3f",
        "data": [ 2.41867218e+02, 3.15252258e+02, 9.27891910e-01,
            1.71148911e+02, 3.80212097e+02, 7.85775363e-01,
            1.35903641e+02, 3.80135925e+02, 7.47739494e-01,
            1.09346001e+02, 5.00833130e+02, 7.66461909e-01,
            1.77008057e+02, 5.68585205e+02, 7.95377612e-01,
            2.00635284e+02, 3.83089630e+02, 7.13790894e-01,
            2.03597458e+02, 5.00784149e+02, 8.77813324e-02, 0.0, 0.0,
            0.0, 1.53463257e+02, 6.09793884e+02, 6.64701462e-01,
            1.68295090e+02, 7.86239624e+02, 8.00806940e-01,
            1.44756271e+02, 9.51080933e+02, 7.44313478e-01,
            2.15312195e+02, 6.06836670e+02, 6.33864045e-01,
            2.41886810e+02, 7.86333374e+02, 8.71465862e-01,
            1.97685989e+02, 9.30546143e+02, 8.02642107e-01,
            2.27190918e+02, 2.94687988e+02, 9.39326286e-01,
            2.44886841e+02, 2.94901581e+02, 4.86904621e-01,
            1.94634430e+02, 2.88876495e+02, 7.74577141e-01, 0.0, 0.0,
            0.0 ]
    }
}
