{
    "pose_0": {
        "type_id": "opencv-matrix",
        "rows": 1,
        "cols": 18,
        "dt": "3f",
        "data": [ 6.89270874e+02, 2.97763702e+02, 9.60504115e-01,
            6.12744446e+02, 3.65498016e+02, 7.39340901e-01,
            5.98083496e+02, 3.65388550e+02, 9.04927313e-01,
            5.53776184e+02, 4.83118256e+02, 9.68044877e-01,
            6.27396118e+02, 5.50839478e+02, 8.83134961e-01,
            6.27375366e+02, 3.65435272e+02, 6.71830535e-01, 0.0, 0.0,
            0.0, 0.0, 0.0, 0.0, 6.03911011e+02, 5.94993103e+02,
            6.80806398e-01, 5.80300659e+02, 7.71616577e+02,
            7.62312233e-01, 5.09774261e+02, 9.33480347e+02,
            7.69934714e-01, 6.51033447e+02, 5.94983276e+02,
            6.27378762e-01, 6.92107300e+02, 7.56950806e+02,
            7.76154399e-01, 7.33396179e+02, 9.24648865e+02,
            7.74655104e-01, 6.77436584e+02, 2.85933044e+02,
            8.82673979e-01, 6.92122070e+02, 2.85957703e+02,
            1.07603751e-01, 6.42181702e+02, 2.77117340e+02,
            8.12449276e-01, 0.0, 0.0, 0.0 ]
    }
}
