{
    "pose_0": {
        "type_id": "opencv-matrix",
        "rows": 1,
        "cols": 18,
        "dt": "3f",
        "data": [ 1.28376929e+03, 3.00679596e+02, 7.83231139e-01,
            1.21018738e+03, 3.62415314e+02, 8.47090364e-01,
            1.23357214e+03, 3.62547882e+02, 8.22659612e-01,
            1.19260571e+03, 4.80101379e+02, 8.66715968e-01,
            1.27202332e+03, 5.47863831e+02, 8.65055144e-01,
            1.18672034e+03, 3.56659241e+02, 7.33443022e-01,
            1.15722253e+03, 4.47913361e+02, 3.60055417e-01,
            1.16599915e+03, 5.00800812e+02, 3.34838331e-01,
            1.21610791e+03, 5.80361877e+02, 6.16345406e-01,
            1.28065356e+03, 7.54009521e+02, 7.54795790e-01,
            1.31023413e+03, 9.27715698e+02, 8.11502516e-01,
            1.17194153e+03, 5.77424622e+02, 6.03836179e-01,
            1.16894568e+03, 7.56872681e+02, 7.93297946e-01,
            1.11612061e+03, 9.15864136e+02, 7.90020227e-01,
            1.28082092e+03, 2.91721466e+02, 8.25987220e-01, 0.0, 0.0,
            0.0, 1.25142090e+03, 2.86040100e+02, 6.92824602e-01, 0.0,
            0.0, 0.0 ]
    }
}
