{
    "pose_0": {
        "type_id": "opencv-matrix",
        "rows": 1,
        "cols": 18,
        "dt": "3f",
        "data": [ 4.59797882e+02, 3.15279266e+02, 9.63618517e-01,
            3.94912903e+02, 3.80171661e+02, 7.69749641e-01,
            3.71307404e+02, 3.71406708e+02, 7.95218587e-01,
            3.27152008e+02, 4.89058563e+02, 8.51421475e-01,
            4.09588440e+02, 5.53787476e+02, 8.88823986e-01,
            4.24312622e+02, 3.83148712e+02, 6.66535735e-01, 0.0, 0.0,
            0.0, 0.0, 0.0, 0.0, 3.85947296e+02, 6.00988464e+02,
            6.97762966e-01, 4.39099548e+02, 7.80400269e+02,
            7.81414270e-01, 5.03681671e+02, 9.39422791e+02,
            7.90397167e-01, 4.09579926e+02, 6.00880798e+02,
            5.48167229e-01, 3.62539551e+02, 7.83405579e+02,
            8.34927320e-01, 3.18439697e+02, 9.36457703e+02,
            7.47899532e-01, 4.56716614e+02, 2.94774384e+02,
            9.93568480e-01, 4.62670929e+02, 2.94767700e+02,
            1.52839333e-01, 4.12681244e+02, 2.91724792e+02,
            8.02888751e-01, 0.0, 0.0, 0.0 ]
    }
}
