{
    "pose_0": {
        "type_id": "opencv-matrix",
        "rows": 1,
        "cols": 18,
        "dt": "3f",
        "data": [ 6.21462585e+02, 2.91922424e+02, 1.00269580e+00,
            5.44988281e+02, 3.62453613e+02, 6.60454392e-01,
            5.30373413e+02, 3.62359894e+02, 8.65647137e-01,
            4.89131439e+02, 4.80135834e+02, 8.71802092e-01,
            5.74374695e+02, 5.45052612e+02, 8.74808550e-01,
            5.53751770e+02, 3.59585449e+02, 5.86657643e-01, 0.0, 0.0,
            0.0, 0.0, 0.0, 0.0, 5.36148132e+02, 5.83242493e+02,
            6.57176673e-01, 5.45046997e+02, 7.65638123e+02,
            7.88077116e-01, 5.12618286e+02, 9.30507996e+02,
            7.96427131e-01, 5.80271851e+02, 5.80333801e+02,
            6.41376197e-01, 6.18514282e+02, 7.53985474e+02,
            7.43757486e-01, 6.21602051e+02, 9.21681580e+02,
            7.70290732e-01, 6.12691528e+02, 2.71387604e+02,
            9.10816729e-01, 0.0, 0.0, 0.0, 5.74372681e+02,
            2.68396637e+02, 8.18029761e-01, 0.0, 0.0, 0.0 ]
    }
}
