{
    "pose_0": {
        "type_id": "opencv-matrix",
        "rows": 1,
        "cols": 18,
        "dt": "3f",
        "data": [ 1.59001538e+03, 2.94868469e+02, 4.35880393e-01,
            1.51630835e+03, 3.62364227e+02, 8.96966994e-01,
            1.54574060e+03, 3.62371368e+02, 8.46436381e-01,
            1.51632141e+03, 4.62694183e+02, 8.88961196e-01,
            1.58681750e+03, 5.30302673e+02, 9.61754918e-01,
            1.48097253e+03, 3.62511475e+02, 7.57488310e-01,
            1.45744934e+03, 4.56776428e+02, 7.21086383e-01,
            1.47215686e+03, 5.03730438e+02, 6.46726012e-01,
            1.53981799e+03, 5.86198425e+02, 6.75964355e-01,
            1.60452271e+03, 7.45187744e+02, 7.58830011e-01,
            1.65740369e+03, 9.15854187e+02, 8.06330562e-01,
            1.48091125e+03, 5.83279297e+02, 6.22025073e-01,
            1.49560864e+03, 7.59808533e+02, 8.21100354e-01,
            1.47501245e+03, 9.21777954e+02, 7.59262085e-01,
            1.58977588e+03, 2.83055573e+02, 4.59472179e-01, 0.0, 0.0,
            0.0, 1.56632922e+03, 2.86005127e+02, 6.36361063e-01,
            1.51616833e+03, 2.77156067e+02, 9.04571936e-02 ]
    }
}
