{
    "pose_0": {
        "type_id": "opencv-matrix",
        "rows": 1,
        "cols": 18,
        "dt": "3f",
        "data": [ 7.77537964e+02, 2.94895020e+02, 9.67175305e-01,
            7.09770386e+02, 3.62587982e+02, 7.09148526e-01,
            6.95060791e+02, 3.62512329e+02, 9.09116387e-01,
            6.53888672e+02, 4.80225037e+02, 8.90761614e-01,
            7.39211731e+02, 5.39091125e+02, 8.85824680e-01,
            7.18674011e+02, 3.62441742e+02, 6.63655221e-01, 0.0, 0.0,
            0.0, 0.0, 0.0, 0.0, 7.12769958e+02, 5.86213623e+02,
            6.78872347e-01, 7.42301331e+02, 7.62804565e+02,
            8.45053256e-01, 6.42156616e+02, 9.04108032e+02,
            8.18741441e-01, 7.39298645e+02, 5.80306335e+02,
            5.67055225e-01, 7.48070557e+02, 7.62741272e+02,
            6.98632240e-01, 7.39290833e+02, 9.27714050e+02,
            8.28522801e-01, 7.65885864e+02, 2.82994690e+02,
            9.13353086e-01, 7.86205750e+02, 2.74232208e+02,
            9.54767168e-02, 7.36205688e+02, 2.77142975e+02,
            8.10419440e-01, 0.0, 0.0, 0.0 ]
    }
}
