{
    "pose_0": {
        "type_id": "opencv-matrix",
        "rows": 1,
        "cols": 18,
        "dt": "3f",
        "data": [ 1.11306067e+03, 3.00680023e+02, 8.60733926e-01,
            1.03949817e+03, 3.71362122e+02, 6.55493498e-01,
            1.04237512e+03, 3.74301575e+02, 7.55393744e-01,
            1.00121863e+03, 4.86239899e+02, 9.05600011e-01,
            1.07474048e+03, 5.53853638e+02, 9.15907681e-01,
            1.03943225e+03, 3.68410919e+02, 5.83349526e-01,
            1.03655798e+03, 5.00822327e+02, 5.83119877e-02, 0.0, 0.0,
            0.0, 1.03655139e+03, 5.94985779e+02, 6.72849834e-01,
            1.00420569e+03, 7.68741455e+02, 7.76490390e-01,
            9.30718811e+02, 9.30543091e+02, 8.06464970e-01,
            1.06295081e+03, 5.92098511e+02, 5.43246150e-01,
            1.09237439e+03, 7.68710510e+02, 7.92821467e-01,
            1.11906006e+03, 9.27566895e+02, 8.08325350e-01,
            1.10122705e+03, 2.91731384e+02, 8.61923754e-01, 0.0, 0.0,
            0.0, 1.06895227e+03, 2.91813873e+02, 7.59711981e-01, 0.0,
            0.0, 0.0 ]
    }
}
