{
    "pose_0": {
        "type_id": "opencv-matrix",
        "rows": 1,
        "cols": 18,
        "dt": "3f",
        "data": [ 7.95259521e+02, 2.94959869e+02, 9.48353589e-01,
            7.30410645e+02, 3.65356018e+02, 7.24495053e-01,
            7.15742310e+02, 3.62572113e+02, 9.09935355e-01,
            6.71705505e+02, 4.80119415e+02, 9.36567724e-01,
            7.54005798e+02, 5.33279480e+02, 8.74885917e-01,
            7.42265259e+02, 3.62563263e+02, 6.76898897e-01, 0.0, 0.0,
            0.0, 0.0, 0.0, 0.0, 7.30450989e+02, 5.86220276e+02,
            6.52074277e-01, 7.80497070e+02, 7.65645508e+02,
            8.13136339e-01, 7.62860962e+02, 9.42312988e+02,
            7.81089842e-01, 7.45142761e+02, 5.80310547e+02,
            5.06861269e-01, 7.42149109e+02, 7.62798401e+02,
            8.49339008e-01, 7.27494202e+02, 9.30475830e+02,
            7.64967799e-01, 7.89238281e+02, 2.83060181e+02,
            9.29618001e-01, 8.06970581e+02, 2.88820435e+02,
            2.34507248e-01, 7.53944092e+02, 2.77167603e+02,
            7.84996510e-01, 0.0, 0.0, 0.0 ]
    }
}
