{
    "pose_0": {
        "type_id": "opencv-matrix",
        "rows": 1,
        "cols": 18,
        "dt": "3f",
        "data": [ 1.15128711e+03, 2.94913971e+02, 8.56907725e-01,
            1.07770398e+03, 3.65409058e+02, 6.98185146e-01,
            1.08944946e+03, 3.65515228e+02, 8.04531872e-01,
            1.05424072e+03, 4.83348511e+02, 8.75299752e-01,
            1.13365308e+03, 5.50838562e+02, 8.93374026e-01,
            1.07184021e+03, 3.62413086e+02, 5.97747862e-01, 0.0, 0.0,
            0.0, 0.0, 0.0, 0.0, 1.08953772e+03, 5.83294617e+02,
            7.20419645e-01, 1.08955042e+03, 7.62794495e+02,
            8.04986358e-01, 9.74787292e+02, 9.04182678e+02,
            8.63711476e-01, 1.11295374e+03, 5.80322388e+02,
            5.16035736e-01, 1.12190320e+03, 7.62875793e+02,
            7.63212323e-01, 1.11900989e+03, 9.30492920e+02,
            8.26205909e-01, 1.14239893e+03, 2.85925964e+02,
            8.40939522e-01, 1.15713208e+03, 2.85917725e+02,
            2.27477759e-01, 1.10721350e+03, 2.85987793e+02,
            6.91510499e-01, 0.0, 0.0, 0.0 ]
    }
}
