{
    "pose_0": {
        "type_id": "opencv-matrix",
        "rows": 1,
        "cols": 18,
        "dt": "3f",
        "data": [ 1.20714124e+03, 2.94830688e+02, 8.84725094e-01,
            1.13360266e+03, 3.59530640e+02, 6.88480258e-01,
            1.13963599e+03, 3.62412842e+02, 8.39199185e-01,
            1.11006445e+03, 4.77223724e+02, 8.44130278e-01,
            1.18659131e+03, 5.33300720e+02, 9.28424001e-01,
            1.11903308e+03, 3.53657227e+02, 6.11739397e-01,
            1.12778040e+03, 4.77317627e+02, 5.31808957e-02,
            1.18652075e+03, 5.27353943e+02, 6.57525659e-02,
            1.13945850e+03, 5.77472473e+02, 6.58537984e-01,
            1.18667798e+03, 7.53959412e+02, 7.91349769e-01,
            1.18373792e+03, 9.27542175e+02, 7.40449965e-01,
            1.11605798e+03, 5.77385864e+02, 5.58442414e-01,
            1.12777686e+03, 7.59763550e+02, 7.71253586e-01,
            1.11604773e+03, 9.21771729e+02, 7.95371294e-01,
            1.19258435e+03, 2.83045776e+02, 8.23737621e-01,
            1.20996875e+03, 2.80133179e+02, 1.59393907e-01,
            1.16316162e+03, 2.83005890e+02, 7.31458426e-01, 0.0, 0.0,
            0.0 ]
    }
}
