{
    "pose_0": {
        "type_id": "opencv-matrix",
        "rows": 1,
        "cols": 18,
        "dt": "3f",
        "data": [ 2.50698471e+02, 3.12510895e+02, 9.22881961e-01,
            1.77106735e+02, 3.80172577e+02, 8.10822129e-01,
            1.50553711e+02, 3.74342834e+02, 7.71718740e-01,
            1.09460739e+02, 4.97941254e+02, 7.77411580e-01,
            1.83033508e+02, 5.56877808e+02, 8.03990901e-01,
            2.12375992e+02, 3.83063812e+02, 6.75953805e-01,
            2.24149536e+02, 5.00832855e+02, 1.12998948e-01,
            2.47714325e+02, 5.24400024e+02, 8.07144195e-02,
            1.59491852e+02, 6.09761963e+02, 6.42291009e-01,
            1.74172104e+02, 7.89275940e+02, 8.34992468e-01,
            1.50609421e+02, 9.57083862e+02, 7.36207783e-01,
            2.24128006e+02, 6.09706970e+02, 6.59312725e-01,
            2.50719131e+02, 7.77566528e+02, 7.79515266e-01,
            2.83066101e+02, 9.30478333e+02, 7.69816875e-01,
            2.47605042e+02, 2.94677338e+02, 9.73680079e-01,
            2.53706161e+02, 2.94778687e+02, 2.69664288e-01,
            2.06515472e+02, 2.88854279e+02, 7.73933113e-01, 0.0, 0.0,
            0.0 ]
    }
}
