{
    "pose_0": {
        "type_id": "opencv-matrix",
        "rows": 1,
        "cols": 18,
        "dt": "3f",
        "data": [ 4.77338409e+02, 3.15257935e+02, 9.57436383e-01,
            4.09638458e+02, 3.83133606e+02, 7.85508335e-01,
            3.88984589e+02, 3.77240112e+02, 8.42171311e-01,
            3.41980469e+02, 4.92082031e+02, 8.81710052e-01,
            4.30198364e+02, 5.56762146e+02, 8.68325889e-01,
            4.33090515e+02, 3.86046417e+02, 6.96620822e-01, 0.0, 0.0,
            0.0, 0.0, 0.0, 0.0, 3.97814972e+02, 6.03835327e+02,
            6.61970139e-01, 4.59546204e+02, 7.71678223e+02,
            7.90084422e-01, 5.06883820e+02, 9.48164917e+02,
            7.64537215e-01, 4.15470886e+02, 6.00972168e+02,
            5.39388955e-01, 3.68400391e+02, 7.86230103e+02,
            7.92953968e-01, 3.18308502e+02, 9.30567200e+02,
            7.76370347e-01, 4.62667969e+02, 2.94737030e+02,
            9.52486575e-01, 4.80295593e+02, 2.94849884e+02,
            2.95302331e-01, 4.30222046e+02, 2.91779755e+02,
            8.27497721e-01, 0.0, 0.0, 0.0 ]
    }
}
