{
    "pose_0": {
        "type_id": "opencv-matrix",
        "rows": 1,
        "cols": 18,
        "dt": "3f",
        "data": [ 0.0, 0.0, 0.0, 1.89291675e+03, 3.65535065e+02,
            6.64884508e-01, 1.92251404e+03, 3.62609344e+02,
            4.79239345e-01, 1.92249243e+03, 4.77230713e+02,
            3.38870078e-01, 0.0, 0.0, 0.0, 1.84600049e+03,
            3.65488190e+02, 7.08048224e-01, 1.81931409e+03,
            4.80199158e+02, 7.54193366e-01, 1.85183362e+03,
            5.18499878e+02, 3.68563324e-01, 1.92251953e+03,
            5.92085327e+02, 2.56249249e-01, 0.0, 0.0, 0.0, 0.0, 0.0, 0.0,
            1.85184473e+03, 5.95029785e+02, 6.04111612e-01,
            1.87247119e+03, 7.65821716e+02, 8.06783438e-01,
            1.84889209e+03, 9.30538147e+02, 7.34778643e-01, 0.0, 0.0,
            0.0, 0.0, 0.0, 0.0, 0.0, 0.0, 0.0, 1.87540833e+03,
            2.80080292e+02, 1.33765861e-01 ]
    }
}
