{
    "pose_0": {
        "type_id": "opencv-matrix",
        "rows": 1,
        "cols": 18,
        "dt": "3f",
        "data": [ 1.51909180e+03, 2.88992035e+02, 6.23657823e-01,
            1.43969299e+03, 3.56563232e+02, 8.24844539e-01,
            1.46626147e+03, 3.59483307e+02, 8.37406754e-01,
            1.43091919e+03, 4.71382477e+02, 8.34690452e-01,
            1.50740369e+03, 5.33264038e+02, 8.73681366e-01,
            1.40733850e+03, 3.56562805e+02, 7.36853540e-01,
            1.39564966e+03, 4.50838379e+02, 3.10861409e-01,
            1.40443433e+03, 4.97912659e+02, 1.44495711e-01,
            1.45157495e+03, 5.74414307e+02, 6.46385372e-01,
            1.49260571e+03, 7.59790771e+02, 7.50675023e-01,
            1.38090771e+03, 8.95207947e+02, 7.41572499e-01,
            1.42204626e+03, 5.74354065e+02, 5.77141404e-01,
            1.47210278e+03, 7.56943115e+02, 6.85588956e-01,
            1.47227014e+03, 9.15883423e+02, 7.44197786e-01,
            1.51610742e+03, 2.71291046e+02, 6.71743393e-01, 0.0, 0.0,
            0.0, 1.48969116e+03, 2.71425018e+02, 6.68651402e-01,
            1.43089026e+03, 2.74196136e+02, 7.90280998e-02 ]
    }
}
