{
    "pose_0": {
        "type_id": "opencv-matrix",
        "rows": 1,
        "cols": 18,
        "dt": "3f",
        "data": [ 1.86947046e+03, 2.92011871e+02, 5.93619607e-02,
            1.79587683e+03, 3.62587280e+02, 8.93119097e-01,
            1.82827344e+03, 3.62610321e+02, 8.75501513e-01,
            1.79889661e+03, 4.80247437e+02, 9.11496818e-01,
            1.86953711e+03, 5.47892395e+02, 9.52159822e-01,
            1.75465942e+03, 3.65422577e+02, 8.16797674e-01,
            1.74580933e+03, 4.74360138e+02, 6.60913348e-01,
            1.75766809e+03, 5.06635834e+02, 5.15943527e-01,
            1.81352539e+03, 5.80369568e+02, 6.39078438e-01,
            1.81065515e+03, 7.65708191e+02, 7.73552597e-01,
            1.70165588e+03, 9.09986633e+02, 7.76207983e-01,
            1.77832788e+03, 5.77394897e+02, 4.95325267e-01,
            1.84295447e+03, 7.62776489e+02, 7.23276734e-01,
            1.84584302e+03, 9.27615662e+02, 7.68524885e-01,
            1.86938672e+03, 2.85934082e+02, 9.31879878e-02, 0.0, 0.0,
            0.0, 1.85181421e+03, 2.91721619e+02, 6.14349484e-01,
            1.79286182e+03, 2.77140533e+02, 1.99596003e-01 ]
    }
}
