{
    "pose_0": {
        "type_id": "opencv-matrix",
        "rows": 1,
        "cols": 18,
        "dt": "3f",
        "data": [ 1.46032483e+03, 2.91981995e+02, 7.97080398e-01,
            1.37794885e+03, 3.56655457e+02, 8.33242893e-01,
            1.40156604e+03, 3.62365631e+02, 8.38010907e-01,
            1.36318054e+03, 4.77264343e+02, 8.71544778e-01,
            1.43975232e+03, 5.44960144e+02, 8.78483236e-01,
            1.35432288e+03, 3.50752838e+02, 7.30536938e-01,
            1.33082996e+03, 4.41974396e+02, 2.36448258e-01, 0.0, 0.0,
            0.0, 1.38088904e+03, 5.74443604e+02, 6.71279252e-01,
            1.36318921e+03, 7.62715149e+02, 7.61073589e-01,
            1.31319226e+03, 9.27667297e+02, 7.88248181e-01,
            1.37502148e+03, 5.71513000e+02, 4.81972933e-01,
            1.42204480e+03, 7.39305603e+02, 7.07560658e-01,
            1.46329944e+03, 9.04130127e+02, 6.56484604e-01,
            1.45157690e+03, 2.74262817e+02, 7.80268073e-01, 0.0, 0.0,
            0.0, 1.42501123e+03, 2.71385284e+02, 7.21394241e-01, 0.0,
            0.0, 0.0 ]
    }
}
