{
    "pose_0": {
        "type_id": "opencv-matrix",
        "rows": 1,
        "cols": 18,
        "dt": "3f",
        "data": [ 8.53979431e+02, 2.94961212e+02, 9.07764733e-01,
            7.80451538e+02, 3.62442230e+02, 6.23877883e-01,
            7.80386780e+02, 3.62496613e+02, 7.93202162e-01,
            7.39388794e+02, 4.71423645e+02, 8.81564081e-01,
            8.15760498e+02, 5.30275513e+02, 8.85704517e-01,
            7.80489929e+02, 3.59534515e+02, 5.34765959e-01, 0.0, 0.0,
            0.0, 0.0, 0.0, 0.0, 7.83389587e+02, 5.77322998e+02,
            6.44588113e-01, 8.68773010e+02, 7.42308655e+02,
            7.51262367e-01, 9.42375061e+02, 8.95268188e+02,
            7.50705481e-01, 7.74612305e+02, 5.77302856e+02,
            5.63490212e-01, 7.65882446e+02, 7.65697205e+02,
            8.02741706e-01, 7.39264160e+02, 9.30542908e+02,
            8.27745199e-01, 8.39396606e+02, 2.83098572e+02,
            8.60509217e-01, 0.0, 0.0, 0.0, 8.09794006e+02,
            2.85934937e+02, 7.92671680e-01, 0.0, 0.0, 0.0 ]
    }
}
