{
    "pose_0": {
        "type_id": "opencv-matrix",
        "rows": 1,
        "cols": 18,
        "dt": "3f",
        "data": [ 4.89045929e+02, 3.15257660e+02, 9.37228084e-01,
            4.15572388e+02, 3.83081055e+02, 7.09299386e-01,
            4.06629822e+02, 3.80134277e+02, 8.12359750e-01,
            3.65346893e+02, 4.95005371e+02, 8.90770137e-01,
            4.50841003e+02, 5.56774353e+02, 8.64144266e-01,
            4.33197052e+02, 3.83033417e+02, 6.19805336e-01, 0.0, 0.0,
            0.0, 0.0, 0.0, 0.0, 4.18442169e+02, 6.00986877e+02,
            5.98598421e-01, 4.77217010e+02, 7.83379700e+02,
            7.45367527e-01, 5.21433289e+02, 9.51056519e+02,
            7.85017014e-01, 4.24282410e+02, 6.00944458e+02,
            4.98001307e-01, 3.85931366e+02, 7.68726318e+02,
            7.80926228e-01, 3.18508301e+02, 9.30489746e+02,
            7.69991040e-01, 4.83147034e+02, 2.94740753e+02,
            1.00283825e+00, 0.0, 0.0, 0.0, 4.44903992e+02,
            2.91734802e+02, 7.90326595e-01, 0.0, 0.0, 0.0 ]
    }
}
