{
    "pose_0": {
        "type_id": "opencv-matrix",
        "rows": 1,
        "cols": 18,
        "dt": "3f",
        "data": [ 6.71589600e+02, 2.97711823e+02, 9.71515000e-01,
            6.00822449e+02, 3.65434143e+02, 7.70255506e-01,
            5.83316772e+02, 3.62626923e+02, 8.63558650e-01,
            5.39120850e+02, 4.80281311e+02, 8.87166023e-01,
            6.21420471e+02, 5.50813599e+02, 8.89781475e-01,
            6.15632507e+02, 3.65397552e+02, 6.38382733e-01, 0.0, 0.0,
            0.0, 0.0, 0.0, 0.0, 5.83311646e+02, 5.89119751e+02,
            6.48213923e-01, 5.74343201e+02, 7.65877686e+02,
            8.38444531e-01, 5.09713104e+02, 9.33543213e+02,
            7.89853513e-01, 6.27507629e+02, 5.89160950e+02,
            6.31049156e-01, 6.71543701e+02, 7.45104858e+02,
            7.94556439e-01, 7.36308960e+02, 9.09936768e+02,
            7.82344580e-01, 6.68472290e+02, 2.83020081e+02,
            9.05137837e-01, 6.71664917e+02, 2.74381927e+02,
            8.00296441e-02, 6.24475098e+02, 2.74175446e+02,
            8.48560274e-01, 0.0, 0.0, 0.0 ]
    }
}
