{
    "pose_0": {
        "type_id": "opencv-matrix",
        "rows": 1,
        "cols": 18,
        "dt": "3f",
        "data": [ 1.23076111e+03, 2.94824646e+02, 8.89038920e-01,
            1.15426685e+03, 3.59505981e+02, 6.69946432e-01,
            1.16592712e+03, 3.59612640e+02, 8.37242424e-01,
            1.13358752e+03, 4.74378326e+02, 8.39061618e-01,
            1.20722107e+03, 5.33241943e+02, 9.04566705e-01,
            1.13960181e+03, 3.50758453e+02, 6.06054425e-01, 0.0, 0.0,
            0.0, 0.0, 0.0, 0.0, 1.16296338e+03, 5.77470825e+02,
            6.31909728e-01, 1.22196631e+03, 7.59773193e+02,
            7.15276182e-01, 1.28077747e+03, 9.21765625e+02,
            7.87281275e-01, 1.13360730e+03, 5.77386902e+02,
            5.60666084e-01, 1.14238550e+03, 7.62684082e+02,
            8.49487543e-01, 1.11591211e+03, 9.27510315e+02,
            8.06991458e-01, 1.21898999e+03, 2.83001740e+02,
            8.02599430e-01, 1.23353198e+03, 2.85900879e+02,
            1.19060665e-01, 1.18951135e+03, 2.80152710e+02,
            7.27924883e-01, 0.0, 0.0, 0.0 ]
    }
}
