{
    "pose_0": {
        "type_id": "opencv-matrix",
        "rows": 1,
        "cols": 18,
        "dt": "3f",
        "data": [ 5.71443970e+02, 2.94750519e+02, 9.92458642e-01,
            5.00758301e+02, 3.65385254e+02, 7.01404512e-01,
            4.83315216e+02, 3.62600586e+02, 8.70642364e-01,
            4.53725220e+02, 4.80375336e+02, 9.06317711e-01,
            5.30328247e+02, 5.44998596e+02, 8.77777100e-01,
            5.06751648e+02, 3.62523132e+02, 6.11044765e-01, 0.0, 0.0,
            0.0, 0.0, 0.0, 0.0, 5.03893768e+02, 5.92136902e+02,
            6.96006119e-01, 5.30418884e+02, 7.65724365e+02,
            7.69625425e-01, 5.09776031e+02, 9.45308472e+02,
            7.25980699e-01, 5.27441284e+02, 5.89111755e+02,
            5.50506771e-01, 5.24397766e+02, 7.62847290e+02,
            6.98963881e-01, 4.12704529e+02, 8.80460327e+02,
            7.77384341e-01, 5.56881165e+02, 2.74280060e+02,
            9.13169682e-01, 5.74357849e+02, 2.80050293e+02,
            8.98264498e-02, 5.21461243e+02, 2.71305298e+02,
            8.22721839e-01, 0.0, 0.0, 0.0 ]
    }
}
