{
    "pose_0": {
        "type_id": "opencv-matrix",
        "rows": 1,
        "cols": 18,
        "dt": "3f",
        "data": [ 8.77543823e+02, 2.97838440e+02, 9.03067231e-01,
            7.98159119e+02, 3.65413055e+02, 6.31547749e-01,
            8.06884521e+02, 3.65445862e+02, 8.13304782e-01,
            7.68716431e+02, 4.80328064e+02, 9.06664252e-01,
            8.54070740e+02, 5.44999695e+02, 8.60276818e-01,
            7.95159485e+02, 3.62503174e+02, 5.40947437e-01, 0.0, 0.0,
            0.0, 0.0, 0.0, 0.0, 8.12749451e+02, 5.89118408e+02,
            6.40369952e-01, 8.80427917e+02, 7.62828003e+02,
            8.06313872e-01, 9.24668640e+02, 9.27731384e+02,
            8.18393826e-01, 7.86422485e+02, 5.89153809e+02,
            5.52607715e-01, 7.80464844e+02, 7.65771667e+02,
            7.85767555e-01, 7.39338257e+02, 9.30510681e+02,
            8.10293496e-01, 8.62833069e+02, 2.88880402e+02,
            8.89108539e-01, 8.80446106e+02, 2.85966461e+02,
            8.23252648e-02, 8.30487305e+02, 2.88947144e+02,
            7.77064025e-01, 0.0, 0.0, 0.0 ]
    }
}
