{
    "pose_0": {
        "type_id": "opencv-matrix",
        "rows": 1,
        "cols": 18,
        "dt": "3f",
        "data": [ 9.18802734e+02, 2.97851471e+02, 8.20430636e-01,
            8.42321167e+02, 3.65541260e+02, 6.82944238e-01,
            8.56916382e+02, 3.68357727e+02, 8.11294496e-01,
            8.27540100e+02, 4.86198792e+02, 8.65007043e-01,
            9.04153015e+02, 5.47892639e+02, 8.91979575e-01,
            8.36322510e+02, 3.62583344e+02, 6.20885730e-01,
            8.48133423e+02, 4.94920715e+02, 6.34804964e-02, 0.0, 0.0,
            0.0, 8.60000549e+02, 5.92056274e+02, 6.30160213e-01,
            9.01110962e+02, 7.65740234e+02, 7.90583789e-01,
            9.27460388e+02, 9.33482971e+02, 7.77875245e-01,
            8.33533203e+02, 5.92099792e+02, 5.57548046e-01,
            8.15759460e+02, 7.62900452e+02, 8.33417237e-01,
            7.48062256e+02, 9.24637634e+02, 7.32377172e-01,
            9.07148560e+02, 2.88960419e+02, 8.81274998e-01, 0.0, 0.0,
            0.0, 8.77615051e+02, 2.91740112e+02, 7.60275781e-01, 0.0,
            0.0, 0.0 ]
    }
}
