{
    "pose_0": {
        "type_id": "opencv-matrix",
        "rows": 1,
        "cols": 18,
        "dt": "3f",
        "data": [ 1.74885010e+03, 2.91993378e+02, 1.16383523e-01,
            1.66640930e+03, 3.62367432e+02, 8.63029361e-01,
            1.70463062e+03, 3.62403381e+02, 8.88203621e-01,
            1.67516821e+03, 4.77364288e+02, 8.39871526e-01,
            1.74291589e+03, 5.42060425e+02, 8.62245560e-01,
            1.63398523e+03, 3.62504028e+02, 8.32668006e-01,
            1.61342737e+03, 4.62572662e+02, 6.79984748e-01,
            1.63986829e+03, 4.89143677e+02, 2.33976394e-01,
            1.68417896e+03, 5.74489563e+02, 6.68742597e-01,
            1.68693225e+03, 7.62691528e+02, 7.85227120e-01,
            1.66042700e+03, 9.30560547e+02, 8.71592164e-01,
            1.65164734e+03, 5.74394104e+02, 5.86352944e-01,
            1.71932300e+03, 7.48107483e+02, 7.20045805e-01,
            1.72528943e+03, 9.07080872e+02, 7.86195755e-01,
            1.74588916e+03, 2.77131134e+02, 1.54481307e-01, 0.0, 0.0,
            0.0, 1.72822290e+03, 2.83039734e+02, 6.06690586e-01,
            1.66064893e+03, 2.68362823e+02, 1.98948115e-01 ]
    }
}
