{
    "pose_0": {
        "type_id": "opencv-matrix",
        "rows": 1,
        "cols": 18,
        "dt": "3f",
        "data": [ 0.0, 0.0, 0.0, 1.87235779e+03, 3.65513977e+02,
            7.92335272e-01, 1.90482446e+03, 3.65440948e+02,
            6.51429951e-01, 0.0, 0.0, 0.0, 0.0, 0.0, 0.0, 1.83121460e+03,
            3.65545227e+02, 7.13414371e-01, 1.80482959e+03,
            4.80129425e+02, 7.58306623e-01, 1.84595020e+03,
            5.27279541e+02, 4.04505491e-01, 1.89891504e+03,
            5.83235413e+02, 3.89023572e-01, 0.0, 0.0, 0.0, 0.0, 0.0, 0.0,
            1.84291492e+03, 5.83296204e+02, 6.08931839e-01,
            1.86657605e+03, 7.62874207e+02, 8.15599859e-01,
            1.84895300e+03, 9.30630676e+02, 7.31905222e-01, 0.0, 0.0,
            0.0, 0.0, 0.0, 0.0, 0.0, 0.0, 0.0, 1.87229822e+03,
            2.74195862e+02, 1.56255171e-01 ]
    }
}
