{
    "pose_0": {
        "type_id": "opencv-matrix",
        "rows": 1,
        "cols": 18,
        "dt": "3f",
        "data": [ 5.27188477e+02, 3.00748260e+02, 9.37468946e-01,
            4.56606903e+02, 3.68404633e+02, 7.29423881e-01,
            4.36201111e+02, 3.65542877e+02, 8.75394642e-01,
            4.03776489e+02, 4.86169525e+02, 8.71732593e-01,
            4.83299500e+02, 5.50771606e+02, 8.92591596e-01,
            4.71443420e+02, 3.68412048e+02, 5.90223551e-01, 0.0, 0.0,
            0.0, 0.0, 0.0, 0.0, 4.59626984e+02, 5.95045410e+02,
            6.64185643e-01, 5.06784485e+02, 7.65843262e+02,
            8.29812109e-01, 5.21432556e+02, 9.42309631e+02,
            7.66400814e-01, 4.68461243e+02, 5.92125061e+02,
            4.94108945e-01, 4.21404724e+02, 7.65866150e+02,
            7.65505135e-01, 3.36059998e+02, 9.21768799e+02,
            7.32073903e-01, 5.12654541e+02, 2.88913208e+02,
            9.12299395e-01, 5.27416931e+02, 2.91819794e+02,
            1.61579296e-01, 4.80117523e+02, 2.77229797e+02,
            8.11686218e-01, 0.0, 0.0, 0.0 ]
    }
}
