{
    "pose_0": {
        "type_id": "opencv-matrix",
        "rows": 1,
        "cols": 18,
        "dt": "3f",
        "data": [ 1.54270520e+03, 2.88993835e+02, 7.31120288e-01,
            1.46615161e+03, 3.56569153e+02, 8.26287746e-01,
            1.49265381e+03, 3.56659821e+02, 8.41714680e-01,
            1.45452905e+03, 4.65606781e+02, 8.11594963e-01,
            1.53685254e+03, 5.30377686e+02, 9.15585995e-01,
            1.43092224e+03, 3.56610138e+02, 7.29857922e-01,
            1.41907446e+03, 4.56638702e+02, 4.63434041e-01,
            1.42516663e+03, 4.97847931e+02, 2.73085177e-01,
            1.47805847e+03, 5.74407349e+02, 6.52727842e-01,
            1.53689502e+03, 7.48086426e+02, 7.82075763e-01,
            1.51329639e+03, 9.15875244e+02, 7.24897504e-01,
            1.43972021e+03, 5.74367310e+02, 6.04883909e-01,
            1.47212183e+03, 7.48145203e+02, 8.26050639e-01,
            1.46914832e+03, 9.18803223e+02, 7.72699773e-01,
            1.53972461e+03, 2.71318512e+02, 7.69624233e-01, 0.0, 0.0,
            0.0, 1.51038135e+03, 2.71329895e+02, 6.81571066e-01, 0.0,
            0.0, 0.0 ]
    }
}
