{
    "pose_0": {
        "type_id": "opencv-matrix",
        "rows": 1,
        "cols": 18,
        "dt": "3f",
        "data": [ 1.68988562e+03, 2.91844696e+02, 2.71438301e-01,
            1.61334375e+03, 3.62632446e+02, 9.44470942e-01,
            1.65741736e+03, 3.62527313e+02, 9.14415717e-01,
            1.63406348e+03, 4.80188751e+02, 9.09912288e-01,
            1.70448438e+03, 5.39087097e+02, 8.99049997e-01,
            1.56931433e+03, 3.65454803e+02, 8.14611614e-01,
            1.56322009e+03, 4.80223907e+02, 7.39245653e-01,
            1.60163220e+03, 5.12649414e+02, 2.29123399e-01,
            1.64290967e+03, 5.83234192e+02, 6.34212732e-01,
            1.66065930e+03, 7.68725342e+02, 7.84093976e-01,
            1.66059485e+03, 9.33541138e+02, 7.87952483e-01,
            1.58975305e+03, 5.80375244e+02, 6.58614874e-01,
            1.61344104e+03, 7.59906433e+02, 8.48069072e-01,
            1.52220715e+03, 9.01128540e+02, 7.24062443e-01,
            1.68694556e+03, 2.74254547e+02, 3.55160058e-01, 0.0, 0.0,
            0.0, 1.67225317e+03, 2.83093475e+02, 6.76067293e-01,
            1.61028857e+03, 2.77156952e+02, 1.30993739e-01 ]
    }
}
