{
    "pose_0": {
        "type_id": "opencv-matrix",
        "rows": 1,
        "cols": 18,
        "dt": "3f",
        "data": [ 2.74324463e+02, 3.15318970e+02, 9.38153744e-01,
            2.09421097e+02, 3.85950073e+02, 8.04428577e-01,
            1.74209595e+02, 3.83003204e+02, 8.11783254e-01,
            1.35842224e+02, 5.03729950e+02, 8.20275962e-01,
            2.15306610e+02, 5.68564209e+02, 8.17016661e-01,
            2.44884567e+02, 3.88912384e+02, 7.57341743e-01,
            2.62469452e+02, 5.06748932e+02, 1.40637457e-01,
            2.74172729e+02, 5.42078125e+02, 5.80444932e-02,
            1.83016861e+02, 6.06857483e+02, 6.64467335e-01,
            1.83025391e+02, 7.89195557e+02, 7.86243796e-01,
            1.50679672e+02, 9.59973267e+02, 7.45631516e-01,
            2.50763763e+02, 6.06810303e+02, 6.67671502e-01,
            2.71423645e+02, 7.80436096e+02, 7.99472868e-01,
            3.12449188e+02, 9.33558289e+02, 7.58768857e-01,
            2.68451721e+02, 2.94710693e+02, 9.78837907e-01,
            2.83106964e+02, 2.94957428e+02, 4.54509616e-01,
            2.27202103e+02, 2.86040100e+02, 7.53511250e-01, 0.0, 0.0,
            0.0 ]
    }
}
