{
    "pose_0": {
        "type_id": "opencv-matrix",
        "rows": 1,
        "cols": 18,
        "dt": "3f",
        "data": [ 2.91858337e+02, 3.15413422e+02, 9.72309232e-01,
            2.21245056e+02, 3.83161377e+02, 8.25106740e-01,
            1.91751160e+02, 3.83091125e+02, 7.74208903e-01,
            1.50615662e+02, 5.03683258e+02, 8.52727413e-01,
            2.24227356e+02, 5.71458679e+02, 8.48908961e-01,
            2.50724030e+02, 3.83175690e+02, 7.06142545e-01,
            2.59508453e+02, 5.03720062e+02, 6.73129410e-02, 0.0, 0.0,
            0.0, 2.00691559e+02, 6.09711365e+02, 6.65510595e-01,
            1.97563278e+02, 7.89276794e+02, 8.30348969e-01,
            1.50704483e+02, 9.65891479e+02, 7.67973185e-01,
            2.68345215e+02, 6.00989258e+02, 6.71638072e-01,
            2.86007935e+02, 7.80503845e+02, 7.70105064e-01,
            3.15384155e+02, 9.42375061e+02, 7.67035186e-01,
            2.80087280e+02, 2.94778381e+02, 9.08341110e-01,
            2.94863800e+02, 2.97767151e+02, 5.80758750e-01,
            2.41801590e+02, 2.88939514e+02, 8.09380352e-01, 0.0, 0.0,
            0.0 ]
    }
}
