{
    "pose_0": {
        "type_id": "opencv-matrix",
        "rows": 1,
        "cols": 18,
        "dt": "3f",
        "data": [ 1.08065259e+03, 3.00782227e+02, 8.04558039e-01,
            1.00421344e+03, 3.68374542e+02, 6.67118788e-01,
            1.01003265e+03, 3.71364777e+02, 7.56448150e-01,
            9.74606934e+02, 4.86176208e+02, 9.14188206e-01,
            1.04524231e+03, 5.50997864e+02, 9.35996473e-01,
            1.00127979e+03, 3.65372437e+02, 5.84987164e-01, 0.0, 0.0,
            0.0, 0.0, 0.0, 0.0, 1.00119568e+03, 5.83315125e+02,
            7.15520322e-01, 9.83496765e+02, 7.65848145e+02,
            7.75980949e-01, 9.30501099e+02, 9.30699219e+02,
            8.34617674e-01, 1.02184985e+03, 5.80370300e+02,
            5.70480227e-01, 1.06896631e+03, 7.56932678e+02,
            7.45767057e-01, 1.11889160e+03, 9.12865845e+02,
            7.70318866e-01, 1.07188159e+03, 2.91761536e+02,
            8.90020847e-01, 1.08361169e+03, 2.91726990e+02,
            1.76377013e-01, 1.03950012e+03, 2.88905609e+02,
            7.12152958e-01, 0.0, 0.0, 0.0 ]
    }
}
