{
    "pose_0": {
        "type_id": "opencv-matrix",
        "rows": 1,
        "cols": 18,
        "dt": "3f",
        "data": [ 1.02171149e+03, 2.94910858e+02, 8.45853448e-01,
            9.42347534e+02, 3.65359222e+02, 6.48000538e-01,
            9.45313416e+02, 3.65457489e+02, 7.87605762e-01,
            9.10025391e+02, 4.86095490e+02, 8.93844187e-01,
            9.83597534e+02, 5.50805603e+02, 8.75083447e-01,
            9.36505066e+02, 3.59613800e+02, 5.39337754e-01, 0.0, 0.0,
            0.0, 0.0, 0.0, 0.0, 9.48228333e+02, 5.83306030e+02,
            7.03112543e-01, 9.54145447e+02, 7.62912476e+02,
            8.27203512e-01, 9.27692749e+02, 9.33463074e+02,
            8.12429726e-01, 9.74581604e+02, 5.80282715e+02,
            5.90194821e-01, 1.00708545e+03, 7.56933960e+02,
            7.81873226e-01, 9.98174927e+02, 9.12958130e+02,
            7.86654353e-01, 1.01005884e+03, 2.85980988e+02,
            7.64183044e-01, 1.02165472e+03, 2.86004608e+02,
            1.22864209e-01, 9.77743896e+02, 2.85928711e+02,
            6.70133591e-01, 0.0, 0.0, 0.0 ]
    }
}
