{
    "pose_0": {
        "type_id": "opencv-matrix",
        "rows": 1,
        "cols": 18,
        "dt": "3f",
        "data": [ 2.68410492e+02, 3.15303223e+02, 9.58680630e-01,
            1.97597397e+02, 3.80155273e+02, 7.97338009e-01,
            1.71097626e+02, 3.77230255e+02, 7.53719509e-01,
            1.29881348e+02, 5.00846924e+02, 8.25700402e-01,
            2.00777969e+02, 5.71413086e+02, 8.18637073e-01,
            2.24216003e+02, 3.80196075e+02, 7.06065297e-01,
            2.38892471e+02, 5.03635101e+02, 7.86242262e-02, 0.0, 0.0,
            0.0, 1.74220520e+02, 6.06861145e+02, 6.68106675e-01,
            1.77125549e+02, 7.86455933e+02, 8.48907471e-01,
            1.50663147e+02, 9.57113586e+02, 7.42991805e-01,
            2.44649216e+02, 6.03871948e+02, 6.59093916e-01,
            2.68462097e+02, 7.80415283e+02, 8.16279948e-01,
            3.12452576e+02, 9.30664001e+02, 7.71433234e-01,
            2.62382996e+02, 2.94696533e+02, 9.11233366e-01,
            2.71294922e+02, 2.94899048e+02, 4.28574055e-01,
            2.21137619e+02, 2.86015778e+02, 7.87820756e-01, 0.0, 0.0,
            0.0 ]
    }
}
