{
    "pose_0": {
        "type_id": "opencv-matrix",
        "rows": 1,
        "cols": 18,
        "dt": "3f",
        "data": [ 6.30410767e+02, 2.91911682e+02, 9.80574369e-01,
            5.56787048e+02, 3.62532166e+02, 7.35950112e-01,
            5.47986572e+02, 3.62406403e+02, 8.75832677e-01,
            5.03881439e+02, 4.77313354e+02, 9.02582943e-01,
            5.77520386e+02, 5.47955017e+02, 8.77435207e-01,
            5.74355591e+02, 3.62463348e+02, 6.51940823e-01, 0.0, 0.0,
            0.0, 0.0, 0.0, 0.0, 5.50929260e+02, 5.83295349e+02,
            7.22551942e-01, 5.50745422e+02, 7.62881897e+02,
            8.35623145e-01, 5.09670746e+02, 9.30634705e+02,
            8.06567609e-01, 5.92083679e+02, 5.80311157e+02,
            6.07839823e-01, 6.24354553e+02, 7.45158691e+02,
            7.80987442e-01, 6.68719360e+02, 9.07053711e+02,
            8.12537134e-01, 6.24410339e+02, 2.71404785e+02,
            9.87071514e-01, 0.0, 0.0, 0.0, 5.83302856e+02,
            2.71185974e+02, 8.23927462e-01, 0.0, 0.0, 0.0 ]
    }
}
