{
    "pose_0": {
        "type_id": "opencv-matrix",
        "rows": 1,
        "cols": 18,
        "dt": "3f",
        "data": [ 1.84292285e+03, 3.00737488e+02, 9.09023359e-02,
            1.76051379e+03, 3.68447723e+02, 8.43995094e-01,
            1.79890369e+03, 3.68361053e+02, 8.98683131e-01,
            1.76933936e+03, 4.80367340e+02, 8.54019403e-01,
            1.83707678e+03, 5.51006714e+02, 9.53106105e-01,
            1.72233679e+03, 3.74246429e+02, 7.55538464e-01,
            1.70759436e+03, 4.80290009e+02, 7.63151407e-01,
            1.73120911e+03, 5.09667114e+02, 5.45575202e-01,
            1.78126672e+03, 5.94998352e+02, 6.46581054e-01,
            1.75170862e+03, 7.65872742e+02, 8.02099228e-01,
            1.66065808e+03, 9.24718201e+02, 7.67020464e-01,
            1.74581311e+03, 5.92075745e+02, 5.22509277e-01,
            1.80476758e+03, 7.62753967e+02, 7.32697308e-01,
            1.84296375e+03, 9.18805115e+02, 7.26012588e-01,
            1.84001660e+03, 2.88964417e+02, 1.68667406e-01, 0.0, 0.0,
            0.0, 1.82233179e+03, 2.91906006e+02, 7.05852091e-01,
            1.75763245e+03, 2.88871002e+02, 1.62029982e-01 ]
    }
}
