{
    "pose_0": {
        "type_id": "opencv-matrix",
        "rows": 1,
        "cols": 18,
        "dt": "3f",
        "data": [ 1.55157886e+03, 2.91823364e+02, 5.82661510e-01,
            1.47204333e+03, 3.59450500e+02, 8.64404202e-01,
            1.49860107e+03, 3.59487640e+02, 8.36805046e-01,
            1.46911609e+03, 4.65488892e+02, 8.70553613e-01,
            1.54282886e+03, 5.30401123e+02, 9.39816535e-01,
            1.44262646e+03, 3.56645813e+02, 7.18912363e-01,
            1.42208936e+03, 4.53789703e+02, 6.18508756e-01,
            1.43088623e+03, 4.97940277e+02, 4.97997671e-01,
            1.49275623e+03, 5.83316406e+02, 6.53860390e-01,
            1.53974634e+03, 7.51020691e+02, 7.75945783e-01,
            1.56625684e+03, 9.21780457e+02, 7.80344427e-01,
            1.44552844e+03, 5.80376404e+02, 6.16917551e-01,
            1.47510291e+03, 7.53982056e+02, 8.09827983e-01,
            1.47221606e+03, 9.15893494e+02, 7.70860851e-01,
            1.54567896e+03, 2.71378540e+02, 6.28132939e-01, 0.0, 0.0,
            0.0, 1.51931079e+03, 2.71399078e+02, 6.77739859e-01,
            1.46920593e+03, 2.77164215e+02, 6.18800558e-02 ]
    }
}
