{
    "pose_0": {
        "type_id": "opencv-matrix",
        "rows": 1,
        "cols": 18,
        "dt": "3f",
        "data": [ 7.89217529e+02, 2.94855988e+02, 9.96253908e-01,
            7.18774780e+02, 3.62610352e+02, 7.91102767e-01,
            7.03912170e+02, 3.62458130e+02, 8.58117402e-01,
            6.68614502e+02, 4.80206512e+02, 9.52105165e-01,
            7.42311340e+02, 5.33292297e+02, 9.18792903e-01,
            7.39282471e+02, 3.62547211e+02, 6.97060227e-01, 0.0, 0.0,
            0.0, 0.0, 0.0, 0.0, 7.18681946e+02, 5.89115295e+02,
            6.98236048e-01, 7.65792358e+02, 7.65654480e+02,
            8.53129447e-01, 6.92266296e+02, 9.27649719e+02,
            8.21174264e-01, 7.42211548e+02, 5.83223938e+02,
            5.50728738e-01, 7.59769836e+02, 7.62862122e+02,
            6.85765386e-01, 7.36340576e+02, 9.18815979e+02,
            7.38950908e-01, 7.80468872e+02, 2.83002350e+02,
            8.92976463e-01, 7.89152161e+02, 2.80095734e+02,
            1.79239094e-01, 7.39374146e+02, 2.77191223e+02,
            8.21615934e-01, 0.0, 0.0, 0.0 ]
    }
}
