{
    "pose_0": {
        "type_id": "opencv-matrix",
        "rows": 1,
        "cols": 18,
        "dt": "3f",
        "data": [ 5.97912781e+02, 2.94703613e+02, 9.95150387e-01,
            5.24358459e+02, 3.62416565e+02, 6.88786328e-01,
            5.09699371e+02, 3.62375702e+02, 8.52760911e-01,
            4.74279907e+02, 4.77324188e+02, 8.43460321e-01,
            5.53805359e+02, 5.45041687e+02, 8.82635534e-01,
            5.30278687e+02, 3.59530060e+02, 6.00895405e-01, 0.0, 0.0,
            0.0, 0.0, 0.0, 0.0, 5.24449768e+02, 5.89125488e+02,
            6.76426888e-01, 5.39145569e+02, 7.65729187e+02,
            7.95250773e-01, 5.09699890e+02, 9.33526855e+02,
            7.99047053e-01, 5.56783325e+02, 5.83229370e+02,
            6.13953412e-01, 5.94987244e+02, 7.62823730e+02,
            8.51484716e-01, 5.12587708e+02, 9.09981140e+02,
            4.94331986e-01, 5.89203186e+02, 2.74274719e+02,
            8.99662495e-01, 0.0, 0.0, 0.0, 5.50884644e+02,
            2.71234619e+02, 8.50095272e-01, 0.0, 0.0, 0.0 ]
    }
}
