{
    "pose_0": {
        "type_id": "opencv-matrix",
        "rows": 1,
        "cols": 18,
        "dt": "3f",
        "data": [ 1.80166138e+03, 2.94819244e+02, 1.06290221e-01,
            1.72227893e+03, 3.62555145e+02, 8.87862563e-01,
            1.75480042e+03, 3.65339111e+02, 8.83667886e-01,
            1.72806689e+03, 4.80221985e+02, 8.84265423e-01,
            1.79290063e+03, 5.50849121e+02, 9.37723219e-01,
            1.68110291e+03, 3.62614288e+02, 8.26609850e-01,
            1.66044080e+03, 4.74408142e+02, 7.44235158e-01,
            1.69578662e+03, 5.03790009e+02, 2.16059908e-01,
            1.73411108e+03, 5.77462708e+02, 6.55918539e-01,
            1.71343164e+03, 7.65707703e+02, 7.78826773e-01,
            1.66038159e+03, 9.30468628e+02, 8.19778085e-01,
            1.68997778e+03, 5.77361389e+02, 6.00550354e-01,
            1.77534985e+03, 7.42204590e+02, 7.82843947e-01,
            1.83126514e+03, 9.04065796e+02, 7.73675501e-01,
            1.79883337e+03, 2.83095581e+02, 1.42058924e-01, 0.0, 0.0,
            0.0, 1.77829358e+03, 2.86040253e+02, 6.04209483e-01,
            1.72516223e+03, 2.74209656e+02, 1.94626823e-01 ]
    }
}
