{
    "pose_0": {
        "type_id": "opencv-matrix",
        "rows": 1,
        "cols": 18,
        "dt": "3f",
        "data": [ 1.40158569e+03, 2.91786987e+02, 7.83151448e-01,
            1.32497144e+03, 3.44962463e+02, 7.60930896e-01,
            1.34263489e+03, 3.50769440e+02, 7.34518766e-01,
            1.30736755e+03, 4.68524658e+02, 8.58165979e-01,
            1.38082983e+03, 5.33178589e+02, 9.19778764e-01,
            1.30429150e+03, 3.41984711e+02, 6.96395397e-01,
            1.28667688e+03, 4.42002197e+02, 8.63130540e-02, 0.0, 0.0,
            0.0, 1.32792188e+03, 5.74359314e+02, 6.38519228e-01,
            1.33379504e+03, 7.51029358e+02, 7.19956040e-01,
            1.31023230e+03, 9.24652649e+02, 8.00210416e-01,
            1.31909106e+03, 5.71414124e+02, 4.62414622e-01,
            1.37506250e+03, 7.42245667e+02, 7.79984057e-01,
            1.35453784e+03, 9.04100525e+02, 8.10666025e-01,
            1.39854553e+03, 2.71317841e+02, 8.12049508e-01, 0.0, 0.0,
            0.0, 1.36325171e+03, 2.71212250e+02, 6.99394286e-01, 0.0,
            0.0, 0.0 ]
    }
}
