{
    "pose_0": {
        "type_id": "opencv-matrix",
        "rows": 1,
        "cols": 18,
        "dt": "3f",
        "data": [ 1.06893616e+03, 3.00741913e+02, 9.02887404e-01,
            9.92401611e+02, 3.68351929e+02, 6.59948170e-01,
            9.98276672e+02, 3.68453156e+02, 7.99406171e-01,
            9.57080994e+02, 4.83296265e+02, 9.14099574e-01,
            1.02774438e+03, 5.53867371e+02, 8.88292134e-01,
            9.80672974e+02, 3.62581543e+02, 5.87392092e-01, 0.0, 0.0,
            0.0, 0.0, 0.0, 0.0, 9.89417908e+02, 5.89186035e+02,
            6.59656465e-01, 9.74774963e+02, 7.68679443e+02,
            8.15065205e-01, 9.30454285e+02, 9.33599609e+02,
            8.32046092e-01, 1.00708362e+03, 5.86253601e+02,
            5.58041036e-01, 1.06590295e+03, 7.54002380e+02,
            7.48335838e-01, 1.11895581e+03, 9.04046021e+02,
            8.34697068e-01, 1.05713232e+03, 2.88984070e+02,
            8.78577352e-01, 1.06898950e+03, 2.91806458e+02,
            2.67130107e-01, 1.02178070e+03, 2.88829041e+02,
            7.71125972e-01, 0.0, 0.0, 0.0 ]
    }
}
