{
    "pose_0": {
        "type_id": "opencv-matrix",
        "rows": 1,
        "cols": 18,
        "dt": "3f",
        "data": [ 1.21325183e+03, 2.94987640e+02, 8.63107264e-01,
            1.14249963e+03, 3.59517975e+02, 7.01783776e-01,
            1.14841113e+03, 3.62387482e+02, 7.86529839e-01,
            1.11887488e+03, 4.74368073e+02, 8.82376730e-01,
            1.18974036e+03, 5.30444519e+02, 9.20053244e-01,
            1.13653284e+03, 3.50747650e+02, 5.80052137e-01,
            1.13952515e+03, 4.71466492e+02, 5.60748875e-02,
            1.19250293e+03, 5.27293884e+02, 5.49181551e-02,
            1.14548071e+03, 5.74468018e+02, 6.17661536e-01,
            1.20428333e+03, 7.56937683e+02, 7.23496854e-01,
            1.23653772e+03, 9.30523254e+02, 7.96744645e-01,
            1.12193945e+03, 5.77283508e+02, 5.52896500e-01,
            1.13369678e+03, 7.56952148e+02, 7.61011600e-01,
            1.11595813e+03, 9.27589172e+02, 8.09137166e-01,
            1.21009753e+03, 2.86025879e+02, 8.24721098e-01,
            1.21600928e+03, 2.85983398e+02, 2.13666037e-01,
            1.17189087e+03, 2.80166565e+02, 6.80978775e-01, 0.0, 0.0,
            0.0 ]
    }
}
