{
    "pose_0": {
        "type_id": "opencv-matrix",
        "rows": 1,
        "cols": 18,
        "dt": "3f",
        "data": [ 1.09532190e+03, 3.06604065e+02, 8.77474189e-01,
            1.02466211e+03, 3.71370667e+02, 6.48959637e-01,
            1.02471472e+03, 3.74312378e+02, 7.79393911e-01,
            9.83612976e+02, 4.86173676e+02, 8.65826607e-01,
            1.05711780e+03, 5.53861328e+02, 8.80362272e-01,
            1.02187689e+03, 3.65595734e+02, 5.50779939e-01, 0.0, 0.0,
            0.0, 0.0, 0.0, 0.0, 1.01885150e+03, 5.92070862e+02,
            6.92454159e-01, 9.98108826e+02, 7.68726257e+02,
            8.00938368e-01, 9.30541321e+02, 9.30683167e+02,
            8.35694671e-01, 1.04242407e+03, 5.89157837e+02,
            5.69259405e-01, 1.08363647e+03, 7.65640381e+02,
            7.59638309e-01, 1.11881470e+03, 9.24708008e+02,
            8.12920034e-01, 1.08955481e+03, 2.91890472e+02,
            8.92456353e-01, 0.0, 0.0, 0.0, 1.05419971e+03,
            2.88980652e+02, 7.10424185e-01, 0.0, 0.0, 0.0 ]
    }
}
