{
    "pose_0": {
        "type_id": "opencv-matrix",
        "rows": 1,
        "cols": 18,
        "dt": "3f",
        "data": [ 0.0, 0.0, 0.0, 1.92253992e+03, 3.83078827e+02,
            8.83142650e-02, 1.87539343e+03, 3.74340179e+02,
            6.27108514e-01, 1.84297485e+03, 4.80198669e+02,
            6.61976099e-01, 1.86647632e+03, 5.09723419e+02,
            4.46494162e-01, 0.0, 0.0, 0.0, 0.0, 0.0, 0.0, 0.0, 0.0, 0.0,
            1.89003870e+03, 5.98022888e+02, 5.42649150e-01,
            1.89293689e+03, 7.65770142e+02, 8.20318162e-01,
            1.85176514e+03, 9.30495789e+02, 7.60586083e-01, 0.0, 0.0,
            0.0, 0.0, 0.0, 0.0, 0.0, 0.0, 0.0, 0.0, 0.0, 0.0, 0.0, 0.0,
            0.0, 0.0, 0.0, 0.0, 0.0, 0.0, 0.0 ]
    }
}
