{
    "pose_0": {
        "type_id": "opencv-matrix",
        "rows": 1,
        "cols": 18,
        "dt": "3f",
        "data": [ 2.38944244e+02, 3.15250702e+02, 9.17824268e-01,
            1.71109848e+02, 3.83036957e+02, 7.92041063e-01,
            1.30123886e+02, 3.80193359e+02, 7.71333098e-01,
            1.03611557e+02, 4.97882935e+02, 7.66304672e-01,
            1.74174500e+02, 5.65619629e+02, 7.79426217e-01,
            2.00692581e+02, 3.83114044e+02, 7.20299542e-01, 0.0, 0.0,
            0.0, 0.0, 0.0, 0.0, 1.50666992e+02, 6.09780762e+02,
            6.67680323e-01, 1.71158798e+02, 7.89425537e+02,
            7.81785190e-01, 1.47575348e+02, 9.51201111e+02,
            7.27563977e-01, 2.06526413e+02, 6.06810791e+02,
            6.10401690e-01, 2.09479950e+02, 7.89379944e+02,
            8.16610634e-01, 1.80003845e+02, 9.27641113e+02,
            7.25243092e-01, 2.27096207e+02, 2.94688721e+02,
            9.47879255e-01, 2.44793671e+02, 2.94955963e+02,
            3.73149604e-01, 1.94653000e+02, 2.88906830e+02,
            7.94370115e-01, 0.0, 0.0, 0.0 ]
    }
}
