{
    "pose_0": {
        "type_id": "opencv-matrix",
        "rows": 1,
        "cols": 18,
        "dt": "3f",
        "data": [ 1.16317883e+03, 2.94962311e+02, 9.24024105e-01,
            1.09529810e+03, 3.65385315e+02, 7.04965055e-01,
            1.09556067e+03, 3.65569214e+02, 8.21250081e-01,
            1.06891785e+03, 4.83233612e+02, 9.47936237e-01,
            1.14252087e+03, 5.47873535e+02, 9.07753468e-01,
            1.08946191e+03, 3.59609100e+02, 5.61506152e-01, 0.0, 0.0,
            0.0, 0.0, 0.0, 0.0, 1.09831775e+03, 5.77499634e+02,
            7.03168631e-01, 1.12182837e+03, 7.62880005e+02,
            7.99264193e-01, 1.00125177e+03, 8.86397095e+02,
            7.84353614e-01, 1.11595288e+03, 5.74521118e+02,
            4.94484425e-01, 1.13664124e+03, 7.62760437e+02,
            6.67071581e-01, 1.11896057e+03, 9.30505127e+02,
            8.27379525e-01, 1.15423413e+03, 2.86045807e+02,
            8.26394558e-01, 1.16312000e+03, 2.86035675e+02,
            1.95027262e-01, 1.11897742e+03, 2.86042603e+02,
            7.42857099e-01, 0.0, 0.0, 0.0 ]
    }
}
