{
    "pose_0": {
        "type_id": "opencv-matrix",
        "rows": 1,
        "cols": 18,
        "dt": "3f",
        "data": [ 1.75770142e+03, 2.91894653e+02, 2.19753921e-01,
            1.68110583e+03, 3.62352295e+02, 8.98132086e-01,
            1.71348438e+03, 3.62452026e+02, 8.38142395e-01,
            1.68122327e+03, 4.77297333e+02, 8.72397542e-01,
            1.75174597e+03, 5.47827332e+02, 9.37549472e-01,
            1.64283203e+03, 3.62379028e+02, 7.56396770e-01,
            1.63101697e+03, 4.65491943e+02, 6.60759270e-01,
            1.65170667e+03, 5.06663361e+02, 1.73619881e-01,
            1.68991992e+03, 5.74506836e+02, 6.66640401e-01,
            1.68998560e+03, 7.62742310e+02, 7.58830249e-01,
            1.66041809e+03, 9.30502625e+02, 8.88792574e-01,
            1.65752234e+03, 5.74433044e+02, 6.13363087e-01,
            1.72516492e+03, 7.42252625e+02, 7.28961408e-01,
            1.76941675e+03, 9.01164673e+02, 7.52177894e-01,
            1.75473145e+03, 2.74176697e+02, 2.91777462e-01, 0.0, 0.0,
            0.0, 1.73410034e+03, 2.77195984e+02, 6.10825181e-01,
            1.68102100e+03, 2.68440552e+02, 1.42493308e-01 ]
    }
}
