{
    "pose_0": {
        "type_id": "opencv-matrix",
        "rows": 1,
        "cols": 18,
        "dt": "3f",
        "data": [ 1.70467871e+03, 2.94780731e+02, 3.66854191e-01,
            1.62512634e+03, 3.62513123e+02, 8.90764952e-01,
            1.66063257e+03, 3.62515625e+02, 9.02660847e-01,
            1.63993799e+03, 4.77328674e+02, 8.75350416e-01,
            1.71052100e+03, 5.42011719e+02, 8.59280705e-01,
            1.58399036e+03, 3.62576660e+02, 8.41716766e-01,
            1.56636011e+03, 4.74326172e+02, 7.32136369e-01,
            1.59580334e+03, 5.06645325e+02, 3.30203533e-01,
            1.65762610e+03, 5.83297913e+02, 6.41561866e-01,
            1.66935034e+03, 7.62892578e+02, 7.16484189e-01,
            1.66061218e+03, 9.33573120e+02, 7.87150562e-01,
            1.59569812e+03, 5.80310791e+02, 6.24109089e-01,
            1.64000317e+03, 7.50993286e+02, 8.02779853e-01,
            1.55161426e+03, 8.83524292e+02, 7.15791583e-01,
            1.70168628e+03, 2.80128906e+02, 3.84007812e-01, 0.0, 0.0,
            0.0, 1.67808093e+03, 2.85977753e+02, 6.78181708e-01,
            1.61351501e+03, 2.74270569e+02, 9.91735756e-02 ]
    }
}
