{
    "pose_0": {
        "type_id": "opencv-matrix",
        "rows": 1,
        "cols": 18,
        "dt": "3f",
        "data": [ 6.06837830e+02, 2.91943237e+02, 9.67365623e-01,
            5.30427795e+02, 3.62471954e+02, 6.93836451e-01,
            5.27171021e+02, 3.59621674e+02, 8.69897068e-01,
            4.80325317e+02, 4.71424286e+02, 8.62533748e-01,
            5.59774719e+02, 5.45039368e+02, 8.38441074e-01,
            5.47937439e+02, 3.62413910e+02, 6.07403278e-01, 0.0, 0.0,
            0.0, 0.0, 0.0, 0.0, 5.30235046e+02, 5.86178162e+02,
            6.96561277e-01, 5.42040344e+02, 7.65679688e+02,
            7.90926635e-01, 5.09733582e+02, 9.30535583e+02,
            8.06059957e-01, 5.74500916e+02, 5.83223450e+02,
            6.02445722e-01, 6.03949646e+02, 7.62750671e+02,
            8.72363448e-01, 5.59667847e+02, 9.12858826e+02,
            7.89167225e-01, 6.00909058e+02, 2.71421692e+02,
            9.69639301e-01, 0.0, 0.0, 0.0, 5.62707031e+02,
            2.68403961e+02, 8.19575310e-01, 0.0, 0.0, 0.0 ]
    }
}
