{
    "pose_0": {
        "type_id": "opencv-matrix",
        "rows": 1,
        "cols": 18,
        "dt": "3f",
        "data": [ 1.79003748e+03, 2.94832733e+02, 6.84839785e-02,
            1.70762231e+03, 3.62619843e+02, 9.20083344e-01,
            1.75157837e+03, 3.62559235e+02, 8.92205119e-01,
            1.70772241e+03, 4.80163086e+02, 8.81678283e-01,
            1.77540625e+03, 5.50741089e+02, 9.47724342e-01,
            1.67223914e+03, 3.65412720e+02, 7.74035573e-01,
            1.65164307e+03, 4.68439758e+02, 6.73566639e-01,
            1.66641541e+03, 5.09710052e+02, 2.38939032e-01,
            1.72519543e+03, 5.77427124e+02, 6.20115757e-01,
            1.70465161e+03, 7.62902771e+02, 8.13671291e-01,
            1.65764246e+03, 9.30651062e+02, 8.33396792e-01,
            1.68118530e+03, 5.77386353e+02, 6.16078258e-01,
            1.76645215e+03, 7.39335083e+02, 7.06042647e-01,
            1.82829944e+03, 9.01103210e+02, 7.74400234e-01,
            1.78125281e+03, 2.83075531e+02, 9.86267701e-02, 0.0, 0.0,
            0.0, 1.77516431e+03, 2.88862854e+02, 6.11867785e-01,
            1.70750110e+03, 2.74201355e+02, 2.11064801e-01 ]
    }
}
