{
    "pose_0": {
        "type_id": "opencv-matrix",
        "rows": 1,
        "cols": 18,
        "dt": "3f",
        "data": [ 9.77588135e+02, 2.94842834e+02, 7.97120631e-01,
            9.06968994e+02, 3.65377289e+02, 7.18271673e-01,
            9.12900940e+02, 3.65523193e+02, 8.00177753e-01,
            8.83483765e+02, 4.83261780e+02, 9.48967695e-01,
            9.65908447e+02, 5.50773193e+02, 8.95234227e-01,
            8.95236328e+02, 3.59598419e+02, 5.69887578e-01, 0.0, 0.0,
            0.0, 0.0, 0.0, 0.0, 9.12920410e+02, 5.83243347e+02,
            6.82970703e-01, 9.39457581e+02, 7.62696594e+02,
            7.27894306e-01, 9.27573975e+02, 9.33471924e+02,
            7.63431191e-01, 9.27609924e+02, 5.77430969e+02,
            5.11422515e-01, 9.54088318e+02, 7.56963867e+02,
            6.66996896e-01, 8.45214600e+02, 8.80622864e+02,
            7.58594751e-01, 9.74554199e+02, 2.83076477e+02,
            7.33385265e-01, 0.0, 0.0, 0.0, 9.45297363e+02,
            2.85920654e+02, 6.46930277e-01, 0.0, 0.0, 0.0 ]
    }
}
