{
    "pose_0": {
        "type_id": "opencv-matrix",
        "rows": 1,
        "cols": 18,
        "dt": "3f",
        "data": [ 1.00136877e+03, 2.94765564e+02, 7.16978550e-01,
            9.30630859e+02, 3.65365662e+02, 6.82017505e-01,
            9.33519226e+02, 3.65503876e+02, 8.11478317e-01,
            9.06895142e+02, 4.83314026e+02, 9.49144065e-01,
            9.77744446e+02, 5.50788818e+02, 8.89919579e-01,
            9.27615295e+02, 3.59581238e+02, 5.16916871e-01, 0.0, 0.0,
            0.0, 0.0, 0.0, 0.0, 9.33530273e+02, 5.89147949e+02,
            6.94795430e-01, 9.51014832e+02, 7.65739319e+02,
            7.60597646e-01, 9.27613403e+02, 9.30693848e+02,
            8.20989907e-01, 9.57071350e+02, 5.83234680e+02,
            5.57933450e-01, 1.00110114e+03, 7.59908142e+02,
            8.70462775e-01, 9.48139099e+02, 9.03962341e+02,
            6.68261290e-01, 9.98234497e+02, 2.80093567e+02,
            6.83868766e-01, 0.0, 0.0, 0.0, 9.68761902e+02,
            2.83062866e+02, 6.38525248e-01, 0.0, 0.0, 0.0 ]
    }
}
