{
    "pose_0": {
        "type_id": "opencv-matrix",
        "rows": 1,
        "cols": 18,
        "dt": "3f",
        "data": [ 1.62227527e+03, 2.94857574e+02, 4.04187620e-01,
            1.54288293e+03, 3.65462402e+02, 9.16061223e-01,
            1.58697351e+03, 3.62569794e+02, 9.48582649e-01,
            1.56331531e+03, 4.80106903e+02, 8.99371147e-01,
            1.63102832e+03, 5.47848206e+02, 8.98281217e-01,
            1.50447766e+03, 3.68483612e+02, 7.83879638e-01,
            1.49271057e+03, 4.83306305e+02, 7.67382443e-01,
            1.52218164e+03, 5.33225586e+02, 2.89377630e-01,
            1.57221790e+03, 5.92073730e+02, 6.41879678e-01,
            1.61629553e+03, 7.62890320e+02, 7.83659279e-01,
            1.65759790e+03, 9.27687195e+02, 8.49389076e-01,
            1.51620178e+03, 5.86236877e+02, 6.52473271e-01,
            1.51632666e+03, 7.65646912e+02, 8.33500683e-01,
            1.47505664e+03, 9.15852722e+02, 7.41910100e-01,
            1.61631396e+03, 2.85996033e+02, 4.62349981e-01, 0.0, 0.0,
            0.0, 1.59284448e+03, 2.88957611e+02, 6.89832091e-01,
            1.53987512e+03, 2.88908569e+02, 1.11827083e-01 ]
    }
}
