{
    "pose_0": {
        "type_id": "opencv-matrix",
        "rows": 1,
        "cols": 18,
        "dt": "3f",
        "data": [ 1.89590894e+03, 2.94890442e+02, 3.36322218e-01,
            1.82238721e+03, 3.62525696e+02, 9.05890048e-01,
            1.85185193e+03, 3.62581024e+02, 8.73425126e-01,
            1.82226672e+03, 4.80109711e+02, 8.91030550e-01,
            1.89311084e+03, 5.44984985e+02, 9.22546148e-01,
            1.78408093e+03, 3.62635590e+02, 7.74901152e-01,
            1.77228821e+03, 4.68500671e+02, 6.66634619e-01,
            1.78112061e+03, 5.03781555e+02, 4.82060373e-01,
            1.83712366e+03, 5.80318054e+02, 6.21315420e-01,
            1.87824292e+03, 7.65850708e+02, 7.24297881e-01,
            1.76943542e+03, 8.92320190e+02, 7.03873098e-01,
            1.79870435e+03, 5.77476990e+02, 5.80273986e-01,
            1.84598694e+03, 7.65705566e+02, 7.39838243e-01,
            1.84603101e+03, 9.27653198e+02, 8.06214392e-01,
            1.89305957e+03, 2.88799652e+02, 3.70311230e-01, 0.0, 0.0,
            0.0, 1.87240991e+03, 2.88988037e+02, 6.54052377e-01,
            1.81941309e+03, 2.80096527e+02, 1.17375799e-01 ]
    }
}
