{
    "pose_0": {
        "type_id": "opencv-matrix",
        "rows": 1,
        "cols": 18,
        "dt": "3f",
        "data": [ 2.33020615e+02, 3.12436096e+02, 8.83267283e-01,
            1.68207535e+02, 3.80137543e+02, 7.67183483e-01,
            1.30113815e+02, 3.74349060e+02, 7.69022882e-01,
            1.06456779e+02, 4.97863739e+02, 7.48032033e-01,
            1.74040634e+02, 5.59696960e+02, 7.54319489e-01,
            2.00576477e+02, 3.83087097e+02, 7.11165667e-01, 0.0, 0.0,
            0.0, 0.0, 0.0, 0.0, 1.50690552e+02, 6.03914368e+02,
            6.51784539e-01, 1.53530426e+02, 7.89210632e+02,
            7.77981281e-01, 1.38801224e+02, 9.54142578e+02,
            6.93579137e-01, 2.09467911e+02, 6.00978760e+02,
            6.00898206e-01, 1.97598206e+02, 7.86396423e+02,
            8.17945719e-01, 1.77165634e+02, 9.30555603e+02,
            7.39956737e-01, 2.24216614e+02, 2.91933929e+02,
            9.70245302e-01, 2.41864151e+02, 2.94791656e+02,
            3.74109268e-01, 1.88810181e+02, 2.83010406e+02,
            7.33349919e-01, 0.0, 0.0, 0.0 ]
    }
}
