{
    "pose_0": {
        "type_id": "opencv-matrix",
        "rows": 1,
        "cols": 18,
        "dt": "3f",
        "data": [ 5.53804016e+02, 2.94870544e+02, 9.92494404e-01,
            4.86088531e+02, 3.65445099e+02, 7.39291370e-01,
            4.77271149e+02, 3.62626953e+02, 8.78142536e-01,
            4.36094269e+02, 4.83166260e+02, 9.59355712e-01,
            5.21492249e+02, 5.45029480e+02, 8.48613679e-01,
            5.03738312e+02, 3.62634644e+02, 6.49325132e-01, 0.0, 0.0,
            0.0, 0.0, 0.0, 0.0, 4.86195740e+02, 5.97924622e+02,
            6.69057488e-01, 5.24334839e+02, 7.68726501e+02,
            7.68947780e-01, 5.12647278e+02, 9.39349487e+02,
            7.17116237e-01, 5.06687317e+02, 5.94981689e+02,
            5.33119440e-01, 4.86186188e+02, 7.65713745e+02,
            7.86085963e-01, 3.83047821e+02, 8.98187012e+02,
            7.21925378e-01, 5.47890686e+02, 2.77147705e+02,
            9.02228653e-01, 5.53848877e+02, 2.88903442e+02,
            1.62400872e-01, 5.03801971e+02, 2.71404358e+02,
            8.51041377e-01, 0.0, 0.0, 0.0 ]
    }
}
