{
    "pose_0": {
        "type_id": "opencv-matrix",
        "rows": 1,
        "cols": 18,
        "dt": "3f",
        "data": [ 4.12612305e+02, 3.09462830e+02, 9.28115845e-01,
            3.44937866e+02, 3.74281342e+02, 8.02913308e-01,
            3.18343994e+02, 3.68422913e+02, 8.62212956e-01,
            2.74287140e+02, 4.83352631e+02, 8.90481114e-01,
            3.62366333e+02, 5.50905945e+02, 8.85460734e-01,
            3.80195251e+02, 3.80136871e+02, 6.99572086e-01,
            3.85997406e+02, 5.00892853e+02, 1.19276732e-01, 0.0, 0.0,
            0.0, 3.38973602e+02, 6.00937927e+02, 7.03783929e-01,
            3.85977264e+02, 7.83382324e+02, 8.39703798e-01,
            3.36027222e+02, 9.51083374e+02, 7.54828691e-01,
            3.77241821e+02, 6.00852600e+02, 5.61404765e-01,
            3.50774689e+02, 7.80501526e+02, 7.20112562e-01,
            3.18483704e+02, 9.36459229e+02, 5.66691935e-01,
            4.06709534e+02, 2.91806244e+02, 9.58748221e-01,
            4.15490784e+02, 2.91986145e+02, 3.69352937e-01,
            3.62645203e+02, 2.85973480e+02, 8.21088076e-01, 0.0, 0.0,
            0.0 ]
    }
}
