{
    "pose_0": {
        "type_id": "opencv-matrix",
        "rows": 1,
        "cols": 18,
        "dt": "3f",
        "data": [ 0.0, 0.0, 0.0, 1.92253918e+03, 3.80121857e+02,
            3.73251915e-01, 0.0, 0.0, 0.0, 0.0, 0.0, 0.0, 0.0, 0.0, 0.0,
            1.86356885e+03, 3.74287537e+02, 6.89049661e-01,
            1.82546936e+03, 4.83105194e+02, 7.67966211e-01,
            1.87242505e+03, 5.24379517e+02, 3.43846798e-01,
            1.92252478e+03, 5.92077942e+02, 1.33633032e-01, 0.0, 0.0,
            0.0, 0.0, 0.0, 0.0, 1.86940796e+03, 5.94999695e+02,
            5.63328385e-01, 1.88414526e+03, 7.65746826e+02,
            7.99108624e-01, 1.85176672e+03, 9.27681763e+02,
            7.59434462e-01, 0.0, 0.0, 0.0, 0.0, 0.0, 0.0, 0.0, 0.0, 0.0,
            1.89585254e+03, 2.88937805e+02, 1.33070633e-01 ]
    }
}
