{
    "pose_0": {
        "type_id": "opencv-matrix",
        "rows": 1,
        "cols": 18,
        "dt": "3f",
        "data": [ 1.35155371e+03, 2.88958466e+02, 4.51062500e-01,
            1.27779504e+03, 3.56648468e+02, 8.22160125e-01,
            1.30426282e+03, 3.59584961e+02, 8.36776197e-01,
            1.27199255e+03, 4.77228333e+02, 8.16751838e-01,
            1.34854517e+03, 5.33214539e+02, 9.11152601e-01,
            1.24546509e+03, 3.56611145e+02, 7.07277596e-01,
            1.23369104e+03, 4.62638947e+02, 3.60393494e-01,
            1.25131250e+03, 4.86166870e+02, 1.32682249e-01,
            1.28674414e+03, 5.77373413e+02, 6.79509938e-01,
            1.31030005e+03, 7.53934814e+02, 7.31084943e-01,
            1.31613489e+03, 9.27661560e+02, 7.46402621e-01,
            1.25133093e+03, 5.77302734e+02, 6.52718306e-01,
            1.26327222e+03, 7.42310791e+02, 8.04941952e-01,
            1.16606970e+03, 8.83487732e+02, 7.67349362e-01,
            1.35129932e+03, 2.71289429e+02, 5.33611059e-01, 0.0, 0.0,
            0.0, 1.32786499e+03, 2.77109833e+02, 6.76467061e-01,
            1.26612207e+03, 2.74223846e+02, 6.83846399e-02 ]
    }
}
