{
    "pose_0": {
        "type_id": "opencv-matrix",
        "rows": 1,
        "cols": 18,
        "dt": "3f",
        "data": [ 1.23970044e+03, 2.94941956e+02, 8.30855548e-01,
            1.16609375e+03, 3.56642151e+02, 7.07411766e-01,
            1.17488794e+03, 3.59575104e+02, 7.67886281e-01,
            1.14249451e+03, 4.77301575e+02, 9.01340902e-01,
            1.21607166e+03, 5.33229004e+02, 9.15845752e-01,
            1.16010413e+03, 3.47872040e+02, 5.99524319e-01,
            1.14238794e+03, 4.80311584e+02, 1.12085566e-01, 0.0, 0.0,
            0.0, 1.16609167e+03, 5.77390259e+02, 6.29897416e-01,
            1.23383215e+03, 7.50977844e+02, 7.48173177e-01,
            1.30429956e+03, 9.07104004e+02, 8.25364590e-01,
            1.13961975e+03, 5.77367126e+02, 5.96929669e-01,
            1.14264294e+03, 7.62683533e+02, 8.15485656e-01,
            1.11596240e+03, 9.27513428e+02, 8.17064643e-01,
            1.23655969e+03, 2.85932129e+02, 8.19533825e-01,
            1.24258801e+03, 2.80112061e+02, 1.16783001e-01,
            1.20431335e+03, 2.80162109e+02, 7.13275015e-01, 0.0, 0.0,
            0.0 ]
    }
}
