{
    "pose_0": {
        "type_id": "opencv-matrix",
        "rows": 1,
        "cols": 18,
        "dt": "3f",
        "data": [ 1.02779712e+03, 2.97792816e+02, 8.70435297e-01,
            9.62980164e+02, 3.65568939e+02, 6.60364151e-01,
            9.54243774e+02, 3.68395386e+02, 8.22477818e-01,
            9.27454285e+02, 4.86177765e+02, 9.22278404e-01,
            9.98171814e+02, 5.50772644e+02, 9.11615968e-01,
            9.74625061e+02, 3.65466095e+02, 5.75000823e-01, 0.0, 0.0,
            0.0, 0.0, 0.0, 0.0, 9.54097900e+02, 5.83231140e+02,
            7.26671875e-01, 9.57030396e+02, 7.62885254e+02,
            8.09876442e-01, 9.27708191e+02, 9.30638672e+02,
            8.14958751e-01, 9.80640015e+02, 5.77442261e+02,
            6.03606224e-01, 1.01296887e+03, 7.48132324e+02,
            7.17834055e-01, 1.04831726e+03, 9.07068848e+02,
            7.67318189e-01, 1.02179956e+03, 2.86048706e+02,
            8.52636218e-01, 1.02781213e+03, 2.88832581e+02,
            3.08914840e-01, 9.80571716e+02, 2.85977997e+02,
            7.22341657e-01, 0.0, 0.0, 0.0 ]
    }
}
