{
    "pose_0": {
        "type_id": "opencv-matrix",
        "rows": 1,
        "cols": 18,
        "dt": "3f",
        "data": [ 1.71647290e+03, 2.88991577e+02, 7.18503296e-02,
            1.63689587e+03, 3.62461823e+02, 9.22921062e-01,
            1.67817004e+03, 3.62374298e+02, 8.86368811e-01,
            1.65455310e+03, 4.74359863e+02, 8.43487501e-01,
            1.71647803e+03, 5.33308716e+02, 8.85371566e-01,
            1.59574646e+03, 3.65356842e+02, 8.05476308e-01,
            1.58683960e+03, 4.80148651e+02, 7.69280195e-01,
            1.61048730e+03, 5.06791229e+02, 2.38870412e-01,
            1.66349622e+03, 5.80332520e+02, 6.58872545e-01,
            1.68101489e+03, 7.48066284e+02, 6.96502626e-01,
            1.66062085e+03, 9.30668945e+02, 7.73299158e-01,
            1.61336841e+03, 5.80330811e+02, 6.28763497e-01,
            1.66638916e+03, 7.42264221e+02, 7.54516840e-01,
            1.60449622e+03, 8.59938904e+02, 7.46389210e-01,
            1.70772327e+03, 2.71413269e+02, 1.22732349e-01, 0.0, 0.0,
            0.0, 1.69874512e+03, 2.77169159e+02, 6.13316596e-01,
            1.63111633e+03, 2.71241577e+02, 2.50132471e-01 ]
    }
}
