{
    "pose_0": {
        "type_id": "opencv-matrix",
        "rows": 1,
        "cols": 18,
        "dt": "3f",
        "data": [ 0.0, 0.0, 0.0, 1.92255908e+03, 3.80148499e+02,
            1.50618613e-01, 1.89006958e+03, 3.74313782e+02,
            7.10921049e-01, 1.85177771e+03, 4.80165253e+02,
            7.89885998e-01, 1.87536487e+03, 5.15533997e+02,
            6.14376962e-01, 0.0, 0.0, 0.0, 0.0, 0.0, 0.0, 0.0, 0.0, 0.0,
            0.0, 0.0, 0.0, 0.0, 0.0, 0.0, 0.0, 0.0, 0.0, 0.0, 0.0, 0.0,
            0.0, 0.0, 0.0, 0.0, 0.0, 0.0, 0.0, 0.0, 0.0, 0.0, 0.0, 0.0,
            1.92254749e+03, 3.18429962e+02, 5.25925010e-02, 0.0, 0.0,
            0.0 ]
    }
}
