{
    "pose_0": {
        "type_id": "opencv-matrix",
        "rows": 1,
        "cols": 18,
        "dt": "3f",
        "data": [ 8.39427063e+02, 2.97708893e+02, 9.04362917e-01,
            7.71682495e+02, 3.62390228e+02, 6.73447728e-01,
            7.65637573e+02, 3.62365631e+02, 8.67570877e-01,
            7.21671570e+02, 4.68502014e+02, 8.63141537e-01,
            8.04015686e+02, 5.30271667e+02, 9.01511490e-01,
            7.86317932e+02, 3.59615509e+02, 6.48518443e-01,
            7.62901978e+02, 4.83170288e+02, 8.64564404e-02,
            8.12771912e+02, 5.27269287e+02, 1.34131372e-01,
            7.65873718e+02, 5.77461304e+02, 6.35925829e-01,
            8.62821716e+02, 7.42225952e+02, 7.90668368e-01,
            9.45241150e+02, 8.86408630e+02, 7.67535567e-01,
            7.68634277e+02, 5.77422546e+02, 5.41915774e-01,
            7.62918335e+02, 7.62840027e+02, 8.12300324e-01,
            7.39277405e+02, 9.30553955e+02, 8.14805984e-01,
            8.33460999e+02, 2.85975616e+02, 9.00430202e-01,
            8.48133484e+02, 2.88863129e+02, 2.29956210e-01,
            7.95164490e+02, 2.83046265e+02, 7.63108134e-01, 0.0, 0.0,
            0.0 ]
    }
}
