{
    "pose_0": {
        "type_id": "opencv-matrix",
        "rows": 1,
        "cols": 18,
        "dt": "3f",
        "data": [ 7.39143616e+02, 2.94910400e+02, 1.01543677e+00,
            6.71472534e+02, 3.65453857e+02, 8.41101646e-01,
            6.48004456e+02, 3.65341766e+02, 9.32518601e-01,
            6.18547668e+02, 4.83180939e+02, 9.05055225e-01,
            6.92281250e+02, 5.47867432e+02, 9.07481432e-01,
            6.92237732e+02, 3.65441956e+02, 7.32150137e-01, 0.0, 0.0,
            0.0, 0.0, 0.0, 0.0, 6.68655273e+02, 5.83303894e+02,
            7.17288136e-01, 6.51019165e+02, 7.65636169e+02,
            8.27759087e-01, 5.45016235e+02, 9.12952026e+02,
            7.58138001e-01, 7.18555908e+02, 5.83261047e+02,
            6.53713286e-01, 7.18813965e+02, 7.62796692e+02,
            8.49966049e-01, 7.39152832e+02, 9.27628235e+02,
            8.14647496e-01, 7.24610229e+02, 2.80162354e+02,
            8.75247359e-01, 7.39229065e+02, 2.83077576e+02,
            1.17813498e-01, 6.92034973e+02, 2.74290283e+02,
            8.09956551e-01, 0.0, 0.0, 0.0 ]
    }
}
