{
    "pose_0": {
        "type_id": "opencv-matrix",
        "rows": 1,
        "cols": 18,
        "dt": "3f",
        "data": [ 1.44862195e+03, 2.91851044e+02, 8.90298486e-01,
            1.36904956e+03, 3.50762146e+02, 8.09989929e-01,
            1.39558154e+03, 3.56636841e+02, 8.11922610e-01,
            1.35426770e+03, 4.68525330e+02, 8.92080426e-01,
            1.42208740e+03, 5.39136292e+02, 9.32759047e-01,
            1.33672363e+03, 3.47760986e+02, 7.40322292e-01,
            1.32204102e+03, 4.36195770e+02, 1.98444426e-01, 0.0, 0.0,
            0.0, 1.36906934e+03, 5.71530212e+02, 6.79583848e-01,
            1.35434705e+03, 7.54002258e+02, 7.71009564e-01,
            1.31030676e+03, 9.27590271e+02, 8.06680202e-01,
            1.35440881e+03, 5.68569885e+02, 4.95748937e-01,
            1.41322949e+03, 7.33358032e+02, 6.59183681e-01,
            1.46036914e+03, 8.95248962e+02, 6.88314557e-01,
            1.44562268e+03, 2.71406067e+02, 8.90858114e-01, 0.0, 0.0,
            0.0, 1.41325525e+03, 2.71214294e+02, 7.44143188e-01, 0.0,
            0.0, 0.0 ]
    }
}
