{
    "pose_0": {
        "type_id": "opencv-matrix",
        "rows": 1,
        "cols": 18,
        "dt": "3f",
        "data": [ 1.49559094e+03, 2.88947968e+02, 8.32209110e-01,
            1.42200195e+03, 3.53707642e+02, 8.08331251e-01,
            1.44557800e+03, 3.56627686e+02, 8.27153802e-01,
            1.41035095e+03, 4.68446289e+02, 8.45334589e-01,
            1.48967920e+03, 5.33231995e+02, 8.68815482e-01,
            1.39561780e+03, 3.50770233e+02, 6.83003783e-01,
            1.38088916e+03, 4.59596527e+02, 1.24544337e-01, 0.0, 0.0,
            0.0, 1.42796667e+03, 5.71528870e+02, 6.94092929e-01,
            1.42211987e+03, 7.56921814e+02, 7.82067776e-01,
            1.33100952e+03, 9.06990112e+02, 8.10124159e-01,
            1.43382617e+03, 5.71444824e+02, 4.14954305e-01,
            1.46904028e+03, 7.51013184e+02, 7.36158609e-01,
            1.47221667e+03, 9.15835205e+02, 7.52510250e-01,
            1.49258911e+03, 2.71291565e+02, 8.47782433e-01, 0.0, 0.0,
            0.0, 1.46036194e+03, 2.71280182e+02, 7.07803547e-01, 0.0,
            0.0, 0.0 ]
    }
}
