{
    "pose_0": {
        "type_id": "opencv-matrix",
        "rows": 1,
        "cols": 18,
        "dt": "3f",
        "data": [ 1.26904639e+03, 2.97844849e+02, 7.69588709e-01,
            1.19259351e+03, 3.59550476e+02, 7.41475582e-01,
            1.21027502e+03, 3.62454468e+02, 8.28344226e-01,
            1.17482190e+03, 4.80170685e+02, 8.75533760e-01,
            1.25136963e+03, 5.36226318e+02, 8.53569686e-01,
            1.18073291e+03, 3.53640564e+02, 6.46003604e-01,
            1.17488306e+03, 4.80293427e+02, 1.05636299e-01, 0.0, 0.0,
            0.0, 1.20134265e+03, 5.80326233e+02, 5.94423652e-01,
            1.27194226e+03, 7.56954163e+02, 7.13859260e-01,
            1.31024219e+03, 9.27511841e+02, 7.97039330e-01,
            1.16317651e+03, 5.77437683e+02, 5.96205354e-01,
            1.16302393e+03, 7.59785583e+02, 8.15047801e-01,
            1.11606116e+03, 9.21710999e+02, 7.77337551e-01,
            1.26313257e+03, 2.88910614e+02, 8.20574224e-01, 0.0, 0.0,
            0.0, 1.23654688e+03, 2.86000061e+02, 7.49323308e-01, 0.0,
            0.0, 0.0 ]
    }
}
