{
    "pose_0": {
        "type_id": "opencv-matrix",
        "rows": 1,
        "cols": 18,
        "dt": "3f",
        "data": [ 9.30710632e+02, 2.97728790e+02, 6.97954357e-01,
            8.62885254e+02, 3.65428650e+02, 6.97376788e-01,
            8.71648621e+02, 3.65547028e+02, 7.79007733e-01,
            8.39333191e+02, 4.83337067e+02, 8.98804009e-01,
            9.24675720e+02, 5.47873596e+02, 8.83514583e-01,
            8.57036987e+02, 3.62380859e+02, 5.78782916e-01, 0.0, 0.0,
            0.0, 0.0, 0.0, 0.0, 8.77537109e+02, 5.89175659e+02,
            6.25716925e-01, 9.07132385e+02, 7.65878662e+02,
            8.13011885e-01, 9.27603210e+02, 9.33589294e+02,
            7.48427570e-01, 8.56937683e+02, 5.89128174e+02,
            5.10408521e-01, 8.48142395e+02, 7.65623413e+02,
            8.02255809e-01, 7.62835510e+02, 9.15850830e+02,
            7.42995501e-01, 9.30459656e+02, 2.88875671e+02,
            7.06696212e-01, 0.0, 0.0, 0.0, 9.06984192e+02,
            2.91723633e+02, 7.14391232e-01, 0.0, 0.0, 0.0 ]
    }
}
