{
    "pose_0": {
        "type_id": "opencv-matrix",
        "rows": 1,
        "cols": 18,
        "dt": "3f",
        "data": [ 1.37784631e+03, 2.91776001e+02, 7.45695949e-01,
            1.29847546e+03, 3.53637665e+02, 8.03142071e-01,
            1.32500317e+03, 3.56593231e+02, 8.01038742e-01,
            1.29259619e+03, 4.77216919e+02, 8.29217672e-01,
            1.36620203e+03, 5.33226318e+02, 8.75809431e-01,
            1.26606958e+03, 3.53647064e+02, 7.09550381e-01,
            1.24849158e+03, 4.47872314e+02, 5.25794923e-01,
            1.26016357e+03, 4.86154724e+02, 3.78981292e-01,
            1.30735120e+03, 5.74437073e+02, 6.76022410e-01,
            1.32501074e+03, 7.42319946e+02, 7.31510282e-01,
            1.31317090e+03, 9.30556030e+02, 7.31226981e-01,
            1.28367126e+03, 5.74389526e+02, 5.48070073e-01,
            1.32198474e+03, 7.42203796e+02, 6.78367198e-01,
            1.22780042e+03, 8.71743103e+02, 7.10023224e-01,
            1.37488647e+03, 2.71371765e+02, 7.60467112e-01, 0.0, 0.0,
            0.0, 1.34552466e+03, 2.71274292e+02, 6.91662312e-01, 0.0,
            0.0, 0.0 ]
    }
}
