{
    "pose_0": {
        "type_id": "opencv-matrix",
        "rows": 1,
        "cols": 18,
        "dt": "3f",
        "data": [ 8.83607544e+02, 3.06553741e+02, 8.98204863e-01,
            8.15784668e+02, 3.68404205e+02, 6.42807424e-01,
            8.18738342e+02, 3.68509857e+02, 7.58823991e-01,
            7.89300354e+02, 4.86176666e+02, 9.10275757e-01,
            8.68734497e+02, 5.51002747e+02, 8.90863061e-01,
            8.12847778e+02, 3.65462524e+02, 5.49685478e-01, 0.0, 0.0,
            0.0, 0.0, 0.0, 0.0, 8.27521484e+02, 5.83304749e+02,
            6.42181337e-01, 8.74676147e+02, 7.62891724e+02,
            7.83128917e-01, 9.15905334e+02, 9.30589172e+02,
            7.71360159e-01, 8.12781433e+02, 5.83273987e+02,
            5.23280203e-01, 7.89162842e+02, 7.65756958e+02,
            8.31369162e-01, 7.39349915e+02, 9.30544556e+02,
            8.09841096e-01, 8.77645264e+02, 2.91889679e+02,
            9.11336422e-01, 8.80546997e+02, 2.91880859e+02,
            5.83066344e-02, 8.39282104e+02, 2.91963806e+02,
            7.78854489e-01, 0.0, 0.0, 0.0 ]
    }
}
