{
    "pose_0": {
        "type_id": "opencv-matrix",
        "rows": 1,
        "cols": 18,
        "dt": "3f",
        "data": [ 1.56922644e+03, 2.94809601e+02, 6.08466506e-01,
            1.49278320e+03, 3.59484375e+02, 8.78935516e-01,
            1.51937512e+03, 3.59466980e+02, 8.38132977e-01,
            1.49264807e+03, 4.62600494e+02, 8.79029453e-01,
            1.56330176e+03, 5.30430115e+02, 9.34964478e-01,
            1.46033069e+03, 3.59593597e+02, 7.50052333e-01,
            1.44557825e+03, 4.50807861e+02, 5.82953036e-01,
            1.44857092e+03, 4.97910889e+02, 5.54688513e-01,
            1.51337354e+03, 5.80308533e+02, 6.49161756e-01,
            1.56644238e+03, 7.42312317e+02, 7.62340963e-01,
            1.63410718e+03, 9.04160461e+02, 8.34565639e-01,
            1.46029846e+03, 5.77425964e+02, 6.03956938e-01,
            1.49260303e+03, 7.59892090e+02, 8.06038618e-01,
            1.47227539e+03, 9.18826843e+02, 7.67812312e-01,
            1.56622229e+03, 2.80099518e+02, 5.96883953e-01, 0.0, 0.0,
            0.0, 1.53985120e+03, 2.80145599e+02, 6.50698781e-01,
            1.49264612e+03, 2.85905609e+02, 7.18440861e-02 ]
    }
}
