{
    "pose_0": {
        "type_id": "opencv-matrix",
        "rows": 1,
        "cols": 18,
        "dt": "3f",
        "data": [ 5.66055725e+02, 5.24161499e+02, 9.70343471e-01,
            5.66382385e+02, 6.65728027e+02, 8.98626745e-01,
            4.66525848e+02, 6.76215942e+02, 8.35362673e-01,
            4.35180450e+02, 8.48951721e+02, 7.86528111e-01,
            4.61381287e+02, 9.74594910e+02, 6.36119306e-01,
            6.86704956e+02, 6.55254700e+02, 9.14088607e-01,
            7.80855530e+02, 7.81005249e+02, 6.64634168e-01,
            7.75749817e+02, 7.96693604e+02, 7.85468280e-01,
            4.92979889e+02, 1.01141895e+03, 7.37079859e-01,
            5.24544617e+02, 1.21037622e+03, 8.29508960e-01,
            5.18882446e+02, 1.41999988e+03, 8.43437314e-01,
            6.49870850e+02, 1.02201123e+03, 7.89147615e-01,
            6.44577148e+02, 1.30474695e+03, 7.90360689e-01,
            6.13423706e+02, 1.58754919e+03, 7.05842555e-01,
            5.39905151e+02, 5.03235535e+02, 8.40222001e-01,
            5.97469910e+02, 5.03278107e+02, 8.67025852e-01,
            5.13714478e+02, 5.18871887e+02, 8.57555389e-01,
            6.29078369e+02, 5.19045166e+02, 9.01675999e-01 ]
    }
}
