{
    "pose_0": {
        "type_id": "opencv-matrix",
        "rows": 1,
        "cols": 18,
        "dt": "3f",
        "data": [ 5.24283569e+02, 5.13845703e+02, 9.59140897e-01,
            5.24186035e+02, 6.60606384e+02, 9.25682902e-01,
            4.04015381e+02, 6.60554993e+02, 8.30193162e-01,
            3.35617706e+02, 8.33396729e+02, 7.87569761e-01,
            2.62486237e+02, 9.53891418e+02, 8.18105757e-01,
            6.44536316e+02, 6.65634460e+02, 8.67800415e-01,
            7.33595337e+02, 8.48833862e+02, 8.95469725e-01,
            8.43736084e+02, 9.01643005e+02, 8.70778084e-01,
            4.40763519e+02, 1.02202948e+03, 7.35663176e-01,
            4.40733582e+02, 1.28394214e+03, 8.12367916e-01,
            4.51039673e+02, 1.56128418e+03, 7.87136316e-01,
            6.02770508e+02, 1.02710779e+03, 7.74225891e-01,
            6.07871643e+02, 1.28391443e+03, 8.27661157e-01,
            6.08205933e+02, 1.55083179e+03, 8.13438833e-01,
            4.98190765e+02, 4.82546204e+02, 8.90383959e-01,
            5.55742004e+02, 4.82580139e+02, 9.27555203e-01,
            4.71898499e+02, 5.03285034e+02, 8.72870743e-01,
            5.92233948e+02, 5.08633484e+02, 8.42349887e-01 ]
    }
}
