{
    "pose_0": {
        "type_id": "opencv-matrix",
        "rows": 1,
        "cols": 18,
        "dt": "3f",
        "data": [ 5.34884766e+02, 5.13790344e+02, 8.96679282e-01,
            5.50356995e+02, 6.70894592e+02, 8.41165185e-01,
            4.34945648e+02, 6.60380737e+02, 8.63568842e-01,
            3.46272949e+02, 7.81049561e+02, 7.12829232e-01,
            3.14858002e+02, 8.54040955e+02, 7.62591660e-01,
            6.60393677e+02, 6.76160950e+02, 8.28531146e-01,
            7.28343628e+02, 8.59381287e+02, 8.71463180e-01,
            7.28650879e+02, 1.02706873e+03, 8.71490479e-01,
            4.61494110e+02, 1.05330981e+03, 6.94268405e-01,
            4.77357849e+02, 1.33615466e+03, 8.28366280e-01,
            5.03413086e+02, 1.60830347e+03, 7.90566444e-01,
            6.23824646e+02, 1.06357117e+03, 7.01900601e-01,
            6.08287903e+02, 1.32561780e+03, 8.62357855e-01,
            6.13404724e+02, 1.58762646e+03, 7.74129689e-01,
            5.18812805e+02, 4.82446838e+02, 9.76181090e-01,
            5.66157654e+02, 4.82434692e+02, 9.55160856e-01,
            4.77381805e+02, 5.08647247e+02, 9.01996374e-01,
            6.07857544e+02, 5.08620209e+02, 8.88990641e-01 ]
    }
}
