{
    "pose_0": {
        "type_id": "opencv-matrix",
        "rows": 1,
        "cols": 18,
        "dt": "3f",
        "data": [ 5.39931763e+02, 5.19021179e+02, 9.23729062e-01,
            5.24363159e+02, 6.60508789e+02, 9.25164580e-01,
            3.98768127e+02, 6.50181763e+02, 8.72627676e-01,
            2.31105499e+02, 6.81340271e+02, 7.65333533e-01,
            1.00178139e+02, 6.23869080e+02, 7.73090303e-01,
            6.49813660e+02, 6.81218811e+02, 8.81933093e-01,
            7.28329224e+02, 8.69914673e+02, 8.32085788e-01,
            8.07086487e+02, 9.74574951e+02, 7.77521074e-01,
            4.50884125e+02, 1.02716431e+03, 7.30698049e-01,
            4.56144623e+02, 1.29417749e+03, 7.51309276e-01,
            4.66681915e+02, 1.56645496e+03, 7.96417773e-01,
            6.08023682e+02, 1.02729993e+03, 7.47151911e-01,
            6.08156616e+02, 1.28913391e+03, 8.07271659e-01,
            6.13368713e+02, 1.55099426e+03, 7.94213355e-01,
            5.19060303e+02, 4.87560944e+02, 9.61963713e-01,
            5.66220215e+02, 4.87762634e+02, 9.25750613e-01,
            4.82381012e+02, 5.08425507e+02, 8.84231031e-01,
            6.03006714e+02, 5.13840637e+02, 9.22359109e-01 ]
    }
}
