{
    "pose_0": {
        "type_id": "opencv-matrix",
        "rows": 1,
        "cols": 18,
        "dt": "3f",
        "data": [ 5.29472351e+02, 4.98168976e+02, 8.99132073e-01,
            5.24349792e+02, 6.49840027e+02, 9.58048820e-01,
            4.29921326e+02, 6.39466248e+02, 8.12093198e-01,
            3.46217499e+02, 7.38952881e+02, 7.07546651e-01,
            3.46174774e+02, 6.86637024e+02, 8.68499219e-01,
            6.34367432e+02, 6.55314941e+02, 8.42979848e-01,
            6.39605774e+02, 8.22967712e+02, 5.33410847e-01,
            6.03060120e+02, 9.43447449e+02, 1.53940946e-01,
            4.40736481e+02, 1.02705090e+03, 7.62306273e-01,
            4.66636658e+02, 1.31524756e+03, 7.49740481e-01,
            4.92805634e+02, 1.60325952e+03, 7.38064468e-01,
            6.02835876e+02, 1.00616772e+03, 8.02393079e-01,
            5.60966492e+02, 1.18419910e+03, 8.02568734e-01,
            5.97621826e+02, 1.41480103e+03, 7.12505817e-01,
            5.08621887e+02, 4.77255890e+02, 9.31550026e-01,
            5.60945251e+02, 4.77255249e+02, 9.60809946e-01,
            4.71994873e+02, 4.92990936e+02, 9.07887936e-01,
            5.97633972e+02, 4.98040527e+02, 8.36099505e-01 ]
    }
}
