{
    "pose_0": {
        "type_id": "opencv-matrix",
        "rows": 1,
        "cols": 18,
        "dt": "3f",
        "data": [ 5.19264404e+02, 5.29486084e+02, 9.52395499e-01,
            5.18995483e+02, 6.86396423e+02, 9.34101999e-01,
            4.03713867e+02, 6.76139160e+02, 8.43594015e-01,
            3.15042816e+02, 8.12546326e+02, 8.68862271e-01,
            3.09558685e+02, 9.38079163e+02, 8.86138439e-01,
            6.23772705e+02, 6.86711243e+02, 8.75735939e-01,
            6.44903076e+02, 8.54179016e+02, 7.05440700e-01,
            6.13386353e+02, 9.74745178e+02, 2.08978906e-01,
            4.40770905e+02, 1.03234546e+03, 7.82504678e-01,
            4.76877777e+02, 1.29940942e+03, 7.45388865e-01,
            4.98046997e+02, 1.57179590e+03, 7.83188939e-01,
            5.97674438e+02, 1.02193591e+03, 7.94971466e-01,
            5.60841309e+02, 1.23144446e+03, 8.70409966e-01,
            6.08007996e+02, 1.47228271e+03, 7.88135648e-01,
            4.87783478e+02, 5.13884155e+02, 9.07175124e-01,
            5.50394470e+02, 5.13822083e+02, 8.66329551e-01,
            4.61518036e+02, 5.24315369e+02, 8.74899387e-01,
            5.76746033e+02, 5.24412231e+02, 8.88995230e-01 ]
    }
}
