{
    "pose_0": {
        "type_id": "opencv-matrix",
        "rows": 1,
        "cols": 18,
        "dt": "3f",
        "data": [ 5.24246826e+02, 4.77286774e+02, 9.71073508e-01,
            5.24406311e+02, 6.39516785e+02, 9.33877707e-01,
            4.09024750e+02, 6.39304443e+02, 8.30996037e-01,
            3.04198273e+02, 8.01892578e+02, 8.03887129e-01,
            1.83601837e+02, 8.59790527e+02, 8.37261856e-01,
            6.44863770e+02, 6.39573120e+02, 8.83345723e-01,
            7.65322144e+02, 8.12490540e+02, 9.10029888e-01,
            8.90938965e+02, 8.80345093e+02, 8.26883972e-01,
            4.45794617e+02, 9.95689636e+02, 7.24079609e-01,
            4.45902679e+02, 1.26281958e+03, 7.70903170e-01,
            4.71707001e+02, 1.53000745e+03, 8.15422118e-01,
            6.03044006e+02, 1.00091388e+03, 7.53253579e-01,
            6.08122314e+02, 1.26806677e+03, 8.45178545e-01,
            6.13510742e+02, 1.52455591e+03, 8.10797930e-01,
            4.98119476e+02, 4.51002136e+02, 8.50867152e-01,
            5.55640808e+02, 4.50959290e+02, 8.73795509e-01,
            4.71839813e+02, 4.76881287e+02, 8.86139512e-01,
            5.87217651e+02, 4.76915558e+02, 8.51683736e-01 ]
    }
}
