{
    "pose_0": {
        "type_id": "opencv-matrix",
        "rows": 1,
        "cols": 18,
        "dt": "3f",
        "data": [ 5.50428711e+02, 5.18994690e+02, 9.37218606e-01,
            5.24583618e+02, 6.60487183e+02, 9.05609906e-01,
            4.03867371e+02, 6.50026489e+02, 8.62765193e-01,
            2.36222183e+02, 6.50174194e+02, 8.56865704e-01,
            1.00145813e+02, 5.60790100e+02, 9.02931690e-01,
            6.50088501e+02, 6.81336243e+02, 8.86366129e-01,
            7.28747559e+02, 8.80433594e+02, 8.66863310e-01,
            8.17592590e+02, 9.79920715e+02, 7.87922800e-01,
            4.50998505e+02, 1.02695911e+03, 7.43447781e-01,
            4.66520111e+02, 1.28372375e+03, 7.64148951e-01,
            4.71766724e+02, 1.56635693e+03, 7.96590865e-01,
            6.08120361e+02, 1.02729675e+03, 7.51210272e-01,
            6.08251343e+02, 1.28391931e+03, 8.23897064e-01,
            6.18615479e+02, 1.55098499e+03, 7.87727594e-01,
            5.24071472e+02, 4.87538788e+02, 9.72345591e-01,
            5.71335327e+02, 4.87737518e+02, 8.87259483e-01,
            4.82633942e+02, 5.08578156e+02, 8.72205734e-01,
            6.08093323e+02, 5.13828064e+02, 9.25632715e-01 ]
    }
}
