{
    "pose_0": {
        "type_id": "opencv-matrix",
        "rows": 1,
        "cols": 18,
        "dt": "3f",
        "data": [ 5.24210266e+02, 4.77046875e+02, 9.66822267e-01,
            5.24254272e+02, 6.39413208e+02, 9.20869827e-01,
            3.98794617e+02, 6.39507446e+02, 8.48832607e-01,
            2.67386414e+02, 7.70419434e+02, 8.46272230e-01,
            1.20968048e+02, 7.96730713e+02, 7.52226472e-01,
            6.49781738e+02, 6.39326660e+02, 8.69325399e-01,
            7.75936157e+02, 7.75613647e+02, 8.99878502e-01,
            9.27515076e+02, 8.12290039e+02, 8.10430348e-01,
            4.45742615e+02, 9.95769043e+02, 7.24759638e-01,
            4.45870972e+02, 1.25760742e+03, 7.74620056e-01,
            4.66751892e+02, 1.52464490e+03, 8.22674036e-01,
            6.03046326e+02, 9.95771057e+02, 7.41595984e-01,
            6.08114136e+02, 1.26284448e+03, 8.16006720e-01,
            6.13496094e+02, 1.51935156e+03, 8.01862597e-01,
            4.98025879e+02, 4.45712860e+02, 8.66577387e-01,
            5.55632874e+02, 4.45688904e+02, 8.87989879e-01,
            4.71706635e+02, 4.66733398e+02, 8.50804567e-01,
            5.92279968e+02, 4.71795959e+02, 8.33501041e-01 ]
    }
}
