{
    "pose_0": {
        "type_id": "opencv-matrix",
        "rows": 1,
        "cols": 18,
        "dt": "3f",
        "data": [ 5.24042908e+02, 4.87612000e+02, 9.52271879e-01,
            5.24243774e+02, 6.44704590e+02, 9.62249696e-01,
            4.03931793e+02, 6.44551331e+02, 8.68265033e-01,
            3.14763855e+02, 8.12516113e+02, 8.78749251e-01,
            2.20550919e+02, 8.96261047e+02, 8.84902596e-01,
            6.44667053e+02, 6.44758545e+02, 8.98736119e-01,
            7.65043762e+02, 8.17527405e+02, 8.90054464e-01,
            8.59715027e+02, 8.85578125e+02, 8.64641190e-01,
            4.45675232e+02, 1.00086993e+03, 7.26718724e-01,
            4.45730988e+02, 1.26801245e+03, 8.04591298e-01,
            4.61347565e+02, 1.53525024e+03, 7.81617641e-01,
            6.02878723e+02, 1.00613281e+03, 7.52790511e-01,
            6.07962280e+02, 1.27303711e+03, 8.49022329e-01,
            6.13359558e+02, 1.52985974e+03, 8.26739013e-01,
            4.92776978e+02, 4.71904633e+02, 8.96444619e-01,
            5.50423584e+02, 4.71839508e+02, 8.71916890e-01,
            4.66574310e+02, 4.77292969e+02, 8.65445495e-01,
            5.81855957e+02, 4.82147247e+02, 8.75340164e-01 ]
    }
}
