{
    "pose_0": {
        "type_id": "opencv-matrix",
        "rows": 1,
        "cols": 18,
        "dt": "3f",
        "data": [ 5.24174377e+02, 5.29557129e+02, 9.51503336e-01,
            5.19293518e+02, 6.86573059e+02, 9.54879403e-01,
            3.98817230e+02, 6.81296143e+02, 8.66541386e-01,
            3.20151520e+02, 8.22905823e+02, 8.39246273e-01,
            3.14709808e+02, 9.48631775e+02, 8.82308245e-01,
            6.39559753e+02, 6.86858215e+02, 9.00905848e-01,
            6.70932983e+02, 8.59495178e+02, 7.99483955e-01,
            6.49780396e+02, 9.80072937e+02, 6.57616913e-01,
            4.45671844e+02, 1.04804309e+03, 7.42747486e-01,
            4.71910095e+02, 1.32038269e+03, 7.97257602e-01,
            4.98009979e+02, 1.57208472e+03, 8.02357554e-01,
            6.02901733e+02, 1.04275940e+03, 7.67166615e-01,
            5.97436462e+02, 1.30475586e+03, 7.89442897e-01,
            6.13366333e+02, 1.56654395e+03, 8.21897268e-01,
            4.92996735e+02, 5.18768188e+02, 8.87684107e-01,
            5.55552307e+02, 5.13886353e+02, 8.91316652e-01,
            4.66765594e+02, 5.24378418e+02, 8.99003804e-01,
            5.87159851e+02, 5.24421204e+02, 8.93245995e-01 ]
    }
}
