{
    "pose_0": {
        "type_id": "opencv-matrix",
        "rows": 1,
        "cols": 18,
        "dt": "3f",
        "data": [ 5.24280151e+02, 5.13834412e+02, 9.56961751e-01,
            5.24423706e+02, 6.65622498e+02, 9.10274327e-01,
            4.03892487e+02, 6.50170715e+02, 8.66890430e-01,
            3.14772736e+02, 7.59992126e+02, 7.20122993e-01,
            3.14604218e+02, 7.81060913e+02, 7.79509485e-01,
            6.49769043e+02, 6.76263794e+02, 8.85420918e-01,
            6.76076233e+02, 8.64726318e+02, 7.57195354e-01,
            6.34235657e+02, 1.01130371e+03, 4.35298502e-01,
            4.50907227e+02, 1.03227710e+03, 7.64015436e-01,
            4.56161194e+02, 1.30472388e+03, 7.13484883e-01,
            5.08615875e+02, 1.58757886e+03, 7.62708187e-01,
            6.03029968e+02, 1.02181348e+03, 7.98026562e-01,
            5.55517517e+02, 1.22603674e+03, 7.96575785e-01,
            5.97646973e+02, 1.44099878e+03, 7.49929965e-01,
            4.92997894e+02, 4.82523529e+02, 8.92509580e-01,
            5.55738525e+02, 4.82434235e+02, 9.22609150e-01,
            4.71740631e+02, 5.08461792e+02, 8.65578830e-01,
            5.92446045e+02, 5.03279907e+02, 8.24647725e-01 ]
    }
}
