{
    "pose_0": {
        "type_id": "opencv-matrix",
        "rows": 1,
        "cols": 18,
        "dt": "3f",
        "data": [ 5.55568909e+02, 5.19228577e+02, 9.46383357e-01,
            5.60650635e+02, 6.76248962e+02, 8.84610415e-01,
            4.40358887e+02, 6.76200928e+02, 8.62874746e-01,
            3.51565857e+02, 8.48859314e+02, 8.35097849e-01,
            2.62488434e+02, 9.48767639e+02, 8.52155089e-01,
            6.60485962e+02, 6.76146912e+02, 8.20080400e-01,
            7.59858948e+02, 8.54189209e+02, 8.30048561e-01,
            8.54244751e+02, 9.48480286e+02, 8.78832638e-01,
            4.77243439e+02, 1.02721802e+03, 7.44732499e-01,
            4.77200439e+02, 1.28377087e+03, 8.20696414e-01,
            4.82264832e+02, 1.56646423e+03, 8.51875186e-01,
            6.28987427e+02, 1.02730530e+03, 7.12230504e-01,
            6.34318115e+02, 1.28390234e+03, 7.65949011e-01,
            6.44509583e+02, 1.55611218e+03, 7.89617300e-01,
            5.24104675e+02, 4.92834747e+02, 9.40297425e-01,
            5.71355164e+02, 4.92807281e+02, 8.87486756e-01,
            4.87521606e+02, 5.18786926e+02, 8.87706637e-01,
            6.08111267e+02, 5.18752075e+02, 9.22611713e-01 ]
    }
}
