{
    "pose_0": {
        "type_id": "opencv-matrix",
        "rows": 1,
        "cols": 18,
        "dt": "3f",
        "data": [ 5.19304932e+02, 5.29501099e+02, 9.50695693e-01,
            5.19043213e+02, 6.86413147e+02, 9.36856985e-01,
            3.98857239e+02, 6.76243896e+02, 8.52125227e-01,
            3.19995209e+02, 8.17664917e+02, 8.50421607e-01,
            3.14596405e+02, 9.43454590e+02, 8.99342775e-01,
            6.23902771e+02, 6.86679749e+02, 8.67680192e-01,
            6.50072876e+02, 8.54035828e+02, 7.68124223e-01,
            6.18558472e+02, 9.79928406e+02, 3.30931127e-01,
            4.40726837e+02, 1.03754761e+03, 7.55155802e-01,
            4.71743073e+02, 1.30463599e+03, 7.87753940e-01,
            4.92954437e+02, 1.57179590e+03, 7.94983923e-01,
            6.02617310e+02, 1.02717883e+03, 7.80066967e-01,
            5.66366516e+02, 1.27318774e+03, 8.57707202e-01,
            6.08184509e+02, 1.51949634e+03, 7.98422694e-01,
            4.92769653e+02, 5.13904785e+02, 9.01204288e-01,
            5.50442139e+02, 5.13823914e+02, 8.72450769e-01,
            4.66723938e+02, 5.24341370e+02, 8.70182157e-01,
            5.81835144e+02, 5.24370483e+02, 8.94623339e-01 ]
    }
}
