{
    "pose_0": {
        "type_id": "opencv-matrix",
        "rows": 1,
        "cols": 18,
        "dt": "3f",
        "data": [ 5.40078308e+02, 4.92906738e+02, 8.76854122e-01,
            5.34803223e+02, 6.50025269e+02, 9.05549705e-01,
            4.19541351e+02, 6.49949585e+02, 8.59463811e-01,
            3.61955261e+02, 8.43865295e+02, 8.31730604e-01,
            3.56496643e+02, 1.01653925e+03, 8.92073214e-01,
            6.55253479e+02, 6.50024170e+02, 8.85775506e-01,
            7.33775879e+02, 8.01822876e+02, 8.12462389e-01,
            7.65262329e+02, 8.96042847e+02, 7.75120974e-01,
            4.66644470e+02, 1.03249402e+03, 6.82473719e-01,
            4.77227234e+02, 1.32067834e+03, 8.16428781e-01,
            4.92766479e+02, 1.60329651e+03, 7.89318085e-01,
            6.23900085e+02, 1.03755884e+03, 6.98859632e-01,
            6.08372742e+02, 1.32053113e+03, 8.19972813e-01,
            6.18559509e+02, 1.59797595e+03, 7.65012383e-01,
            5.18973328e+02, 4.76965363e+02, 9.82393742e-01,
            5.66259521e+02, 4.76982300e+02, 9.57662702e-01,
            4.82202515e+02, 4.82588013e+02, 9.38045621e-01,
            6.07930603e+02, 4.87515564e+02, 9.17660117e-01 ]
    }
}
