{
    "pose_0": {
        "type_id": "opencv-matrix",
        "rows": 1,
        "cols": 18,
        "dt": "3f",
        "data": [ 5.60865234e+02, 4.92957275e+02, 9.03738856e-01,
            5.60927307e+02, 6.44917297e+02, 9.41654205e-01,
            4.40377563e+02, 6.50015503e+02, 9.22164917e-01,
            3.93404053e+02, 8.22917725e+02, 8.26820195e-01,
            4.03896729e+02, 9.74809387e+02, 8.24145138e-01,
            6.81381958e+02, 6.44556458e+02, 8.91041219e-01,
            7.70469421e+02, 7.70330627e+02, 6.73403740e-01, 0.0, 0.0,
            0.0, 4.82388489e+02, 1.02725598e+03, 7.31065333e-01,
            4.87822876e+02, 1.31531995e+03, 8.17395210e-01,
            4.87801941e+02, 1.57212329e+03, 8.09267342e-01,
            6.44802551e+02, 1.02720264e+03, 7.63893545e-01,
            6.44562683e+02, 1.31524390e+03, 8.34483087e-01,
            6.18520142e+02, 1.58754578e+03, 7.55165160e-01,
            5.24542847e+02, 4.76997528e+02, 9.57526147e-01,
            5.81952209e+02, 4.77015106e+02, 8.81847441e-01,
            4.92855835e+02, 4.82359741e+02, 8.69392574e-01,
            6.18606934e+02, 4.82508453e+02, 9.07352090e-01 ]
    }
}
