{
    "pose_0": {
        "type_id": "opencv-matrix",
        "rows": 1,
        "cols": 18,
        "dt": "3f",
        "data": [ 5.19281250e+02, 4.66595581e+02, 9.33167815e-01,
            5.24072571e+02, 6.13446533e+02, 9.00968850e-01,
            3.88039764e+02, 6.13306396e+02, 8.07525218e-01,
            2.15201080e+02, 6.86819153e+02, 7.76446819e-01,
            6.32650108e+01, 6.49859192e+02, 6.95156038e-01,
            6.55232422e+02, 6.13515930e+02, 7.90099859e-01,
            8.22782776e+02, 6.97283752e+02, 8.08575213e-01,
            9.59058105e+02, 6.60402954e+02, 7.47471154e-01,
            4.40611847e+02, 9.85083984e+02, 7.52665758e-01,
            4.45716125e+02, 1.24181519e+03, 7.86033809e-01,
            4.61339447e+02, 1.51950952e+03, 7.96139598e-01,
            6.02970886e+02, 9.85176086e+02, 7.36238420e-01,
            6.07989075e+02, 1.24193030e+03, 8.18742573e-01,
            6.08420410e+02, 1.50896228e+03, 7.91413426e-01,
            4.87817291e+02, 4.35470978e+02, 9.27973509e-01,
            5.50414368e+02, 4.35429657e+02, 8.97803783e-01,
            4.61494385e+02, 4.45718079e+02, 8.41813862e-01,
            5.76749695e+02, 4.45760773e+02, 8.57060492e-01 ]
    }
}
