{
    "pose_0": {
        "type_id": "opencv-matrix",
        "rows": 1,
        "cols": 18,
        "dt": "3f",
        "data": [ 5.24492188e+02, 5.03241486e+02, 9.11898851e-01,
            5.24526672e+02, 6.49850891e+02, 9.54502761e-01,
            4.29820435e+02, 6.39303894e+02, 8.10029209e-01,
            3.25281250e+02, 7.18100220e+02, 6.27163410e-01,
            3.40909637e+02, 6.97292786e+02, 8.74405563e-01,
            6.44524231e+02, 6.60423706e+02, 8.59129488e-01,
            6.50215454e+02, 8.38593750e+02, 6.93360746e-01,
            6.23775635e+02, 9.64226990e+02, 3.19349349e-01,
            4.45735474e+02, 1.02699255e+03, 7.53347874e-01,
            4.61447266e+02, 1.31509314e+03, 7.42477417e-01,
            4.92987823e+02, 1.59809875e+03, 7.20700204e-01,
            6.03048706e+02, 1.01663715e+03, 7.98522711e-01,
            5.66451538e+02, 1.23648816e+03, 8.23815167e-01,
            6.07849060e+02, 1.48300842e+03, 7.68345714e-01,
            5.03357086e+02, 4.77350952e+02, 9.18697238e-01,
            5.60772156e+02, 4.77233826e+02, 9.45593715e-01,
            4.71938782e+02, 5.03295380e+02, 8.91359627e-01,
            5.97658081e+02, 4.98017609e+02, 8.73346746e-01 ]
    }
}
