{
    "pose_0": {
        "type_id": "opencv-matrix",
        "rows": 1,
        "cols": 18,
        "dt": "3f",
        "data": [ 5.55522461e+02, 5.19252502e+02, 9.49294567e-01,
            5.40079712e+02, 6.76075439e+02, 8.46453130e-01,
            4.24842072e+02, 6.60519592e+02, 8.27856243e-01,
            2.67614288e+02, 7.39027344e+02, 8.43528986e-01,
            1.20967659e+02, 7.17984680e+02, 7.30468154e-01,
            6.55261230e+02, 6.81382263e+02, 8.71567845e-01,
            7.33781616e+02, 8.64827942e+02, 8.88635039e-01,
            8.28028625e+02, 9.53737366e+02, 7.95852900e-01,
            4.71751312e+02, 1.03242603e+03, 7.27124214e-01,
            4.71865112e+02, 1.30982544e+03, 7.91017354e-01,
            4.77002289e+02, 1.56678125e+03, 8.25195193e-01,
            6.18489563e+02, 1.03757813e+03, 7.04176009e-01,
            6.13412903e+02, 1.30474097e+03, 8.07007313e-01,
            6.29109680e+02, 1.56141956e+03, 7.92346299e-01,
            5.24114929e+02, 4.92801880e+02, 9.39662576e-01,
            5.71358826e+02, 4.92937866e+02, 8.75174344e-01,
            4.82618469e+02, 5.13857788e+02, 9.35630023e-01,
            6.08086060e+02, 5.18794678e+02, 9.34892654e-01 ]
    }
}
