{
    "pose_0": {
        "type_id": "opencv-matrix",
        "rows": 1,
        "cols": 18,
        "dt": "3f",
        "data": [ 5.55605530e+02, 5.24083618e+02, 9.49931681e-01,
            5.55794006e+02, 6.76241821e+02, 8.79919231e-01,
            4.40319122e+02, 6.81214172e+02, 8.70465279e-01,
            3.56929108e+02, 8.43731506e+02, 8.34894300e-01,
            2.93863861e+02, 9.59131653e+02, 7.93360889e-01,
            6.60515686e+02, 6.70961853e+02, 8.20053458e-01,
            7.54823486e+02, 8.54026550e+02, 8.19912970e-01,
            8.49027527e+02, 9.53696167e+02, 8.48636568e-01,
            4.77253418e+02, 1.02717444e+03, 7.38608479e-01,
            4.77314178e+02, 1.28892896e+03, 8.16985130e-01,
            4.82289093e+02, 1.56661353e+03, 8.58869016e-01,
            6.29105835e+02, 1.02727246e+03, 7.06628680e-01,
            6.39303345e+02, 1.28900916e+03, 7.63808429e-01,
            6.44585022e+02, 1.56127271e+03, 8.03968549e-01,
            5.24111206e+02, 4.92955841e+02, 9.27522123e-01,
            5.71339966e+02, 4.92941376e+02, 8.80602241e-01,
            4.82627136e+02, 5.13892212e+02, 9.36634660e-01,
            6.07994507e+02, 5.13852783e+02, 9.05176938e-01 ]
    }
}
