{
    "pose_0": {
        "type_id": "opencv-matrix",
        "rows": 1,
        "cols": 18,
        "dt": "3f",
        "data": [ 5.24234192e+02, 4.77318787e+02, 9.71493125e-01,
            5.24406189e+02, 6.39449951e+02, 9.19984698e-01,
            4.04020294e+02, 6.39415161e+02, 8.33436549e-01,
            2.72747070e+02, 7.81008545e+02, 7.84476578e-01,
            1.47195160e+02, 8.28168030e+02, 7.75605917e-01,
            6.44924744e+02, 6.39433838e+02, 8.68044317e-01,
            7.70305908e+02, 7.91487305e+02, 8.61944735e-01,
            9.01522888e+02, 8.53985962e+02, 8.71427655e-01,
            4.45703613e+02, 9.95800171e+02, 7.30444193e-01,
            4.45861664e+02, 1.26281335e+03, 7.75823593e-01,
            4.66703735e+02, 1.52985339e+03, 8.07389021e-01,
            6.03053833e+02, 1.00095905e+03, 7.40867972e-01,
            6.08094727e+02, 1.26790125e+03, 8.34606349e-01,
            6.13513611e+02, 1.51938599e+03, 8.07037115e-01,
            4.98053375e+02, 4.50953186e+02, 8.47831547e-01,
            5.55647705e+02, 4.50893494e+02, 8.68466973e-01,
            4.71825684e+02, 4.71882477e+02, 8.65507483e-01,
            5.92310120e+02, 4.71882935e+02, 8.34052682e-01 ]
    }
}
