{
    "pose_0": {
        "type_id": "opencv-matrix",
        "rows": 1,
        "cols": 18,
        "dt": "3f",
        "data": [ 5.24438171e+02, 5.29573608e+02, 9.43676174e-01,
            5.24433838e+02, 6.86776245e+02, 9.58376288e-01,
            4.03935730e+02, 6.86409302e+02, 8.75827849e-01,
            3.30552063e+02, 8.43778687e+02, 8.18856478e-01,
            3.15062897e+02, 9.79948303e+02, 8.86111379e-01,
            6.49803650e+02, 6.91789185e+02, 9.31997061e-01,
            6.86653320e+02, 8.70021790e+02, 8.32412481e-01,
            6.86695679e+02, 1.02173352e+03, 8.28495741e-01,
            4.50882751e+02, 1.05330347e+03, 7.30423450e-01,
            4.77037659e+02, 1.32045605e+03, 8.21743250e-01,
            4.92913940e+02, 1.57210071e+03, 7.95901000e-01,
            6.07908081e+02, 1.04802002e+03, 7.78259099e-01,
            6.07966919e+02, 1.31515430e+03, 8.36335659e-01,
            6.18484497e+02, 1.58242603e+03, 7.71475911e-01,
            5.03388855e+02, 5.18766968e+02, 8.82806540e-01,
            5.60650940e+02, 5.13851624e+02, 9.18716669e-01,
            4.72005035e+02, 5.24416077e+02, 9.35110271e-01,
            5.97465576e+02, 5.24364502e+02, 9.20248508e-01 ]
    }
}
