{
    "pose_0": {
        "type_id": "opencv-matrix",
        "rows": 1,
        "cols": 18,
        "dt": "3f",
        "data": [ 5.24152039e+02, 5.40020569e+02, 9.42123950e-01,
            5.24033630e+02, 6.91739136e+02, 9.53258038e-01,
            3.98803772e+02, 6.86782043e+02, 9.04985666e-01,
            3.35666992e+02, 8.54034485e+02, 8.37782741e-01,
            3.14837952e+02, 9.85377502e+02, 9.00817215e-01,
            6.44473022e+02, 6.91859070e+02, 9.13148820e-01,
            6.86836609e+02, 8.69976501e+02, 8.52241635e-01,
            6.86866638e+02, 1.02699792e+03, 9.14235353e-01,
            4.40643890e+02, 1.04810962e+03, 7.64351189e-01,
            4.56274902e+02, 1.31507092e+03, 7.97577262e-01,
            4.92763824e+02, 1.57170435e+03, 8.12384486e-01,
            6.02672913e+02, 1.04803125e+03, 7.60625482e-01,
            6.02791931e+02, 1.28912000e+03, 8.68162692e-01,
            6.49937744e+02, 1.54038647e+03, 8.22176158e-01,
            4.92979340e+02, 5.19104309e+02, 9.17684436e-01,
            5.55546204e+02, 5.19064270e+02, 9.16730881e-01,
            4.71749512e+02, 5.29481201e+02, 8.67896318e-01,
            5.87157532e+02, 5.29534241e+02, 8.58901441e-01 ]
    }
}
