{
    "pose_0": {
        "type_id": "opencv-matrix",
        "rows": 1,
        "cols": 18,
        "dt": "3f",
        "data": [ 5.60709778e+02, 5.24333435e+02, 9.65683401e-01,
            5.60733887e+02, 6.81418274e+02, 9.16402936e-01,
            4.40386383e+02, 6.81464905e+02, 8.82653058e-01,
            3.51277130e+02, 7.75746094e+02, 8.51132393e-01,
            3.09675018e+02, 8.17851746e+02, 8.74951661e-01,
            6.71022766e+02, 6.81336426e+02, 8.22193623e-01,
            7.59916443e+02, 7.86266724e+02, 7.39650905e-01,
            8.01856689e+02, 8.17403992e+02, 8.61817360e-01,
            4.82256561e+02, 1.03765869e+03, 7.44137645e-01,
            4.82330414e+02, 1.30477478e+03, 8.20421934e-01,
            4.82546448e+02, 1.57209192e+03, 8.25940490e-01,
            6.39444031e+02, 1.04280310e+03, 7.16455936e-01,
            6.44613098e+02, 1.30987939e+03, 8.13035250e-01,
            6.44815430e+02, 1.56655383e+03, 8.39126945e-01,
            5.24403259e+02, 5.08437073e+02, 9.23461854e-01,
            5.76643005e+02, 5.08538208e+02, 8.58369112e-01,
            4.87808929e+02, 5.19204407e+02, 8.91062200e-01,
            6.08348938e+02, 5.24143127e+02, 9.57267106e-01 ]
    }
}
