{
    "pose_0": {
        "type_id": "opencv-matrix",
        "rows": 1,
        "cols": 18,
        "dt": "3f",
        "data": [ 5.19145264e+02, 5.29698730e+02, 9.46659684e-01,
            5.18773987e+02, 6.86566895e+02, 9.26241457e-01,
            3.98506989e+02, 6.81300171e+02, 8.79554212e-01,
            3.14859070e+02, 8.22848022e+02, 8.57340395e-01,
            3.09525421e+02, 9.48515076e+02, 8.92846346e-01,
            6.18706604e+02, 6.86851257e+02, 8.80741477e-01,
            6.49834839e+02, 8.59553589e+02, 7.85378695e-01,
            6.18669434e+02, 9.85183105e+02, 4.20841843e-01,
            4.40735657e+02, 1.03238953e+03, 7.85227060e-01,
            4.71908752e+02, 1.31511255e+03, 7.28565454e-01,
            4.98052124e+02, 1.57204541e+03, 7.67715216e-01,
            5.97687561e+02, 1.02173132e+03, 7.84995556e-01,
            5.55575989e+02, 1.20014673e+03, 7.95218885e-01,
            6.08167969e+02, 1.43035388e+03, 7.99403429e-01,
            4.87670715e+02, 5.18816406e+02, 9.34318125e-01,
            5.45265381e+02, 5.18823242e+02, 8.74135673e-01,
            4.56283752e+02, 5.24312317e+02, 8.60234201e-01,
            5.76651794e+02, 5.24490662e+02, 8.89580846e-01 ]
    }
}
