{
    "pose_0": {
        "type_id": "opencv-matrix",
        "rows": 1,
        "cols": 18,
        "dt": "3f",
        "data": [ 5.45274841e+02, 5.13842468e+02, 9.00969982e-01,
            5.50492188e+02, 6.55384705e+02, 8.76278222e-01,
            4.34995361e+02, 6.65612732e+02, 8.53135407e-01,
            3.14795532e+02, 7.81127747e+02, 8.50234926e-01,
            3.25218658e+02, 8.38472229e+02, 8.44906151e-01,
            6.65666382e+02, 6.55226196e+02, 8.31970036e-01,
            7.70418274e+02, 7.80842163e+02, 8.69043052e-01,
            7.65196838e+02, 8.28012024e+02, 8.99697244e-01,
            4.77058624e+02, 1.02183398e+03, 7.37204909e-01,
            4.77195953e+02, 1.27839795e+03, 8.39738607e-01,
            4.82438354e+02, 1.56128113e+03, 8.16941917e-01,
            6.23871399e+02, 1.02194281e+03, 7.14421749e-01,
            6.34257751e+02, 1.27846460e+03, 7.96384215e-01,
            6.44659546e+02, 1.54042786e+03, 7.98485935e-01,
            5.19104736e+02, 4.82452026e+02, 1.01243424e+00,
            5.66356018e+02, 4.82453735e+02, 9.47760522e-01,
            4.82430450e+02, 5.08426666e+02, 9.16712046e-01,
            6.07934631e+02, 5.03331421e+02, 8.86258721e-01 ]
    }
}
