{
    "pose_0": {
        "type_id": "opencv-matrix",
        "rows": 1,
        "cols": 18,
        "dt": "3f",
        "data": [ 5.50380310e+02, 5.19058228e+02, 9.27474856e-01,
            5.55685791e+02, 6.76098633e+02, 8.79538894e-01,
            4.40287415e+02, 6.70983948e+02, 8.73984098e-01,
            3.56763275e+02, 8.22758728e+02, 8.67526889e-01,
            3.09419159e+02, 9.38295593e+02, 8.87176514e-01,
            6.55350708e+02, 6.70965454e+02, 8.39937210e-01,
            7.39083435e+02, 8.38517090e+02, 8.29924822e-01,
            8.22921326e+02, 9.38091431e+02, 8.59742165e-01,
            4.77178009e+02, 1.02715161e+03, 7.61749804e-01,
            4.77276459e+02, 1.28388257e+03, 8.22757721e-01,
            4.82353210e+02, 1.56639319e+03, 8.40953946e-01,
            6.23831055e+02, 1.02722400e+03, 7.23239958e-01,
            6.34231140e+02, 1.28394800e+03, 7.67426729e-01,
            6.44615845e+02, 1.55617676e+03, 7.98118114e-01,
            5.19204102e+02, 4.87692780e+02, 9.64777291e-01,
            5.66418091e+02, 4.87667999e+02, 9.13726330e-01,
            4.82580902e+02, 5.13798828e+02, 9.16463673e-01,
            6.08005432e+02, 5.13742798e+02, 9.00565445e-01 ]
    }
}
