{
    "pose_0": {
        "type_id": "opencv-matrix",
        "rows": 1,
        "cols": 18,
        "dt": "3f",
        "data": [ 5.66004211e+02, 5.29559326e+02, 9.54985678e-01,
            5.66083069e+02, 6.86815247e+02, 9.75312591e-01,
            4.45863983e+02, 6.86811401e+02, 8.70706797e-01,
            3.61835907e+02, 7.86164185e+02, 8.30229282e-01,
            3.14637634e+02, 8.54075562e+02, 8.95096838e-01,
            6.86473755e+02, 6.86786865e+02, 8.85798573e-01,
            7.70605713e+02, 8.12300049e+02, 8.58229458e-01,
            8.49055420e+02, 8.54142212e+02, 8.79481912e-01,
            4.87642487e+02, 1.05331799e+03, 7.33886421e-01,
            4.87547211e+02, 1.31516882e+03, 8.25112760e-01,
            4.87652832e+02, 1.57724255e+03, 7.98389554e-01,
            6.44816956e+02, 1.05330505e+03, 7.74559617e-01,
            6.49832458e+02, 1.31534778e+03, 8.74021709e-01,
            6.50094543e+02, 1.57183716e+03, 8.60823929e-01,
            5.34854187e+02, 5.18805176e+02, 9.04394507e-01,
            5.92429077e+02, 5.18793579e+02, 8.91354322e-01,
            5.13711304e+02, 5.24510315e+02, 8.81010473e-01,
            6.23720276e+02, 5.29496521e+02, 8.72044742e-01 ]
    }
}
