{
    "pose_0": {
        "type_id": "opencv-matrix",
        "rows": 1,
        "cols": 18,
        "dt": "3f",
        "data": [ 5.24042969e+02, 4.87579407e+02, 9.51718867e-01,
            5.24268372e+02, 6.44797241e+02, 9.59177434e-01,
            4.03857971e+02, 6.44662231e+02, 8.75273287e-01,
            3.14692902e+02, 8.12557556e+02, 8.86594534e-01,
            2.20535751e+02, 8.96138062e+02, 8.93498659e-01,
            6.44781311e+02, 6.44827698e+02, 9.10689294e-01,
            7.70207520e+02, 8.07192993e+02, 8.82680297e-01,
            8.95944946e+02, 8.64735474e+02, 8.49081337e-01,
            4.40752930e+02, 1.00610889e+03, 7.25550711e-01,
            4.45813385e+02, 1.27310779e+03, 8.06757629e-01,
            4.56220154e+02, 1.53515295e+03, 7.87737370e-01,
            6.02917358e+02, 1.01130627e+03, 7.55950391e-01,
            6.07984863e+02, 1.27330188e+03, 8.69849682e-01,
            6.13330444e+02, 1.52487024e+03, 8.38677168e-01,
            4.92809814e+02, 4.71922668e+02, 8.95088196e-01,
            5.50444458e+02, 4.71865631e+02, 8.75628710e-01,
            4.66602875e+02, 4.82200317e+02, 8.81457269e-01,
            5.81812439e+02, 4.82305695e+02, 8.93598199e-01 ]
    }
}
