{
    "pose_0": {
        "type_id": "opencv-matrix",
        "rows": 1,
        "cols": 18,
        "dt": "3f",
        "data": [ 5.29579590e+02, 5.18972961e+02, 9.43059385e-01,
            5.24422424e+02, 6.65736084e+02, 9.15661693e-01,
            4.09002258e+02, 6.60524414e+02, 8.19951177e-01,
            2.41368454e+02, 7.49498596e+02, 7.78727591e-01,
            1.05517975e+02, 7.70610535e+02, 8.39757681e-01,
            6.44922241e+02, 6.71002930e+02, 8.84229660e-01,
            7.23357788e+02, 8.59545532e+02, 8.71212661e-01,
            8.07204529e+02, 9.59092957e+02, 8.03520620e-01,
            4.45769165e+02, 1.02698889e+03, 7.38064885e-01,
            4.45856720e+02, 1.28373450e+03, 7.97411621e-01,
            4.61336761e+02, 1.56130884e+03, 7.79751003e-01,
            6.03008728e+02, 1.02709436e+03, 7.58725107e-01,
            6.08010254e+02, 1.27880518e+03, 8.42791140e-01,
            6.08414185e+02, 1.54039587e+03, 8.03372502e-01,
            5.13852844e+02, 4.87604645e+02, 9.12748039e-01,
            5.61076599e+02, 4.87675781e+02, 9.36079979e-01,
            4.77347229e+02, 5.13610168e+02, 9.08879519e-01,
            6.02654541e+02, 5.13758545e+02, 9.02691603e-01 ]
    }
}
