{
    "pose_0": {
        "type_id": "opencv-matrix",
        "rows": 1,
        "cols": 18,
        "dt": "3f",
        "data": [ 5.24094238e+02, 5.13687927e+02, 9.61427689e-01,
            5.19236145e+02, 6.60453552e+02, 9.27195430e-01,
            3.98874054e+02, 6.60509094e+02, 8.50454628e-01,
            3.35718994e+02, 8.33353210e+02, 7.95086861e-01,
            2.67560272e+02, 9.48733826e+02, 8.49940598e-01,
            6.39452881e+02, 6.60384094e+02, 8.56374502e-01,
            7.28393921e+02, 8.22943359e+02, 8.89963746e-01,
            8.43855103e+02, 8.95872375e+02, 8.55495572e-01,
            4.40654785e+02, 1.02192993e+03, 7.50770032e-01,
            4.40687073e+02, 1.28380640e+03, 8.08545113e-01,
            4.50942749e+02, 1.56120081e+03, 7.77289867e-01,
            6.02748718e+02, 1.02698120e+03, 7.70107985e-01,
            6.03054688e+02, 1.28381750e+03, 8.32287610e-01,
            6.08133240e+02, 1.53531079e+03, 8.31672609e-01,
            4.92819366e+02, 4.82397003e+02, 9.21395957e-01,
            5.50574158e+02, 4.82381256e+02, 9.04200196e-01,
            4.66755219e+02, 4.98153198e+02, 8.31959248e-01,
            5.81883484e+02, 5.03326782e+02, 8.20537031e-01 ]
    }
}
