{
    "pose_0": {
        "type_id": "opencv-matrix",
        "rows": 1,
        "cols": 18,
        "dt": "3f",
        "data": [ 5.50373047e+02, 5.13819458e+02, 8.97213399e-01,
            5.50546814e+02, 6.60419373e+02, 8.67187619e-01,
            4.35205139e+02, 6.60467224e+02, 8.75868618e-01,
            3.40878357e+02, 7.86206909e+02, 8.00745606e-01,
            3.46034027e+02, 8.54360229e+02, 8.79337549e-01,
            6.60434448e+02, 6.55414978e+02, 8.26386213e-01,
            7.54817017e+02, 8.01800415e+02, 8.01844776e-01,
            7.70229126e+02, 8.54260193e+02, 9.55119431e-01,
            4.76960449e+02, 1.02717920e+03, 7.41105437e-01,
            4.77214722e+02, 1.28375793e+03, 8.19325268e-01,
            4.82314880e+02, 1.56128113e+03, 8.26173604e-01,
            6.23846008e+02, 1.02718347e+03, 7.31670737e-01,
            6.34280884e+02, 1.27879956e+03, 7.81345785e-01,
            6.44564270e+02, 1.54558154e+03, 7.85189748e-01,
            5.19138733e+02, 4.82414276e+02, 1.01568043e+00,
            5.66437195e+02, 4.82417145e+02, 9.31842923e-01,
            4.82464722e+02, 5.03412476e+02, 9.00220573e-01,
            6.08026489e+02, 5.03332916e+02, 8.74458551e-01 ]
    }
}
