{
    "pose_0": {
        "type_id": "opencv-matrix",
        "rows": 1,
        "cols": 18,
        "dt": "3f",
        "data": [ 5.24090637e+02, 5.18886963e+02, 9.74164963e-01,
            5.24094910e+02, 6.70984497e+02, 9.09927964e-01,
            3.98701660e+02, 6.65721008e+02, 8.55979562e-01,
            3.19954102e+02, 8.28096985e+02, 7.88030803e-01,
            3.09329407e+02, 9.59036133e+02, 8.32514286e-01,
            6.44665222e+02, 6.70989136e+02, 8.68186235e-01,
            7.12906311e+02, 8.54285034e+02, 8.29926372e-01,
            7.39239258e+02, 1.02201257e+03, 8.85429025e-01,
            4.40714630e+02, 1.04804688e+03, 7.24239826e-01,
            4.76897858e+02, 1.32065991e+03, 8.01393986e-01,
            4.98067444e+02, 1.59282764e+03, 7.36972868e-01,
            6.07947449e+02, 1.04280432e+03, 7.40362525e-01,
            6.08233521e+02, 1.32028943e+03, 8.08717012e-01,
            6.13297241e+02, 1.57190747e+03, 7.87370801e-01,
            4.87821960e+02, 4.82703156e+02, 8.93779695e-01,
            5.55515076e+02, 4.82685272e+02, 8.82118165e-01,
            4.66540497e+02, 5.08616882e+02, 8.27780008e-01,
            5.87129944e+02, 5.08634827e+02, 7.96633899e-01 ]
    }
}
