{
    "pose_0": {
        "type_id": "opencv-matrix",
        "rows": 1,
        "cols": 18,
        "dt": "3f",
        "data": [ 5.24189270e+02, 5.18739929e+02, 9.66234326e-01,
            5.24188416e+02, 6.55321167e+02, 9.41840112e-01,
            4.03940735e+02, 6.49810730e+02, 8.72888863e-01,
            3.04296417e+02, 7.33777283e+02, 7.42819011e-01,
            3.09298950e+02, 7.54766724e+02, 7.94522762e-01,
            6.44487549e+02, 6.70995850e+02, 8.45268488e-01,
            6.49996643e+02, 8.54383728e+02, 7.75233865e-01,
            6.08297180e+02, 9.64189209e+02, 2.99815625e-01,
            4.40460602e+02, 1.03251453e+03, 7.77024209e-01,
            4.82234467e+02, 1.32052856e+03, 8.16812217e-01,
            5.13765930e+02, 1.60333179e+03, 8.12612295e-01,
            5.97574890e+02, 1.01139337e+03, 7.58771539e-01,
            5.24524841e+02, 1.15276843e+03, 8.67637038e-01,
            5.76705933e+02, 1.37810779e+03, 7.97392845e-01,
            4.92872650e+02, 4.82610596e+02, 8.98314416e-01,
            5.55562317e+02, 4.82552399e+02, 8.96147668e-01,
            4.66677826e+02, 5.08543915e+02, 8.60883236e-01,
            5.87178040e+02, 5.08440460e+02, 8.19076180e-01 ]
    }
}
