{
    "pose_0": {
        "type_id": "opencv-matrix",
        "rows": 1,
        "cols": 18,
        "dt": "3f",
        "data": [ 5.55760681e+02, 5.19267151e+02, 9.60636020e-01,
            5.60736267e+02, 6.76189514e+02, 8.94266427e-01,
            4.40248871e+02, 6.76134888e+02, 8.73759151e-01,
            3.77516235e+02, 8.59302917e+02, 8.23992908e-01,
            3.40965912e+02, 1.02164856e+03, 8.58124614e-01,
            6.71003723e+02, 6.70906738e+02, 8.05307627e-01,
            7.44214844e+02, 8.22905884e+02, 7.81932712e-01,
            7.75601318e+02, 9.64192017e+02, 8.11749279e-01,
            4.77002533e+02, 1.04287854e+03, 7.26158261e-01,
            4.92941864e+02, 1.32028882e+03, 8.12856734e-01,
            5.13741272e+02, 1.57706189e+03, 7.79259503e-01,
            6.34187256e+02, 1.04278662e+03, 6.82408750e-01,
            6.18577759e+02, 1.31527649e+03, 7.95305848e-01,
            6.13424988e+02, 1.57166882e+03, 7.85719752e-01,
            5.24223022e+02, 4.92814575e+02, 9.30874705e-01,
            5.71587708e+02, 4.92852112e+02, 8.68002236e-01,
            4.87554474e+02, 5.13855347e+02, 9.08818364e-01,
            6.08377319e+02, 5.13851624e+02, 9.03824091e-01 ]
    }
}
