{
    "pose_0": {
        "type_id": "opencv-matrix",
        "rows": 1,
        "cols": 18,
        "dt": "3f",
        "data": [ 5.50342041e+02, 5.19014832e+02, 9.27299976e-01,
            5.24588379e+02, 6.60486633e+02, 9.05149281e-01,
            4.03934021e+02, 6.50109375e+02, 8.57924104e-01,
            2.31214539e+02, 6.50276611e+02, 8.60133767e-01,
            9.97549896e+01, 5.61097778e+02, 8.59065890e-01,
            6.50039124e+02, 6.81255310e+02, 8.86050582e-01,
            7.28387329e+02, 8.64873901e+02, 8.64239693e-01,
            8.12419006e+02, 9.79725464e+02, 7.89472699e-01,
            4.50964813e+02, 1.02198834e+03, 7.33921528e-01,
            4.61387085e+02, 1.27860266e+03, 7.80509949e-01,
            4.71773682e+02, 1.56144873e+03, 7.89177299e-01,
            6.08088013e+02, 1.02709460e+03, 7.51384258e-01,
            6.08163391e+02, 1.27870349e+03, 8.43084097e-01,
            6.13519409e+02, 1.54567102e+03, 7.93397009e-01,
            5.19295410e+02, 4.87554626e+02, 9.73508775e-01,
            5.66473999e+02, 4.87769928e+02, 8.92317116e-01,
            4.82524597e+02, 5.08590424e+02, 8.95401120e-01,
            6.07995300e+02, 5.13841614e+02, 9.28261280e-01 ]
    }
}
