{
    "pose_0": {
        "type_id": "opencv-matrix",
        "rows": 1,
        "cols": 18,
        "dt": "3f",
        "data": [ 5.66014404e+02, 5.29568237e+02, 9.51762140e-01,
            5.65962708e+02, 6.86893799e+02, 9.63497519e-01,
            4.45782654e+02, 6.86804260e+02, 8.75356197e-01,
            3.62026978e+02, 8.12459167e+02, 8.50431859e-01,
            3.19914246e+02, 8.96098877e+02, 8.79541636e-01,
            6.81408813e+02, 6.91719482e+02, 8.86387587e-01,
            7.70455627e+02, 8.28181396e+02, 8.47597599e-01,
            8.53984924e+02, 8.96116089e+02, 8.82256627e-01,
            4.87661835e+02, 1.05326074e+03, 7.34027624e-01,
            4.87548370e+02, 1.31506189e+03, 8.25195670e-01,
            4.87713257e+02, 1.57717542e+03, 7.93243825e-01,
            6.44731934e+02, 1.05325574e+03, 7.70667315e-01,
            6.49819092e+02, 1.31534753e+03, 8.70395660e-01,
            6.50164490e+02, 1.57179797e+03, 8.49305928e-01,
            5.34869019e+02, 5.18791565e+02, 8.99446845e-01,
            5.92477051e+02, 5.18787598e+02, 8.90507102e-01,
            5.13730164e+02, 5.24476074e+02, 8.82858813e-01,
            6.23801208e+02, 5.29509155e+02, 8.74414444e-01 ]
    }
}
