{
    "pose_0": {
        "type_id": "opencv-matrix",
        "rows": 1,
        "cols": 18,
        "dt": "3f",
        "data": [ 5.18968018e+02, 4.98202820e+02, 9.07548010e-01,
            5.24351990e+02, 6.55265381e+02, 9.21738923e-01,
            3.98618042e+02, 6.55308716e+02, 8.65580380e-01,
            3.20115387e+02, 8.38456970e+02, 7.91863859e-01,
            2.62485199e+02, 9.53859009e+02, 8.18499684e-01,
            6.50055786e+02, 6.50244751e+02, 8.66244256e-01,
            8.12333374e+02, 7.28348267e+02, 8.37916851e-01,
            9.43422607e+02, 6.44785461e+02, 8.19369614e-01,
            4.40591400e+02, 1.02182788e+03, 7.46256948e-01,
            4.40653564e+02, 1.27876099e+03, 8.04767907e-01,
            4.45898743e+02, 1.54571582e+03, 7.67924726e-01,
            6.02764465e+02, 1.02198987e+03, 7.52385974e-01,
            6.03095398e+02, 1.28382007e+03, 8.25405478e-01,
            6.08087158e+02, 1.53020496e+03, 8.43661129e-01,
            4.82633118e+02, 4.77202820e+02, 9.70981479e-01,
            5.39923157e+02, 4.77186279e+02, 8.86964798e-01,
            4.50954620e+02, 4.87579224e+02, 8.78360152e-01,
            5.71430115e+02, 4.87592010e+02, 8.99272859e-01 ]
    }
}
