{
    "pose_0": {
        "type_id": "opencv-matrix",
        "rows": 1,
        "cols": 18,
        "dt": "3f",
        "data": [ 5.60926392e+02, 5.45209900e+02, 9.04120505e-01,
            5.61146851e+02, 6.81479919e+02, 9.21212852e-01,
            4.51045380e+02, 6.81511108e+02, 8.10792148e-01,
            3.46178772e+02, 7.33745117e+02, 7.30346859e-01,
            3.62001068e+02, 7.49473572e+02, 8.36031854e-01,
            6.65763550e+02, 6.81338135e+02, 8.38600636e-01,
            7.39220154e+02, 7.86282837e+02, 7.37725735e-01,
            7.65149658e+02, 7.28441528e+02, 8.48159194e-01,
            4.82462250e+02, 1.03238989e+03, 7.51274467e-01,
            4.82546814e+02, 1.30477942e+03, 8.13362837e-01,
            4.82595459e+02, 1.58244824e+03, 7.93105066e-01,
            6.39593079e+02, 1.03755054e+03, 7.38905966e-01,
            6.44911438e+02, 1.31001538e+03, 8.37153614e-01,
            6.49822327e+02, 1.57179846e+03, 8.38978291e-01,
            5.24609802e+02, 5.19195496e+02, 9.43202615e-01,
            5.81890991e+02, 5.19225037e+02, 8.72863889e-01,
            4.98082977e+02, 5.29569519e+02, 8.29488575e-01,
            6.13438599e+02, 5.29679443e+02, 8.93534064e-01 ]
    }
}
