{
    "pose_0": {
        "type_id": "opencv-matrix",
        "rows": 1,
        "cols": 18,
        "dt": "3f",
        "data": [ 5.50453430e+02, 5.18729614e+02, 9.01966095e-01,
            5.50526306e+02, 6.60424133e+02, 8.65249157e-01,
            4.35194672e+02, 6.60453979e+02, 8.81826699e-01,
            3.51239563e+02, 7.86276245e+02, 8.40208948e-01,
            3.46176453e+02, 8.59676208e+02, 8.56081188e-01,
            6.55418762e+02, 6.55375488e+02, 8.42309356e-01,
            7.54728455e+02, 8.07208435e+02, 8.26518178e-01,
            7.70501038e+02, 8.59706421e+02, 9.62664545e-01,
            4.76965118e+02, 1.02701465e+03, 7.41413593e-01,
            4.77252014e+02, 1.27864380e+03, 8.37799668e-01,
            4.82351593e+02, 1.56128101e+03, 8.21782947e-01,
            6.23795166e+02, 1.02702368e+03, 7.39293754e-01,
            6.34251770e+02, 1.27857996e+03, 8.01908731e-01,
            6.44624878e+02, 1.54570520e+03, 8.01898599e-01,
            5.19277222e+02, 4.82539978e+02, 9.94598806e-01,
            5.66456482e+02, 4.82560272e+02, 9.18636978e-01,
            4.82549896e+02, 5.08532806e+02, 9.30216968e-01,
            6.07961609e+02, 5.08452515e+02, 8.84651184e-01 ]
    }
}
