{
    "pose_0": {
        "type_id": "opencv-matrix",
        "rows": 1,
        "cols": 18,
        "dt": "3f",
        "data": [ 5.66110229e+02, 5.29444275e+02, 9.43931460e-01,
            5.66312256e+02, 6.81336487e+02, 9.21948791e-01,
            4.56230011e+02, 6.81516174e+02, 8.39778304e-01,
            4.03870514e+02, 8.54349365e+02, 8.81538272e-01,
            4.03944061e+02, 1.00094666e+03, 8.33056033e-01,
            6.86666443e+02, 6.70958984e+02, 8.76295626e-01,
            7.70244385e+02, 8.01807617e+02, 8.20497692e-01,
            7.75565979e+02, 8.85739197e+02, 8.85304093e-01,
            4.92796204e+02, 1.04277722e+03, 7.22806513e-01,
            5.18897888e+02, 1.29431799e+03, 8.37240756e-01,
            5.13915039e+02, 1.49865540e+03, 7.83316970e-01,
            6.49919006e+02, 1.04284680e+03, 7.53844082e-01,
            6.44963257e+02, 1.32028918e+03, 8.74639630e-01,
            6.13511841e+02, 1.57710510e+03, 7.58417547e-01,
            5.39934387e+02, 5.13847961e+02, 8.74733269e-01,
            5.97452148e+02, 5.13686218e+02, 8.84945154e-01,
            5.13756592e+02, 5.24201904e+02, 8.90287161e-01,
            6.34163940e+02, 5.19288696e+02, 9.18269992e-01 ]
    }
}
