{
    "pose_0": {
        "type_id": "opencv-matrix",
        "rows": 1,
        "cols": 18,
        "dt": "3f",
        "data": [ 5.50456909e+02, 5.24560181e+02, 9.20194089e-01,
            5.55547974e+02, 6.86589478e+02, 9.02333975e-01,
            4.35148712e+02, 6.86465027e+02, 8.99232328e-01,
            3.67152130e+02, 8.54317932e+02, 8.65650177e-01,
            3.51199249e+02, 1.02177802e+03, 9.11840439e-01,
            6.60596985e+02, 6.86548401e+02, 8.58430743e-01,
            7.33653931e+02, 8.59462708e+02, 8.82731736e-01,
            7.60061523e+02, 1.02735339e+03, 8.55073094e-01,
            4.77297974e+02, 1.05855017e+03, 7.57164598e-01,
            4.82638916e+02, 1.32033069e+03, 8.62777054e-01,
            5.08475861e+02, 1.56661670e+03, 8.11777234e-01,
            6.39320007e+02, 1.05861108e+03, 7.31481314e-01,
            6.13419006e+02, 1.32033435e+03, 8.29246104e-01,
            6.13422424e+02, 1.57199719e+03, 8.03480625e-01,
            5.19174988e+02, 5.13762634e+02, 9.60013092e-01,
            5.66373901e+02, 5.13617310e+02, 9.07676339e-01,
            4.82596130e+02, 5.24335266e+02, 9.30678725e-01,
            6.07998779e+02, 5.24166260e+02, 9.52262878e-01 ]
    }
}
