{
    "pose_0": {
        "type_id": "opencv-matrix",
        "rows": 1,
        "cols": 18,
        "dt": "3f",
        "data": [ 5.19054993e+02, 5.08476013e+02, 9.20162082e-01,
            5.19207092e+02, 6.50181885e+02, 9.37226951e-01,
            3.98743469e+02, 6.50272644e+02, 8.70552063e-01,
            3.15042389e+02, 8.28133606e+02, 8.21583927e-01,
            2.57077179e+02, 9.48714417e+02, 8.12906861e-01,
            6.39580505e+02, 6.50074280e+02, 8.86972189e-01,
            7.70562012e+02, 7.75928833e+02, 9.18632030e-01,
            9.11937439e+02, 7.59997070e+02, 7.93255568e-01,
            4.40644287e+02, 1.01658081e+03, 7.34345675e-01,
            4.40719391e+02, 1.27853833e+03, 8.24321687e-01,
            4.45889984e+02, 1.55607117e+03, 7.76909947e-01,
            6.02714844e+02, 1.01666486e+03, 7.53976464e-01,
            6.02996216e+02, 1.27878735e+03, 8.41834545e-01,
            6.08001221e+02, 1.53519019e+03, 8.39266241e-01,
            4.87526794e+02, 4.77388153e+02, 9.57036972e-01,
            5.40035095e+02, 4.77362976e+02, 8.83022070e-01,
            4.56172028e+02, 4.87734039e+02, 8.36066663e-01,
            5.71506531e+02, 4.87808105e+02, 8.86843145e-01 ]
    }
}
