{
    "pose_0": {
        "type_id": "opencv-matrix",
        "rows": 1,
        "cols": 18,
        "dt": "3f",
        "data": [ 5.50391357e+02, 5.19189392e+02, 9.24216390e-01,
            5.55694458e+02, 6.76118286e+02, 8.75592232e-01,
            4.40410614e+02, 6.70914856e+02, 8.64337444e-01,
            3.20165283e+02, 8.07124451e+02, 7.95402050e-01,
            1.94368942e+02, 8.59615540e+02, 8.88660550e-01,
            6.55271301e+02, 6.76240356e+02, 8.49045098e-01,
            7.39105225e+02, 8.54481567e+02, 8.80454600e-01,
            8.48873779e+02, 9.48560669e+02, 8.46500337e-01,
            4.77152130e+02, 1.02710352e+03, 7.64429271e-01,
            4.77176208e+02, 1.28905872e+03, 8.01811278e-01,
            4.77220367e+02, 1.56640063e+03, 8.39792430e-01,
            6.23872009e+02, 1.02722693e+03, 7.22115695e-01,
            6.29030396e+02, 1.28902942e+03, 7.60762930e-01,
            6.39487366e+02, 1.56138342e+03, 7.83191681e-01,
            5.19150696e+02, 4.92956848e+02, 9.32252407e-01,
            5.66334839e+02, 4.87839020e+02, 9.21314538e-01,
            4.82523682e+02, 5.19042969e+02, 9.35437679e-01,
            6.07896423e+02, 5.18765808e+02, 9.29900408e-01 ]
    }
}
