{
    "pose_0": {
        "type_id": "opencv-matrix",
        "rows": 1,
        "cols": 18,
        "dt": "3f",
        "data": [ 5.24302856e+02, 5.13839355e+02, 9.54409719e-01,
            5.24185913e+02, 6.65626343e+02, 9.25804973e-01,
            4.03976898e+02, 6.60468628e+02, 8.42454374e-01,
            3.20175690e+02, 8.33410034e+02, 8.05484474e-01,
            2.41389175e+02, 9.53696594e+02, 8.25169086e-01,
            6.44575989e+02, 6.65730042e+02, 8.70319784e-01,
            7.28531860e+02, 8.54046204e+02, 9.06390488e-01,
            8.22837158e+02, 9.06786194e+02, 8.27938914e-01,
            4.40705109e+02, 1.02700330e+03, 7.41024137e-01,
            4.40787842e+02, 1.28896448e+03, 8.00239444e-01,
            4.50940277e+02, 1.56141492e+03, 8.13190699e-01,
            6.02770752e+02, 1.02720007e+03, 7.69435942e-01,
            6.07866516e+02, 1.28914319e+03, 8.09905946e-01,
            6.08177246e+02, 1.55607715e+03, 8.25965822e-01,
            5.03254974e+02, 4.82575562e+02, 8.89747381e-01,
            5.55781738e+02, 4.82625854e+02, 9.24346149e-01,
            4.71960663e+02, 5.08484863e+02, 8.76732826e-01,
            5.92249329e+02, 5.13725159e+02, 8.49081755e-01 ]
    }
}
