{
    "pose_0": {
        "type_id": "opencv-matrix",
        "rows": 1,
        "cols": 18,
        "dt": "3f",
        "data": [ 5.50552979e+02, 5.19284973e+02, 9.34811175e-01,
            5.55774475e+02, 6.76198120e+02, 8.83765221e-01,
            4.40371368e+02, 6.76150818e+02, 8.65543127e-01,
            3.56771729e+02, 8.28094482e+02, 8.39252651e-01,
            2.88538055e+02, 9.48551697e+02, 8.26557577e-01,
            6.55418640e+02, 6.71028259e+02, 8.30117822e-01,
            7.44376465e+02, 8.49004333e+02, 8.23253870e-01,
            8.43760437e+02, 9.48572815e+02, 8.41918170e-01,
            4.77232788e+02, 1.02704016e+03, 7.41653621e-01,
            4.77283966e+02, 1.28389844e+03, 8.16703498e-01,
            4.82255066e+02, 1.56654895e+03, 8.48495722e-01,
            6.28995361e+02, 1.02715833e+03, 7.18240976e-01,
            6.39310120e+02, 1.28384753e+03, 7.79610395e-01,
            6.44624878e+02, 1.55607629e+03, 7.91369319e-01,
            5.19235291e+02, 4.92945221e+02, 9.36573744e-01,
            5.66431580e+02, 4.87858398e+02, 9.06064034e-01,
            4.82575348e+02, 5.18801086e+02, 9.31427836e-01,
            6.08037781e+02, 5.13765076e+02, 9.25768733e-01 ]
    }
}
