{
    "pose_0": {
        "type_id": "opencv-matrix",
        "rows": 1,
        "cols": 18,
        "dt": "3f",
        "data": [ 5.50495972e+02, 5.19262939e+02, 9.28780437e-01,
            5.55544373e+02, 6.81212219e+02, 8.67935956e-01,
            4.35408081e+02, 6.76195740e+02, 8.59534025e-01,
            3.04389343e+02, 7.86203003e+02, 8.01742435e-01,
            1.78555725e+02, 8.28199463e+02, 8.16844404e-01,
            6.55283875e+02, 6.81287109e+02, 8.52275491e-01,
            7.34042969e+02, 8.59434387e+02, 8.96003366e-01,
            8.33391846e+02, 9.53705505e+02, 8.17702532e-01,
            4.77049591e+02, 1.02732495e+03, 7.47759044e-01,
            4.77034576e+02, 1.28909827e+03, 7.94914901e-01,
            4.77156494e+02, 1.56146582e+03, 8.29050183e-01,
            6.18692810e+02, 1.03248230e+03, 7.04838574e-01,
            6.23813782e+02, 1.29425110e+03, 7.62818158e-01,
            6.34339600e+02, 1.56121436e+03, 7.71231830e-01,
            5.19286621e+02, 4.92955048e+02, 9.32075739e-01,
            5.66416199e+02, 4.92876801e+02, 8.97590637e-01,
            4.82661499e+02, 5.18867249e+02, 9.02713299e-01,
            6.07933533e+02, 5.18775391e+02, 9.23735142e-01 ]
    }
}
