{
    "pose_0": {
        "type_id": "opencv-matrix",
        "rows": 1,
        "cols": 18,
        "dt": "3f",
        "data": [ 5.60979614e+02, 5.18804993e+02, 9.66846645e-01,
            5.65947693e+02, 6.60540710e+02, 9.07273591e-01,
            4.40565460e+02, 6.60566223e+02, 8.58544350e-01,
            3.87909241e+02, 8.38492249e+02, 7.93593943e-01,
            3.30572662e+02, 9.95672607e+02, 8.19031954e-01,
            6.86543335e+02, 6.55371277e+02, 8.80119741e-01,
            7.59904236e+02, 8.22803833e+02, 7.92043746e-01,
            7.70663086e+02, 9.69434937e+02, 8.18535924e-01,
            4.82383698e+02, 1.03239539e+03, 7.47945547e-01,
            4.92995422e+02, 1.31522876e+03, 7.96057820e-01,
            4.98086884e+02, 1.58243066e+03, 7.56531358e-01,
            6.44782715e+02, 1.03759753e+03, 7.39835620e-01,
            6.18668030e+02, 1.32032483e+03, 8.02112639e-01,
            6.08173218e+02, 1.59289490e+03, 7.77529001e-01,
            5.29425110e+02, 4.82552002e+02, 9.34338987e-01,
            5.87132080e+02, 4.82581512e+02, 8.69956732e-01,
            4.98087250e+02, 5.08425598e+02, 8.00886393e-01,
            6.18662476e+02, 5.03375671e+02, 8.19366813e-01 ]
    }
}
