{
    "pose_0": {
        "type_id": "opencv-matrix",
        "rows": 1,
        "cols": 18,
        "dt": "3f",
        "data": [ 5.13903503e+02, 5.03236359e+02, 8.95817161e-01,
            5.39992126e+02, 6.50253418e+02, 8.69650245e-01,
            3.98692352e+02, 6.55192322e+02, 8.63662124e-01,
            3.46079895e+02, 8.33413513e+02, 7.94414222e-01,
            2.73159241e+02, 9.74773254e+02, 8.14952135e-01,
            6.86587524e+02, 6.50214783e+02, 8.14963818e-01,
            8.38614502e+02, 6.50207092e+02, 7.62475967e-01,
            9.43286682e+02, 5.45184570e+02, 7.96675324e-01,
            4.40643555e+02, 1.02174847e+03, 7.55610049e-01,
            4.40710602e+02, 1.28368323e+03, 8.17022502e-01,
            4.50874115e+02, 1.55083008e+03, 7.70770907e-01,
            6.02854797e+02, 1.02194885e+03, 7.65221477e-01,
            6.03087158e+02, 1.27874353e+03, 8.35921824e-01,
            6.08110901e+02, 1.53513794e+03, 8.39990199e-01,
            4.82366669e+02, 4.77210815e+02, 9.91523981e-01,
            5.29711792e+02, 4.77102081e+02, 9.07832146e-01,
            4.45899902e+02, 4.82676025e+02, 8.65835190e-01,
            5.71430603e+02, 4.82584900e+02, 9.26020086e-01 ]
    }
}
