{
    "pose_0": {
        "type_id": "opencv-matrix",
        "rows": 1,
        "cols": 18,
        "dt": "3f",
        "data": [ 5.60725281e+02, 5.29688171e+02, 9.26924407e-01,
            5.65941589e+02, 6.86659119e+02, 9.55721617e-01,
            4.40689728e+02, 6.86695190e+02, 8.61185431e-01,
            3.40999573e+02, 7.75536621e+02, 7.14594662e-01,
            3.14860687e+02, 8.07026672e+02, 7.24545181e-01,
            6.86575256e+02, 6.86537659e+02, 8.94556522e-01,
            7.80941589e+02, 8.49078430e+02, 7.41448581e-01,
            8.22759766e+02, 8.07039551e+02, 8.03681195e-01,
            4.82321472e+02, 1.05322778e+03, 7.44272768e-01,
            4.82466583e+02, 1.31507605e+03, 8.39545548e-01,
            4.82585419e+02, 1.57704907e+03, 8.21051002e-01,
            6.44470337e+02, 1.05336780e+03, 7.25366712e-01,
            6.44800781e+02, 1.31493677e+03, 8.37780952e-01,
            6.45002014e+02, 1.56646960e+03, 8.50666761e-01,
            5.24433716e+02, 5.18799438e+02, 9.69560266e-01,
            5.76625610e+02, 5.18784424e+02, 8.87589335e-01,
            4.92783997e+02, 5.24249023e+02, 8.80781472e-01,
            6.08364624e+02, 5.24302002e+02, 9.32615221e-01 ]
    }
}
