{
    "pose_0": {
        "type_id": "opencv-matrix",
        "rows": 1,
        "cols": 18,
        "dt": "3f",
        "data": [ 5.61190857e+02, 5.29712097e+02, 9.46361899e-01,
            5.66168274e+02, 6.86775146e+02, 9.70391333e-01,
            4.50933258e+02, 6.86883423e+02, 8.43024611e-01,
            3.56841461e+02, 7.70670349e+02, 8.61166477e-01,
            3.14566437e+02, 8.12357239e+02, 8.70651364e-01,
            6.86586426e+02, 6.86697693e+02, 8.99042249e-01,
            7.80960022e+02, 8.43706848e+02, 7.71810055e-01,
            8.33343689e+02, 8.17501709e+02, 7.79213965e-01,
            4.87649170e+02, 1.05328601e+03, 7.16948450e-01,
            4.82666931e+02, 1.31518677e+03, 8.23377848e-01,
            4.87649292e+02, 1.57714612e+03, 8.03467095e-01,
            6.44871338e+02, 1.05335376e+03, 7.64023006e-01,
            6.49861450e+02, 1.31532410e+03, 8.76324296e-01,
            6.50053467e+02, 1.57174146e+03, 8.60112250e-01,
            5.34697632e+02, 5.18926514e+02, 9.27164435e-01,
            5.92273682e+02, 5.18890808e+02, 8.93279314e-01,
            5.13638550e+02, 5.24589783e+02, 8.49117041e-01,
            6.18647339e+02, 5.29482971e+02, 8.77822816e-01 ]
    }
}
