{
    "pose_0": {
        "type_id": "opencv-matrix",
        "rows": 1,
        "cols": 18,
        "dt": "3f",
        "data": [ 5.66111328e+02, 5.24524963e+02, 9.53608751e-01,
            5.66423767e+02, 6.76243774e+02, 9.10859346e-01,
            4.61508514e+02, 6.81461304e+02, 8.45739424e-01,
            4.24755005e+02, 8.59340393e+02, 8.08367908e-01,
            4.45634644e+02, 9.74635315e+02, 6.08541250e-01,
            6.86731323e+02, 6.60599670e+02, 8.79480898e-01,
            7.70338135e+02, 7.70383301e+02, 8.49060237e-01,
            7.75642090e+02, 8.17602173e+02, 9.29462910e-01,
            4.92812714e+02, 1.02179498e+03, 7.55822539e-01,
            5.24062378e+02, 1.24717603e+03, 8.37573528e-01,
            5.18946167e+02, 1.45141577e+03, 8.36995006e-01,
            6.49921875e+02, 1.03227148e+03, 7.59644270e-01,
            6.44914978e+02, 1.31511230e+03, 8.68881702e-01,
            6.13509766e+02, 1.57719421e+03, 7.23094642e-01,
            5.39954590e+02, 5.13645691e+02, 8.64558280e-01,
            5.97481689e+02, 5.13602844e+02, 8.82939458e-01,
            5.13740540e+02, 5.19105896e+02, 8.70428443e-01,
            6.34191589e+02, 5.19198120e+02, 9.10525262e-01 ]
    }
}
