{
    "pose_0": {
        "type_id": "opencv-matrix",
        "rows": 1,
        "cols": 18,
        "dt": "3f",
        "data": [ 5.18832520e+02, 4.40412018e+02, 9.72010911e-01,
            5.19146973e+02, 6.02764832e+02, 9.29929376e-01,
            3.93438629e+02, 6.02683105e+02, 8.78507257e-01,
            2.31163910e+02, 7.33809204e+02, 8.36065888e-01,
            1.00182159e+02, 7.49552307e+02, 7.72878170e-01,
            6.44836914e+02, 6.02831909e+02, 8.76081407e-01,
            7.81045654e+02, 7.33862183e+02, 8.77776802e-01,
            9.17064575e+02, 7.54699829e+02, 7.95119405e-01,
            4.40465149e+02, 9.69432251e+02, 7.31681526e-01,
            4.40700928e+02, 1.23132312e+03, 8.35145593e-01,
            4.45655670e+02, 1.49336108e+03, 8.31714749e-01,
            6.02698608e+02, 9.74700378e+02, 7.35578656e-01,
            6.02987732e+02, 1.23150134e+03, 8.54240894e-01,
            6.07929199e+02, 1.48298450e+03, 8.58613133e-01,
            4.82468903e+02, 4.14252167e+02, 9.11950588e-01,
            5.34772339e+02, 4.14303314e+02, 8.35446835e-01,
            4.45840973e+02, 4.34941925e+02, 8.70916963e-01,
            5.71388428e+02, 4.35079498e+02, 8.94999623e-01 ]
    }
}
