{
    "pose_0": {
        "type_id": "opencv-matrix",
        "rows": 1,
        "cols": 18,
        "dt": "3f",
        "data": [ 5.65954468e+02, 5.18839844e+02, 9.78391051e-01,
            5.66379395e+02, 6.60548889e+02, 9.05351818e-01,
            4.50974243e+02, 6.70871338e+02, 8.24580491e-01,
            4.03977509e+02, 8.59602905e+02, 8.37526739e-01,
            3.93349121e+02, 1.02200635e+03, 9.04303670e-01,
            6.91681763e+02, 6.55244507e+02, 9.03796375e-01,
            7.75586731e+02, 7.96613342e+02, 7.54916906e-01,
            7.75815613e+02, 8.49087097e+02, 8.03100109e-01,
            4.82663055e+02, 1.02701721e+03, 7.68490970e-01,
            5.19003845e+02, 1.26284583e+03, 8.11283708e-01,
            4.92778412e+02, 1.48264673e+03, 8.01380754e-01,
            6.49834106e+02, 1.03767786e+03, 7.64221191e-01,
            6.23843933e+02, 1.31537341e+03, 8.17894161e-01,
            6.08219971e+02, 1.60315247e+03, 7.74642587e-01,
            5.29749878e+02, 4.82610565e+02, 9.05147135e-01,
            5.92473755e+02, 4.82631409e+02, 8.93307626e-01,
            5.08600464e+02, 5.03367950e+02, 7.94386566e-01,
            6.34244812e+02, 5.08505432e+02, 8.42431664e-01 ]
    }
}
