{
    "pose_0": {
        "type_id": "opencv-matrix",
        "rows": 1,
        "cols": 18,
        "dt": "3f",
        "data": [ 5.29493469e+02, 4.92825500e+02, 9.04235244e-01,
            5.24361389e+02, 6.50108154e+02, 9.43449974e-01,
            4.03774689e+02, 6.49902893e+02, 8.78197253e-01,
            3.51420380e+02, 8.43817139e+02, 8.29411149e-01,
            3.40832886e+02, 1.00614966e+03, 8.14214468e-01,
            6.49793274e+02, 6.50124756e+02, 9.20798957e-01,
            7.18046204e+02, 8.17826599e+02, 8.60189259e-01,
            7.65061890e+02, 9.74563599e+02, 8.37983429e-01,
            4.45775879e+02, 1.03235107e+03, 7.15905309e-01,
            4.66697723e+02, 1.32063879e+03, 7.57592738e-01,
            4.92761139e+02, 1.60312915e+03, 7.81028807e-01,
            6.08191589e+02, 1.03231995e+03, 7.59417713e-01,
            6.08008118e+02, 1.32035315e+03, 8.52951169e-01,
            6.18627991e+02, 1.58757678e+03, 7.64876783e-01,
            5.13678101e+02, 4.76928833e+02, 9.22487438e-01,
            5.60953857e+02, 4.77023956e+02, 9.60983753e-01,
            4.76889038e+02, 4.82523071e+02, 9.58337963e-01,
            5.97670105e+02, 4.87649414e+02, 8.83198738e-01 ]
    }
}
