{
    "pose_0": {
        "type_id": "opencv-matrix",
        "rows": 1,
        "cols": 18,
        "dt": "3f",
        "data": [ 5.19148010e+02, 4.92797485e+02, 9.33345675e-01,
            5.29723938e+02, 6.50073730e+02, 9.04619098e-01,
            3.98747864e+02, 6.50183228e+02, 8.81217301e-01,
            3.30404266e+02, 8.28057922e+02, 7.99559355e-01,
            2.46782013e+02, 9.38141357e+02, 8.62850666e-01,
            6.70901428e+02, 6.50048950e+02, 8.12341809e-01,
            8.27999023e+02, 7.18060120e+02, 7.80086935e-01,
            9.48698059e+02, 6.49996399e+02, 8.05747926e-01,
            4.40622711e+02, 1.01649481e+03, 7.44644046e-01,
            4.40672363e+02, 1.27837891e+03, 8.18490863e-01,
            4.50977814e+02, 1.53515503e+03, 7.93590307e-01,
            6.02906494e+02, 1.01665710e+03, 7.51288652e-01,
            6.07865112e+02, 1.27849939e+03, 8.56872380e-01,
            6.08343567e+02, 1.52982031e+03, 8.41878295e-01,
            4.87631958e+02, 4.76981659e+02, 9.48069453e-01,
            5.45242065e+02, 4.76935883e+02, 8.80919814e-01,
            4.61379791e+02, 4.82507080e+02, 8.62067342e-01,
            5.76693665e+02, 4.82584351e+02, 9.08110559e-01 ]
    }
}
