{
    "pose_0": {
        "type_id": "opencv-matrix",
        "rows": 1,
        "cols": 18,
        "dt": "3f",
        "data": [ 5.60647034e+02, 5.29472046e+02, 9.40446913e-01,
            5.60878906e+02, 6.86404968e+02, 9.23958659e-01,
            4.40516876e+02, 6.86463745e+02, 8.79501343e-01,
            3.51425751e+02, 7.75526855e+02, 8.53152573e-01,
            3.14645538e+02, 8.17416321e+02, 8.89860749e-01,
            6.76255249e+02, 6.81519043e+02, 8.36917520e-01,
            7.70202271e+02, 8.12260925e+02, 7.35821068e-01,
            8.07173889e+02, 8.17668335e+02, 8.65309179e-01,
            4.82242340e+02, 1.04275562e+03, 7.43471742e-01,
            4.82360107e+02, 1.30479956e+03, 8.17229629e-01,
            4.82479675e+02, 1.57198914e+03, 8.50671768e-01,
            6.39510132e+02, 1.03767908e+03, 7.23712087e-01,
            6.44628662e+02, 1.30979077e+03, 8.03914189e-01,
            6.44861206e+02, 1.56650830e+03, 8.29860926e-01,
            5.24383484e+02, 5.13722473e+02, 9.49954391e-01,
            5.71626892e+02, 5.13791199e+02, 8.81898761e-01,
            4.87809692e+02, 5.19171143e+02, 8.85246515e-01,
            6.08356812e+02, 5.24160950e+02, 9.47542608e-01 ]
    }
}
