{
    "pose_0": {
        "type_id": "opencv-matrix",
        "rows": 1,
        "cols": 18,
        "dt": "3f",
        "data": [ 5.55578247e+02, 5.13900024e+02, 9.10059631e-01,
            5.60795227e+02, 6.76037476e+02, 8.87726486e-01,
            4.35383545e+02, 6.65784546e+02, 8.58814418e-01,
            3.56675110e+02, 8.22971558e+02, 8.04175913e-01,
            3.14762299e+02, 9.43589172e+02, 8.57010841e-01,
            6.81280151e+02, 6.76090942e+02, 8.27909172e-01,
            7.33808777e+02, 8.54161316e+02, 8.50590229e-01,
            7.60049744e+02, 1.01674359e+03, 8.36460769e-01,
            4.77234833e+02, 1.05326038e+03, 7.40279496e-01,
            4.87809387e+02, 1.32037976e+03, 8.00115287e-01,
            5.03412750e+02, 1.59795361e+03, 7.52300978e-01,
            6.39388733e+02, 1.05845264e+03, 7.19515681e-01,
            6.13520691e+02, 1.32034229e+03, 7.81777859e-01,
            6.08202332e+02, 1.58755603e+03, 7.63252020e-01,
            5.19301208e+02, 4.82462708e+02, 9.94205415e-01,
            5.71553589e+02, 4.82459625e+02, 8.94219816e-01,
            4.82642609e+02, 5.13652954e+02, 8.62593889e-01,
            6.13286377e+02, 5.08512787e+02, 8.61958206e-01 ]
    }
}
