{
    "pose_0": {
        "type_id": "opencv-matrix",
        "rows": 1,
        "cols": 18,
        "dt": "3f",
        "data": [ 5.55574097e+02, 5.19251892e+02, 9.46061254e-01,
            5.55767761e+02, 6.76271973e+02, 8.81927013e-01,
            4.40325073e+02, 6.81279907e+02, 8.72423589e-01,
            3.56849274e+02, 8.43735474e+02, 8.23633909e-01,
            2.73148529e+02, 9.58976257e+02, 8.28424335e-01,
            6.60401184e+02, 6.71012451e+02, 8.25304687e-01,
            7.54677185e+02, 8.49087891e+02, 8.19609523e-01,
            8.54077148e+02, 9.48636963e+02, 8.77895713e-01,
            4.77225739e+02, 1.02719763e+03, 7.45406687e-01,
            4.77195465e+02, 1.28376306e+03, 8.22911918e-01,
            4.82275940e+02, 1.56650195e+03, 8.52204561e-01,
            6.28942139e+02, 1.02725806e+03, 7.14995503e-01,
            6.34275757e+02, 1.28390698e+03, 7.63344586e-01,
            6.44566528e+02, 1.55612549e+03, 7.96997249e-01,
            5.24112183e+02, 4.92844025e+02, 9.38247144e-01,
            5.71355225e+02, 4.92832214e+02, 8.87009978e-01,
            4.82667328e+02, 5.18763550e+02, 9.07626808e-01,
            6.08084778e+02, 5.18738708e+02, 9.22951460e-01 ]
    }
}
