{
    "pose_0": {
        "type_id": "opencv-matrix",
        "rows": 1,
        "cols": 18,
        "dt": "3f",
        "data": [ 5.18930481e+02, 4.40496735e+02, 9.79204178e-01,
            5.19182129e+02, 6.02827393e+02, 9.47797596e-01,
            3.98671143e+02, 6.02699646e+02, 8.87830615e-01,
            2.98977142e+02, 7.70273865e+02, 8.17748606e-01,
            1.83981934e+02, 8.48872070e+02, 8.77820611e-01,
            6.39481506e+02, 6.02867371e+02, 8.80413234e-01,
            7.39125305e+02, 7.70516357e+02, 8.88669610e-01,
            8.54416321e+02, 8.48992004e+02, 8.80499303e-01,
            4.40482544e+02, 9.64320557e+02, 7.33718038e-01,
            4.40715240e+02, 1.23136560e+03, 8.29222977e-01,
            4.45761597e+02, 1.49322302e+03, 7.96505392e-01,
            6.02686462e+02, 9.69446655e+02, 7.38834858e-01,
            6.03018616e+02, 1.23158240e+03, 8.60004067e-01,
            6.08093384e+02, 1.48823413e+03, 8.32470119e-01,
            4.82597992e+02, 4.19456421e+02, 9.08608317e-01,
            5.39932495e+02, 4.19537842e+02, 8.27941895e-01,
            4.50990021e+02, 4.35116882e+02, 8.52515459e-01,
            5.71460876e+02, 4.35337616e+02, 9.09235477e-01 ]
    }
}
