{
    "pose_0": {
        "type_id": "opencv-matrix",
        "rows": 1,
        "cols": 18,
        "dt": "3f",
        "data": [ 5.55731201e+02, 5.19293945e+02, 9.61337090e-01,
            5.60963562e+02, 6.70876587e+02, 9.01987255e-01,
            4.40557068e+02, 6.76146484e+02, 8.57175171e-01,
            3.98834534e+02, 8.54325439e+02, 8.19733858e-01,
            4.35100525e+02, 9.85205261e+02, 6.90665364e-01,
            6.76240540e+02, 6.60420776e+02, 8.23252678e-01,
            7.70422913e+02, 7.80875732e+02, 7.42930412e-01,
            7.75520508e+02, 8.17849976e+02, 8.26327980e-01,
            4.82393951e+02, 1.03762659e+03, 7.38785505e-01,
            4.87616974e+02, 1.31002307e+03, 8.46835911e-01,
            4.98052155e+02, 1.54570715e+03, 7.70892978e-01,
            6.44666321e+02, 1.03757825e+03, 7.43215382e-01,
            6.39447266e+02, 1.32046765e+03, 8.17372262e-01,
            6.13302612e+02, 1.59801770e+03, 7.61650324e-01,
            5.24181763e+02, 4.92817352e+02, 9.30647910e-01,
            5.71554993e+02, 4.92863129e+02, 8.68301928e-01,
            4.87563690e+02, 5.13766785e+02, 8.93753350e-01,
            6.13239380e+02, 5.13776611e+02, 8.96662533e-01 ]
    }
}
