{
    "pose_0": {
        "type_id": "opencv-matrix",
        "rows": 1,
        "cols": 18,
        "dt": "3f",
        "data": [ 5.61188599e+02, 5.19014221e+02, 9.85712945e-01,
            5.66147095e+02, 6.70844543e+02, 9.12881076e-01,
            4.50909302e+02, 6.76246460e+02, 8.30354095e-01,
            4.03907013e+02, 8.59350891e+02, 8.62520337e-01,
            3.98667297e+02, 1.01146783e+03, 8.83507967e-01,
            6.86528076e+02, 6.55367615e+02, 8.86353314e-01,
            7.70277771e+02, 7.75784546e+02, 7.46997178e-01,
            7.75755981e+02, 8.22825806e+02, 8.26715767e-01,
            4.82495789e+02, 1.03758679e+03, 7.62334824e-01,
            5.13666504e+02, 1.29943188e+03, 8.06236863e-01,
            4.98176453e+02, 1.53514441e+03, 7.87312150e-01,
            6.44855591e+02, 1.04805750e+03, 7.57132471e-01,
            6.39427551e+02, 1.32029358e+03, 8.33386421e-01,
            6.13385803e+02, 1.58235510e+03, 7.50147939e-01,
            5.29731995e+02, 4.87641846e+02, 8.91546249e-01,
            5.92423828e+02, 4.87704407e+02, 8.74360919e-01,
            5.08481781e+02, 5.13646118e+02, 8.24733615e-01,
            6.28934265e+02, 5.13845276e+02, 8.33342552e-01 ]
    }
}
