{
    "pose_0": {
        "type_id": "opencv-matrix",
        "rows": 1,
        "cols": 18,
        "dt": "3f",
        "data": [ 5.29733704e+02, 5.34853210e+02, 8.93822908e-01,
            5.34666077e+02, 6.86853760e+02, 9.04794097e-01,
            4.29862823e+02, 6.86778809e+02, 8.75381172e-01,
            3.56797882e+02, 8.59283752e+02, 9.08237040e-01,
            3.46136078e+02, 1.01139703e+03, 8.76222789e-01,
            6.49946411e+02, 6.86865295e+02, 9.16454554e-01,
            7.12740662e+02, 8.59605591e+02, 8.42118204e-01,
            7.28299927e+02, 1.02185425e+03, 9.03306127e-01,
            4.50996704e+02, 1.04810986e+03, 7.29333818e-01,
            4.77097351e+02, 1.31527075e+03, 8.36736023e-01,
            4.87703674e+02, 1.57199646e+03, 8.17338228e-01,
            6.08299683e+02, 1.05332703e+03, 7.58112192e-01,
            6.28952637e+02, 1.31495496e+03, 8.11824203e-01,
            6.50103943e+02, 1.56682629e+03, 8.64586711e-01,
            5.18728149e+02, 5.18972534e+02, 9.57939684e-01,
            5.61146362e+02, 5.18999695e+02, 9.79680598e-01,
            4.77267059e+02, 5.24596252e+02, 9.37069058e-01,
            6.02647217e+02, 5.29548096e+02, 8.82441044e-01 ]
    }
}
