{
    "pose_0": {
        "type_id": "opencv-matrix",
        "rows": 1,
        "cols": 18,
        "dt": "3f",
        "data": [ 5.29534668e+02, 5.08492645e+02, 9.04260695e-01,
            5.34682190e+02, 6.65769104e+02, 8.61100733e-01,
            4.19517609e+02, 6.55248230e+02, 8.46992254e-01,
            3.09499939e+02, 8.07095886e+02, 6.54335797e-01,
            3.30445526e+02, 7.81033997e+02, 6.02973342e-01,
            6.50113953e+02, 6.81336670e+02, 8.77893806e-01,
            7.07564636e+02, 8.59461365e+02, 8.30714166e-01,
            6.91797363e+02, 1.02184607e+03, 8.43482137e-01,
            4.45813385e+02, 1.05335559e+03, 7.32688308e-01,
            4.66688232e+02, 1.32562585e+03, 7.76952207e-01,
            5.03242432e+02, 1.60831824e+03, 7.51280308e-01,
            6.08233154e+02, 1.05335999e+03, 7.31553912e-01,
            6.08217834e+02, 1.32073718e+03, 8.63634884e-01,
            6.13432495e+02, 1.57200977e+03, 7.87369668e-01,
            5.13589355e+02, 4.82223633e+02, 9.37615454e-01,
            5.61039063e+02, 4.82164886e+02, 9.65379596e-01,
            4.77031097e+02, 5.08541443e+02, 9.16257381e-01,
            6.02758850e+02, 5.08606781e+02, 9.19088960e-01 ]
    }
}
