{
    "pose_0": {
        "type_id": "opencv-matrix",
        "rows": 1,
        "cols": 18,
        "dt": "3f",
        "data": [ 5.24431641e+02, 5.13920654e+02, 9.38736320e-01,
            5.24545288e+02, 6.71026672e+02, 9.06019568e-01,
            4.09026093e+02, 6.60387085e+02, 8.37361991e-01,
            3.20019531e+02, 7.80942993e+02, 7.05810547e-01,
            3.09538269e+02, 8.43728577e+02, 7.55782008e-01,
            6.49831787e+02, 6.81272095e+02, 8.94556284e-01,
            7.02374084e+02, 8.59768555e+02, 8.18338931e-01,
            6.91975708e+02, 1.01668390e+03, 8.71988595e-01,
            4.45920135e+02, 1.03760327e+03, 7.30106294e-01,
            4.61448059e+02, 1.31513733e+03, 7.85499156e-01,
            5.08628479e+02, 1.58756445e+03, 7.59151578e-01,
            6.08117859e+02, 1.03241968e+03, 7.63850212e-01,
            5.66404968e+02, 1.28387646e+03, 8.32455337e-01,
            6.08175415e+02, 1.54039722e+03, 7.58321941e-01,
            5.03370819e+02, 4.82588379e+02, 8.86320293e-01,
            5.60781799e+02, 4.82587982e+02, 9.42981720e-01,
            4.71991486e+02, 5.08660034e+02, 9.12696600e-01,
            5.97604309e+02, 5.13651489e+02, 8.89838934e-01 ]
    }
}
