{
    "pose_0": {
        "type_id": "opencv-matrix",
        "rows": 1,
        "cols": 18,
        "dt": "3f",
        "data": [ 5.45327637e+02, 5.13825317e+02, 8.97764683e-01,
            5.60652222e+02, 6.50064514e+02, 9.32040632e-01,
            4.40307190e+02, 6.50248169e+02, 8.92234385e-01,
            3.25171021e+02, 7.33608521e+02, 7.64704347e-01,
            3.20146881e+02, 7.70250061e+02, 8.52596641e-01,
            6.65692993e+02, 6.49955872e+02, 8.68849754e-01,
            7.70423828e+02, 7.75756470e+02, 6.13943517e-01,
            7.70351013e+02, 7.75522217e+02, 7.83425927e-01,
            4.77003052e+02, 1.02168463e+03, 7.48280287e-01,
            4.77205414e+02, 1.27855981e+03, 8.38752925e-01,
            4.82414215e+02, 1.55611243e+03, 8.03212821e-01,
            6.23832825e+02, 1.02187781e+03, 7.21512794e-01,
            6.34234253e+02, 1.27870557e+03, 7.80836344e-01,
            6.44604065e+02, 1.54559668e+03, 7.94024229e-01,
            5.19179871e+02, 4.82480713e+02, 1.01831520e+00,
            5.66322937e+02, 4.82503448e+02, 9.43147421e-01,
            4.82499329e+02, 5.08485168e+02, 9.41875339e-01,
            6.07880249e+02, 5.03413391e+02, 8.97570372e-01 ]
    }
}
