{
    "pose_0": {
        "type_id": "opencv-matrix",
        "rows": 1,
        "cols": 18,
        "dt": "3f",
        "data": [ 5.19096313e+02, 4.40707214e+02, 9.69856024e-01,
            5.19259216e+02, 6.02832886e+02, 9.43093896e-01,
            3.98552734e+02, 6.02731934e+02, 8.86693239e-01,
            2.62426178e+02, 7.39165161e+02, 7.96948373e-01,
            1.20953171e+02, 7.91391724e+02, 7.49838889e-01,
            6.44665466e+02, 6.02856628e+02, 8.94754529e-01,
            7.65270569e+02, 7.54815796e+02, 8.52464139e-01,
            8.96319702e+02, 8.12441895e+02, 9.14105237e-01,
            4.40575378e+02, 9.64279297e+02, 7.25819111e-01,
            4.40670166e+02, 1.23655640e+03, 8.26774001e-01,
            4.50896088e+02, 1.49864648e+03, 7.79257715e-01,
            6.02753113e+02, 9.74656921e+02, 7.46991873e-01,
            6.07926697e+02, 1.23657690e+03, 8.66859019e-01,
            6.08141724e+02, 1.49332214e+03, 8.43289554e-01,
            4.87621124e+02, 4.24791473e+02, 9.00468886e-01,
            5.45241882e+02, 4.24819946e+02, 8.47303212e-01,
            4.61396027e+02, 4.35331360e+02, 8.35351706e-01,
            5.76634827e+02, 4.40266510e+02, 8.98129642e-01 ]
    }
}
