{
    "pose_0": {
        "type_id": "opencv-matrix",
        "rows": 1,
        "cols": 18,
        "dt": "3f",
        "data": [ 5.19303650e+02, 5.34910095e+02, 9.38173711e-01,
            5.19061951e+02, 6.86781677e+02, 9.50554013e-01,
            3.98611664e+02, 6.86607788e+02, 9.20233727e-01,
            3.19997009e+02, 8.38625488e+02, 8.23684216e-01,
            3.09710144e+02, 9.79957092e+02, 9.20480728e-01,
            6.34368835e+02, 6.91649719e+02, 8.89776647e-01,
            6.65633789e+02, 8.59628845e+02, 8.20621610e-01,
            6.76049133e+02, 9.90465515e+02, 8.05346251e-01,
            4.45691681e+02, 1.03761169e+03, 7.59125292e-01,
            4.61500732e+02, 1.30476929e+03, 7.74578929e-01,
            4.92758881e+02, 1.56672632e+03, 8.04028928e-01,
            6.02768799e+02, 1.02730615e+03, 8.25195253e-01,
            5.92270020e+02, 1.26814490e+03, 8.41784477e-01,
            6.44471497e+02, 1.48808728e+03, 7.93925881e-01,
            4.92763245e+02, 5.19036804e+02, 9.30371165e-01,
            5.50432861e+02, 5.18967346e+02, 8.94196033e-01,
            4.61523773e+02, 5.24554443e+02, 8.66872430e-01,
            5.81908752e+02, 5.24530090e+02, 8.74790490e-01 ]
    }
}
