{
    "pose_0": {
        "type_id": "opencv-matrix",
        "rows": 1,
        "cols": 18,
        "dt": "3f",
        "data": [ 5.45297607e+02, 5.13828308e+02, 8.98770750e-01,
            5.55593262e+02, 6.55342468e+02, 8.88668299e-01,
            4.35153168e+02, 6.60552307e+02, 8.52331758e-01,
            3.14673828e+02, 7.75734314e+02, 8.77221286e-01,
            3.25249542e+02, 8.17629089e+02, 8.95570517e-01,
            6.70874084e+02, 6.55232483e+02, 8.24020445e-01,
            7.75600830e+02, 7.70617249e+02, 8.62733603e-01,
            7.70217529e+02, 8.17482117e+02, 9.52839136e-01,
            4.77117889e+02, 1.02167456e+03, 7.41580188e-01,
            4.77258789e+02, 1.27838721e+03, 8.46802533e-01,
            4.82490021e+02, 1.56126953e+03, 8.10171366e-01,
            6.23889282e+02, 1.02182483e+03, 7.13555336e-01,
            6.34242371e+02, 1.27842407e+03, 8.07168484e-01,
            6.44691284e+02, 1.54040503e+03, 8.12311828e-01,
            5.19130920e+02, 4.82459015e+02, 1.01312375e+00,
            5.66347229e+02, 4.82472412e+02, 9.42736268e-01,
            4.82453094e+02, 5.08485565e+02, 9.34576988e-01,
            6.07895569e+02, 5.08450897e+02, 8.87662888e-01 ]
    }
}
