{
    "pose_0": {
        "type_id": "opencv-matrix",
        "rows": 1,
        "cols": 18,
        "dt": "3f",
        "data": [ 5.50405945e+02, 5.18721191e+02, 8.96726847e-01,
            5.55713257e+02, 6.49975098e+02, 9.26016331e-01,
            4.40321014e+02, 6.50092346e+02, 8.87713075e-01,
            3.35749329e+02, 7.28491150e+02, 6.68287098e-01,
            3.51219604e+02, 7.44220093e+02, 8.53629827e-01,
            6.55315186e+02, 6.49908325e+02, 8.93832147e-01,
            7.28520325e+02, 7.91489319e+02, 7.38798499e-01,
            7.54851196e+02, 7.33745972e+02, 8.22917044e-01,
            4.77101105e+02, 1.01146411e+03, 7.49702990e-01,
            4.77226044e+02, 1.27345886e+03, 8.41859877e-01,
            4.82343475e+02, 1.55097791e+03, 8.07626843e-01,
            6.23724365e+02, 1.02169873e+03, 7.22910821e-01,
            6.34147888e+02, 1.27851453e+03, 7.84998834e-01,
            6.44646851e+02, 1.54051440e+03, 8.02346289e-01,
            5.19215088e+02, 4.82572632e+02, 1.00079787e+00,
            5.66401978e+02, 4.82604614e+02, 9.25537646e-01,
            4.82524231e+02, 5.08593597e+02, 9.33231413e-01,
            6.07952026e+02, 5.08534851e+02, 8.98316026e-01 ]
    }
}
