{
    "pose_0": {
        "type_id": "opencv-matrix",
        "rows": 1,
        "cols": 18,
        "dt": "3f",
        "data": [ 5.50390015e+02, 5.13808533e+02, 8.95151615e-01,
            5.50522705e+02, 6.60397034e+02, 8.63805175e-01,
            4.35189850e+02, 6.60469055e+02, 8.74275804e-01,
            3.46153229e+02, 7.86223328e+02, 8.17166090e-01,
            3.46064667e+02, 8.59421326e+02, 8.72532368e-01,
            6.55422852e+02, 6.55371460e+02, 8.40445995e-01,
            7.49536865e+02, 8.01955566e+02, 7.96829700e-01,
            7.70293884e+02, 8.59387573e+02, 9.64315236e-01,
            4.76960205e+02, 1.02718188e+03, 7.45113730e-01,
            4.77189240e+02, 1.28370605e+03, 8.21584940e-01,
            4.82242676e+02, 1.56124854e+03, 8.22894454e-01,
            6.23829651e+02, 1.02719458e+03, 7.35957384e-01,
            6.34252869e+02, 1.27879443e+03, 7.78608859e-01,
            6.44546143e+02, 1.55080579e+03, 7.86905468e-01,
            5.19180115e+02, 4.82419830e+02, 1.01372945e+00,
            5.66431702e+02, 4.82420441e+02, 9.29252565e-01,
            4.82513672e+02, 5.08427277e+02, 9.01758194e-01,
            6.08005981e+02, 5.03322388e+02, 8.75348151e-01 ]
    }
}
