{
    "pose_0": {
        "type_id": "opencv-matrix",
        "rows": 1,
        "cols": 18,
        "dt": "3f",
        "data": [ 5.29455872e+02, 4.92920868e+02, 9.06713009e-01,
            5.24205017e+02, 6.44936035e+02, 9.67509568e-01,
            4.19588531e+02, 6.34221863e+02, 7.77830601e-01,
            3.14905914e+02, 6.97132141e+02, 7.06824422e-01,
            3.40958771e+02, 7.02327515e+02, 8.31727326e-01,
            6.34230957e+02, 6.55290710e+02, 8.26738834e-01,
            6.39493530e+02, 8.43696106e+02, 6.79952323e-01,
            5.97678101e+02, 9.53836731e+02, 2.40933612e-01,
            4.40421661e+02, 1.02199677e+03, 7.73850083e-01,
            4.77016998e+02, 1.31528870e+03, 7.76287317e-01,
            4.92983765e+02, 1.60868604e+03, 7.81350374e-01,
            5.97714783e+02, 9.95783691e+02, 7.73305476e-01,
            5.60729431e+02, 1.16324475e+03, 8.18391323e-01,
            5.97720337e+02, 1.40431091e+03, 8.00989091e-01,
            5.08636871e+02, 4.77068176e+02, 9.26788926e-01,
            5.60919312e+02, 4.77149017e+02, 9.57171321e-01,
            4.71917603e+02, 4.92774628e+02, 9.02855277e-01,
            5.97521606e+02, 4.98041962e+02, 8.01943660e-01 ]
    }
}
