{
    "pose_0": {
        "type_id": "opencv-matrix",
        "rows": 1,
        "cols": 18,
        "dt": "3f",
        "data": [ 5.19256409e+02, 4.51069092e+02, 9.26600337e-01,
            5.19260986e+02, 6.13367065e+02, 9.01450872e-01,
            3.87946320e+02, 6.08359985e+02, 8.01156104e-01,
            2.20391266e+02, 6.86433777e+02, 7.76554704e-01,
            5.81312675e+01, 6.44859314e+02, 7.46688902e-01,
            6.55204102e+02, 6.13531433e+02, 7.88306355e-01,
            8.22825867e+02, 6.97345337e+02, 7.96150863e-01,
            9.53707825e+02, 6.76109863e+02, 7.53724515e-01,
            4.40611664e+02, 9.85236328e+02, 7.51936734e-01,
            4.45708466e+02, 1.24190637e+03, 7.93250918e-01,
            4.56197876e+02, 1.51934363e+03, 7.93329835e-01,
            6.02909302e+02, 9.85168884e+02, 7.38012195e-01,
            6.08009888e+02, 1.24200745e+03, 8.13137889e-01,
            6.08364441e+02, 1.50373840e+03, 8.02827895e-01,
            4.87739655e+02, 4.35173065e+02, 9.39881861e-01,
            5.50412292e+02, 4.35100494e+02, 8.91718924e-01,
            4.61481232e+02, 4.40771179e+02, 8.40964913e-01,
            5.81853027e+02, 4.40736298e+02, 8.64974856e-01 ]
    }
}
