{
    "pose_0": {
        "type_id": "opencv-matrix",
        "rows": 1,
        "cols": 18,
        "dt": "3f",
        "data": [ 5.24217041e+02, 5.13893494e+02, 9.64820266e-01,
            5.24293884e+02, 6.55355103e+02, 9.40066099e-01,
            4.03965302e+02, 6.49906372e+02, 8.74759376e-01,
            3.09373901e+02, 7.44257996e+02, 6.88816547e-01,
            3.09425751e+02, 7.70223022e+02, 7.96657681e-01,
            6.44697083e+02, 6.70948486e+02, 8.60529721e-01,
            6.50267273e+02, 8.54346252e+02, 7.74151444e-01,
            6.39405396e+02, 9.74609802e+02, 3.96009982e-01,
            4.40659698e+02, 1.03241199e+03, 7.75836825e-01,
            4.77161102e+02, 1.32069531e+03, 7.94958055e-01,
            5.13746155e+02, 1.60314893e+03, 8.00709486e-01,
            6.02780823e+02, 1.01143048e+03, 7.74949193e-01,
            5.29628235e+02, 1.16857202e+03, 7.89701939e-01,
            5.87120728e+02, 1.37813721e+03, 7.42926955e-01,
            4.92906921e+02, 4.82581909e+02, 9.01458383e-01,
            5.55625427e+02, 4.82496948e+02, 9.07628536e-01,
            4.66732117e+02, 5.08549957e+02, 8.56274962e-01,
            5.92289673e+02, 5.03368195e+02, 8.21114659e-01 ]
    }
}
