{
    "pose_0": {
        "type_id": "opencv-matrix",
        "rows": 1,
        "cols": 18,
        "dt": "3f",
        "data": [ 5.65960999e+02, 5.18993286e+02, 9.83262599e-01,
            5.66333679e+02, 6.60487061e+02, 9.16607499e-01,
            4.61359344e+02, 6.71027405e+02, 8.22232723e-01,
            4.29831604e+02, 8.54425659e+02, 8.27025533e-01,
            4.35094482e+02, 9.85061096e+02, 6.83003545e-01,
            6.86681458e+02, 6.50225647e+02, 9.22280848e-01,
            7.75837646e+02, 8.07066162e+02, 6.92058682e-01,
            7.75667358e+02, 8.01818848e+02, 7.16679096e-01,
            4.87573547e+02, 1.02202698e+03, 7.77679801e-01,
            5.19077881e+02, 1.24718970e+03, 8.36915731e-01,
            5.08650146e+02, 1.47749744e+03, 7.89102912e-01,
            6.49810303e+02, 1.03235791e+03, 7.75363028e-01,
            6.39448059e+02, 1.30985706e+03, 7.90579081e-01,
            6.13534668e+02, 1.57179443e+03, 7.38298953e-01,
            5.34695984e+02, 4.87653351e+02, 8.87722135e-01,
            5.92459778e+02, 4.87703766e+02, 8.78455162e-01,
            5.08556122e+02, 5.13668030e+02, 8.32268596e-01,
            6.29021362e+02, 5.13838013e+02, 8.43496978e-01 ]
    }
}
