{
    "pose_0": {
        "type_id": "opencv-matrix",
        "rows": 1,
        "cols": 18,
        "dt": "3f",
        "data": [ 5.60851440e+02, 5.24033264e+02, 9.89207327e-01,
            5.66056702e+02, 6.60425720e+02, 9.17865574e-01,
            4.45906738e+02, 6.70956360e+02, 8.27891648e-01,
            4.30048126e+02, 8.54174622e+02, 7.58010507e-01,
            4.71936523e+02, 9.80055298e+02, 4.64917421e-01,
            6.81477600e+02, 6.50157654e+02, 8.87632787e-01,
            7.81040710e+02, 7.75918945e+02, 7.27226257e-01,
            7.75533569e+02, 7.86291748e+02, 7.30265856e-01,
            4.87583099e+02, 1.02201190e+03, 7.60414779e-01,
            5.08433533e+02, 1.27350159e+03, 8.17490101e-01,
            5.03356995e+02, 1.49335486e+03, 7.81472981e-01,
            6.44874695e+02, 1.02731384e+03, 7.61781216e-01,
            6.44733154e+02, 1.30988977e+03, 8.44870687e-01,
            6.08335693e+02, 1.58764404e+03, 7.23926246e-01,
            5.24469177e+02, 4.92822937e+02, 9.19923484e-01,
            5.81806030e+02, 4.92852753e+02, 8.50541234e-01,
            4.92805115e+02, 5.13672302e+02, 8.26951444e-01,
            6.13452881e+02, 5.13673584e+02, 8.46814454e-01 ]
    }
}
