{
    "pose_0": {
        "type_id": "opencv-matrix",
        "rows": 1,
        "cols": 18,
        "dt": "3f",
        "data": [ 5.50512146e+02, 5.19211243e+02, 9.31693912e-01,
            5.45272400e+02, 6.76246704e+02, 8.56477737e-01,
            4.30065033e+02, 6.70924805e+02, 8.39467883e-01,
            2.78030212e+02, 7.65020996e+02, 8.00579190e-01,
            1.41963699e+02, 7.49598022e+02, 7.65818238e-01,
            6.55225464e+02, 6.81398926e+02, 8.66970003e-01,
            7.33709534e+02, 8.59669922e+02, 9.08583164e-01,
            8.28174683e+02, 9.48764038e+02, 8.15278172e-01,
            4.71917664e+02, 1.03230542e+03, 7.38001883e-01,
            4.76838043e+02, 1.29946179e+03, 7.82207310e-01,
            4.77055511e+02, 1.56655371e+03, 8.27909112e-01,
            6.18521484e+02, 1.03244128e+03, 7.17357635e-01,
            6.13501404e+02, 1.29952588e+03, 7.87558913e-01,
            6.34142212e+02, 1.56135425e+03, 7.88679659e-01,
            5.24040771e+02, 4.92907959e+02, 9.33045924e-01,
            5.66426392e+02, 4.92869904e+02, 8.93454671e-01,
            4.82645721e+02, 5.18873352e+02, 9.38874602e-01,
            6.07927795e+02, 5.18820007e+02, 9.34079945e-01 ]
    }
}
