{
    "pose_0": {
        "type_id": "opencv-matrix",
        "rows": 1,
        "cols": 18,
        "dt": "3f",
        "data": [ 5.50462830e+02, 5.19067627e+02, 9.32542324e-01,
            5.55593140e+02, 6.76049866e+02, 8.62455964e-01,
            4.35438293e+02, 6.76125061e+02, 8.71084630e-01,
            3.56563690e+02, 8.17650696e+02, 8.79027128e-01,
            3.14910522e+02, 9.27627502e+02, 8.54045153e-01,
            6.55312683e+02, 6.65727417e+02, 8.38447750e-01,
            7.38950256e+02, 8.17640442e+02, 8.77527475e-01,
            8.12207947e+02, 9.32763367e+02, 8.87418628e-01,
            4.77065674e+02, 1.03233057e+03, 7.34276831e-01,
            4.77262726e+02, 1.28389172e+03, 8.28681469e-01,
            4.82368896e+02, 1.56137402e+03, 8.13576758e-01,
            6.23764343e+02, 1.03230042e+03, 7.19345689e-01,
            6.34184143e+02, 1.28387671e+03, 7.73062170e-01,
            6.44598145e+02, 1.55616846e+03, 7.90614247e-01,
            5.19252197e+02, 4.87658508e+02, 9.62126672e-01,
            5.66474060e+02, 4.87662720e+02, 9.04288471e-01,
            4.82534058e+02, 5.13696594e+02, 9.27028000e-01,
            6.07982605e+02, 5.13659485e+02, 8.83822083e-01 ]
    }
}
