{
    "pose_0": {
        "type_id": "opencv-matrix",
        "rows": 1,
        "cols": 18,
        "dt": "3f",
        "data": [ 5.60762878e+02, 5.24568665e+02, 9.49104369e-01,
            5.60888855e+02, 6.86598389e+02, 9.26691711e-01,
            4.40373169e+02, 6.86595459e+02, 9.01238799e-01,
            3.93266602e+02, 8.59774536e+02, 8.68089199e-01,
            3.61816437e+02, 1.02704504e+03, 8.97071779e-01,
            6.76252563e+02, 6.86394104e+02, 8.63156557e-01,
            7.39175964e+02, 8.54172485e+02, 8.32395077e-01,
            7.70640076e+02, 1.01663593e+03, 8.96109581e-01,
            4.82420898e+02, 1.05859717e+03, 7.68596888e-01,
            5.03279877e+02, 1.32065918e+03, 8.23907375e-01,
            5.08448303e+02, 1.56644946e+03, 7.81119525e-01,
            6.44764771e+02, 1.05848877e+03, 7.77029574e-01,
            6.34314087e+02, 1.32065063e+03, 8.08151722e-01,
            6.13531921e+02, 1.58226929e+03, 7.67221928e-01,
            5.24432556e+02, 5.13680725e+02, 9.35754240e-01,
            5.76743591e+02, 5.13644836e+02, 8.53196383e-01,
            4.92862457e+02, 5.24128418e+02, 8.80977333e-01,
            6.13332031e+02, 5.24208618e+02, 9.46404040e-01 ]
    }
}
