{
    "pose_0": {
        "type_id": "opencv-matrix",
        "rows": 1,
        "cols": 18,
        "dt": "3f",
        "data": [ 5.19072937e+02, 4.92983765e+02, 9.24609721e-01,
            5.39971191e+02, 6.50088928e+02, 8.72378469e-01,
            3.98820313e+02, 6.50212158e+02, 8.60309660e-01,
            3.30561493e+02, 8.38499573e+02, 7.67779469e-01,
            2.67352295e+02, 9.48687927e+02, 8.44059289e-01,
            6.81467102e+02, 6.50094055e+02, 8.01327229e-01,
            8.23019836e+02, 6.86848511e+02, 8.06520820e-01,
            9.48600708e+02, 6.08083435e+02, 7.67139077e-01,
            4.40682983e+02, 1.02175134e+03, 7.50804603e-01,
            4.40653259e+02, 1.27845142e+03, 8.28526199e-01,
            4.50920502e+02, 1.53513806e+03, 7.95335352e-01,
            6.03019592e+02, 1.02186121e+03, 7.61499345e-01,
            6.03082642e+02, 1.27860840e+03, 8.50989401e-01,
            6.08249084e+02, 1.52983398e+03, 8.41873705e-01,
            4.87539185e+02, 4.77077301e+02, 9.63395715e-01,
            5.40112366e+02, 4.77004395e+02, 8.84881973e-01,
            4.56252106e+02, 4.82604004e+02, 8.53166640e-01,
            5.76698059e+02, 4.82564209e+02, 9.12998021e-01 ]
    }
}
