{
    "pose_0": {
        "type_id": "opencv-matrix",
        "rows": 1,
        "cols": 18,
        "dt": "3f",
        "data": [ 5.24507202e+02, 5.18906494e+02, 9.49865818e-01,
            5.24365417e+02, 6.65718933e+02, 9.17367041e-01,
            4.09152832e+02, 6.60502014e+02, 8.17508042e-01,
            2.67834503e+02, 7.81009888e+02, 8.25004876e-01,
            1.47182724e+02, 8.28127197e+02, 8.54718029e-01,
            6.44755371e+02, 6.70981262e+02, 8.72674227e-01,
            7.28495178e+02, 8.59328491e+02, 8.78667772e-01,
            8.12481689e+02, 9.53808655e+02, 8.38941872e-01,
            4.45764648e+02, 1.02719922e+03, 7.40550935e-01,
            4.45861420e+02, 1.28395166e+03, 7.87577927e-01,
            4.56243286e+02, 1.56137195e+03, 7.94666588e-01,
            6.02967102e+02, 1.02728076e+03, 7.54308224e-01,
            6.07984680e+02, 1.28903455e+03, 8.17266941e-01,
            6.08274353e+02, 1.55098438e+03, 8.13686550e-01,
            5.13592468e+02, 4.82705353e+02, 8.93307745e-01,
            5.60845337e+02, 4.87637970e+02, 9.31218743e-01,
            4.77084198e+02, 5.03385345e+02, 8.68627310e-01,
            5.97610352e+02, 5.13736877e+02, 8.91262591e-01 ]
    }
}
