{
    "pose_0": {
        "type_id": "opencv-matrix",
        "rows": 1,
        "cols": 18,
        "dt": "3f",
        "data": [ 5.50465149e+02, 5.19030884e+02, 9.22772527e-01,
            5.55730347e+02, 6.76209778e+02, 8.78138125e-01,
            4.35262390e+02, 6.81365601e+02, 8.93922150e-01,
            3.93290619e+02, 8.59717346e+02, 8.85899425e-01,
            3.93075470e+02, 1.02179340e+03, 8.70879292e-01,
            6.70989990e+02, 6.65679443e+02, 8.01865697e-01,
            7.44346375e+02, 8.01834534e+02, 7.30273008e-01,
            7.70548279e+02, 8.59489075e+02, 8.50517035e-01,
            4.82248810e+02, 1.05320239e+03, 7.43252695e-01,
            4.82622253e+02, 1.32065808e+03, 8.50290954e-01,
            4.92897827e+02, 1.57719470e+03, 7.90381014e-01,
            6.44510376e+02, 1.04811975e+03, 7.34379232e-01,
            6.23835449e+02, 1.32061523e+03, 7.93354630e-01,
            6.13225159e+02, 1.59799500e+03, 7.99454570e-01,
            5.19229309e+02, 4.87622467e+02, 9.61232364e-01,
            5.71349243e+02, 4.87671387e+02, 8.91747355e-01,
            4.82483002e+02, 5.13835144e+02, 9.60557103e-01,
            6.08163269e+02, 5.13796021e+02, 9.22417939e-01 ]
    }
}
