{
    "pose_0": {
        "type_id": "opencv-matrix",
        "rows": 1,
        "cols": 18,
        "dt": "3f",
        "data": [ 5.24109802e+02, 4.82678162e+02, 9.51810241e-01,
            5.24297302e+02, 6.44599365e+02, 9.56788898e-01,
            4.08979156e+02, 6.44475220e+02, 8.48660529e-01,
            3.14785858e+02, 8.12386047e+02, 8.83326888e-01,
            2.25456253e+02, 8.96295288e+02, 8.93337369e-01,
            6.44677856e+02, 6.44591675e+02, 8.96872997e-01,
            7.44292664e+02, 8.17501099e+02, 8.76371682e-01,
            8.54154663e+02, 8.90882996e+02, 8.85776281e-01,
            4.45703247e+02, 1.00100378e+03, 7.13757575e-01,
            4.45777344e+02, 1.26807532e+03, 8.12240243e-01,
            4.56177429e+02, 1.53014417e+03, 7.89545059e-01,
            6.03050720e+02, 1.01131909e+03, 7.50010192e-01,
            6.08031555e+02, 1.27305359e+03, 8.59171987e-01,
            6.13454224e+02, 1.52485632e+03, 8.30975711e-01,
            4.92943207e+02, 4.71805511e+02, 8.74498010e-01,
            5.50487488e+02, 4.71776794e+02, 8.71447325e-01,
            4.66694000e+02, 4.77197266e+02, 8.89437735e-01,
            5.81914795e+02, 4.77350677e+02, 8.95258188e-01 ]
    }
}
