{
    "pose_0": {
        "type_id": "opencv-matrix",
        "rows": 1,
        "cols": 18,
        "dt": "3f",
        "data": [ 5.65977295e+02, 5.19124756e+02, 9.84608412e-01,
            5.66431946e+02, 6.60460510e+02, 9.01744664e-01,
            4.61484863e+02, 6.71017517e+02, 8.23371589e-01,
            4.30072937e+02, 8.54276306e+02, 7.88539529e-01,
            4.51033112e+02, 9.74805359e+02, 5.87004721e-01,
            6.86783997e+02, 6.50194031e+02, 9.20259297e-01,
            7.75897461e+02, 8.06978271e+02, 7.15980291e-01,
            7.80944946e+02, 7.70585571e+02, 8.46041977e-01,
            4.92813751e+02, 1.01145459e+03, 7.45279014e-01,
            5.24474609e+02, 1.20009875e+03, 8.30289960e-01,
            5.13629700e+02, 1.43549390e+03, 8.20008755e-01,
            6.49874939e+02, 1.02710535e+03, 7.97625005e-01,
            6.34143188e+02, 1.31003589e+03, 7.50418425e-01,
            6.13397400e+02, 1.58751563e+03, 7.13269114e-01,
            5.34727234e+02, 4.87810944e+02, 8.74160886e-01,
            5.92458801e+02, 4.87832458e+02, 8.70736778e-01,
            5.08566284e+02, 5.13765686e+02, 8.24381709e-01,
            6.29057861e+02, 5.13871338e+02, 8.44181955e-01 ]
    }
}
