{
    "pose_0": {
        "type_id": "opencv-matrix",
        "rows": 1,
        "cols": 18,
        "dt": "3f",
        "data": [ 5.19235779e+02, 5.18782471e+02, 9.69077945e-01,
            5.19279175e+02, 6.65724854e+02, 9.09315348e-01,
            3.98620789e+02, 6.55437195e+02, 8.72306406e-01,
            3.09626099e+02, 8.12146484e+02, 7.69487083e-01,
            2.99026917e+02, 8.90797974e+02, 6.66261971e-01,
            6.44623230e+02, 6.70887878e+02, 8.60113800e-01,
            6.91959900e+02, 8.54239075e+02, 8.69134426e-01,
            7.07656372e+02, 1.01673846e+03, 7.95887351e-01,
            4.40463928e+02, 1.04276721e+03, 7.45536327e-01,
            4.71760834e+02, 1.32560852e+03, 7.94399202e-01,
            4.98121094e+02, 1.60311487e+03, 7.53120720e-01,
            6.02773438e+02, 1.03245557e+03, 7.60882795e-01,
            5.97492493e+02, 1.30461157e+03, 8.25214982e-01,
            6.13403564e+02, 1.52988000e+03, 8.00002337e-01,
            4.87564209e+02, 4.82577698e+02, 9.35202777e-01,
            5.50411926e+02, 4.82479675e+02, 8.81069303e-01,
            4.56156952e+02, 5.08583679e+02, 8.34499002e-01,
            5.81890259e+02, 4.98188263e+02, 8.00835490e-01 ]
    }
}
