{
    "pose_0": {
        "type_id": "opencv-matrix",
        "rows": 1,
        "cols": 18,
        "dt": "3f",
        "data": [ 5.18892517e+02, 5.03276215e+02, 9.07242239e-01,
            5.24333008e+02, 6.50259338e+02, 9.14821506e-01,
            3.98476654e+02, 6.55257751e+02, 8.64143074e-01,
            3.30459869e+02, 8.33383789e+02, 7.81363964e-01,
            2.67592529e+02, 9.64194153e+02, 8.29799294e-01,
            6.50195496e+02, 6.50004211e+02, 8.46490204e-01,
            8.17490479e+02, 6.97122437e+02, 8.62237096e-01,
            9.43290527e+02, 6.02932373e+02, 8.68985057e-01,
            4.40618927e+02, 1.01667554e+03, 7.43572295e-01,
            4.40690369e+02, 1.27874268e+03, 8.15048516e-01,
            4.50886292e+02, 1.55085181e+03, 7.59097576e-01,
            6.02843323e+02, 1.02183679e+03, 7.58393764e-01,
            6.03027527e+02, 1.27881592e+03, 8.41029644e-01,
            6.08194153e+02, 1.53526111e+03, 8.23064625e-01,
            4.82562805e+02, 4.77202057e+02, 9.82047200e-01,
            5.34836182e+02, 4.77191772e+02, 8.93377066e-01,
            4.50869965e+02, 4.82569397e+02, 8.94443870e-01,
            5.71450256e+02, 4.82643127e+02, 9.17615950e-01 ]
    }
}
