{
    "pose_0": {
        "type_id": "opencv-matrix",
        "rows": 1,
        "cols": 18,
        "dt": "3f",
        "data": [ 5.19165039e+02, 4.45646179e+02, 9.64149415e-01,
            5.19229858e+02, 6.02822693e+02, 9.36688900e-01,
            3.98391510e+02, 6.02760620e+02, 8.75258923e-01,
            2.46649536e+02, 7.28672668e+02, 7.89849639e-01,
            1.00110443e+02, 7.54782715e+02, 7.59075761e-01,
            6.44784302e+02, 6.02868286e+02, 8.86942446e-01,
            7.75921997e+02, 7.34077026e+02, 8.69519651e-01,
            9.17038513e+02, 7.75520874e+02, 8.15257967e-01,
            4.40569092e+02, 9.74619629e+02, 7.32123494e-01,
            4.40706757e+02, 1.23665894e+03, 8.17404985e-01,
            4.50902283e+02, 1.50387219e+03, 7.79034734e-01,
            6.02712036e+02, 9.79798889e+02, 7.52512932e-01,
            6.07910950e+02, 1.23665552e+03, 8.57616484e-01,
            6.08196350e+02, 1.49328210e+03, 8.32611680e-01,
            4.87638611e+02, 4.29823547e+02, 9.03661489e-01,
            5.50327942e+02, 4.29804596e+02, 8.54003310e-01,
            4.56302185e+02, 4.35304230e+02, 8.20195258e-01,
            5.81825012e+02, 4.35420929e+02, 8.82648051e-01 ]
    }
}
