{
    "pose_0": {
        "type_id": "opencv-matrix",
        "rows": 1,
        "cols": 18,
        "dt": "3f",
        "data": [ 5.60797913e+02, 5.40046082e+02, 9.00995433e-01,
            5.61083313e+02, 6.86542725e+02, 9.59150672e-01,
            4.40520752e+02, 6.86705688e+02, 8.57505858e-01,
            3.51274933e+02, 7.49440857e+02, 6.82633996e-01,
            3.30452972e+02, 7.75530823e+02, 7.52309203e-01,
            6.86400208e+02, 6.86372925e+02, 8.89029503e-01,
            7.70601807e+02, 8.28072632e+02, 7.78926611e-01,
            8.12155029e+02, 7.75800171e+02, 7.63604939e-01,
            4.82313507e+02, 1.04288867e+03, 7.41414011e-01,
            4.82406616e+02, 1.30990686e+03, 8.33737254e-01,
            4.82548615e+02, 1.57724451e+03, 8.11824441e-01,
            6.39546936e+02, 1.04799524e+03, 7.25797176e-01,
            6.44778564e+02, 1.30995703e+03, 8.32324266e-01,
            6.44986023e+02, 1.57176123e+03, 8.25935185e-01,
            5.24537292e+02, 5.19110596e+02, 9.67949271e-01,
            5.76682251e+02, 5.19114746e+02, 8.93162251e-01,
            4.92899750e+02, 5.24518005e+02, 8.79152298e-01,
            6.08388367e+02, 5.24534729e+02, 9.14936125e-01 ]
    }
}
