{
    "pose_0": {
        "type_id": "opencv-matrix",
        "rows": 1,
        "cols": 18,
        "dt": "3f",
        "data": [ 5.50391357e+02, 5.19115967e+02, 9.27117705e-01,
            5.55581299e+02, 6.76087585e+02, 8.64754200e-01,
            4.35445587e+02, 6.76052185e+02, 8.60503018e-01,
            3.14788818e+02, 8.07035095e+02, 8.02676558e-01,
            1.94371246e+02, 8.59398987e+02, 8.69612575e-01,
            6.55358765e+02, 6.71006958e+02, 8.37086320e-01,
            7.34060608e+02, 8.54295837e+02, 8.87065887e-01,
            8.43782654e+02, 9.48522461e+02, 8.43960106e-01,
            4.77031616e+02, 1.02713367e+03, 7.49578476e-01,
            4.77063995e+02, 1.28902136e+03, 7.98932076e-01,
            4.77289795e+02, 1.56644775e+03, 8.32419515e-01,
            6.23818298e+02, 1.02729041e+03, 7.06561744e-01,
            6.28935669e+02, 1.29418835e+03, 7.63756752e-01,
            6.39401672e+02, 1.55618848e+03, 7.82239139e-01,
            5.19160767e+02, 4.87816315e+02, 9.47177887e-01,
            5.66398376e+02, 4.87708557e+02, 9.14716780e-01,
            4.82475311e+02, 5.18774048e+02, 9.32979107e-01,
            6.07966003e+02, 5.13737061e+02, 8.95696700e-01 ]
    }
}
