{
    "pose_0": {
        "type_id": "opencv-matrix",
        "rows": 1,
        "cols": 18,
        "dt": "3f",
        "data": [ 5.60631958e+02, 5.19277893e+02, 9.60890889e-01,
            5.60693909e+02, 6.81204346e+02, 9.01456773e-01,
            4.40264313e+02, 6.81292297e+02, 8.54469061e-01,
            3.30568939e+02, 7.65210632e+02, 7.42815554e-01,
            3.09513702e+02, 7.81052979e+02, 7.69710124e-01,
            6.76076721e+02, 6.76182922e+02, 8.10601175e-01,
            7.75781616e+02, 8.38500366e+02, 7.40868151e-01,
            8.12565918e+02, 7.96708069e+02, 8.24329495e-01,
            4.77264160e+02, 1.03230640e+03, 7.52430141e-01,
            4.82191742e+02, 1.29957690e+03, 8.04811418e-01,
            4.82500946e+02, 1.56674536e+03, 8.48493576e-01,
            6.34307922e+02, 1.03242664e+03, 7.02923834e-01,
            6.44459290e+02, 1.29941736e+03, 7.77387798e-01,
            6.44777588e+02, 1.56636426e+03, 8.29738736e-01,
            5.24326050e+02, 4.92894653e+02, 9.29829240e-01,
            5.71623291e+02, 4.93003601e+02, 8.49249005e-01,
            4.87647217e+02, 5.18879089e+02, 9.23433542e-01,
            6.08325500e+02, 5.19021423e+02, 9.39732075e-01 ]
    }
}
