{
    "pose_0": {
        "type_id": "opencv-matrix",
        "rows": 1,
        "cols": 18,
        "dt": "3f",
        "data": [ 5.50439270e+02, 5.18740723e+02, 9.02228355e-01,
            5.50519104e+02, 6.50003174e+02, 9.02613401e-01,
            4.35381378e+02, 6.50106628e+02, 8.96007836e-01,
            3.56593445e+02, 7.86258423e+02, 7.30791509e-01,
            3.46303192e+02, 7.28618958e+02, 8.53216946e-01,
            6.55144470e+02, 6.49942932e+02, 8.97478700e-01,
            7.18061096e+02, 7.80915283e+02, 6.97836816e-01,
            7.59934326e+02, 7.23279358e+02, 8.38020563e-01,
            4.77200256e+02, 1.01667902e+03, 7.57612109e-01,
            4.77212433e+02, 1.27349353e+03, 8.43939483e-01,
            4.82292206e+02, 1.55082605e+03, 8.09101284e-01,
            6.23847656e+02, 1.02175031e+03, 7.27467418e-01,
            6.29118469e+02, 1.27854102e+03, 7.84745157e-01,
            6.44653381e+02, 1.54049817e+03, 8.07610214e-01,
            5.19212891e+02, 4.82596161e+02, 9.99371052e-01,
            5.66441895e+02, 4.82595795e+02, 9.14731681e-01,
            4.82525330e+02, 5.13600159e+02, 9.20794606e-01,
            6.08014221e+02, 5.08544128e+02, 8.89214337e-01 ]
    }
}
