{
    "pose_0": {
        "type_id": "opencv-matrix",
        "rows": 1,
        "cols": 18,
        "dt": "3f",
        "data": [ 5.50360779e+02, 5.13857971e+02, 8.96070600e-01,
            5.60662537e+02, 6.49949707e+02, 9.38073635e-01,
            4.40447449e+02, 6.50081421e+02, 8.95201981e-01,
            3.35737152e+02, 7.28466003e+02, 7.22612858e-01,
            3.41045471e+02, 7.54758423e+02, 8.05271268e-01,
            6.60494751e+02, 6.49867371e+02, 8.83817971e-01,
            7.33789368e+02, 8.07068054e+02, 7.39502430e-01,
            7.65319031e+02, 7.54765198e+02, 8.07117164e-01,
            4.77061279e+02, 1.01651825e+03, 7.42505312e-01,
            4.77227112e+02, 1.27833923e+03, 8.35628092e-01,
            4.82397278e+02, 1.55097766e+03, 8.06925893e-01,
            6.23817627e+02, 1.02175079e+03, 7.26153135e-01,
            6.34187622e+02, 1.27853796e+03, 7.83648133e-01,
            6.44601440e+02, 1.54563843e+03, 7.92287886e-01,
            5.19177795e+02, 4.82517334e+02, 1.01434588e+00,
            5.66361084e+02, 4.82537018e+02, 9.38026845e-01,
            4.82480957e+02, 5.08540192e+02, 9.41041231e-01,
            6.07945251e+02, 5.08500793e+02, 9.07563210e-01 ]
    }
}
