{
    "pose_0": {
        "type_id": "opencv-matrix",
        "rows": 1,
        "cols": 18,
        "dt": "3f",
        "data": [ 5.29715820e+02, 5.29636292e+02, 9.07232702e-01,
            5.34764709e+02, 6.86639160e+02, 9.04561579e-01,
            4.29804169e+02, 6.86416443e+02, 8.59688878e-01,
            3.51412109e+02, 8.54043091e+02, 8.92331898e-01,
            3.20224854e+02, 1.00084668e+03, 8.20526779e-01,
            6.50057007e+02, 6.86787476e+02, 9.18279946e-01,
            7.12810669e+02, 8.64711609e+02, 8.10594022e-01,
            7.23366638e+02, 1.03227686e+03, 8.10537875e-01,
            4.66648254e+02, 1.05329578e+03, 6.99501038e-01,
            4.82171600e+02, 1.32025220e+03, 8.36779535e-01,
            4.98155975e+02, 1.57191943e+03, 8.07010353e-01,
            6.18515747e+02, 1.05336426e+03, 7.06625819e-01,
            6.08105347e+02, 1.31529102e+03, 8.50808442e-01,
            6.13380066e+02, 1.57199524e+03, 8.19737375e-01,
            5.18730225e+02, 5.13909729e+02, 9.34753060e-01,
            5.61139465e+02, 5.18743164e+02, 9.62118745e-01,
            4.77317993e+02, 5.24335022e+02, 9.60553825e-01,
            6.02714355e+02, 5.24421753e+02, 9.44702327e-01 ]
    }
}
