{
    "pose_0": {
        "type_id": "opencv-matrix",
        "rows": 1,
        "cols": 18,
        "dt": "3f",
        "data": [ 5.18872498e+02, 4.40400665e+02, 9.75886583e-01,
            5.19199036e+02, 6.02770020e+02, 9.46311235e-01,
            3.98607544e+02, 6.02642090e+02, 8.86445999e-01,
            2.78227203e+02, 7.60042053e+02, 7.72518396e-01,
            1.62962265e+02, 8.22752808e+02, 8.15656543e-01,
            6.44492554e+02, 6.02821838e+02, 8.78131092e-01,
            7.65143005e+02, 7.70520996e+02, 8.87588739e-01,
            8.90843506e+02, 8.33266602e+02, 7.89284408e-01,
            4.40473480e+02, 9.64346008e+02, 7.33300447e-01,
            4.40679474e+02, 1.23131226e+03, 8.32860231e-01,
            4.45841736e+02, 1.50369836e+03, 7.75294185e-01,
            6.02725708e+02, 9.69527771e+02, 7.34887004e-01,
            6.03076721e+02, 1.23643103e+03, 8.54379296e-01,
            6.08057861e+02, 1.49321265e+03, 8.38404357e-01,
            4.82532379e+02, 4.14288727e+02, 9.09972787e-01,
            5.34791199e+02, 4.14307281e+02, 8.32853854e-01,
            4.45929565e+02, 4.34993347e+02, 8.66865873e-01,
            5.71411133e+02, 4.35091736e+02, 8.99746895e-01 ]
    }
}
