{
    "pose_0": {
        "type_id": "opencv-matrix",
        "rows": 1,
        "cols": 18,
        "dt": "3f",
        "data": [ 5.55486816e+02, 5.19295959e+02, 9.35268641e-01,
            5.55758545e+02, 6.81229309e+02, 8.83221805e-01,
            4.40252625e+02, 6.81258728e+02, 8.74207675e-01,
            3.56819305e+02, 8.43675415e+02, 8.40705752e-01,
            2.88592163e+02, 9.58953369e+02, 8.02170992e-01,
            6.60477356e+02, 6.76053711e+02, 8.25139105e-01,
            7.54655090e+02, 8.54104492e+02, 8.30766022e-01,
            8.43758484e+02, 9.48729248e+02, 8.37538302e-01,
            4.77221924e+02, 1.02724829e+03, 7.42209077e-01,
            4.77302155e+02, 1.28900317e+03, 8.13797891e-01,
            4.82253296e+02, 1.56657495e+03, 8.57140183e-01,
            6.29037659e+02, 1.02730347e+03, 7.08927512e-01,
            6.39328674e+02, 1.28904919e+03, 7.66382098e-01,
            6.44580994e+02, 1.56125830e+03, 8.01492691e-01,
            5.24026001e+02, 4.92956757e+02, 9.29574072e-01,
            5.66460449e+02, 4.92872559e+02, 8.94443452e-01,
            4.82629974e+02, 5.18824646e+02, 9.31977272e-01,
            6.07952087e+02, 5.13881592e+02, 9.11871672e-01 ]
    }
}
