{
    "pose_0": {
        "type_id": "opencv-matrix",
        "rows": 1,
        "cols": 18,
        "dt": "3f",
        "data": [ 5.24330627e+02, 5.18822937e+02, 9.51814353e-01,
            5.24338623e+02, 6.65705322e+02, 9.19786215e-01,
            4.09063263e+02, 6.60395081e+02, 8.31148684e-01,
            2.88530762e+02, 8.12300842e+02, 8.00231934e-01,
            1.78655487e+02, 8.95932556e+02, 8.59394550e-01,
            6.44750854e+02, 6.70987854e+02, 8.74218643e-01,
            7.28603882e+02, 8.54323059e+02, 9.02271628e-01,
            8.17472900e+02, 9.43229126e+02, 8.46857548e-01,
            4.45797455e+02, 1.02704407e+03, 7.43903816e-01,
            4.45792999e+02, 1.28897327e+03, 7.90500104e-01,
            4.56227386e+02, 1.56637646e+03, 8.05821776e-01,
            6.02857178e+02, 1.02722729e+03, 7.68624961e-01,
            6.07994385e+02, 1.28909009e+03, 8.11623454e-01,
            6.08201294e+02, 1.55097693e+03, 8.27032804e-01,
            5.03321594e+02, 4.82664673e+02, 8.79538178e-01,
            5.60680054e+02, 4.87525299e+02, 9.17242765e-01,
            4.76834869e+02, 5.08462646e+02, 8.46882939e-01,
            5.97472656e+02, 5.13702393e+02, 8.68887901e-01 ]
    }
}
