{
    "pose_0": {
        "type_id": "opencv-matrix",
        "rows": 1,
        "cols": 18,
        "dt": "3f",
        "data": [ 5.50348389e+02, 5.13825012e+02, 8.99181783e-01,
            5.55560425e+02, 6.55413879e+02, 8.78995180e-01,
            4.35296783e+02, 6.60415527e+02, 8.74613464e-01,
            3.25367493e+02, 7.91428040e+02, 7.71954775e-01,
            3.40849121e+02, 8.48978821e+02, 8.51019263e-01,
            6.60525635e+02, 6.55364563e+02, 8.23769569e-01,
            7.54777344e+02, 7.91502197e+02, 7.80884027e-01,
            7.65333313e+02, 8.53996033e+02, 9.30298924e-01,
            4.77069183e+02, 1.02699146e+03, 7.32948601e-01,
            4.77226349e+02, 1.27860718e+03, 8.33309889e-01,
            4.82397064e+02, 1.56124390e+03, 8.27987015e-01,
            6.23858276e+02, 1.02706079e+03, 7.20765233e-01,
            6.34241028e+02, 1.27859521e+03, 7.91265368e-01,
            6.44652954e+02, 1.54562939e+03, 7.86611438e-01,
            5.19149719e+02, 4.82407898e+02, 1.01695573e+00,
            5.66426392e+02, 4.82427490e+02, 9.38944280e-01,
            4.82488953e+02, 5.03354675e+02, 8.99495959e-01,
            6.08022095e+02, 5.03303802e+02, 8.82248282e-01 ]
    }
}
