{
    "pose_0": {
        "type_id": "opencv-matrix",
        "rows": 1,
        "cols": 18,
        "dt": "3f",
        "data": [ 5.55551514e+02, 5.19182251e+02, 9.54352736e-01,
            5.55785767e+02, 6.50135315e+02, 9.11857724e-01,
            4.40577240e+02, 6.50122925e+02, 8.77089322e-01,
            3.82853119e+02, 7.75769470e+02, 7.78804600e-01,
            3.56781860e+02, 7.23272156e+02, 8.76128674e-01,
            6.55352173e+02, 6.50083374e+02, 8.85535300e-01,
            7.23283325e+02, 7.80896606e+02, 7.49657869e-01,
            7.54788940e+02, 7.23289124e+02, 8.64514947e-01,
            4.77270599e+02, 1.01652344e+03, 7.41166115e-01,
            4.77284607e+02, 1.27847803e+03, 8.20226073e-01,
            4.82395996e+02, 1.55621326e+03, 8.11685085e-01,
            6.34156250e+02, 1.01672693e+03, 7.18894005e-01,
            6.39313782e+02, 1.27840710e+03, 8.04062665e-01,
            6.44658020e+02, 1.54041748e+03, 8.02339196e-01,
            5.24072754e+02, 4.87837860e+02, 9.48538303e-01,
            5.71345642e+02, 4.92817139e+02, 8.81029546e-01,
            4.82613800e+02, 5.13793396e+02, 9.20182884e-01,
            6.08124817e+02, 5.13811218e+02, 9.10830617e-01 ]
    }
}
