{
    "pose_0": {
        "type_id": "opencv-matrix",
        "rows": 1,
        "cols": 18,
        "dt": "3f",
        "data": [ 5.61033386e+02, 4.87765045e+02, 9.35614705e-01,
            5.66122864e+02, 6.39441895e+02, 9.26979423e-01,
            4.50934967e+02, 6.44684082e+02, 8.64995360e-01,
            4.09193176e+02, 8.22855896e+02, 6.87533438e-01,
            4.50977936e+02, 9.06819031e+02, 4.38887119e-01,
            6.86581360e+02, 6.18658875e+02, 8.64504039e-01,
            7.44416504e+02, 7.65172607e+02, 7.26417542e-01,
            7.54786011e+02, 7.07595825e+02, 7.84147620e-01,
            4.82631805e+02, 1.01652423e+03, 7.55379200e-01,
            5.18779297e+02, 1.27313965e+03, 8.46100569e-01,
            4.98146759e+02, 1.48815637e+03, 7.70802915e-01,
            6.49841187e+02, 1.02188910e+03, 7.74033964e-01,
            6.49838318e+02, 1.31501404e+03, 8.52329969e-01,
            6.18543762e+02, 1.57700854e+03, 7.17010975e-01,
            5.29539124e+02, 4.71941772e+02, 9.11803067e-01,
            5.92299133e+02, 4.71910126e+02, 8.75262141e-01,
            5.03228180e+02, 4.77273438e+02, 8.05691481e-01,
            6.29124939e+02, 4.77340790e+02, 8.98185968e-01 ]
    }
}
