{
    "pose_0": {
        "type_id": "opencv-matrix",
        "rows": 1,
        "cols": 18,
        "dt": "3f",
        "data": [ 5.19006042e+02, 4.98193665e+02, 9.11713123e-01,
            5.19191467e+02, 6.50239136e+02, 9.31063354e-01,
            3.98541229e+02, 6.55219543e+02, 8.83167744e-01,
            3.19930511e+02, 8.33272034e+02, 8.22916746e-01,
            2.57127594e+02, 9.48645142e+02, 8.32002699e-01,
            6.44540955e+02, 6.50039185e+02, 8.90835404e-01,
            7.75690369e+02, 7.54845276e+02, 8.56936872e-01,
            9.11951172e+02, 7.07591980e+02, 7.31454253e-01,
            4.40554413e+02, 1.01666687e+03, 7.43191957e-01,
            4.40668518e+02, 1.27854712e+03, 8.18137944e-01,
            4.45895447e+02, 1.55611145e+03, 7.87123561e-01,
            6.02657898e+02, 1.01660559e+03, 7.42130280e-01,
            6.03038086e+02, 1.27869336e+03, 8.42462659e-01,
            6.08049561e+02, 1.53019202e+03, 8.40112388e-01,
            4.82675964e+02, 4.77207794e+02, 9.65867519e-01,
            5.39968079e+02, 4.77194977e+02, 8.88796091e-01,
            4.51026886e+02, 4.87550568e+02, 8.65928173e-01,
            5.71403625e+02, 4.87593048e+02, 8.91707659e-01 ]
    }
}
