{
    "pose_0": {
        "type_id": "opencv-matrix",
        "rows": 1,
        "cols": 18,
        "dt": "3f",
        "data": [ 5.19253052e+02, 4.87740723e+02, 9.44325924e-01,
            5.24460938e+02, 6.44955017e+02, 9.43909764e-01,
            3.98858795e+02, 6.44960693e+02, 8.88133526e-01,
            3.14780060e+02, 8.17801636e+02, 8.69581819e-01,
            2.30912491e+02, 9.01522888e+02, 9.15067971e-01,
            6.50100647e+02, 6.44872498e+02, 8.91011238e-01,
            8.07047729e+02, 7.70344604e+02, 8.74388695e-01,
            9.32890442e+02, 7.70654785e+02, 8.18391562e-01,
            4.40747803e+02, 1.00614246e+03, 7.33901024e-01,
            4.45672699e+02, 1.27315637e+03, 8.18759441e-01,
            4.51090424e+02, 1.53534619e+03, 7.83090472e-01,
            6.02815125e+02, 1.01652814e+03, 7.50416100e-01,
            6.07953369e+02, 1.27340161e+03, 8.66337001e-01,
            6.08396362e+02, 1.52992419e+03, 8.43341470e-01,
            4.87775879e+02, 4.76882751e+02, 9.18666959e-01,
            5.45315796e+02, 4.76830933e+02, 8.74961019e-01,
            4.61382202e+02, 4.82308319e+02, 8.84021759e-01,
            5.76701111e+02, 4.82385498e+02, 8.97930026e-01 ]
    }
}
