{
    "pose_0": {
        "type_id": "opencv-matrix",
        "rows": 1,
        "cols": 18,
        "dt": "3f",
        "data": [ 5.61024719e+02, 4.87787231e+02, 9.32579041e-01,
            5.66004944e+02, 6.44580688e+02, 9.41654325e-01,
            4.45718567e+02, 6.44824219e+02, 8.90586257e-01,
            4.03863190e+02, 8.17492432e+02, 7.85823226e-01,
            4.35424713e+02, 9.38093262e+02, 6.78016663e-01,
            6.86485413e+02, 6.39350830e+02, 8.66680861e-01,
            7.59991394e+02, 7.70632385e+02, 7.69385934e-01,
            7.65117859e+02, 7.23175293e+02, 8.31045866e-01,
            4.82589447e+02, 1.02190131e+03, 7.42724657e-01,
            5.08634705e+02, 1.29945740e+03, 7.95824111e-01,
            4.92997681e+02, 1.52993005e+03, 7.98892140e-01,
            6.44905640e+02, 1.02702344e+03, 7.73547292e-01,
            6.44950317e+02, 1.31540637e+03, 8.66230130e-01,
            6.18566772e+02, 1.58762927e+03, 7.32458174e-01,
            5.29539185e+02, 4.76851227e+02, 9.27560508e-01,
            5.87239807e+02, 4.76842926e+02, 8.75279069e-01,
            5.03294067e+02, 4.82297638e+02, 8.23935091e-01,
            6.23898560e+02, 4.82417206e+02, 9.00449157e-01 ]
    }
}
