{
    "pose_0": {
        "type_id": "opencv-matrix",
        "rows": 1,
        "cols": 18,
        "dt": "3f",
        "data": [ 5.19031982e+02, 4.98144836e+02, 9.18270230e-01,
            5.40097961e+02, 6.50124146e+02, 8.69669378e-01,
            3.98793335e+02, 6.50234924e+02, 8.53961766e-01,
            3.46086243e+02, 8.33382141e+02, 7.94973493e-01,
            2.72945679e+02, 9.59059326e+02, 8.35215569e-01,
            6.86677612e+02, 6.50082581e+02, 8.27479541e-01,
            8.49058960e+02, 6.55241333e+02, 7.88383782e-01,
            9.48544617e+02, 5.66099670e+02, 7.99900949e-01,
            4.40637238e+02, 1.02182361e+03, 7.56895423e-01,
            4.40643707e+02, 1.27850574e+03, 8.32278967e-01,
            4.50906525e+02, 1.53517371e+03, 7.82749236e-01,
            6.02877563e+02, 1.02192023e+03, 7.72221446e-01,
            6.03096191e+02, 1.27854492e+03, 8.59277904e-01,
            6.08208862e+02, 1.53002966e+03, 8.51847827e-01,
            4.82670868e+02, 4.77156525e+02, 9.67547894e-01,
            5.39987793e+02, 4.77058655e+02, 8.87833357e-01,
            4.56103180e+02, 4.82627533e+02, 8.69247019e-01,
            5.76649780e+02, 4.82524445e+02, 9.25034165e-01 ]
    }
}
