{
    "pose_0": {
        "type_id": "opencv-matrix",
        "rows": 1,
        "cols": 18,
        "dt": "3f",
        "data": [ 5.18804321e+02, 5.03307678e+02, 9.04262841e-01,
            5.34704834e+02, 6.50194458e+02, 8.88379037e-01,
            3.98730316e+02, 6.55230713e+02, 8.59424829e-01,
            3.41031738e+02, 8.33356934e+02, 7.92656422e-01,
            2.72999817e+02, 9.69525085e+02, 8.40026379e-01,
            6.76167114e+02, 6.50024353e+02, 8.04848254e-01,
            8.17685608e+02, 6.86693176e+02, 8.57331634e-01,
            9.37998840e+02, 5.66236450e+02, 8.46630156e-01,
            4.40741516e+02, 1.01673474e+03, 7.44212449e-01,
            4.40751068e+02, 1.27877039e+03, 8.16132605e-01,
            4.51037109e+02, 1.55088245e+03, 7.70307899e-01,
            6.02981689e+02, 1.02186548e+03, 7.69251287e-01,
            6.07894409e+02, 1.27879700e+03, 8.35328758e-01,
            6.08115479e+02, 1.53519971e+03, 8.35497558e-01,
            4.82475708e+02, 4.77237183e+02, 9.92157340e-01,
            5.34729980e+02, 4.77170929e+02, 9.00655806e-01,
            4.50876312e+02, 4.82634735e+02, 8.79638314e-01,
            5.71436340e+02, 4.82610260e+02, 9.24683332e-01 ]
    }
}
