{
    "pose_0": {
        "type_id": "opencv-matrix",
        "rows": 1,
        "cols": 18,
        "dt": "3f",
        "data": [ 5.55591980e+02, 5.19150024e+02, 9.60710347e-01,
            5.29607117e+02, 6.71006470e+02, 8.79963934e-01,
            4.03952637e+02, 6.55338013e+02, 8.36371779e-01,
            2.57070496e+02, 6.86672119e+02, 8.03400874e-01,
            1.05378983e+02, 6.08032349e+02, 8.59580338e-01,
            6.50287170e+02, 6.86386475e+02, 8.87350857e-01,
            7.28631165e+02, 8.70040344e+02, 8.77824664e-01,
            8.17596313e+02, 9.74652344e+02, 8.23388278e-01,
            4.61503540e+02, 1.02723486e+03, 7.19573021e-01,
            4.71745026e+02, 1.29429993e+03, 7.63783514e-01,
            4.71869080e+02, 1.56147668e+03, 8.01253438e-01,
            6.13309753e+02, 1.03249194e+03, 7.19776928e-01,
            6.13371460e+02, 1.29942664e+03, 7.89116025e-01,
            6.28967346e+02, 1.55617786e+03, 7.68907964e-01,
            5.24184448e+02, 4.87729645e+02, 9.51890111e-01,
            5.71505859e+02, 4.92814453e+02, 8.64189684e-01,
            4.82672241e+02, 5.13719604e+02, 8.93307149e-01,
            6.08282104e+02, 5.13871704e+02, 9.20579314e-01 ]
    }
}
