{
    "pose_0": {
        "type_id": "opencv-matrix",
        "rows": 1,
        "cols": 18,
        "dt": "3f",
        "data": [ 5.45284912e+02, 5.13847229e+02, 8.99448991e-01,
            5.55574036e+02, 6.55229431e+02, 8.92435133e-01,
            4.35124939e+02, 6.60424011e+02, 8.55313361e-01,
            3.14586548e+02, 7.65031311e+02, 8.42628121e-01,
            3.20157990e+02, 8.01778687e+02, 8.32089186e-01,
            6.65756958e+02, 6.50263916e+02, 8.34760308e-01,
            7.70336060e+02, 7.65205139e+02, 7.68567979e-01,
            7.70407288e+02, 8.07147583e+02, 8.50643873e-01,
            4.77091705e+02, 1.02197052e+03, 7.54217625e-01,
            4.77207520e+02, 1.27852966e+03, 8.40313494e-01,
            4.82371429e+02, 1.55607300e+03, 7.98640490e-01,
            6.23835876e+02, 1.02198517e+03, 7.21089602e-01,
            6.34259705e+02, 1.27855249e+03, 8.00739110e-01,
            6.44647583e+02, 1.54039587e+03, 8.06773365e-01,
            5.19147705e+02, 4.82476593e+02, 1.01198280e+00,
            5.66336182e+02, 4.82485107e+02, 9.41514194e-01,
            4.82500549e+02, 5.03415924e+02, 9.20373023e-01,
            6.07881775e+02, 5.03374390e+02, 8.86337817e-01 ]
    }
}
