{
    "pose_0": {
        "type_id": "opencv-matrix",
        "rows": 1,
        "cols": 18,
        "dt": "3f",
        "data": [ 5.50352783e+02, 5.19072693e+02, 9.21743691e-01,
            5.55646423e+02, 6.76183289e+02, 8.75169873e-01,
            4.35433807e+02, 6.76162659e+02, 8.74366701e-01,
            3.56867859e+02, 8.28122070e+02, 8.39366913e-01,
            3.04114471e+02, 9.43319458e+02, 8.60315561e-01,
            6.55362000e+02, 6.71009949e+02, 8.35350513e-01,
            7.39223633e+02, 8.48986816e+02, 8.37460518e-01,
            8.38481201e+02, 9.48460754e+02, 8.34853530e-01,
            4.77207336e+02, 1.02720447e+03, 7.57165492e-01,
            4.77212311e+02, 1.28392908e+03, 8.11969876e-01,
            4.82341736e+02, 1.56644299e+03, 8.44949007e-01,
            6.28946350e+02, 1.02719421e+03, 7.19395041e-01,
            6.34280090e+02, 1.28386816e+03, 7.73469746e-01,
            6.44610107e+02, 1.55614160e+03, 7.93555617e-01,
            5.19196167e+02, 4.87784546e+02, 9.54580307e-01,
            5.66362915e+02, 4.87724304e+02, 9.17922020e-01,
            4.82550293e+02, 5.18762939e+02, 9.43612039e-01,
            6.07941345e+02, 5.13864441e+02, 9.27986264e-01 ]
    }
}
