{
    "pose_0": {
        "type_id": "opencv-matrix",
        "rows": 1,
        "cols": 18,
        "dt": "3f",
        "data": [ 5.24484192e+02, 5.45127380e+02, 9.22443151e-01,
            5.24379822e+02, 6.91706055e+02, 9.59637225e-01,
            4.09075653e+02, 6.86779541e+02, 8.75233173e-01,
            3.51286316e+02, 8.59310791e+02, 9.02017415e-01,
            3.20231506e+02, 1.00092059e+03, 8.37809980e-01,
            6.44696472e+02, 6.91792603e+02, 9.23896074e-01,
            6.92063232e+02, 8.64791504e+02, 8.47242534e-01,
            6.97294250e+02, 1.02689099e+03, 9.01400030e-01,
            4.45767914e+02, 1.05320410e+03, 7.42200255e-01,
            4.71810547e+02, 1.31521228e+03, 8.02944899e-01,
            4.92770020e+02, 1.57200854e+03, 8.01506460e-01,
            6.07879333e+02, 1.05321045e+03, 7.68303454e-01,
            6.13344543e+02, 1.30478308e+03, 8.23722005e-01,
            6.50161926e+02, 1.56649792e+03, 8.73047829e-01,
            5.08547394e+02, 5.19128479e+02, 9.13018942e-01,
            5.60716736e+02, 5.19125366e+02, 9.55526352e-01,
            4.76904205e+02, 5.24544312e+02, 9.15372610e-01,
            5.97390808e+02, 5.29501709e+02, 8.68628263e-01 ]
    }
}
