{
    "pose_0": {
        "type_id": "opencv-matrix",
        "rows": 1,
        "cols": 18,
        "dt": "3f",
        "data": [ 5.19225586e+02, 5.29747742e+02, 9.42937195e-01,
            5.18975037e+02, 6.86658997e+02, 9.43207383e-01,
            3.98611847e+02, 6.86363220e+02, 8.94549847e-01,
            3.14983704e+02, 8.28191345e+02, 8.27757955e-01,
            3.09340729e+02, 9.59120789e+02, 8.65078151e-01,
            6.29132446e+02, 6.86890869e+02, 8.77884507e-01,
            6.55412170e+02, 8.59646851e+02, 8.02242100e-01,
            6.44611633e+02, 9.85247070e+02, 6.17658496e-01,
            4.40746521e+02, 1.03248047e+03, 7.66560316e-01,
            4.56248993e+02, 1.30476147e+03, 7.39016294e-01,
            4.92826813e+02, 1.57201587e+03, 7.97195971e-01,
            6.02559448e+02, 1.02700171e+03, 7.98468471e-01,
            5.66105957e+02, 1.23157361e+03, 8.61703336e-01,
            6.23910217e+02, 1.45156287e+03, 7.59557903e-01,
            4.87760132e+02, 5.18920044e+02, 9.33993578e-01,
            5.45329346e+02, 5.18859131e+02, 8.78416300e-01,
            4.61522827e+02, 5.24535034e+02, 8.66360307e-01,
            5.76668518e+02, 5.24513245e+02, 8.83412123e-01 ]
    }
}
