{
    "pose_0": {
        "type_id": "opencv-matrix",
        "rows": 1,
        "cols": 18,
        "dt": "3f",
        "data": [ 5.66050964e+02, 5.19166199e+02, 9.75282252e-01,
            5.66441345e+02, 6.60563110e+02, 9.01213229e-01,
            4.61522217e+02, 6.76102600e+02, 8.31203759e-01,
            4.35097015e+02, 8.54122070e+02, 7.69995391e-01,
            4.71732574e+02, 9.74785889e+02, 5.51404595e-01,
            6.86778137e+02, 6.50239136e+02, 9.21828151e-01,
            7.70314697e+02, 8.12212463e+02, 7.66358793e-01,
            7.75727722e+02, 7.75617615e+02, 8.16018581e-01,
            4.92909607e+02, 1.00620770e+03, 7.42900133e-01,
            5.39999939e+02, 1.19485046e+03, 8.30865860e-01,
            5.13915710e+02, 1.40944336e+03, 8.75057518e-01,
            6.49882996e+02, 1.02701025e+03, 7.99463570e-01,
            6.28953247e+02, 1.32056543e+03, 7.71587312e-01,
            6.13356018e+02, 1.59792908e+03, 7.29434013e-01,
            5.34877869e+02, 4.92853729e+02, 8.56138766e-01,
            5.97472534e+02, 4.92938568e+02, 8.74486864e-01,
            5.13624146e+02, 5.18771362e+02, 8.63357961e-01,
            6.29027344e+02, 5.18967224e+02, 8.88475299e-01 ]
    }
}
