{
    "pose_0": {
        "type_id": "opencv-matrix",
        "rows": 1,
        "cols": 18,
        "dt": "3f",
        "data": [ 5.61186523e+02, 5.18967163e+02, 9.89341974e-01,
            5.66485657e+02, 6.50228088e+02, 9.33724999e-01,
            4.61470673e+02, 6.60432129e+02, 8.35735500e-01,
            4.35410645e+02, 8.49127319e+02, 6.83548808e-01,
            4.56242493e+02, 9.48552673e+02, 2.64927328e-01,
            6.86745361e+02, 6.49776306e+02, 9.27388906e-01,
            7.80932251e+02, 8.01768677e+02, 7.44634926e-01,
            7.75925049e+02, 7.70247803e+02, 8.31455350e-01,
            4.87590118e+02, 9.95813354e+02, 7.53562033e-01,
            5.24464172e+02, 1.17889563e+03, 7.98722625e-01,
            4.92857971e+02, 1.40948840e+03, 8.22345018e-01,
            6.44933167e+02, 1.02717212e+03, 7.83112466e-01,
            6.08256409e+02, 1.32045422e+03, 8.31407607e-01,
            6.08128174e+02, 1.60335608e+03, 8.25061917e-01,
            5.29710266e+02, 4.87524292e+02, 8.98752809e-01,
            5.92392029e+02, 4.87590149e+02, 8.86559308e-01,
            5.08461792e+02, 5.03339264e+02, 7.87247121e-01,
            6.29107483e+02, 5.08506042e+02, 8.36294949e-01 ]
    }
}
