{
    "pose_0": {
        "type_id": "opencv-matrix",
        "rows": 1,
        "cols": 18,
        "dt": "3f",
        "data": [ 5.50520630e+02, 5.19234680e+02, 9.32356238e-01,
            5.60667114e+02, 6.76233032e+02, 8.92678738e-01,
            4.40452850e+02, 6.76134827e+02, 8.58171523e-01,
            3.20001190e+02, 8.17750183e+02, 8.27005386e-01,
            1.99662720e+02, 8.90994812e+02, 8.31982076e-01,
            6.60436523e+02, 6.76198547e+02, 8.28066647e-01,
            7.44305725e+02, 8.54157654e+02, 8.43210280e-01,
            8.48962341e+02, 9.43512085e+02, 8.76330256e-01,
            4.77254517e+02, 1.02711841e+03, 7.51703620e-01,
            4.77209412e+02, 1.28388757e+03, 8.18041027e-01,
            4.82251617e+02, 1.56642334e+03, 8.50903690e-01,
            6.28948669e+02, 1.02733716e+03, 7.13734269e-01,
            6.34227417e+02, 1.28899475e+03, 7.57473290e-01,
            6.39580933e+02, 1.56124316e+03, 7.81409740e-01,
            5.19237427e+02, 4.92938171e+02, 9.37573075e-01,
            5.66418884e+02, 4.87812653e+02, 9.14477706e-01,
            4.82681000e+02, 5.18873962e+02, 8.72072816e-01,
            6.08045044e+02, 5.13772888e+02, 9.16746914e-01 ]
    }
}
