{
    "pose_0": {
        "type_id": "opencv-matrix",
        "rows": 1,
        "cols": 18,
        "dt": "3f",
        "data": [ 5.55781067e+02, 5.24104614e+02, 9.57348287e-01,
            5.60868347e+02, 6.76144592e+02, 9.08238351e-01,
            4.40285889e+02, 6.76188232e+02, 8.49435329e-01,
            3.20039917e+02, 7.70490723e+02, 6.78271592e-01,
            3.09552704e+02, 7.75731262e+02, 7.22591817e-01,
            6.81506958e+02, 6.76102295e+02, 8.28095555e-01,
            8.06963562e+02, 8.12208862e+02, 6.45422995e-01,
            8.17489075e+02, 7.86217163e+02, 7.83886373e-01,
            4.77224518e+02, 1.02725085e+03, 7.54213631e-01,
            4.82203613e+02, 1.28396216e+03, 8.10540140e-01,
            4.82611938e+02, 1.56671436e+03, 8.37974072e-01,
            6.34282410e+02, 1.02730420e+03, 7.07268059e-01,
            6.39500122e+02, 1.28375549e+03, 7.93350160e-01,
            6.44767212e+02, 1.55617725e+03, 8.11572552e-01,
            5.24291321e+02, 4.98033539e+02, 9.23127949e-01,
            5.71517822e+02, 4.98111176e+02, 8.55520487e-01,
            4.87651642e+02, 5.18868164e+02, 9.21519041e-01,
            6.08272583e+02, 5.18949768e+02, 9.41753387e-01 ]
    }
}
