{
    "pose_0": {
        "type_id": "opencv-matrix",
        "rows": 1,
        "cols": 18,
        "dt": "3f",
        "data": [ 5.24172058e+02, 4.82413025e+02, 9.75937009e-01,
            5.24359436e+02, 6.44538330e+02, 9.48544443e-01,
            4.04027740e+02, 6.39545410e+02, 8.47648561e-01,
            3.14596283e+02, 8.12365417e+02, 8.70388746e-01,
            2.15212677e+02, 8.96197937e+02, 8.57075453e-01,
            6.44772522e+02, 6.44535400e+02, 8.99732351e-01,
            7.39103943e+02, 8.12537476e+02, 8.87534857e-01,
            8.54147400e+02, 8.95906921e+02, 8.94771814e-01,
            4.45780457e+02, 1.00090405e+03, 7.08009720e-01,
            4.45850067e+02, 1.26803088e+03, 7.96646595e-01,
            4.61323792e+02, 1.52981750e+03, 8.01088452e-01,
            6.03037292e+02, 1.01132373e+03, 7.48787284e-01,
            6.08085205e+02, 1.26807654e+03, 8.40240836e-01,
            6.13283386e+02, 1.52454175e+03, 8.28484714e-01,
            4.92954315e+02, 4.66578278e+02, 8.55513811e-01,
            5.55535828e+02, 4.61460327e+02, 8.57857347e-01,
            4.71736206e+02, 4.77150146e+02, 8.84055138e-01,
            5.87078735e+02, 4.77135010e+02, 8.65722179e-01 ]
    }
}
