{
    "pose_0": {
        "type_id": "opencv-matrix",
        "rows": 1,
        "cols": 18,
        "dt": "3f",
        "data": [ 5.60632935e+02, 5.19266602e+02, 9.60298777e-01,
            5.55736938e+02, 6.81365845e+02, 8.98865998e-01,
            4.35306213e+02, 6.81439087e+02, 8.71738195e-01,
            3.40882324e+02, 7.70220886e+02, 7.86472797e-01,
            3.09469727e+02, 8.07112122e+02, 8.27679217e-01,
            6.76088074e+02, 6.81306763e+02, 8.17994952e-01,
            7.75517395e+02, 8.48978638e+02, 7.74159670e-01,
            8.12228577e+02, 8.12353882e+02, 8.60242486e-01,
            4.77227417e+02, 1.03766260e+03, 7.33711839e-01,
            4.82163025e+02, 1.30466357e+03, 8.05989206e-01,
            4.82562042e+02, 1.57178467e+03, 8.40670526e-01,
            6.39337402e+02, 1.03764380e+03, 7.01985717e-01,
            6.39591980e+02, 1.29941040e+03, 7.71477759e-01,
            6.44830994e+02, 1.56644250e+03, 8.19566727e-01,
            5.24385620e+02, 4.92863190e+02, 9.28876400e-01,
            5.71627502e+02, 4.93005249e+02, 8.52047920e-01,
            4.87732727e+02, 5.18772583e+02, 9.01283383e-01,
            6.08319580e+02, 5.18969299e+02, 9.42610621e-01 ]
    }
}
