{
    "pose_0": {
        "type_id": "opencv-matrix",
        "rows": 1,
        "cols": 18,
        "dt": "3f",
        "data": [ 5.60912292e+02, 5.29580200e+02, 9.49295044e-01,
            5.61020020e+02, 6.86732910e+02, 9.40569818e-01,
            4.40673279e+02, 6.86703125e+02, 9.06459570e-01,
            3.93042603e+02, 8.59463257e+02, 8.72996211e-01,
            3.72324005e+02, 1.02168713e+03, 8.76469374e-01,
            6.76174683e+02, 6.86591003e+02, 8.69764030e-01,
            7.33784912e+02, 8.59339966e+02, 8.84004891e-01,
            7.70157532e+02, 1.00611212e+03, 8.54884923e-01,
            4.82270996e+02, 1.05321655e+03, 7.54911065e-01,
            4.82425598e+02, 1.31514319e+03, 8.56518030e-01,
            4.87714874e+02, 1.57189856e+03, 8.33356440e-01,
            6.44590515e+02, 1.05329541e+03, 7.57565975e-01,
            6.49779846e+02, 1.31526147e+03, 8.71599615e-01,
            6.50220093e+02, 1.57170508e+03, 8.46609950e-01,
            5.24602051e+02, 5.13916748e+02, 9.38397408e-01,
            5.81990906e+02, 5.18759033e+02, 8.66458058e-01,
            4.98137848e+02, 5.24298889e+02, 8.56700122e-01,
            6.13368896e+02, 5.24540100e+02, 8.92154813e-01 ]
    }
}
