{
    "pose_0": {
        "type_id": "opencv-matrix",
        "rows": 1,
        "cols": 18,
        "dt": "3f",
        "data": [ 5.60944031e+02, 5.19231812e+02, 9.98508632e-01,
            5.66313477e+02, 6.55164734e+02, 9.24782753e-01,
            4.61500275e+02, 6.65670776e+02, 8.16602767e-01,
            4.40728333e+02, 8.49120239e+02, 6.38505816e-01,
            4.82400940e+02, 9.69506592e+02, 2.40778998e-01,
            6.86464905e+02, 6.49795776e+02, 9.12241578e-01,
            7.81032227e+02, 7.80914856e+02, 7.33265936e-01,
            7.75584045e+02, 7.54817505e+02, 8.57946217e-01,
            4.87537964e+02, 1.01664935e+03, 7.74289131e-01,
            5.19261780e+02, 1.23161133e+03, 8.72275829e-01,
            5.03356079e+02, 1.45153174e+03, 7.90369093e-01,
            6.44883179e+02, 1.02726758e+03, 7.90397525e-01,
            6.44473755e+02, 1.32039404e+03, 8.57149899e-01,
            6.08194397e+02, 1.60330322e+03, 7.76233256e-01,
            5.24568481e+02, 4.87828247e+02, 9.10103738e-01,
            5.81987976e+02, 4.87837036e+02, 8.51556897e-01,
            4.92977631e+02, 5.13631836e+02, 7.85696089e-01,
            6.18559570e+02, 5.08634796e+02, 8.26526642e-01 ]
    }
}
