{
    "pose_0": {
        "type_id": "opencv-matrix",
        "rows": 1,
        "cols": 18,
        "dt": "3f",
        "data": [ 5.55516724e+02, 5.19236938e+02, 9.53152776e-01,
            5.34876953e+02, 6.76111328e+02, 8.60044062e-01,
            4.24637878e+02, 6.60503784e+02, 8.21864009e-01,
            2.67519287e+02, 7.23147644e+02, 8.31400156e-01,
            1.10475754e+02, 6.76176331e+02, 7.62055159e-01,
            6.55160034e+02, 6.86381836e+02, 8.85130644e-01,
            7.33621826e+02, 8.69928467e+02, 8.75390708e-01,
            8.17706787e+02, 9.58958313e+02, 8.11813116e-01,
            4.66734680e+02, 1.03239929e+03, 7.18038797e-01,
            4.71789551e+02, 1.30981995e+03, 7.88072944e-01,
            4.76884644e+02, 1.56671497e+03, 8.21682096e-01,
            6.13403992e+02, 1.04276355e+03, 7.10940003e-01,
            6.13442993e+02, 1.30981763e+03, 8.10107529e-01,
            6.29093872e+02, 1.56140039e+03, 7.88730264e-01,
            5.24132385e+02, 4.87849091e+02, 9.45560813e-01,
            5.71393188e+02, 4.92920563e+02, 8.73429060e-01,
            4.82627563e+02, 5.13825867e+02, 9.25429761e-01,
            6.08151306e+02, 5.18785217e+02, 9.35763955e-01 ]
    }
}
