{
    "pose_0": {
        "type_id": "opencv-matrix",
        "rows": 1,
        "cols": 18,
        "dt": "3f",
        "data": [ 5.55707520e+02, 5.19221069e+02, 9.63103414e-01,
            5.60958313e+02, 6.60551819e+02, 9.10045624e-01,
            4.40402496e+02, 6.60463684e+02, 8.49206209e-01,
            3.35709137e+02, 8.12408752e+02, 7.12750435e-01,
            3.30501831e+02, 7.49539978e+02, 7.10785747e-01,
            6.81421814e+02, 6.60475342e+02, 8.45606089e-01,
            7.75808899e+02, 8.07196838e+02, 7.70949066e-01,
            8.07140259e+02, 7.65177612e+02, 8.06842327e-01,
            4.77226074e+02, 1.02696179e+03, 7.49927342e-01,
            4.77367584e+02, 1.27876831e+03, 8.19336116e-01,
            4.82531830e+02, 1.56643530e+03, 8.19816709e-01,
            6.34215759e+02, 1.02708777e+03, 7.24581659e-01,
            6.39512207e+02, 1.28377368e+03, 7.86496818e-01,
            6.44789246e+02, 1.55604126e+03, 8.10062051e-01,
            5.24170654e+02, 4.92813416e+02, 9.42070127e-01,
            5.71452332e+02, 4.92831451e+02, 8.76898229e-01,
            4.82676544e+02, 5.18769958e+02, 9.25019205e-01,
            6.08236877e+02, 5.13857178e+02, 9.09688711e-01 ]
    }
}
