{
    "pose_0": {
        "type_id": "opencv-matrix",
        "rows": 1,
        "cols": 18,
        "dt": "3f",
        "data": [ 5.24053223e+02, 5.13717163e+02, 9.62300718e-01,
            5.19213318e+02, 6.55369507e+02, 9.32787538e-01,
            3.98842896e+02, 6.60417908e+02, 8.54525566e-01,
            3.35634705e+02, 8.38510742e+02, 7.91383028e-01,
            2.67465759e+02, 9.48752075e+02, 8.48798513e-01,
            6.39441711e+02, 6.55263550e+02, 8.65626931e-01,
            7.28513123e+02, 8.17587097e+02, 9.57562745e-01,
            8.54287598e+02, 8.85626526e+02, 8.71416271e-01,
            4.40724976e+02, 1.02183807e+03, 7.45226622e-01,
            4.40681671e+02, 1.28386584e+03, 8.09479535e-01,
            4.50910583e+02, 1.56121790e+03, 7.83636510e-01,
            6.02785095e+02, 1.02198584e+03, 7.69496560e-01,
            6.03056396e+02, 1.28378430e+03, 8.32500815e-01,
            6.08085510e+02, 1.54041235e+03, 8.21519554e-01,
            4.87845367e+02, 4.82407562e+02, 9.23189402e-01,
            5.50475525e+02, 4.82386292e+02, 8.98684084e-01,
            4.66677521e+02, 4.98073212e+02, 8.21138859e-01,
            5.76758728e+02, 4.98177612e+02, 8.23652506e-01 ]
    }
}
