{
    "pose_0": {
        "type_id": "opencv-matrix",
        "rows": 1,
        "cols": 18,
        "dt": "3f",
        "data": [ 5.19014404e+02, 4.40464661e+02, 9.83854890e-01,
            5.19292358e+02, 6.02869446e+02, 9.52696443e-01,
            3.98734039e+02, 6.02719666e+02, 8.89484406e-01,
            3.04101990e+02, 7.65241760e+02, 8.16696286e-01,
            1.83766724e+02, 8.48822998e+02, 8.67177963e-01,
            6.44483032e+02, 6.02924438e+02, 8.86379302e-01,
            7.34056091e+02, 7.70489441e+02, 8.94425869e-01,
            8.54042053e+02, 8.49071472e+02, 8.78629446e-01,
            4.40613922e+02, 9.64310303e+02, 7.32436061e-01,
            4.40724945e+02, 1.23150745e+03, 8.27923238e-01,
            4.45815155e+02, 1.49851038e+03, 7.78738201e-01,
            6.02753601e+02, 9.69548401e+02, 7.43830323e-01,
            6.03045288e+02, 1.23158875e+03, 8.62193763e-01,
            6.08190674e+02, 1.48810889e+03, 8.45295906e-01,
            4.82656403e+02, 4.19450745e+02, 9.03808534e-01,
            5.45131775e+02, 4.19474182e+02, 8.24769795e-01,
            4.56188324e+02, 4.35291626e+02, 8.25141609e-01,
            5.71606262e+02, 4.35407166e+02, 8.86197209e-01 ]
    }
}
