{
    "pose_0": {
        "type_id": "opencv-matrix",
        "rows": 1,
        "cols": 18,
        "dt": "3f",
        "data": [ 5.34758545e+02, 5.19046753e+02, 9.26473081e-01,
            5.24236755e+02, 6.65673950e+02, 9.28712547e-01,
            3.98610596e+02, 6.55337280e+02, 8.61403644e-01,
            2.30844711e+02, 6.97318481e+02, 7.86435485e-01,
            9.46630173e+01, 6.55207764e+02, 8.08232248e-01,
            6.49774353e+02, 6.76175293e+02, 8.88545394e-01,
            7.23410645e+02, 8.59689148e+02, 8.53917420e-01,
            7.96736450e+02, 9.59033691e+02, 7.76302576e-01,
            4.45878235e+02, 1.02723999e+03, 7.39148855e-01,
            4.56233765e+02, 1.29424988e+03, 7.49275923e-01,
            4.66537628e+02, 1.56139185e+03, 7.80526876e-01,
            6.07946350e+02, 1.03228418e+03, 7.52617180e-01,
            6.08148682e+02, 1.29431030e+03, 8.21126938e-01,
            6.13435181e+02, 1.56120349e+03, 8.00986886e-01,
            5.18953186e+02, 4.87644684e+02, 9.42198992e-01,
            5.66060059e+02, 4.87821777e+02, 9.23102260e-01,
            4.82340546e+02, 5.08612335e+02, 9.04462218e-01,
            6.02901062e+02, 5.13818604e+02, 9.21269715e-01 ]
    }
}
