{
    "pose_0": {
        "type_id": "opencv-matrix",
        "rows": 1,
        "cols": 18,
        "dt": "3f",
        "data": [ 5.55644470e+02, 5.19269470e+02, 9.58548188e-01,
            5.55807861e+02, 6.50252747e+02, 9.04570758e-01,
            4.40383606e+02, 6.50220886e+02, 8.95766258e-01,
            3.77691589e+02, 7.96721191e+02, 7.53346086e-01,
            3.51282196e+02, 7.33660767e+02, 8.84307325e-01,
            6.60549744e+02, 6.50176208e+02, 8.55763853e-01,
            7.33758179e+02, 7.86123352e+02, 7.82187700e-01,
            7.65221130e+02, 7.23341797e+02, 8.61869097e-01,
            4.77217804e+02, 1.00623535e+03, 7.40712285e-01,
            4.77312988e+02, 1.27844653e+03, 8.28942776e-01,
            4.82422028e+02, 1.56129651e+03, 8.17489862e-01,
            6.29017456e+02, 1.01665814e+03, 7.20870614e-01,
            6.39465027e+02, 1.27845276e+03, 8.19818318e-01,
            6.44639160e+02, 1.54563611e+03, 7.97478974e-01,
            5.24147461e+02, 4.92797485e+02, 9.38540518e-01,
            5.71415222e+02, 4.92947418e+02, 8.67839813e-01,
            4.82616547e+02, 5.13721863e+02, 9.27565515e-01,
            6.08117310e+02, 5.13831360e+02, 9.03772414e-01 ]
    }
}
