{
    "pose_0": {
        "type_id": "opencv-matrix",
        "rows": 1,
        "cols": 18,
        "dt": "3f",
        "data": [ 5.24136902e+02, 4.92818390e+02, 9.50409353e-01,
            5.19106995e+02, 6.50120789e+02, 9.25622344e-01,
            3.98362244e+02, 6.49819031e+02, 9.14966881e-01,
            3.25168396e+02, 8.12182068e+02, 8.36136699e-01,
            3.19980713e+02, 9.37851624e+02, 8.46614718e-01,
            6.44584106e+02, 6.55180359e+02, 8.96177649e-01,
            7.07513245e+02, 8.48916748e+02, 8.04868102e-01,
            7.38959839e+02, 1.02187109e+03, 8.91898215e-01,
            4.40468842e+02, 1.03245532e+03, 7.28832543e-01,
            4.56233978e+02, 1.32052429e+03, 7.78234065e-01,
            4.87726746e+02, 1.59806726e+03, 7.90060222e-01,
            6.03038208e+02, 1.03240234e+03, 7.55316973e-01,
            6.08000977e+02, 1.31534802e+03, 8.50393414e-01,
            6.18714417e+02, 1.57712012e+03, 7.72776186e-01,
            4.92845337e+02, 4.76906586e+02, 9.11756873e-01,
            5.55620972e+02, 4.76962708e+02, 9.11869526e-01,
            4.61408630e+02, 4.82432129e+02, 8.76728654e-01,
            5.87218201e+02, 4.82679138e+02, 8.53396297e-01 ]
    }
}
