{
    "pose_0": {
        "type_id": "opencv-matrix",
        "rows": 1,
        "cols": 18,
        "dt": "3f",
        "data": [ 5.19184021e+02, 5.29594849e+02, 9.40988839e-01,
            5.18846069e+02, 6.86435120e+02, 9.21208501e-01,
            3.98717621e+02, 6.76144836e+02, 8.52224946e-01,
            3.14900330e+02, 8.17761658e+02, 8.55091572e-01,
            3.09542572e+02, 9.43411438e+02, 8.95575762e-01,
            6.18592834e+02, 6.86716553e+02, 8.80940557e-01,
            6.44861938e+02, 8.54359436e+02, 7.11202860e-01,
            6.08233154e+02, 9.74715881e+02, 2.33997852e-01,
            4.40587250e+02, 1.03753674e+03, 7.81781614e-01,
            4.77038025e+02, 1.30991797e+03, 7.47908950e-01,
            4.98163300e+02, 1.57701892e+03, 7.67191589e-01,
            5.97519165e+02, 1.02176184e+03, 7.84366608e-01,
            5.50567017e+02, 1.20003296e+03, 8.12404931e-01,
            6.02988464e+02, 1.41994885e+03, 8.03490222e-01,
            4.87686279e+02, 5.18765198e+02, 9.21714008e-01,
            5.45288513e+02, 5.13901062e+02, 8.63983512e-01,
            4.56251984e+02, 5.24341370e+02, 8.73202145e-01,
            5.76669800e+02, 5.24461792e+02, 8.95018637e-01 ]
    }
}
