{
    "pose_0": {
        "type_id": "opencv-matrix",
        "rows": 1,
        "cols": 18,
        "dt": "3f",
        "data": [ 5.19242432e+02, 4.45941711e+02, 9.35251474e-01,
            5.19292053e+02, 6.08109253e+02, 9.26472843e-01,
            3.93111969e+02, 6.08009888e+02, 8.27551067e-01,
            2.25622421e+02, 6.97242615e+02, 7.94535458e-01,
            5.82366371e+01, 6.86412903e+02, 7.63034701e-01,
            6.50196106e+02, 6.08206543e+02, 8.52529645e-01,
            8.12473999e+02, 7.23353516e+02, 8.43621314e-01,
            9.38227539e+02, 7.12748657e+02, 7.78097749e-01,
            4.40688873e+02, 9.79883606e+02, 7.42056966e-01,
            4.40783691e+02, 1.23672937e+03, 8.08366358e-01,
            4.51035461e+02, 1.50900366e+03, 7.73510575e-01,
            6.02873474e+02, 9.80040527e+02, 7.41891146e-01,
            6.07916931e+02, 1.23685876e+03, 8.36189210e-01,
            6.08160645e+02, 1.49320935e+03, 8.35793436e-01,
            4.87728577e+02, 4.34968384e+02, 9.19632435e-01,
            5.50386353e+02, 4.34947205e+02, 8.77480149e-01,
            4.61374725e+02, 4.40382843e+02, 8.57594848e-01,
            5.81876648e+02, 4.40525604e+02, 8.91562939e-01 ]
    }
}
