{
    "pose_0": {
        "type_id": "opencv-matrix",
        "rows": 1,
        "cols": 18,
        "dt": "3f",
        "data": [ 5.50524170e+02, 5.19033386e+02, 9.35400009e-01,
            5.29608582e+02, 6.65676086e+02, 8.73843610e-01,
            4.09033844e+02, 6.50193726e+02, 8.47364783e-01,
            2.41390656e+02, 6.55142578e+02, 8.37076783e-01,
            1.05314934e+02, 5.60972351e+02, 8.90964627e-01,
            6.50161560e+02, 6.81437927e+02, 8.86808336e-01,
            7.33711121e+02, 8.85664246e+02, 8.66487503e-01,
            8.22807983e+02, 9.85169983e+02, 7.28451610e-01,
            4.51054169e+02, 1.02713501e+03, 7.30768263e-01,
            4.66608948e+02, 1.29428821e+03, 7.53600776e-01,
            4.71757019e+02, 1.56654919e+03, 8.07915390e-01,
            6.08158264e+02, 1.03230322e+03, 7.45374858e-01,
            6.08281433e+02, 1.29433655e+03, 8.12182188e-01,
            6.18726624e+02, 1.55615015e+03, 7.90082335e-01,
            5.24155518e+02, 4.87646332e+02, 9.58017588e-01,
            5.71390259e+02, 4.87849152e+02, 8.72566044e-01,
            4.82598633e+02, 5.13713745e+02, 9.25981104e-01,
            6.08094116e+02, 5.18783508e+02, 9.47542429e-01 ]
    }
}
