{
    "pose_0": {
        "type_id": "opencv-matrix",
        "rows": 1,
        "cols": 18,
        "dt": "3f",
        "data": [ 5.19233398e+02, 4.87783173e+02, 9.44509804e-01,
            5.24581177e+02, 6.49780212e+02, 9.34636950e-01,
            3.98812469e+02, 6.49893860e+02, 8.89339149e-01,
            3.20081329e+02, 8.22830994e+02, 8.24832439e-01,
            2.36368805e+02, 9.22390930e+02, 8.10632586e-01,
            6.55151489e+02, 6.44891846e+02, 8.69589686e-01,
            8.12270874e+02, 7.33816467e+02, 8.50975156e-01,
            9.43274414e+02, 7.23148438e+02, 7.19045043e-01,
            4.40730133e+02, 1.00615118e+03, 7.31950164e-01,
            4.45675934e+02, 1.27322131e+03, 8.13181102e-01,
            4.51058838e+02, 1.53016052e+03, 7.88790643e-01,
            6.02889709e+02, 1.01650610e+03, 7.50113428e-01,
            6.07906128e+02, 1.27346484e+03, 8.53649676e-01,
            6.08305603e+02, 1.52481628e+03, 8.52248609e-01,
            4.87750793e+02, 4.76926392e+02, 9.27759171e-01,
            5.45301575e+02, 4.76873474e+02, 8.76366317e-01,
            4.61391846e+02, 4.82403992e+02, 8.83516967e-01,
            5.76696533e+02, 4.82457825e+02, 9.01041806e-01 ]
    }
}
