{
    "pose_0": {
        "type_id": "opencv-matrix",
        "rows": 1,
        "cols": 18,
        "dt": "3f",
        "data": [ 5.61070313e+02, 5.18960205e+02, 9.84403372e-01,
            5.66462830e+02, 6.50115601e+02, 9.37955797e-01,
            4.66539063e+02, 6.55442749e+02, 8.41246009e-01,
            4.45646027e+02, 8.33419617e+02, 5.83854795e-01,
            4.82415985e+02, 9.43296570e+02, 2.35373944e-01,
            6.86638550e+02, 6.44897888e+02, 9.18307781e-01,
            7.81001526e+02, 7.75648438e+02, 7.19715536e-01,
            7.75795288e+02, 7.54658997e+02, 8.95652235e-01,
            4.87715454e+02, 9.95766174e+02, 7.56969154e-01,
            5.24538208e+02, 1.17376221e+03, 7.84615993e-01,
            4.92933350e+02, 1.40415161e+03, 8.31910133e-01,
            6.44986450e+02, 1.02703723e+03, 7.85555661e-01,
            6.08340210e+02, 1.32049658e+03, 8.21990192e-01,
            6.08114075e+02, 1.60830188e+03, 8.30407798e-01,
            5.29600647e+02, 4.87543152e+02, 9.10161018e-01,
            5.87217346e+02, 4.87666107e+02, 8.63732994e-01,
            5.03297546e+02, 5.08442261e+02, 8.06022882e-01,
            6.23761841e+02, 5.13602905e+02, 8.46057773e-01 ]
    }
}
