{
    "pose_0": {
        "type_id": "opencv-matrix",
        "rows": 1,
        "cols": 18,
        "dt": "3f",
        "data": [ 5.50552673e+02, 5.18800598e+02, 9.12590444e-01,
            5.55670471e+02, 6.49923218e+02, 9.17143881e-01,
            4.40507233e+02, 6.50052185e+02, 8.96637738e-01,
            3.67215424e+02, 7.75569458e+02, 6.83520734e-01,
            3.56568451e+02, 7.23293335e+02, 9.09953415e-01,
            6.50245789e+02, 6.49821716e+02, 9.00344670e-01,
            7.07681885e+02, 7.70397766e+02, 6.72296166e-01,
            7.44414001e+02, 7.02489990e+02, 8.11205506e-01,
            4.77166321e+02, 1.01134381e+03, 7.47809708e-01,
            4.77222321e+02, 1.27345374e+03, 8.38191032e-01,
            4.82371033e+02, 1.55610962e+03, 8.11868072e-01,
            6.23771362e+02, 1.01654230e+03, 7.13641226e-01,
            6.34227722e+02, 1.27838770e+03, 7.91187346e-01,
            6.44583618e+02, 1.53534326e+03, 8.04049551e-01,
            5.19287231e+02, 4.82648590e+02, 9.83531594e-01,
            5.71320007e+02, 4.82675934e+02, 9.00108695e-01,
            4.82585388e+02, 5.13600891e+02, 9.15331185e-01,
            6.08075195e+02, 5.13603210e+02, 8.95199358e-01 ]
    }
}
