{
    "pose_0": {
        "type_id": "opencv-matrix",
        "rows": 1,
        "cols": 18,
        "dt": "3f",
        "data": [ 5.61136780e+02, 5.40094055e+02, 9.18815851e-01,
            5.65939575e+02, 6.81449951e+02, 9.28816915e-01,
            4.45646515e+02, 6.86498169e+02, 8.56981397e-01,
            3.87925995e+02, 8.12210144e+02, 7.66683221e-01,
            3.51279510e+02, 7.54797729e+02, 8.21614981e-01,
            6.81471069e+02, 6.76139221e+02, 8.52797508e-01,
            7.65174500e+02, 8.07118591e+02, 7.44206071e-01,
            7.91359436e+02, 7.38956360e+02, 8.33155453e-01,
            4.82606384e+02, 1.03766687e+03, 7.35580981e-01,
            4.82627289e+02, 1.31494763e+03, 8.30638766e-01,
            4.87576202e+02, 1.57702161e+03, 8.21579814e-01,
            6.44673218e+02, 1.04283252e+03, 7.54010320e-01,
            6.49762695e+02, 1.31493274e+03, 8.46496165e-01,
            6.49950195e+02, 1.56669824e+03, 8.53776217e-01,
            5.29699219e+02, 5.19204712e+02, 9.31125820e-01,
            5.87155273e+02, 5.19166443e+02, 8.86226296e-01,
            5.03425690e+02, 5.29529602e+02, 8.32544327e-01,
            6.13504822e+02, 5.29505554e+02, 8.69376838e-01 ]
    }
}
