{
    "pose_0": {
        "type_id": "opencv-matrix",
        "rows": 1,
        "cols": 18,
        "dt": "3f",
        "data": [ 5.24139709e+02, 5.13906372e+02, 9.66004729e-01,
            5.24231812e+02, 6.60403015e+02, 9.29581642e-01,
            4.03872223e+02, 6.49939148e+02, 8.83579850e-01,
            3.09366547e+02, 7.33905823e+02, 7.32227445e-01,
            3.04307434e+02, 7.65049377e+02, 7.78820336e-01,
            6.44632935e+02, 6.76114868e+02, 8.59007955e-01,
            6.49990967e+02, 8.64652588e+02, 7.42596984e-01,
            6.28963379e+02, 9.85333313e+02, 2.78977334e-01,
            4.40392914e+02, 1.04279248e+03, 7.67619371e-01,
            4.82165314e+02, 1.32043628e+03, 8.09613526e-01,
            5.13835327e+02, 1.60312451e+03, 7.99668849e-01,
            5.97590454e+02, 1.01658008e+03, 7.55634546e-01,
            5.29530640e+02, 1.15290063e+03, 8.41164410e-01,
            5.87055237e+02, 1.36754431e+03, 7.34127104e-01,
            4.87850861e+02, 4.82573120e+02, 9.02869463e-01,
            5.55511475e+02, 4.82523132e+02, 8.86831462e-01,
            4.66551758e+02, 5.08540588e+02, 8.60372841e-01,
            5.87065247e+02, 5.03384247e+02, 8.04279447e-01 ]
    }
}
