{
    "pose_0": {
        "type_id": "opencv-matrix",
        "rows": 1,
        "cols": 18,
        "dt": "3f",
        "data": [ 5.50510315e+02, 5.19228638e+02, 9.33702767e-01,
            5.50529358e+02, 6.76242798e+02, 8.67442012e-01,
            4.35202698e+02, 6.76040344e+02, 8.55496407e-01,
            2.99064575e+02, 7.70645264e+02, 8.04373920e-01,
            1.52560577e+02, 7.91426880e+02, 7.38977849e-01,
            6.55339111e+02, 6.81307251e+02, 8.51669252e-01,
            7.33894226e+02, 8.54488525e+02, 9.10860717e-01,
            8.28177307e+02, 9.48534546e+02, 8.27316344e-01,
            4.76911804e+02, 1.02724792e+03, 7.47754157e-01,
            4.76969360e+02, 1.29422351e+03, 7.86573887e-01,
            4.77201263e+02, 1.56658203e+03, 8.45449209e-01,
            6.18603577e+02, 1.03232336e+03, 7.20896721e-01,
            6.18564575e+02, 1.29434998e+03, 7.70418644e-01,
            6.34161133e+02, 1.55620215e+03, 7.81987131e-01,
            5.19302246e+02, 4.92900299e+02, 9.35459614e-01,
            5.66428833e+02, 4.92818085e+02, 8.98976207e-01,
            4.82643646e+02, 5.18801392e+02, 9.05039907e-01,
            6.07898743e+02, 5.13890930e+02, 9.04116452e-01 ]
    }
}
