{
    "pose_0": {
        "type_id": "opencv-matrix",
        "rows": 1,
        "cols": 18,
        "dt": "3f",
        "data": [ 5.45269104e+02, 5.19037231e+02, 9.27119732e-01,
            5.24549316e+02, 6.60533142e+02, 9.05205488e-01,
            4.03773407e+02, 6.50127563e+02, 8.53760481e-01,
            2.25865677e+02, 6.55407532e+02, 8.31579030e-01,
            9.98224564e+01, 5.81844055e+02, 8.13226700e-01,
            6.49965393e+02, 6.81307251e+02, 8.86494040e-01,
            7.28348511e+02, 8.64849060e+02, 8.62590313e-01,
            8.12390320e+02, 9.79730713e+02, 8.00008059e-01,
            4.51003448e+02, 1.02201416e+03, 7.30703115e-01,
            4.56256042e+02, 1.27878528e+03, 7.65908182e-01,
            4.71758148e+02, 1.56147827e+03, 7.94430137e-01,
            6.08102844e+02, 1.02712366e+03, 7.53782213e-01,
            6.08157654e+02, 1.28377075e+03, 8.32103372e-01,
            6.13462891e+02, 1.54562158e+03, 8.04899931e-01,
            5.19238281e+02, 4.87625763e+02, 9.73961949e-01,
            5.66399719e+02, 4.87752625e+02, 9.10176873e-01,
            4.82540894e+02, 5.13641357e+02, 8.83309782e-01,
            6.07961853e+02, 5.13805847e+02, 9.31922615e-01 ]
    }
}
