{
    "pose_0": {
        "type_id": "opencv-matrix",
        "rows": 1,
        "cols": 18,
        "dt": "3f",
        "data": [ 5.50508362e+02, 5.19036926e+02, 9.30068135e-01,
            5.60786194e+02, 6.50124023e+02, 9.26722646e-01,
            4.45700073e+02, 6.50085144e+02, 8.60758662e-01,
            3.93139313e+02, 7.70571655e+02, 8.25201035e-01,
            3.56940338e+02, 7.18021179e+02, 8.55692506e-01,
            6.55337402e+02, 6.50103638e+02, 8.68275762e-01,
            7.28584412e+02, 7.70351013e+02, 7.04514802e-01,
            7.49512878e+02, 7.17983215e+02, 7.76673138e-01,
            4.77153564e+02, 1.00609796e+03, 7.37953424e-01,
            4.77332062e+02, 1.27341833e+03, 8.21885109e-01,
            4.82333344e+02, 1.56122632e+03, 8.27424824e-01,
            6.23794739e+02, 1.01141888e+03, 6.97839558e-01,
            6.39346436e+02, 1.27345508e+03, 7.99288630e-01,
            6.44591797e+02, 1.54045056e+03, 7.88470924e-01,
            5.24062683e+02, 4.87715179e+02, 9.59966004e-01,
            5.66478455e+02, 4.87802429e+02, 8.90942991e-01,
            4.82646851e+02, 5.13758545e+02, 9.14803803e-01,
            6.08065979e+02, 5.13890808e+02, 9.39970911e-01 ]
    }
}
