{
    "pose_0": {
        "type_id": "opencv-matrix",
        "rows": 1,
        "cols": 18,
        "dt": "3f",
        "data": [ 5.40095215e+02, 5.19261780e+02, 9.00971651e-01,
            5.45261536e+02, 6.76275330e+02, 8.41962457e-01,
            4.29990906e+02, 6.76094238e+02, 8.49660456e-01,
            3.51642029e+02, 8.43813293e+02, 8.15058589e-01,
            3.14600037e+02, 9.74670349e+02, 8.14058781e-01,
            6.55410522e+02, 6.76171570e+02, 8.22963834e-01,
            7.28773682e+02, 8.54304260e+02, 8.68032396e-01,
            7.70464417e+02, 1.02205182e+03, 8.75897765e-01,
            4.66540497e+02, 1.04291614e+03, 6.85048997e-01,
            4.82448578e+02, 1.32055017e+03, 8.45549524e-01,
            5.13680908e+02, 1.59801892e+03, 7.78432488e-01,
            6.13402466e+02, 1.05319214e+03, 7.05378652e-01,
            6.13416992e+02, 1.32027795e+03, 7.99284756e-01,
            6.18639587e+02, 1.59273096e+03, 7.41351128e-01,
            5.19024780e+02, 4.92799988e+02, 9.27121580e-01,
            5.66297058e+02, 4.92812592e+02, 9.19652522e-01,
            4.82279724e+02, 5.13786621e+02, 9.50337887e-01,
            6.07912415e+02, 5.13875183e+02, 9.24027562e-01 ]
    }
}
