{
    "pose_0": {
        "type_id": "opencv-matrix",
        "rows": 1,
        "cols": 18,
        "dt": "3f",
        "data": [ 5.24141541e+02, 4.76857574e+02, 9.75090325e-01,
            5.24135254e+02, 6.23833923e+02, 8.89832437e-01,
            3.93159149e+02, 6.23754150e+02, 8.06029558e-01,
            2.31067917e+02, 7.02454651e+02, 7.84037948e-01,
            7.38126526e+01, 6.86635315e+02, 7.87753701e-01,
            6.55270386e+02, 6.23713867e+02, 8.02721322e-01,
            8.17820740e+02, 7.28591553e+02, 8.63995612e-01,
            9.64245300e+02, 6.92082886e+02, 7.60276198e-01,
            4.40754486e+02, 9.90413391e+02, 7.29857683e-01,
            4.45784576e+02, 1.25237000e+03, 7.71953344e-01,
            4.66588226e+02, 1.52470105e+03, 8.32783818e-01,
            6.03075256e+02, 9.90541260e+02, 7.48224437e-01,
            6.08105713e+02, 1.25761658e+03, 8.07882428e-01,
            6.13341370e+02, 1.51421533e+03, 8.14111948e-01,
            4.92879730e+02, 4.40566589e+02, 8.97072136e-01,
            5.55583923e+02, 4.40596161e+02, 9.06800449e-01,
            4.66535736e+02, 4.50865540e+02, 8.31201613e-01,
            5.87161743e+02, 4.51086945e+02, 8.02033067e-01 ]
    }
}
