{
    "pose_0": {
        "type_id": "opencv-matrix",
        "rows": 1,
        "cols": 18,
        "dt": "3f",
        "data": [ 5.65952515e+02, 5.18819092e+02, 9.74451661e-01,
            5.66295532e+02, 6.60600037e+02, 9.10708189e-01,
            4.50868622e+02, 6.65727173e+02, 8.20203900e-01,
            3.93333008e+02, 8.59526245e+02, 8.70184422e-01,
            3.56583923e+02, 1.02719653e+03, 8.95428360e-01,
            6.86802856e+02, 6.55344543e+02, 8.99035513e-01,
            7.65132568e+02, 8.17419739e+02, 8.16932023e-01,
            7.75819580e+02, 9.01457764e+02, 7.70883679e-01,
            4.82590210e+02, 1.03238013e+03, 7.57930517e-01,
            5.13606201e+02, 1.29418604e+03, 7.78092802e-01,
            4.92880768e+02, 1.53528589e+03, 8.14466238e-01,
            6.44911987e+02, 1.04797742e+03, 7.49858618e-01,
            6.18484131e+02, 1.31533179e+03, 8.31587315e-01,
            6.08231995e+02, 1.59278394e+03, 7.87444413e-01,
            5.29701599e+02, 4.82606445e+02, 9.08496976e-01,
            5.92436584e+02, 4.82572998e+02, 8.90871525e-01,
            5.08562469e+02, 5.03432678e+02, 8.05072784e-01,
            6.29118958e+02, 5.03371857e+02, 8.23673368e-01 ]
    }
}
