{
    "pose_0": {
        "type_id": "opencv-matrix",
        "rows": 1,
        "cols": 18,
        "dt": "3f",
        "data": [ 5.50510803e+02, 5.19224060e+02, 9.32557702e-01,
            5.55807373e+02, 6.76149109e+02, 8.88049126e-01,
            4.40461365e+02, 6.70918762e+02, 8.66753221e-01,
            3.25377411e+02, 8.07089905e+02, 7.74119973e-01,
            2.15174301e+02, 8.64795227e+02, 8.43227327e-01,
            6.55426392e+02, 6.76216736e+02, 8.34759772e-01,
            7.39155701e+02, 8.54213745e+02, 8.64285111e-01,
            8.48918823e+02, 9.43434753e+02, 8.47735822e-01,
            4.77247650e+02, 1.02704272e+03, 7.59745359e-01,
            4.77182037e+02, 1.28375854e+03, 8.20926070e-01,
            4.82234955e+02, 1.56644812e+03, 8.50807309e-01,
            6.28950623e+02, 1.02724329e+03, 7.27006435e-01,
            6.34168396e+02, 1.28391479e+03, 7.61529326e-01,
            6.39556396e+02, 1.56128259e+03, 7.75324583e-01,
            5.19194763e+02, 4.92936615e+02, 9.35802281e-01,
            5.66401123e+02, 4.87778290e+02, 9.20883358e-01,
            4.82585785e+02, 5.18913635e+02, 9.05986905e-01,
            6.08020996e+02, 5.13750610e+02, 9.17237878e-01 ]
    }
}
