{
    "pose_0": {
        "type_id": "opencv-matrix",
        "rows": 1,
        "cols": 18,
        "dt": "3f",
        "data": [ 5.60974243e+02, 5.45252869e+02, 9.10806835e-01,
            5.61196045e+02, 6.81427612e+02, 9.21546757e-01,
            4.56108093e+02, 6.81416321e+02, 8.11760664e-01,
            3.93270233e+02, 8.07163696e+02, 7.97134042e-01,
            3.62039978e+02, 7.33868713e+02, 8.36943090e-01,
            6.71032410e+02, 6.81233704e+02, 8.31537247e-01,
            7.44385864e+02, 7.96624939e+02, 7.39256084e-01,
            7.70277954e+02, 7.28636780e+02, 8.40859532e-01,
            4.82515808e+02, 1.03227039e+03, 7.44646251e-01,
            4.82558533e+02, 1.31006067e+03, 8.35206509e-01,
            4.82676056e+02, 1.57709009e+03, 8.20610046e-01,
            6.44534180e+02, 1.03763562e+03, 7.44228780e-01,
            6.44988037e+02, 1.31493591e+03, 8.51356566e-01,
            6.49771606e+02, 1.57178650e+03, 8.34153593e-01,
            5.29546692e+02, 5.19252563e+02, 9.34923768e-01,
            5.81939514e+02, 5.24055725e+02, 8.72250497e-01,
            5.03262543e+02, 5.29574707e+02, 8.34662437e-01,
            6.13419373e+02, 5.34683472e+02, 8.95519078e-01 ]
    }
}
