{
    "pose_0": {
        "type_id": "opencv-matrix",
        "rows": 1,
        "cols": 18,
        "dt": "3f",
        "data": [ 5.60910889e+02, 5.45317200e+02, 9.05932307e-01,
            5.61140503e+02, 6.86386108e+02, 9.31666732e-01,
            4.45884216e+02, 6.86546509e+02, 8.41719270e-01,
            3.77570465e+02, 8.07118652e+02, 5.80042601e-01,
            3.56826416e+02, 7.59901672e+02, 8.75999331e-01,
            6.71031555e+02, 6.81304993e+02, 8.37825477e-01,
            7.44318176e+02, 8.06950623e+02, 7.32994080e-01,
            7.70350464e+02, 7.33969604e+02, 8.48956406e-01,
            4.82557037e+02, 1.03757336e+03, 7.34725416e-01,
            4.82524475e+02, 1.30478809e+03, 8.16689968e-01,
            4.82591095e+02, 1.58246204e+03, 7.93078899e-01,
            6.44532471e+02, 1.04283386e+03, 7.37617731e-01,
            6.44873657e+02, 1.31495557e+03, 8.40411544e-01,
            6.49800537e+02, 1.57191418e+03, 8.28666151e-01,
            5.24593872e+02, 5.19252319e+02, 9.49979067e-01,
            5.81878540e+02, 5.19265991e+02, 8.76245379e-01,
            4.98014282e+02, 5.29584106e+02, 8.33005130e-01,
            6.13408203e+02, 5.29643005e+02, 8.96601975e-01 ]
    }
}
