{
    "pose_0": {
        "type_id": "opencv-matrix",
        "rows": 1,
        "cols": 18,
        "dt": "3f",
        "data": [ 5.55501953e+02, 5.19124756e+02, 9.39836323e-01,
            5.55782104e+02, 6.76252075e+02, 8.85186434e-01,
            4.40322479e+02, 6.76234863e+02, 8.65561247e-01,
            3.46208923e+02, 8.43872925e+02, 8.20885181e-01,
            2.41510925e+02, 9.43150085e+02, 8.87889028e-01,
            6.60450317e+02, 6.76120789e+02, 8.24955583e-01,
            7.54808350e+02, 8.54217957e+02, 8.27728391e-01,
            8.54088867e+02, 9.43375854e+02, 8.99044633e-01,
            4.77263794e+02, 1.02710046e+03, 7.54548907e-01,
            4.77188904e+02, 1.28373914e+03, 8.19225311e-01,
            4.82263153e+02, 1.56636621e+03, 8.50477457e-01,
            6.28984497e+02, 1.02731042e+03, 7.13652194e-01,
            6.34250061e+02, 1.28390540e+03, 7.61988819e-01,
            6.44466187e+02, 1.55085437e+03, 7.82644391e-01,
            5.24090881e+02, 4.87827484e+02, 9.47122574e-01,
            5.71320374e+02, 4.87808899e+02, 8.97788584e-01,
            4.82700317e+02, 5.18798279e+02, 8.87300432e-01,
            6.08095154e+02, 5.18743225e+02, 9.27868068e-01 ]
    }
}
