{
    "pose_0": {
        "type_id": "opencv-matrix",
        "rows": 1,
        "cols": 18,
        "dt": "3f",
        "data": [ 5.29575806e+02, 5.19133423e+02, 9.17730927e-01,
            5.29495422e+02, 6.76223083e+02, 8.87093663e-01,
            4.09179688e+02, 6.70950134e+02, 8.26492310e-01,
            3.30489105e+02, 8.17651062e+02, 7.44987488e-01,
            3.09763184e+02, 9.11851563e+02, 7.85481811e-01,
            6.49962280e+02, 6.81220337e+02, 8.79067659e-01,
            7.12924561e+02, 8.59302551e+02, 8.22500825e-01,
            7.33867004e+02, 1.02201941e+03, 8.40586185e-01,
            4.56274384e+02, 1.05852869e+03, 7.03990161e-01,
            4.77121857e+02, 1.33084412e+03, 8.33168387e-01,
            5.13606445e+02, 1.59288855e+03, 7.52350688e-01,
            6.13415466e+02, 1.05859155e+03, 7.34865665e-01,
            6.02979858e+02, 1.32040649e+03, 9.12003338e-01,
            6.13389160e+02, 1.57189722e+03, 7.93372452e-01,
            5.13794067e+02, 4.87803497e+02, 8.79899859e-01,
            5.61080383e+02, 4.92788330e+02, 9.23329294e-01,
            4.77075439e+02, 5.13859558e+02, 9.67360318e-01,
            6.02712830e+02, 5.18749512e+02, 9.43394423e-01 ]
    }
}
