{
    "pose_0": {
        "type_id": "opencv-matrix",
        "rows": 1,
        "cols": 18,
        "dt": "3f",
        "data": [ 5.50451416e+02, 5.19054626e+02, 9.31994796e-01,
            5.55669250e+02, 6.76098633e+02, 8.77913237e-01,
            4.40271393e+02, 6.71014465e+02, 8.75329435e-01,
            3.56701691e+02, 8.17582886e+02, 8.77188325e-01,
            3.09705200e+02, 9.32925415e+02, 8.92486870e-01,
            6.55325989e+02, 6.70966736e+02, 8.44010592e-01,
            7.39033203e+02, 8.43697510e+02, 8.30543518e-01,
            8.22763855e+02, 9.43536621e+02, 8.55299413e-01,
            4.77169739e+02, 1.03228198e+03, 7.58682787e-01,
            4.77262421e+02, 1.28895654e+03, 8.14856231e-01,
            4.82356262e+02, 1.56637402e+03, 8.28033090e-01,
            6.23812134e+02, 1.03232239e+03, 7.21468508e-01,
            6.34242615e+02, 1.28902234e+03, 7.62290537e-01,
            6.44578735e+02, 1.56121338e+03, 7.98142135e-01,
            5.19228943e+02, 4.87668060e+02, 9.64934528e-01,
            5.66466797e+02, 4.87633423e+02, 9.10453558e-01,
            4.82549103e+02, 5.13772522e+02, 9.26286042e-01,
            6.08051331e+02, 5.13685059e+02, 8.97947609e-01 ]
    }
}
