{
    "pose_0": {
        "type_id": "opencv-matrix",
        "rows": 1,
        "cols": 18,
        "dt": "3f",
        "data": [ 5.55685730e+02, 5.19255920e+02, 9.67205644e-01,
            5.55774353e+02, 6.55226990e+02, 8.98446739e-01,
            4.35356995e+02, 6.55257019e+02, 8.75707746e-01,
            3.51654694e+02, 8.07125000e+02, 8.05245996e-01,
            3.30494415e+02, 7.39114258e+02, 7.65126646e-01,
            6.70891052e+02, 6.55141357e+02, 8.46275091e-01,
            7.70501038e+02, 7.86287720e+02, 7.93989003e-01,
            7.86206543e+02, 7.33794983e+02, 7.96757221e-01,
            4.77169312e+02, 1.02180554e+03, 7.54506707e-01,
            4.77354584e+02, 1.27877002e+03, 8.22699964e-01,
            4.82575745e+02, 1.56146631e+03, 8.11773300e-01,
            6.34178833e+02, 1.02197974e+03, 7.27013350e-01,
            6.39552795e+02, 1.27866943e+03, 8.14364910e-01,
            6.44702698e+02, 1.54055066e+03, 8.09857786e-01,
            5.24170654e+02, 4.92806702e+02, 9.40851033e-01,
            5.71453369e+02, 4.92920471e+02, 8.72180700e-01,
            4.82638855e+02, 5.13826233e+02, 9.27733719e-01,
            6.08150208e+02, 5.13866394e+02, 9.12996173e-01 ]
    }
}
