{
    "pose_0": {
        "type_id": "opencv-matrix",
        "rows": 1,
        "cols": 18,
        "dt": "3f",
        "data": [ 5.66054504e+02, 4.82684174e+02, 9.38191056e-01,
            5.71422913e+02, 6.39574768e+02, 9.20867443e-01,
            4.56254059e+02, 6.44574463e+02, 8.54115844e-01,
            4.24750214e+02, 8.17640198e+02, 7.76283443e-01,
            4.45876343e+02, 9.38047607e+02, 6.16094947e-01,
            6.91890320e+02, 6.29130188e+02, 8.71598423e-01,
            7.75659180e+02, 7.39212341e+02, 6.99034393e-01,
            7.54719177e+02, 7.28427490e+02, 8.59912336e-01,
            4.87737457e+02, 1.00610742e+03, 7.23567963e-01,
            5.19223877e+02, 1.24194592e+03, 8.77458692e-01,
            4.87650635e+02, 1.48258069e+03, 8.11124742e-01,
            6.49885864e+02, 1.02172443e+03, 7.88426578e-01,
            6.44627014e+02, 1.30478931e+03, 8.08188438e-01,
            6.13312683e+02, 1.57207532e+03, 7.29705811e-01,
            5.34809021e+02, 4.71768494e+02, 8.67871225e-01,
            5.97530945e+02, 4.66689117e+02, 8.77307296e-01,
            5.13690979e+02, 4.77295135e+02, 8.37631583e-01,
            6.39487061e+02, 4.77191193e+02, 9.59799290e-01 ]
    }
}
