{
    "pose_0": {
        "type_id": "opencv-matrix",
        "rows": 1,
        "cols": 18,
        "dt": "3f",
        "data": [ 5.19118469e+02, 4.87806030e+02, 9.46217597e-01,
            5.19217834e+02, 6.44810913e+02, 9.58419859e-01,
            4.03761536e+02, 6.29090759e+02, 8.21823776e-01,
            3.09501343e+02, 7.07523254e+02, 7.40647793e-01,
            3.19911530e+02, 7.33641663e+02, 8.61575007e-01,
            6.34256226e+02, 6.50220093e+02, 8.57219338e-01,
            6.71005554e+02, 8.43669189e+02, 7.21377254e-01,
            6.49930298e+02, 9.69409729e+02, 4.45067108e-01,
            4.40378662e+02, 1.02195062e+03, 8.00705552e-01,
            4.66537415e+02, 1.31505859e+03, 7.36128747e-01,
            4.92869141e+02, 1.60837305e+03, 7.74503529e-01,
            6.02597595e+02, 1.01652039e+03, 7.69662857e-01,
            5.66284729e+02, 1.23643066e+03, 8.19034934e-01,
            6.08156128e+02, 1.45140576e+03, 7.82800078e-01,
            4.87607422e+02, 4.76886597e+02, 9.39796090e-01,
            5.45321350e+02, 4.76923309e+02, 8.79182279e-01,
            4.56114655e+02, 4.82509888e+02, 8.83988142e-01,
            5.76765076e+02, 4.87566406e+02, 8.81248891e-01 ]
    }
}
