{
    "pose_0": {
        "type_id": "opencv-matrix",
        "rows": 1,
        "cols": 18,
        "dt": "3f",
        "data": [ 5.55528687e+02, 5.19243103e+02, 9.38682079e-01,
            5.55804749e+02, 6.76268555e+02, 8.80885541e-01,
            4.40346375e+02, 6.81259460e+02, 8.67068291e-01,
            3.61882446e+02, 8.43813904e+02, 8.17268014e-01,
            2.83373566e+02, 9.64213562e+02, 7.96649218e-01,
            6.60465332e+02, 6.71000916e+02, 8.19569886e-01,
            7.54744934e+02, 8.49039429e+02, 8.12924981e-01,
            8.49103882e+02, 9.48660339e+02, 8.67375195e-01,
            4.77262482e+02, 1.02722498e+03, 7.41392493e-01,
            4.77255524e+02, 1.28388110e+03, 8.15799057e-01,
            4.82268158e+02, 1.56657727e+03, 8.59234095e-01,
            6.29023682e+02, 1.02732166e+03, 7.05965459e-01,
            6.34236267e+02, 1.28396655e+03, 7.59263158e-01,
            6.44581665e+02, 1.56131677e+03, 8.06943536e-01,
            5.24085815e+02, 4.92836975e+02, 9.37429786e-01,
            5.71320251e+02, 4.92853455e+02, 8.87482524e-01,
            4.82610565e+02, 5.18756409e+02, 9.30160820e-01,
            6.08026001e+02, 5.18772827e+02, 9.22275901e-01 ]
    }
}
