{
    "pose_0": {
        "type_id": "opencv-matrix",
        "rows": 1,
        "cols": 18,
        "dt": "3f",
        "data": [ 5.65999695e+02, 5.29688171e+02, 9.49916720e-01,
            5.61194519e+02, 6.86807251e+02, 9.41608012e-01,
            4.45695953e+02, 6.86667603e+02, 8.88381958e-01,
            3.87962006e+02, 8.43686829e+02, 8.20184171e-01,
            3.51367523e+02, 9.64318909e+02, 8.69979262e-01,
            6.81325989e+02, 6.86863037e+02, 8.79521728e-01,
            7.49556519e+02, 8.49125977e+02, 8.36771131e-01,
            8.12417053e+02, 9.48603577e+02, 8.81269991e-01,
            4.87594147e+02, 1.05335754e+03, 7.30977714e-01,
            4.87537109e+02, 1.31513269e+03, 8.32877338e-01,
            4.87670837e+02, 1.57710559e+03, 8.05679202e-01,
            6.44748962e+02, 1.05333557e+03, 7.64287114e-01,
            6.49852478e+02, 1.31530627e+03, 8.77433896e-01,
            6.50248474e+02, 1.57171997e+03, 8.43462110e-01,
            5.34832214e+02, 5.18855835e+02, 9.07053232e-01,
            5.92435974e+02, 5.18834167e+02, 8.95680130e-01,
            5.13650818e+02, 5.24383545e+02, 8.73365462e-01,
            6.23809326e+02, 5.24577881e+02, 8.79362106e-01 ]
    }
}
