{
    "pose_0": {
        "type_id": "opencv-matrix",
        "rows": 1,
        "cols": 18,
        "dt": "3f",
        "data": [ 5.24133728e+02, 5.13819092e+02, 9.70026374e-01,
            5.19269409e+02, 6.60547485e+02, 9.21264529e-01,
            4.03804901e+02, 6.65619629e+02, 8.38215590e-01,
            3.30533569e+02, 8.38461792e+02, 7.89932728e-01,
            2.67517456e+02, 9.48768127e+02, 8.47773612e-01,
            6.39445374e+02, 6.60428955e+02, 8.53301108e-01,
            7.23329956e+02, 8.22867004e+02, 8.84708345e-01,
            8.28086853e+02, 8.95944336e+02, 8.46666932e-01,
            4.40670624e+02, 1.02198730e+03, 7.50768781e-01,
            4.40729431e+02, 1.28373254e+03, 8.12108219e-01,
            4.50981323e+02, 1.55617737e+03, 7.73304045e-01,
            6.02717285e+02, 1.02700830e+03, 7.68624604e-01,
            6.03036194e+02, 1.28370544e+03, 8.42963278e-01,
            6.08195984e+02, 1.54049377e+03, 8.14527035e-01,
            4.92935059e+02, 4.82469971e+02, 9.05549765e-01,
            5.55562073e+02, 4.82485870e+02, 9.07532036e-01,
            4.71738434e+02, 4.98030060e+02, 8.37696850e-01,
            5.87038818e+02, 5.03391205e+02, 8.22456717e-01 ]
    }
}
