{
    "pose_0": {
        "type_id": "opencv-matrix",
        "rows": 1,
        "cols": 18,
        "dt": "3f",
        "data": [ 5.24034119e+02, 4.87642853e+02, 9.48252976e-01,
            5.24321960e+02, 6.44860718e+02, 9.50259566e-01,
            4.03743042e+02, 6.44812195e+02, 8.77963603e-01,
            3.14595398e+02, 8.17584961e+02, 8.85232270e-01,
            2.25853500e+02, 8.96223877e+02, 9.10000682e-01,
            6.44965637e+02, 6.44831299e+02, 8.97438526e-01,
            7.75622437e+02, 7.75908691e+02, 8.95320177e-01,
            9.27523315e+02, 8.27989014e+02, 8.03903222e-01,
            4.40726746e+02, 1.00613239e+03, 7.27853656e-01,
            4.45767914e+02, 1.27307446e+03, 8.06652844e-01,
            4.56243774e+02, 1.53522754e+03, 7.83927858e-01,
            6.02879150e+02, 1.01134406e+03, 7.47811437e-01,
            6.07962769e+02, 1.27328894e+03, 8.65252733e-01,
            6.13314941e+02, 1.52975403e+03, 8.29677999e-01,
            4.92781219e+02, 4.72016388e+02, 9.01022553e-01,
            5.50418091e+02, 4.71923401e+02, 8.75837445e-01,
            4.66557312e+02, 4.82299683e+02, 8.76114964e-01,
            5.76790588e+02, 4.82352875e+02, 8.91398489e-01 ]
    }
}
