{
    "pose_0": {
        "type_id": "opencv-matrix",
        "rows": 1,
        "cols": 18,
        "dt": "3f",
        "data": [ 5.24521545e+02, 4.98160309e+02, 9.01839077e-01,
            5.29580872e+02, 6.55267456e+02, 9.05276537e-01,
            4.19561218e+02, 6.44911316e+02, 8.69296789e-01,
            3.09593842e+02, 7.54787964e+02, 7.15155423e-01,
            3.20146729e+02, 7.38969604e+02, 8.02448273e-01,
            6.49801697e+02, 6.76178772e+02, 8.74494791e-01,
            6.86382446e+02, 8.59481262e+02, 8.05935562e-01,
            6.44929321e+02, 9.95704468e+02, 6.51203692e-01,
            4.45652069e+02, 1.03233081e+03, 7.38843083e-01,
            4.51065948e+02, 1.31505835e+03, 7.89358079e-01,
            4.98106323e+02, 1.60318005e+03, 7.15192318e-01,
            6.07969055e+02, 1.03752087e+03, 7.58400798e-01,
            5.97533325e+02, 1.28896985e+03, 8.16249669e-01,
            6.08410217e+02, 1.54047034e+03, 7.41490424e-01,
            5.08435211e+02, 4.77340973e+02, 9.15298223e-01,
            5.60808960e+02, 4.77258881e+02, 9.49024320e-01,
            4.76877594e+02, 5.03312958e+02, 8.96291494e-01,
            6.02552673e+02, 5.03335022e+02, 9.01670814e-01 ]
    }
}
