{
    "pose_0": {
        "type_id": "opencv-matrix",
        "rows": 1,
        "cols": 18,
        "dt": "3f",
        "data": [ 5.60976257e+02, 5.19196716e+02, 9.88800049e-01,
            5.61152893e+02, 6.76059143e+02, 9.05726314e-01,
            4.40623596e+02, 6.81209595e+02, 8.54380608e-01,
            3.93385193e+02, 8.64898804e+02, 8.37621748e-01,
            3.62026581e+02, 1.03233862e+03, 8.35613787e-01,
            6.81508423e+02, 6.60563232e+02, 8.35611641e-01,
            7.65109131e+02, 8.01850464e+02, 7.74650931e-01,
            7.75663940e+02, 8.75177917e+02, 7.97635615e-01,
            4.82178955e+02, 1.05334741e+03, 7.59046376e-01,
            5.03419220e+02, 1.32024426e+03, 8.07084739e-01,
            5.08529266e+02, 1.57723547e+03, 7.36527681e-01,
            6.44640686e+02, 1.05846179e+03, 7.48002350e-01,
            6.29091858e+02, 1.32052417e+03, 7.87274063e-01,
            6.13521240e+02, 1.57196802e+03, 7.77750373e-01,
            5.29472290e+02, 4.87850922e+02, 8.99822056e-01,
            5.87107422e+02, 4.87843262e+02, 8.46785426e-01,
            5.03242004e+02, 5.13778870e+02, 7.87924945e-01,
            6.18653809e+02, 5.13809021e+02, 8.26210558e-01 ]
    }
}
