{
    "pose_0": {
        "type_id": "opencv-matrix",
        "rows": 1,
        "cols": 18,
        "dt": "3f",
        "data": [ 5.19211609e+02, 5.13603333e+02, 9.48689044e-01,
            5.19139587e+02, 6.55293213e+02, 9.26219881e-01,
            3.98771515e+02, 6.55395264e+02, 8.62465560e-01,
            3.25354401e+02, 8.38517456e+02, 7.86353648e-01,
            2.62328583e+02, 9.48683533e+02, 8.20990324e-01,
            6.39384155e+02, 6.55229431e+02, 8.55593741e-01,
            7.33809753e+02, 8.12436768e+02, 9.36809778e-01,
            8.69995667e+02, 8.54360718e+02, 8.87836516e-01,
            4.40676178e+02, 1.02190552e+03, 7.53251195e-01,
            4.40665924e+02, 1.28382385e+03, 8.19317520e-01,
            4.50938843e+02, 1.55618604e+03, 7.71896601e-01,
            6.02716003e+02, 1.02203436e+03, 7.73980379e-01,
            6.02990173e+02, 1.28906799e+03, 8.19071293e-01,
            6.07990662e+02, 1.54559753e+03, 8.16480756e-01,
            4.87700317e+02, 4.82269928e+02, 9.45999563e-01,
            5.45329834e+02, 4.82249786e+02, 8.91486824e-01,
            4.61451721e+02, 4.92785889e+02, 8.19675922e-01,
            5.71606018e+02, 4.92863098e+02, 8.35451603e-01 ]
    }
}
