{
    "pose_0": {
        "type_id": "opencv-matrix",
        "rows": 1,
        "cols": 18,
        "dt": "3f",
        "data": [ 5.50492188e+02, 5.19163757e+02, 9.30503607e-01,
            5.55703918e+02, 6.76164307e+02, 8.79000008e-01,
            4.40308533e+02, 6.76125183e+02, 8.72295141e-01,
            3.56825806e+02, 8.28110718e+02, 8.41953039e-01,
            2.93814758e+02, 9.43601746e+02, 8.38279963e-01,
            6.55356628e+02, 6.70980957e+02, 8.36601615e-01,
            7.44318176e+02, 8.48974365e+02, 8.26431274e-01,
            8.43665588e+02, 9.48563782e+02, 8.31966758e-01,
            4.77224243e+02, 1.02704858e+03, 7.55573571e-01,
            4.77259003e+02, 1.28896655e+03, 8.08439076e-01,
            4.82342255e+02, 1.56647510e+03, 8.44338536e-01,
            6.28992615e+02, 1.02712817e+03, 7.21595585e-01,
            6.34269897e+02, 1.28390869e+03, 7.77814150e-01,
            6.44606567e+02, 1.55616492e+03, 7.96700418e-01,
            5.19229553e+02, 4.92795441e+02, 9.43393946e-01,
            5.66419922e+02, 4.87743988e+02, 9.19637620e-01,
            4.82548798e+02, 5.18775391e+02, 9.46801960e-01,
            6.08035217e+02, 5.13761169e+02, 9.38855648e-01 ]
    }
}
