{
    "pose_0": {
        "type_id": "opencv-matrix",
        "rows": 1,
        "cols": 18,
        "dt": "3f",
        "data": [ 5.24224915e+02, 4.82350830e+02, 9.69553590e-01,
            5.24425476e+02, 6.44518616e+02, 9.47000623e-01,
            4.09077484e+02, 6.39512207e+02, 8.39010954e-01,
            3.09534576e+02, 8.12219299e+02, 8.46087754e-01,
            2.04759537e+02, 8.90851624e+02, 8.04428875e-01,
            6.44851257e+02, 6.44494812e+02, 9.02758718e-01,
            7.44243347e+02, 8.12435730e+02, 8.73977840e-01,
            8.54311462e+02, 8.90816528e+02, 8.75322104e-01,
            4.45741791e+02, 1.00086536e+03, 7.13659108e-01,
            4.45804688e+02, 1.26799573e+03, 7.91236877e-01,
            4.66701202e+02, 1.52997913e+03, 8.24270666e-01,
            6.03087463e+02, 1.00614825e+03, 7.46381760e-01,
            6.08102234e+02, 1.26803979e+03, 8.45784307e-01,
            6.13403870e+02, 1.51955176e+03, 8.22953522e-01,
            4.98026703e+02, 4.61442413e+02, 8.43456507e-01,
            5.55622131e+02, 4.61371765e+02, 8.61180782e-01,
            4.71803711e+02, 4.77027954e+02, 8.91780257e-01,
            5.92226135e+02, 4.77044250e+02, 8.76430869e-01 ]
    }
}
