{
    "pose_0": {
        "type_id": "opencv-matrix",
        "rows": 1,
        "cols": 18,
        "dt": "3f",
        "data": [ 5.24068542e+02, 5.18768860e+02, 9.71944749e-01,
            5.24158630e+02, 6.60421692e+02, 9.26662445e-01,
            3.98857727e+02, 6.49996765e+02, 8.96337569e-01,
            3.04397369e+02, 7.59939453e+02, 7.16009021e-01,
            3.09452026e+02, 7.80974976e+02, 8.05184186e-01,
            6.44573792e+02, 6.76063599e+02, 8.50888848e-01,
            6.65666443e+02, 8.49093384e+02, 7.79996514e-01,
            6.44515930e+02, 9.80121826e+02, 6.65781140e-01,
            4.40354706e+02, 1.03247803e+03, 7.98777997e-01,
            4.77228455e+02, 1.31530884e+03, 7.96662033e-01,
            5.08626434e+02, 1.60309631e+03, 7.52863109e-01,
            5.97613525e+02, 1.02181073e+03, 7.64102578e-01,
            5.55774780e+02, 1.19497083e+03, 8.03182721e-01,
            5.97637085e+02, 1.41472485e+03, 7.42720962e-01,
            4.87713135e+02, 4.82599518e+02, 9.14080858e-01,
            5.50466431e+02, 4.82530792e+02, 8.76346946e-01,
            4.56300537e+02, 5.08586090e+02, 8.54663551e-01,
            5.81860474e+02, 5.03302246e+02, 7.84156203e-01 ]
    }
}
