{
    "pose_0": {
        "type_id": "opencv-matrix",
        "rows": 1,
        "cols": 18,
        "dt": "3f",
        "data": [ 5.61176331e+02, 5.29457703e+02, 9.49585021e-01,
            5.66249695e+02, 6.86424255e+02, 9.35235918e-01,
            4.50908844e+02, 6.86496094e+02, 8.65003943e-01,
            3.98834259e+02, 8.59666565e+02, 8.83093357e-01,
            3.93259827e+02, 1.02198157e+03, 9.43949938e-01,
            6.86561157e+02, 6.81312927e+02, 8.70387316e-01,
            7.59947266e+02, 8.22962830e+02, 8.18004966e-01,
            7.75543640e+02, 9.48621704e+02, 8.99275720e-01,
            4.87676727e+02, 1.05859045e+03, 7.38551259e-01,
            5.13661133e+02, 1.32070654e+03, 8.52430224e-01,
            5.08629242e+02, 1.54034253e+03, 7.79316306e-01,
            6.44929504e+02, 1.05334021e+03, 7.60252357e-01,
            6.44789185e+02, 1.32062744e+03, 8.65054369e-01,
            6.18558350e+02, 1.57701379e+03, 7.54753053e-01,
            5.29696411e+02, 5.13820557e+02, 8.94752622e-01,
            5.92289978e+02, 5.13690613e+02, 8.63165259e-01,
            5.08536774e+02, 5.24130249e+02, 8.55375409e-01,
            6.23809082e+02, 5.24083618e+02, 8.96454096e-01 ]
    }
}
