{
    "pose_0": {
        "type_id": "opencv-matrix",
        "rows": 1,
        "cols": 18,
        "dt": "3f",
        "data": [ 5.50556458e+02, 5.19178101e+02, 9.33713734e-01,
            5.55773315e+02, 6.81202698e+02, 8.85468125e-01,
            4.40321136e+02, 6.76237427e+02, 8.64322543e-01,
            3.40939545e+02, 8.38501831e+02, 7.92362511e-01,
            2.31028076e+02, 9.22311157e+02, 8.57138276e-01,
            6.60470215e+02, 6.76206116e+02, 8.27106595e-01,
            7.59842834e+02, 8.54341309e+02, 8.24906349e-01,
            8.49060974e+02, 9.43190430e+02, 9.00269449e-01,
            4.77213867e+02, 1.02722058e+03, 7.57416070e-01,
            4.77221100e+02, 1.28389551e+03, 8.17426443e-01,
            4.82247375e+02, 1.56638782e+03, 8.49658012e-01,
            6.28990356e+02, 1.03234839e+03, 7.12864816e-01,
            6.34274658e+02, 1.28895068e+03, 7.61315584e-01,
            6.39574036e+02, 1.55085266e+03, 7.74758458e-01,
            5.24047607e+02, 4.92820374e+02, 9.42324817e-01,
            5.66469971e+02, 4.87846130e+02, 9.01641309e-01,
            4.87526123e+02, 5.18803406e+02, 8.79918575e-01,
            6.08048645e+02, 5.13904297e+02, 9.32938814e-01 ]
    }
}
