{
    "pose_0": {
        "type_id": "opencv-matrix",
        "rows": 1,
        "cols": 18,
        "dt": "3f",
        "data": [ 5.66019287e+02, 5.29605652e+02, 9.50442910e-01,
            5.65958557e+02, 6.91745483e+02, 9.53130186e-01,
            4.45670166e+02, 6.91664917e+02, 8.93320382e-01,
            3.72464233e+02, 8.28136780e+02, 7.93816924e-01,
            3.35700592e+02, 9.32933472e+02, 8.40620399e-01,
            6.81468201e+02, 6.91779175e+02, 8.86623502e-01,
            7.60062317e+02, 8.54055481e+02, 8.46694589e-01,
            8.33306641e+02, 9.27551819e+02, 8.22955072e-01,
            4.87549774e+02, 1.05842566e+03, 7.50929534e-01,
            4.87538086e+02, 1.31512561e+03, 8.27412188e-01,
            4.87710907e+02, 1.57721985e+03, 7.85906971e-01,
            6.44790771e+02, 1.05840942e+03, 7.71429837e-01,
            6.49827026e+02, 1.31537573e+03, 8.72608960e-01,
            6.50253479e+02, 1.57175134e+03, 8.45090926e-01,
            5.34876892e+02, 5.18779663e+02, 8.97274911e-01,
            5.97403870e+02, 5.18783813e+02, 8.94004464e-01,
            5.13684326e+02, 5.24386292e+02, 8.84883702e-01,
            6.23855103e+02, 5.29432068e+02, 8.77036870e-01 ]
    }
}
