{
    "pose_0": {
        "type_id": "opencv-matrix",
        "rows": 1,
        "cols": 18,
        "dt": "3f",
        "data": [ 5.34755676e+02, 5.19002441e+02, 9.16015148e-01,
            5.45177063e+02, 6.76204468e+02, 8.44724119e-01,
            4.29949554e+02, 6.76201416e+02, 8.46212983e-01,
            3.67211609e+02, 8.64867798e+02, 8.07554543e-01,
            3.51588531e+02, 1.03256116e+03, 9.01139617e-01,
            6.55366943e+02, 6.65784485e+02, 8.23475122e-01,
            7.33966492e+02, 8.22845703e+02, 8.13512683e-01,
            7.70585999e+02, 9.43501892e+02, 8.63448322e-01,
            4.66743622e+02, 1.05856189e+03, 6.91994488e-01,
            4.82399750e+02, 1.32042261e+03, 8.42035770e-01,
            5.03296234e+02, 1.58229431e+03, 7.68736482e-01,
            6.23781311e+02, 1.05850488e+03, 7.05906749e-01,
            6.08315674e+02, 1.32066150e+03, 8.35450649e-01,
            6.13251587e+02, 1.59289734e+03, 7.95280933e-01,
            5.18770996e+02, 4.87594086e+02, 9.24607277e-01,
            5.66079773e+02, 4.87598297e+02, 9.39801157e-01,
            4.77275970e+02, 5.13758789e+02, 9.74920630e-01,
            6.02999939e+02, 5.13775208e+02, 9.09420013e-01 ]
    }
}
