{
    "pose_0": {
        "type_id": "opencv-matrix",
        "rows": 1,
        "cols": 18,
        "dt": "3f",
        "data": [ 5.61114868e+02, 5.34799866e+02, 9.25725222e-01,
            5.66065979e+02, 6.86460388e+02, 9.54054832e-01,
            4.45759247e+02, 6.86598938e+02, 8.61331820e-01,
            3.61907654e+02, 8.17855591e+02, 7.70065010e-01,
            3.46052765e+02, 7.65267700e+02, 7.94352889e-01,
            6.86448792e+02, 6.81513855e+02, 8.87472987e-01,
            7.75714661e+02, 8.17521240e+02, 8.38166714e-01,
            8.12301453e+02, 7.59961121e+02, 8.54435027e-01,
            4.82663940e+02, 1.04285339e+03, 7.28387058e-01,
            4.82663513e+02, 1.31498962e+03, 8.33156526e-01,
            4.87584778e+02, 1.57701025e+03, 8.21083963e-01,
            6.44746338e+02, 1.04799695e+03, 7.42953181e-01,
            6.49846191e+02, 1.31511560e+03, 8.65140438e-01,
            6.50018738e+02, 1.56675879e+03, 8.57321620e-01,
            5.29617310e+02, 5.19023865e+02, 9.47434425e-01,
            5.87193848e+02, 5.18968933e+02, 8.84483337e-01,
            5.03413788e+02, 5.29514221e+02, 8.18213284e-01,
            6.18597595e+02, 5.29521973e+02, 8.65928710e-01 ]
    }
}
