{
    "pose_0": {
        "type_id": "opencv-matrix",
        "rows": 1,
        "cols": 18,
        "dt": "3f",
        "data": [ 5.24029236e+02, 4.45703644e+02, 9.45999861e-01,
            5.19201050e+02, 6.07915833e+02, 9.31751966e-01,
            3.93366333e+02, 6.07883484e+02, 8.53773177e-01,
            2.30783035e+02, 7.12804504e+02, 7.94758797e-01,
            6.87345047e+01, 7.23134216e+02, 7.30509222e-01,
            6.49801514e+02, 6.08005615e+02, 8.78098071e-01,
            8.01767639e+02, 7.33594055e+02, 8.43180895e-01,
            9.27539856e+02, 7.38961792e+02, 7.85895765e-01,
            4.40578400e+02, 9.79777466e+02, 7.47746587e-01,
            4.40714447e+02, 1.23672778e+03, 8.20182681e-01,
            4.51033325e+02, 1.50897156e+03, 7.80311406e-01,
            6.02679321e+02, 9.79852112e+02, 7.41676211e-01,
            6.07930786e+02, 1.23670874e+03, 8.46135676e-01,
            6.08227356e+02, 1.49332324e+03, 8.33343506e-01,
            4.87798706e+02, 4.30009521e+02, 8.98756266e-01,
            5.50441528e+02, 4.29937347e+02, 8.68429303e-01,
            4.61496765e+02, 4.40332947e+02, 8.67426157e-01,
            5.81828796e+02, 4.40410980e+02, 8.92935097e-01 ]
    }
}
