{
    "pose_0": {
        "type_id": "opencv-matrix",
        "rows": 1,
        "cols": 18,
        "dt": "3f",
        "data": [ 5.61068726e+02, 5.45164124e+02, 9.13495421e-01,
            5.65985168e+02, 6.81446960e+02, 9.33160305e-01,
            4.50954956e+02, 6.86415466e+02, 8.30514789e-01,
            3.88026306e+02, 8.12175537e+02, 7.71999419e-01,
            3.56928497e+02, 7.49483154e+02, 8.18536222e-01,
            6.81251282e+02, 6.76200684e+02, 8.57699990e-01,
            7.60013306e+02, 7.86303406e+02, 7.28182971e-01,
            7.70410950e+02, 7.28536499e+02, 8.87673855e-01,
            4.82628387e+02, 1.03756433e+03, 7.35895514e-01,
            4.82624420e+02, 1.31001953e+03, 8.29704702e-01,
            4.87536713e+02, 1.57205066e+03, 8.32348585e-01,
            6.44658325e+02, 1.04286768e+03, 7.56986022e-01,
            6.44932739e+02, 1.30992322e+03, 8.35687280e-01,
            6.49894226e+02, 1.56671277e+03, 8.43964458e-01,
            5.29652527e+02, 5.19240540e+02, 9.27807212e-01,
            5.87051331e+02, 5.19228333e+02, 8.75776410e-01,
            5.03421692e+02, 5.29618286e+02, 8.38797450e-01,
            6.13448242e+02, 5.29674072e+02, 8.95163536e-01 ]
    }
}
