{
    "pose_0": {
        "type_id": "opencv-matrix",
        "rows": 1,
        "cols": 18,
        "dt": "3f",
        "data": [ 5.18745483e+02, 5.03262787e+02, 9.01091695e-01,
            5.34862366e+02, 6.50165771e+02, 8.86103809e-01,
            3.98657837e+02, 6.55212891e+02, 8.66987526e-01,
            3.46165619e+02, 8.43788208e+02, 8.14788282e-01,
            2.78289063e+02, 9.79912415e+02, 8.29741836e-01,
            6.86441345e+02, 6.49991516e+02, 8.19227397e-01,
            8.33246704e+02, 6.55251770e+02, 7.51282632e-01,
            9.37818481e+02, 5.45157166e+02, 7.97234535e-01,
            4.40590515e+02, 1.02168689e+03, 7.63618708e-01,
            4.40688354e+02, 1.28375659e+03, 8.24784398e-01,
            4.50895599e+02, 1.54569446e+03, 7.75829136e-01,
            6.02880188e+02, 1.02189429e+03, 7.79364645e-01,
            6.03084412e+02, 1.28368896e+03, 8.31024766e-01,
            6.08103516e+02, 1.53019336e+03, 8.48907888e-01,
            4.82420258e+02, 4.77215485e+02, 9.95122790e-01,
            5.29719910e+02, 4.77160645e+02, 9.07855093e-01,
            4.45890564e+02, 4.82600372e+02, 8.85840356e-01,
            5.71370728e+02, 4.82609528e+02, 9.25171971e-01 ]
    }
}
