{
    "pose_0": {
        "type_id": "opencv-matrix",
        "rows": 1,
        "cols": 18,
        "dt": "3f",
        "data": [ 5.55491333e+02, 5.18880615e+02, 9.24076498e-01,
            5.55739990e+02, 6.49946960e+02, 9.09222841e-01,
            4.40607452e+02, 6.49952698e+02, 8.96428585e-01,
            3.88088959e+02, 7.75631287e+02, 7.45850205e-01,
            3.56813049e+02, 7.18171448e+02, 8.57783973e-01,
            6.50265076e+02, 6.49927429e+02, 8.94842207e-01,
            7.38957642e+02, 7.39163269e+02, 6.18933380e-01,
            7.54825623e+02, 6.97238159e+02, 7.90705740e-01,
            4.77136993e+02, 1.00616925e+03, 7.49709487e-01,
            4.77210602e+02, 1.27348865e+03, 8.37002695e-01,
            4.82384369e+02, 1.55612183e+03, 8.09701979e-01,
            6.23809631e+02, 1.01654163e+03, 7.04942048e-01,
            6.34265015e+02, 1.27839246e+03, 8.08082640e-01,
            6.44662231e+02, 1.54035657e+03, 8.09421122e-01,
            5.19304199e+02, 4.82707489e+02, 9.74241436e-01,
            5.71336243e+02, 4.87550140e+02, 8.94646704e-01,
            4.82595612e+02, 5.08632202e+02, 8.94725084e-01,
            6.08029419e+02, 5.08614288e+02, 8.65030527e-01 ]
    }
}
