{
    "pose_0": {
        "type_id": "opencv-matrix",
        "rows": 1,
        "cols": 18,
        "dt": "3f",
        "data": [ 5.61131897e+02, 5.29667236e+02, 9.50824261e-01,
            5.65980164e+02, 6.86836121e+02, 9.49473262e-01,
            4.45795807e+02, 6.86717407e+02, 8.88097644e-01,
            3.93098724e+02, 8.48854797e+02, 8.61823440e-01,
            3.56766418e+02, 9.85439209e+02, 9.05389428e-01,
            6.81408020e+02, 6.91700134e+02, 8.94510150e-01,
            7.39141846e+02, 8.59321228e+02, 8.48249495e-01,
            7.91372620e+02, 9.74706726e+02, 8.42865944e-01,
            4.82582214e+02, 1.04801343e+03, 7.34138727e-01,
            4.82609924e+02, 1.31517896e+03, 8.48667502e-01,
            4.87654724e+02, 1.57704102e+03, 8.14366400e-01,
            6.44621704e+02, 1.05327051e+03, 7.47812510e-01,
            6.49885254e+02, 1.31519946e+03, 8.74589741e-01,
            6.50196655e+02, 1.57171594e+03, 8.58131051e-01,
            5.29708191e+02, 5.18820374e+02, 9.22638416e-01,
            5.92267639e+02, 5.18831604e+02, 8.85257959e-01,
            5.08585571e+02, 5.24334167e+02, 8.63865852e-01,
            6.18633545e+02, 5.29420898e+02, 8.84810567e-01 ]
    }
}
