{
    "pose_0": {
        "type_id": "opencv-matrix",
        "rows": 1,
        "cols": 18,
        "dt": "3f",
        "data": [ 5.19095215e+02, 4.87848572e+02, 9.39263880e-01,
            5.18872131e+02, 6.49937988e+02, 9.26857173e-01,
            3.93471313e+02, 6.44770569e+02, 8.90337229e-01,
            3.25184784e+02, 7.49576233e+02, 7.30669498e-01,
            3.25237274e+02, 8.22846436e+02, 7.87625194e-01,
            6.39489136e+02, 6.50196106e+02, 8.82846355e-01,
            6.92083008e+02, 8.38496155e+02, 8.08821321e-01,
            6.97277222e+02, 9.95651306e+02, 8.44914019e-01,
            4.40352142e+02, 1.03758228e+03, 7.59793758e-01,
            4.51061768e+02, 1.32046521e+03, 7.89993763e-01,
            4.92841400e+02, 1.60315393e+03, 7.71506310e-01,
            6.02790588e+02, 1.03238574e+03, 7.72420645e-01,
            6.02738342e+02, 1.31533582e+03, 9.10299718e-01,
            6.23886292e+02, 1.56651025e+03, 7.66792655e-01,
            4.87510864e+02, 4.76913483e+02, 9.47067201e-01,
            5.45252991e+02, 4.76928833e+02, 8.68958175e-01,
            4.50954865e+02, 4.82535034e+02, 8.96373689e-01,
            5.76574463e+02, 4.82693726e+02, 8.81641209e-01 ]
    }
}
