{
    "pose_0": {
        "type_id": "opencv-matrix",
        "rows": 1,
        "cols": 18,
        "dt": "3f",
        "data": [ 5.50399536e+02, 5.18878113e+02, 9.16219652e-01,
            5.55595886e+02, 6.65725464e+02, 8.59398544e-01,
            4.35340668e+02, 6.65729919e+02, 8.69580984e-01,
            3.51241272e+02, 8.12126038e+02, 8.31407428e-01,
            3.25335693e+02, 8.96021118e+02, 8.34515214e-01,
            6.60427490e+02, 6.60558044e+02, 8.17722440e-01,
            7.54662903e+02, 8.12305969e+02, 8.55395377e-01,
            7.75934509e+02, 8.95961426e+02, 9.29013431e-01,
            4.77016937e+02, 1.02706226e+03, 7.51320183e-01,
            4.77205475e+02, 1.27861829e+03, 8.43606770e-01,
            4.82340607e+02, 1.56131104e+03, 8.18936586e-01,
            6.23876831e+02, 1.02710754e+03, 7.37177253e-01,
            6.34276123e+02, 1.27855627e+03, 8.01846683e-01,
            6.44689758e+02, 1.55089270e+03, 7.95789659e-01,
            5.19189514e+02, 4.82696075e+02, 9.85783994e-01,
            5.66449890e+02, 4.82656433e+02, 9.15335715e-01,
            4.82516693e+02, 5.13689453e+02, 9.24711168e-01,
            6.08055481e+02, 5.08652740e+02, 9.06015933e-01 ]
    }
}
