{
    "pose_0": {
        "type_id": "opencv-matrix",
        "rows": 1,
        "cols": 18,
        "dt": "3f",
        "data": [ 5.45281433e+02, 5.13827393e+02, 8.99116397e-01,
            5.55652161e+02, 6.50222534e+02, 9.08714652e-01,
            4.35262482e+02, 6.55344727e+02, 8.66801798e-01,
            3.14686310e+02, 7.44211304e+02, 8.11008275e-01,
            3.19921844e+02, 7.75801941e+02, 8.74302745e-01,
            6.65772217e+02, 6.50105957e+02, 8.50265503e-01,
            7.75662231e+02, 7.59963928e+02, 7.40882814e-01,
            7.70239502e+02, 7.91497070e+02, 8.09326768e-01,
            4.77017181e+02, 1.02189075e+03, 7.58738101e-01,
            4.77236267e+02, 1.27856042e+03, 8.41691315e-01,
            4.82420868e+02, 1.55614636e+03, 8.05628479e-01,
            6.23798157e+02, 1.02189197e+03, 7.24520206e-01,
            6.34226990e+02, 1.27858569e+03, 7.91834176e-01,
            6.44611328e+02, 1.54048779e+03, 8.01572680e-01,
            5.19150818e+02, 4.82472168e+02, 1.01808453e+00,
            5.66313782e+02, 4.82494690e+02, 9.41563070e-01,
            4.82487366e+02, 5.08444824e+02, 9.33321655e-01,
            6.07872986e+02, 5.03412140e+02, 8.91454935e-01 ]
    }
}
