{
    "pose_0": {
        "type_id": "opencv-matrix",
        "rows": 1,
        "cols": 18,
        "dt": "3f",
        "data": [ 5.61195374e+02, 4.87588196e+02, 9.36742723e-01,
            5.66445374e+02, 6.39559265e+02, 9.09204841e-01,
            4.56181549e+02, 6.44655762e+02, 8.57852399e-01,
            4.24735046e+02, 8.22946533e+02, 7.55972683e-01,
            4.61387634e+02, 9.38186584e+02, 4.65890855e-01,
            6.86868042e+02, 6.23894043e+02, 8.57050359e-01,
            7.70491821e+02, 7.44411133e+02, 7.29439318e-01,
            7.59930176e+02, 7.02300598e+02, 8.27459216e-01,
            4.87678894e+02, 1.00609442e+03, 7.30139792e-01,
            5.19135498e+02, 1.24201855e+03, 8.59185874e-01,
            4.92816711e+02, 1.47230896e+03, 7.71360934e-01,
            6.49857727e+02, 1.01669940e+03, 7.89794087e-01,
            6.44760071e+02, 1.29950110e+03, 8.01446080e-01,
            6.13362000e+02, 1.57194922e+03, 7.21641302e-01,
            5.29739929e+02, 4.71877197e+02, 8.86427760e-01,
            5.92448975e+02, 4.71804779e+02, 8.75448048e-01,
            5.08540375e+02, 4.77365173e+02, 8.54489505e-01,
            6.34247131e+02, 4.77361298e+02, 9.25760925e-01 ]
    }
}
