{
    "pose_0": {
        "type_id": "opencv-matrix",
        "rows": 1,
        "cols": 18,
        "dt": "3f",
        "data": [ 5.24076294e+02, 4.66618225e+02, 9.30615008e-01,
            5.19228943e+02, 6.18595581e+02, 8.94210756e-01,
            3.87971252e+02, 6.18562683e+02, 7.92038739e-01,
            2.25706711e+02, 6.92183167e+02, 8.05771232e-01,
            6.33673668e+01, 6.55172974e+02, 7.49454319e-01,
            6.50223267e+02, 6.18524597e+02, 8.08781207e-01,
            8.22780090e+02, 7.23119324e+02, 8.06976616e-01,
            9.64202637e+02, 6.81465942e+02, 7.49144435e-01,
            4.40724945e+02, 9.85123779e+02, 7.39640594e-01,
            4.45776581e+02, 1.24193542e+03, 7.85602570e-01,
            4.61376099e+02, 1.51951282e+03, 7.87932754e-01,
            6.02920471e+02, 9.85145691e+02, 7.27801681e-01,
            6.08004944e+02, 1.24193848e+03, 8.26904416e-01,
            6.13386658e+02, 1.51416064e+03, 7.96874404e-01,
            4.87838989e+02, 4.40237946e+02, 9.20415461e-01,
            5.50554871e+02, 4.35447510e+02, 9.02069449e-01,
            4.66554565e+02, 4.45899963e+02, 8.40281904e-01,
            5.81925537e+02, 4.45919159e+02, 8.38627934e-01 ]
    }
}
