{
    "pose_0": {
        "type_id": "opencv-matrix",
        "rows": 1,
        "cols": 18,
        "dt": "3f",
        "data": [ 5.19255554e+02, 4.50910736e+02, 9.28430557e-01,
            5.24164185e+02, 6.08143616e+02, 9.27633286e-01,
            3.93105194e+02, 6.07961853e+02, 8.28617930e-01,
            2.25668777e+02, 6.86819397e+02, 7.84743667e-01,
            5.81524277e+01, 6.60436768e+02, 7.16672301e-01,
            6.55248047e+02, 6.08339600e+02, 8.19374561e-01,
            8.17488586e+02, 7.18136292e+02, 8.33547711e-01,
            9.43417725e+02, 6.86610962e+02, 7.97741354e-01,
            4.40686371e+02, 9.79907349e+02, 7.53750443e-01,
            4.45725464e+02, 1.23662573e+03, 7.96113372e-01,
            4.51078583e+02, 1.50897961e+03, 7.78677344e-01,
            6.02914368e+02, 9.80015686e+02, 7.52471030e-01,
            6.07957031e+02, 1.23674402e+03, 8.39395046e-01,
            6.08314270e+02, 1.49333972e+03, 8.20564210e-01,
            4.87774078e+02, 4.35069275e+02, 9.26683426e-01,
            5.50393799e+02, 4.35031586e+02, 8.85807514e-01,
            4.61443268e+02, 4.40659241e+02, 8.61382186e-01,
            5.81837585e+02, 4.40683014e+02, 8.95512104e-01 ]
    }
}
