{
    "pose_0": {
        "type_id": "opencv-matrix",
        "rows": 1,
        "cols": 18,
        "dt": "3f",
        "data": [ 5.61071228e+02, 5.19088623e+02, 9.94029462e-01,
            5.66425171e+02, 6.50244629e+02, 9.27705526e-01,
            4.61496643e+02, 6.60529724e+02, 8.24393332e-01,
            4.40726746e+02, 8.49074646e+02, 6.31554902e-01,
            4.77189819e+02, 9.64176880e+02, 1.80336416e-01,
            6.86642578e+02, 6.44963074e+02, 9.20503497e-01,
            7.81030151e+02, 7.75831909e+02, 7.43083894e-01,
            7.75933899e+02, 7.44273987e+02, 8.86498690e-01,
            4.87717255e+02, 1.01136053e+03, 7.55352437e-01,
            5.24315369e+02, 1.19458740e+03, 8.62206697e-01,
            5.03318268e+02, 1.41991736e+03, 7.74800777e-01,
            6.49887817e+02, 1.02723975e+03, 7.94533968e-01,
            6.39421448e+02, 1.32056763e+03, 7.96476424e-01,
            6.08203613e+02, 1.60329614e+03, 7.77767420e-01,
            5.29592041e+02, 4.87707245e+02, 8.98736954e-01,
            5.87197815e+02, 4.87765656e+02, 8.57815504e-01,
            5.03321533e+02, 5.08602936e+02, 8.03210020e-01,
            6.23732239e+02, 5.08649750e+02, 8.34267974e-01 ]
    }
}
