{
    "pose_0": {
        "type_id": "opencv-matrix",
        "rows": 1,
        "cols": 18,
        "dt": "3f",
        "data": [ 5.24204529e+02, 4.77026459e+02, 9.72905159e-01,
            5.24301331e+02, 6.39309204e+02, 9.03725684e-01,
            3.98578400e+02, 6.39383240e+02, 8.39084148e-01,
            2.31164001e+02, 7.59878418e+02, 7.90690184e-01,
            8.42794113e+01, 7.49422424e+02, 7.15642452e-01,
            6.50093872e+02, 6.34363098e+02, 8.43307555e-01,
            8.06950928e+02, 7.65325684e+02, 8.43540549e-01,
            9.38095947e+02, 7.70510925e+02, 8.33371520e-01,
            4.45651031e+02, 1.00089148e+03, 7.12716937e-01,
            4.45842438e+02, 1.25763464e+03, 7.72199988e-01,
            4.66538666e+02, 1.52464075e+03, 8.24855506e-01,
            6.03029968e+02, 1.00091602e+03, 7.37347603e-01,
            6.08087891e+02, 1.26270251e+03, 8.20751846e-01,
            6.13337524e+02, 1.51419299e+03, 8.14722180e-01,
            4.92918671e+02, 4.40789429e+02, 8.74489784e-01,
            5.55664246e+02, 4.40757111e+02, 8.95103455e-01,
            4.66666809e+02, 4.61450256e+02, 8.18851292e-01,
            5.92384338e+02, 4.66543732e+02, 7.98174441e-01 ]
    }
}
