{
    "pose_0": {
        "type_id": "opencv-matrix",
        "rows": 1,
        "cols": 18,
        "dt": "3f",
        "data": [ 5.19054443e+02, 4.87836548e+02, 9.34318244e-01,
            5.18858337e+02, 6.49793823e+02, 9.35533047e-01,
            3.93499420e+02, 6.44524902e+02, 8.63269925e-01,
            3.09645416e+02, 7.33861694e+02, 6.75486088e-01,
            3.14921448e+02, 7.70596619e+02, 7.83337593e-01,
            6.34301392e+02, 6.50191101e+02, 8.70239854e-01,
            6.81224182e+02, 8.28026794e+02, 7.91848302e-01,
            6.76254456e+02, 9.80054321e+02, 8.15685451e-01,
            4.40302582e+02, 1.02709509e+03, 7.83990860e-01,
            4.56169556e+02, 1.31518408e+03, 8.03669453e-01,
            4.87743347e+02, 1.60321057e+03, 7.65050054e-01,
            6.02667236e+02, 1.02190729e+03, 7.73488641e-01,
            5.81922913e+02, 1.27848816e+03, 8.57527316e-01,
            6.18576965e+02, 1.50376953e+03, 7.14567006e-01,
            4.82685608e+02, 4.76969940e+02, 9.53492284e-01,
            5.45155273e+02, 4.76946045e+02, 8.71862888e-01,
            4.50930206e+02, 4.87559143e+02, 8.91487122e-01,
            5.71560242e+02, 4.87594299e+02, 9.00926650e-01 ]
    }
}
