{
    "pose_0": {
        "type_id": "opencv-matrix",
        "rows": 1,
        "cols": 18,
        "dt": "3f",
        "data": [ 5.24219360e+02, 5.13821411e+02, 9.72366214e-01,
            5.24074158e+02, 6.60461365e+02, 9.29790676e-01,
            4.03889343e+02, 6.60478394e+02, 8.44293892e-01,
            3.30514496e+02, 8.33348999e+02, 7.90118158e-01,
            2.67551666e+02, 9.48697998e+02, 8.56331527e-01,
            6.39547729e+02, 6.60446594e+02, 8.56583357e-01,
            7.28279541e+02, 8.23005066e+02, 8.78224075e-01,
            8.38458252e+02, 8.96195190e+02, 8.69279146e-01,
            4.40671661e+02, 1.02196790e+03, 7.46061087e-01,
            4.40700317e+02, 1.28378467e+03, 8.15280259e-01,
            4.51042297e+02, 1.56120703e+03, 7.72261798e-01,
            6.02723511e+02, 1.02704004e+03, 7.71279156e-01,
            6.03026733e+02, 1.28372510e+03, 8.41188490e-01,
            6.08232117e+02, 1.54562000e+03, 8.04868042e-01,
            4.98064880e+02, 4.82516357e+02, 9.02580678e-01,
            5.55667419e+02, 4.82514191e+02, 9.28045273e-01,
            4.71843872e+02, 4.98106354e+02, 8.36100638e-01,
            5.87116089e+02, 5.08453796e+02, 8.09996486e-01 ]
    }
}
