{
    "pose_0": {
        "type_id": "opencv-matrix",
        "rows": 1,
        "cols": 18,
        "dt": "3f",
        "data": [ 5.60682312e+02, 5.19293640e+02, 9.64016080e-01,
            5.60672058e+02, 6.81261108e+02, 8.97168159e-01,
            4.40363098e+02, 6.81458435e+02, 8.64223003e-01,
            3.51337280e+02, 7.70473755e+02, 8.48178089e-01,
            3.14580933e+02, 8.17411438e+02, 8.76878023e-01,
            6.65680115e+02, 6.76089111e+02, 8.13592672e-01,
            7.65071411e+02, 7.75674316e+02, 7.85558045e-01,
            8.07084961e+02, 8.12414795e+02, 9.00629282e-01,
            4.82256256e+02, 1.03766235e+03, 7.44039237e-01,
            4.82213135e+02, 1.30476245e+03, 8.18293393e-01,
            4.82533997e+02, 1.57188586e+03, 8.41905475e-01,
            6.39487732e+02, 1.03755371e+03, 7.25984037e-01,
            6.44475891e+02, 1.30469629e+03, 7.89694548e-01,
            6.44808167e+02, 1.56636096e+03, 8.10259998e-01,
            5.24413574e+02, 4.92926819e+02, 9.21289504e-01,
            5.76583435e+02, 4.98070374e+02, 8.45949292e-01,
            4.87765228e+02, 5.18813782e+02, 9.04711485e-01,
            6.08302246e+02, 5.19024963e+02, 9.44407225e-01 ]
    }
}
