{
    "pose_0": {
        "type_id": "opencv-matrix",
        "rows": 1,
        "cols": 18,
        "dt": "3f",
        "data": [ 5.24257629e+02, 5.18908325e+02, 9.54819560e-01,
            5.24585327e+02, 6.76190613e+02, 8.88720214e-01,
            4.09113617e+02, 6.76143921e+02, 8.25806201e-01,
            3.51151672e+02, 8.59414856e+02, 8.29133332e-01,
            3.19911804e+02, 1.01670898e+03, 8.57302904e-01,
            6.49830200e+02, 6.70909241e+02, 8.69873881e-01,
            7.28477844e+02, 8.48951782e+02, 8.47064137e-01,
            7.70412231e+02, 1.00621411e+03, 8.58594298e-01,
            4.45831970e+02, 1.05324597e+03, 7.07999647e-01,
            4.77217590e+02, 1.32584485e+03, 8.05684984e-01,
            5.03323303e+02, 1.59276672e+03, 7.53983498e-01,
            6.08311279e+02, 1.05332837e+03, 7.49254584e-01,
            6.08014526e+02, 1.32044031e+03, 8.60692680e-01,
            6.13303284e+02, 1.58753015e+03, 8.07051957e-01,
            4.98145508e+02, 4.82672729e+02, 8.69738877e-01,
            5.60669983e+02, 4.87542755e+02, 9.17737365e-01,
            4.71938965e+02, 5.08498993e+02, 8.47104430e-01,
            5.97626038e+02, 5.13752625e+02, 8.98059249e-01 ]
    }
}
