{
    "pose_0": {
        "type_id": "opencv-matrix",
        "rows": 1,
        "cols": 18,
        "dt": "3f",
        "data": [ 5.24169006e+02, 4.71980225e+02, 9.65857208e-01,
            5.24335144e+02, 6.34162781e+02, 8.93126667e-01,
            3.98427795e+02, 6.29075623e+02, 8.35100412e-01,
            2.31203476e+02, 7.28507874e+02, 8.19816589e-01,
            7.91162338e+01, 7.23296204e+02, 7.57658958e-01,
            6.55227783e+02, 6.34155762e+02, 8.18031788e-01,
            8.12235779e+02, 7.39206421e+02, 8.39012146e-01,
            9.43180603e+02, 7.33806335e+02, 7.67797649e-01,
            4.40781555e+02, 9.95665710e+02, 7.22533405e-01,
            4.45791382e+02, 1.25756470e+03, 7.76595533e-01,
            4.66696838e+02, 1.52480347e+03, 8.38134050e-01,
            6.03049438e+02, 9.95791260e+02, 7.28451669e-01,
            6.08106079e+02, 1.26272168e+03, 8.16114545e-01,
            6.13346985e+02, 1.51936133e+03, 8.29107404e-01,
            4.92895111e+02, 4.40560425e+02, 8.95527482e-01,
            5.55618164e+02, 4.40585571e+02, 9.06063795e-01,
            4.66552277e+02, 4.56131439e+02, 8.42518628e-01,
            5.87215881e+02, 4.61416931e+02, 8.05998981e-01 ]
    }
}
