{
    "pose_0": {
        "type_id": "opencv-matrix",
        "rows": 1,
        "cols": 18,
        "dt": "3f",
        "data": [ 5.60681946e+02, 5.29730225e+02, 9.14330423e-01,
            5.60634888e+02, 6.86747559e+02, 9.15494263e-01,
            4.40293884e+02, 6.86713013e+02, 9.20848370e-01,
            3.88119812e+02, 8.59672729e+02, 8.59415233e-01,
            3.61966919e+02, 1.02192743e+03, 8.99341702e-01,
            6.65669678e+02, 6.86642151e+02, 8.70916367e-01,
            7.28597961e+02, 8.54459167e+02, 9.09089327e-01,
            7.49583191e+02, 1.00625085e+03, 8.20166230e-01,
            4.76945007e+02, 1.04283582e+03, 7.29917347e-01,
            4.82304169e+02, 1.31497827e+03, 8.39543223e-01,
            4.92790436e+02, 1.57174768e+03, 8.21905732e-01,
            6.34179504e+02, 1.04286633e+03, 7.06904173e-01,
            6.44891296e+02, 1.30984546e+03, 8.30865026e-01,
            6.50130981e+02, 1.56674207e+03, 8.43101978e-01,
            5.24426514e+02, 5.18851501e+02, 9.68500257e-01,
            5.76591248e+02, 5.18882568e+02, 8.89681458e-01,
            4.87806763e+02, 5.24344971e+02, 9.12725866e-01,
            6.08261230e+02, 5.24531067e+02, 9.25781369e-01 ]
    }
}
