{
    "pose_0": {
        "type_id": "opencv-matrix",
        "rows": 1,
        "cols": 18,
        "dt": "3f",
        "data": [ 5.24300415e+02, 5.18791931e+02, 9.52704787e-01,
            5.24325562e+02, 6.65720581e+02, 9.20070350e-01,
            4.14209229e+02, 6.60506775e+02, 8.22682679e-01,
            3.09636444e+02, 8.22795471e+02, 8.60865295e-01,
            2.15252029e+02, 9.32725037e+02, 8.23117197e-01,
            6.44666626e+02, 6.70922241e+02, 8.73114645e-01,
            7.28653015e+02, 8.54133301e+02, 9.13602114e-01,
            8.22788330e+02, 9.32749268e+02, 8.36494267e-01,
            4.45768829e+02, 1.02702258e+03, 7.34872460e-01,
            4.45718536e+02, 1.28392102e+03, 7.95453310e-01,
            4.56121735e+02, 1.56147571e+03, 8.00854266e-01,
            6.02932861e+02, 1.02717383e+03, 7.69078255e-01,
            6.07980225e+02, 1.29416821e+03, 8.09017241e-01,
            6.08131714e+02, 1.55602026e+03, 8.30343604e-01,
            5.03266205e+02, 4.82658478e+02, 8.80382657e-01,
            5.55804565e+02, 4.82685730e+02, 9.15328026e-01,
            4.71951172e+02, 5.08455353e+02, 8.53673458e-01,
            5.92446899e+02, 5.13697266e+02, 8.62399697e-01 ]
    }
}
