{
    "pose_0": {
        "type_id": "opencv-matrix",
        "rows": 1,
        "cols": 18,
        "dt": "3f",
        "data": [ 5.60903687e+02, 5.45260986e+02, 9.06917751e-01,
            5.61050415e+02, 6.86428223e+02, 9.36696887e-01,
            4.40659912e+02, 6.86629578e+02, 8.75508070e-01,
            3.62106323e+02, 8.17753662e+02, 6.14023387e-01,
            3.51603088e+02, 7.65164917e+02, 8.56990099e-01,
            6.76270691e+02, 6.81305969e+02, 8.51508737e-01,
            7.54718384e+02, 8.12218689e+02, 7.25771308e-01,
            7.75879944e+02, 7.49494629e+02, 8.18790972e-01,
            4.82529205e+02, 1.04276074e+03, 7.32228398e-01,
            4.82462738e+02, 1.30480029e+03, 8.24672520e-01,
            4.82587616e+02, 1.58242615e+03, 7.89753258e-01,
            6.44570313e+02, 1.04284338e+03, 7.45502114e-01,
            6.44911926e+02, 1.31508044e+03, 8.48449349e-01,
            6.49808655e+02, 1.57196155e+03, 8.23785841e-01,
            5.24595093e+02, 5.19216003e+02, 9.55764651e-01,
            5.81883667e+02, 5.19233826e+02, 8.78947377e-01,
            4.92925262e+02, 5.29571167e+02, 8.55489016e-01,
            6.13364319e+02, 5.29636292e+02, 8.89863908e-01 ]
    }
}
