{
    "pose_0": {
        "type_id": "opencv-matrix",
        "rows": 1,
        "cols": 18,
        "dt": "3f",
        "data": [ 5.55791992e+02, 4.98026154e+02, 8.91543567e-01,
            5.55606384e+02, 6.49891418e+02, 9.00291502e-01,
            4.35153168e+02, 6.49994141e+02, 9.12034631e-01,
            3.88155701e+02, 8.38569763e+02, 8.18086147e-01,
            3.82920380e+02, 9.85323608e+02, 8.30121040e-01,
            6.65741394e+02, 6.44939758e+02, 8.66138220e-01,
            7.49447876e+02, 7.39076965e+02, 7.61617422e-01,
            7.59958008e+02, 7.91508118e+02, 7.96962857e-01,
            4.77119720e+02, 1.03242749e+03, 7.40917265e-01,
            4.82623871e+02, 1.32044568e+03, 8.31023037e-01,
            4.87682098e+02, 1.59812329e+03, 7.95192838e-01,
            6.39497925e+02, 1.03238977e+03, 7.31281281e-01,
            6.29086609e+02, 1.32032910e+03, 7.84861386e-01,
            6.23765564e+02, 1.59280310e+03, 7.37288952e-01,
            5.24264648e+02, 4.77043274e+02, 9.86375451e-01,
            5.76579102e+02, 4.77080017e+02, 9.03718591e-01,
            4.87565582e+02, 4.82548981e+02, 9.05916095e-01,
            6.13257813e+02, 4.87575073e+02, 9.09314871e-01 ]
    }
}
