{
    "pose_0": {
        "type_id": "opencv-matrix",
        "rows": 1,
        "cols": 18,
        "dt": "3f",
        "data": [ 5.60845093e+02, 5.45181824e+02, 8.97177935e-01,
            5.61105652e+02, 6.86499878e+02, 9.37825620e-01,
            4.40541870e+02, 6.86701965e+02, 8.52314532e-01,
            3.51311066e+02, 7.80880737e+02, 4.96920705e-01,
            3.46041107e+02, 7.70469910e+02, 7.63476312e-01,
            6.81486084e+02, 6.81340149e+02, 8.61937523e-01,
            7.70415283e+02, 8.12495422e+02, 7.75127649e-01,
            8.01808960e+02, 7.70455566e+02, 7.80118763e-01,
            4.82488831e+02, 1.03766003e+03, 7.33715475e-01,
            4.82427795e+02, 1.30479932e+03, 8.18285882e-01,
            4.82564972e+02, 1.58229529e+03, 7.98968077e-01,
            6.44579224e+02, 1.03766345e+03, 7.48774648e-01,
            6.44856323e+02, 1.30997546e+03, 8.32919419e-01,
            6.49768677e+02, 1.57183240e+03, 8.27352166e-01,
            5.24583313e+02, 5.19229492e+02, 9.60086584e-01,
            5.76737671e+02, 5.19225891e+02, 8.83651137e-01,
            4.92995605e+02, 5.29608276e+02, 8.48869026e-01,
            6.13252625e+02, 5.29614624e+02, 9.06745017e-01 ]
    }
}
