{
    "pose_0": {
        "type_id": "opencv-matrix",
        "rows": 1,
        "cols": 18,
        "dt": "3f",
        "data": [ 5.18948181e+02, 5.03266479e+02, 9.19645011e-01,
            5.40007690e+02, 6.50115051e+02, 8.79996121e-01,
            3.98755646e+02, 6.55186951e+02, 8.56798947e-01,
            3.46001465e+02, 8.33348755e+02, 7.98719347e-01,
            2.83444611e+02, 9.69590027e+02, 7.86419749e-01,
            6.86612183e+02, 6.49909485e+02, 8.42935562e-01,
            8.48871948e+02, 6.49919739e+02, 7.83565998e-01,
            9.38139587e+02, 5.55584412e+02, 7.77750134e-01,
            4.40587708e+02, 1.02175348e+03, 7.60302544e-01,
            4.40650177e+02, 1.27861536e+03, 8.31060231e-01,
            4.50899750e+02, 1.53526038e+03, 7.83054113e-01,
            6.02906494e+02, 1.02191327e+03, 7.74873316e-01,
            6.07870789e+02, 1.27863293e+03, 8.54050040e-01,
            6.08171631e+02, 1.53008435e+03, 8.48817647e-01,
            4.82593567e+02, 4.77196777e+02, 9.82101619e-01,
            5.34866394e+02, 4.77122009e+02, 8.93542171e-01,
            4.50956390e+02, 4.82531219e+02, 8.95461202e-01,
            5.71540894e+02, 4.82474030e+02, 9.25225556e-01 ]
    }
}
