{
    "pose_0": {
        "type_id": "opencv-matrix",
        "rows": 1,
        "cols": 18,
        "dt": "3f",
        "data": [ 5.55692139e+02, 5.19297791e+02, 9.50972319e-01,
            5.60814880e+02, 6.76113403e+02, 8.99946392e-01,
            4.35291199e+02, 6.81223450e+02, 8.52014780e-01,
            3.14875061e+02, 8.12305603e+02, 6.72519326e-01,
            3.14822998e+02, 7.70382996e+02, 7.67533422e-01,
            6.86385986e+02, 6.76064758e+02, 8.30299973e-01,
            7.75853821e+02, 8.22854980e+02, 7.72837937e-01,
            8.12142822e+02, 7.81039978e+02, 7.92390943e-01,
            4.77171204e+02, 1.03239368e+03, 7.48147130e-01,
            4.82161194e+02, 1.28910474e+03, 7.98654675e-01,
            4.82516296e+02, 1.56665112e+03, 8.42797697e-01,
            6.34259460e+02, 1.03235535e+03, 7.11774349e-01,
            6.39549255e+02, 1.28389844e+03, 7.82059133e-01,
            6.44743225e+02, 1.55611047e+03, 8.11566234e-01,
            5.24163940e+02, 4.92918732e+02, 9.33324814e-01,
            5.71450562e+02, 4.92912170e+02, 8.67135227e-01,
            4.82702911e+02, 5.18809875e+02, 9.16564107e-01,
            6.08279724e+02, 5.18802063e+02, 9.25392509e-01 ]
    }
}
