{
    "pose_0": {
        "type_id": "opencv-matrix",
        "rows": 1,
        "cols": 18,
        "dt": "3f",
        "data": [ 5.60972168e+02, 5.45176331e+02, 9.05398965e-01,
            5.61166199e+02, 6.86365051e+02, 9.23724651e-01,
            4.56235199e+02, 6.86400818e+02, 8.19377482e-01,
            3.93076447e+02, 8.01869751e+02, 6.75420225e-01,
            3.62056732e+02, 7.39068176e+02, 8.33297491e-01,
            6.65776001e+02, 6.81341919e+02, 8.35310459e-01,
            7.38987671e+02, 7.86252563e+02, 7.76755333e-01,
            7.60009766e+02, 7.28399170e+02, 8.39211583e-01,
            4.82576660e+02, 1.02727893e+03, 7.39404857e-01,
            4.82550964e+02, 1.30987500e+03, 8.26435864e-01,
            4.82641113e+02, 1.57724658e+03, 8.15187335e-01,
            6.44520264e+02, 1.03752502e+03, 7.45679080e-01,
            6.44923584e+02, 1.31005017e+03, 8.47017407e-01,
            6.49806458e+02, 1.57187903e+03, 8.38860512e-01,
            5.29495483e+02, 5.19201660e+02, 9.37494040e-01,
            5.81948120e+02, 5.19218445e+02, 8.71781826e-01,
            4.98172455e+02, 5.29586060e+02, 8.28844726e-01,
            6.13452881e+02, 5.29704834e+02, 8.93939316e-01 ]
    }
}
