{
    "pose_0": {
        "type_id": "opencv-matrix",
        "rows": 1,
        "cols": 18,
        "dt": "3f",
        "data": [ 5.24269104e+02, 4.87748627e+02, 9.62583005e-01,
            5.24080933e+02, 6.44770813e+02, 9.74682450e-01,
            4.19526459e+02, 6.28965271e+02, 7.79163122e-01,
            3.25376373e+02, 6.76225159e+02, 7.24509716e-01,
            3.30458191e+02, 7.02385620e+02, 8.65621626e-01,
            6.28968018e+02, 6.50245728e+02, 8.45817566e-01,
            6.44977600e+02, 8.33282715e+02, 7.14121819e-01,
            6.08175171e+02, 9.53719177e+02, 4.74691868e-01,
            4.40536072e+02, 1.02191064e+03, 7.82068253e-01,
            4.77020294e+02, 1.31509180e+03, 7.73263693e-01,
            4.92944855e+02, 1.60851294e+03, 7.89927244e-01,
            5.97536987e+02, 1.00096753e+03, 7.60736525e-01,
            5.60796936e+02, 1.18420935e+03, 8.07865739e-01,
            6.02821289e+02, 1.40942456e+03, 7.65580833e-01,
            4.98122498e+02, 4.76869965e+02, 8.97759080e-01,
            5.55746887e+02, 4.77024414e+02, 9.27393079e-01,
            4.66730255e+02, 4.82626709e+02, 8.93262327e-01,
            5.92266052e+02, 4.92796631e+02, 8.30036819e-01 ]
    }
}
