{
    "pose_0": {
        "type_id": "opencv-matrix",
        "rows": 1,
        "cols": 18,
        "dt": "3f",
        "data": [ 5.55562256e+02, 5.19148743e+02, 9.55951691e-01,
            5.29556091e+02, 6.70959167e+02, 8.84506404e-01,
            4.03950073e+02, 6.55247131e+02, 8.35792303e-01,
            2.41523224e+02, 6.76083252e+02, 7.79415965e-01,
            1.10481369e+02, 5.92405273e+02, 8.10267508e-01,
            6.50253784e+02, 6.86393555e+02, 8.92303467e-01,
            7.28496338e+02, 8.69896423e+02, 8.46242428e-01,
            8.07111389e+02, 9.64252014e+02, 7.63037562e-01,
            4.61367889e+02, 1.02722156e+03, 7.23099053e-01,
            4.66662598e+02, 1.29940894e+03, 7.43702650e-01,
            4.71928345e+02, 1.56141589e+03, 8.01656365e-01,
            6.13239929e+02, 1.03245081e+03, 7.19228268e-01,
            6.13252258e+02, 1.29945093e+03, 7.90419638e-01,
            6.23785156e+02, 1.55610217e+03, 7.73802042e-01,
            5.24147644e+02, 4.87709320e+02, 9.54930902e-01,
            5.71496643e+02, 4.92796906e+02, 8.67481172e-01,
            4.82629730e+02, 5.13704773e+02, 8.95516217e-01,
            6.08296509e+02, 5.13888611e+02, 9.20507193e-01 ]
    }
}
