{
    "pose_0": {
        "type_id": "opencv-matrix",
        "rows": 1,
        "cols": 18,
        "dt": "3f",
        "data": [ 5.55571777e+02, 5.18921265e+02, 9.36810851e-01,
            5.60880859e+02, 6.49948181e+02, 9.38642800e-01,
            4.45870209e+02, 6.49822571e+02, 8.49285424e-01,
            3.88062988e+02, 7.70281006e+02, 7.74125397e-01,
            3.56677673e+02, 7.02347168e+02, 8.60285282e-01,
            6.55399170e+02, 6.49993896e+02, 8.65178585e-01,
            7.33810791e+02, 7.54712646e+02, 6.46107256e-01,
            7.54730530e+02, 6.92040100e+02, 8.30681443e-01,
            4.77165375e+02, 1.00089581e+03, 7.47707665e-01,
            4.77201202e+02, 1.27329590e+03, 8.21100831e-01,
            4.82411224e+02, 1.55615405e+03, 8.03138435e-01,
            6.23835083e+02, 1.01144037e+03, 6.98316336e-01,
            6.34230103e+02, 1.27339331e+03, 8.06620121e-01,
            6.44673889e+02, 1.54053174e+03, 8.02220464e-01,
            5.24121399e+02, 4.87530762e+02, 9.64174449e-01,
            5.71413574e+02, 4.87629059e+02, 8.83563340e-01,
            4.82635101e+02, 5.08621338e+02, 9.05058026e-01,
            6.08091248e+02, 5.13652893e+02, 8.81631494e-01 ]
    }
}
