{
    "pose_0": {
        "type_id": "opencv-matrix",
        "rows": 1,
        "cols": 18,
        "dt": "3f",
        "data": [ 5.18763000e+02, 4.40252869e+02, 9.67159212e-01,
            5.18857910e+02, 6.02640381e+02, 9.10333097e-01,
            3.82841125e+02, 6.02714294e+02, 8.12046349e-01,
            2.25744385e+02, 6.91908813e+02, 8.24092746e-01,
            6.86929169e+01, 6.86452637e+02, 8.04402351e-01,
            6.44932190e+02, 6.02569458e+02, 8.53462577e-01,
            8.06980103e+02, 7.02439880e+02, 8.25843453e-01,
            9.37878723e+02, 6.86680176e+02, 8.19323659e-01,
            4.40402649e+02, 9.64191162e+02, 7.42210746e-01,
            4.40625854e+02, 1.22614209e+03, 8.24143052e-01,
            4.45693817e+02, 1.49332739e+03, 8.12311828e-01,
            6.02702271e+02, 9.58996826e+02, 7.27368236e-01,
            6.02979431e+02, 1.23113696e+03, 8.23913932e-01,
            6.07951172e+02, 1.48296716e+03, 8.47243547e-01,
            4.82387695e+02, 4.09086975e+02, 9.26146924e-01,
            5.29738403e+02, 4.09091064e+02, 8.55185449e-01,
            4.45680664e+02, 4.34976715e+02, 9.10355687e-01,
            5.66482178e+02, 4.34951019e+02, 8.97458732e-01 ]
    }
}
