{
    "pose_0": {
        "type_id": "opencv-matrix",
        "rows": 1,
        "cols": 18,
        "dt": "3f",
        "data": [ 5.45276001e+02, 5.29715576e+02, 8.82332146e-01,
            5.50366882e+02, 6.86736511e+02, 8.98180604e-01,
            4.35146118e+02, 6.86698242e+02, 9.13334489e-01,
            3.62070374e+02, 8.59401184e+02, 8.56694579e-01,
            3.56623596e+02, 1.01669379e+03, 9.16768610e-01,
            6.55144165e+02, 6.86647949e+02, 8.94107461e-01,
            7.23261108e+02, 8.54485779e+02, 8.75210524e-01,
            7.33650940e+02, 1.02162317e+03, 9.40443873e-01,
            4.66714417e+02, 1.05319995e+03, 7.12042689e-01,
            4.77235687e+02, 1.31500110e+03, 8.43588293e-01,
            4.87775940e+02, 1.57191370e+03, 8.08941185e-01,
            6.18492859e+02, 1.04813184e+03, 7.12921798e-01,
            6.44507324e+02, 1.30991943e+03, 8.16543818e-01,
            6.50134583e+02, 1.56679431e+03, 8.50013435e-01,
            5.19188904e+02, 5.18874451e+02, 9.81532097e-01,
            5.66265991e+02, 5.18876038e+02, 9.51944351e-01,
            4.82519531e+02, 5.24471802e+02, 9.28140700e-01,
            6.03025269e+02, 5.24565002e+02, 9.15838718e-01 ]
    }
}
