{
    "pose_0": {
        "type_id": "opencv-matrix",
        "rows": 1,
        "cols": 18,
        "dt": "3f",
        "data": [ 5.60738220e+02, 5.29607849e+02, 9.25318420e-01,
            5.60959473e+02, 6.86612732e+02, 9.42904472e-01,
            4.40482025e+02, 6.86650757e+02, 8.87570977e-01,
            3.51288818e+02, 7.75606506e+02, 7.92689562e-01,
            3.09743591e+02, 8.12319214e+02, 8.26038003e-01,
            6.81447571e+02, 6.86496033e+02, 8.69094789e-01,
            7.75748047e+02, 8.48866394e+02, 7.86155641e-01,
            8.12450684e+02, 8.12391296e+02, 8.29374790e-01,
            4.82257599e+02, 1.04809009e+03, 7.59060323e-01,
            4.82454376e+02, 1.31503064e+03, 8.36123109e-01,
            4.82559753e+02, 1.57704224e+03, 8.27522874e-01,
            6.39495422e+02, 1.04805676e+03, 7.16888726e-01,
            6.44664673e+02, 1.30985791e+03, 8.04931879e-01,
            6.44951050e+02, 1.56645642e+03, 8.44187856e-01,
            5.24501221e+02, 5.13896484e+02, 9.45962787e-01,
            5.76669617e+02, 5.18765991e+02, 8.78276289e-01,
            4.92856476e+02, 5.24172180e+02, 8.91137719e-01,
            6.08378967e+02, 5.24356384e+02, 9.34898436e-01 ]
    }
}
