{
    "pose_0": {
        "type_id": "opencv-matrix",
        "rows": 1,
        "cols": 18,
        "dt": "3f",
        "data": [ 5.18778748e+02, 4.40402771e+02, 9.62659657e-01,
            5.18933350e+02, 6.02805420e+02, 9.14719939e-01,
            3.88181732e+02, 6.02787964e+02, 8.44048619e-01,
            2.25531418e+02, 7.07608215e+02, 8.02305758e-01,
            8.42125244e+01, 7.02443420e+02, 7.44741797e-01,
            6.44879700e+02, 6.02847656e+02, 8.69810462e-01,
            8.12127014e+02, 7.28336426e+02, 8.45754504e-01,
            9.17184082e+02, 7.28302551e+02, 7.54670918e-01,
            4.40356323e+02, 9.69397766e+02, 7.52491474e-01,
            4.40677124e+02, 1.23120691e+03, 8.31253409e-01,
            4.45670837e+02, 1.49320349e+03, 8.26349854e-01,
            6.02627747e+02, 9.69405640e+02, 7.15818167e-01,
            6.03006042e+02, 1.23123743e+03, 8.36584687e-01,
            6.07968628e+02, 1.48294788e+03, 8.52589905e-01,
            4.82416748e+02, 4.14241241e+02, 9.11850750e-01,
            5.34682739e+02, 4.14271759e+02, 8.42778742e-01,
            4.45763947e+02, 4.34940796e+02, 8.81984293e-01,
            5.71365662e+02, 4.35020691e+02, 8.98672223e-01 ]
    }
}
