{
    "pose_0": {
        "type_id": "opencv-matrix",
        "rows": 1,
        "cols": 18,
        "dt": "3f",
        "data": [ 5.55508972e+02, 5.19245544e+02, 9.32295203e-01,
            5.55750244e+02, 6.76246094e+02, 8.84533346e-01,
            4.40304413e+02, 6.76196106e+02, 8.63722146e-01,
            3.25179474e+02, 8.22862061e+02, 7.86877215e-01,
            2.25469849e+02, 8.96363770e+02, 8.60454917e-01,
            6.60429810e+02, 6.76149841e+02, 8.26332927e-01,
            7.49452148e+02, 8.54138916e+02, 8.29260170e-01,
            8.54015198e+02, 9.43495178e+02, 8.72258186e-01,
            4.77220886e+02, 1.02716992e+03, 7.51232386e-01,
            4.77200104e+02, 1.28388147e+03, 8.20311844e-01,
            4.82247406e+02, 1.56146753e+03, 8.45400333e-01,
            6.28989563e+02, 1.03231213e+03, 7.11863756e-01,
            6.34196045e+02, 1.28393201e+03, 7.54274070e-01,
            6.39582703e+02, 1.55095886e+03, 7.78092444e-01,
            5.24028198e+02, 4.92911804e+02, 9.32277322e-01,
            5.66457214e+02, 4.87852661e+02, 8.99406195e-01,
            4.82695526e+02, 5.18795349e+02, 8.93309951e-01,
            6.08035889e+02, 5.13773315e+02, 9.29130554e-01 ]
    }
}
