{
    "pose_0": {
        "type_id": "opencv-matrix",
        "rows": 1,
        "cols": 18,
        "dt": "3f",
        "data": [ 5.50540833e+02, 5.19150208e+02, 9.42616165e-01,
            5.29509644e+02, 6.70874329e+02, 8.84421527e-01,
            4.03862854e+02, 6.55157104e+02, 8.38399291e-01,
            2.41437775e+02, 6.60613281e+02, 7.97466993e-01,
            1.05409508e+02, 5.66321228e+02, 8.77765834e-01,
            6.50219299e+02, 6.86365601e+02, 8.92067552e-01,
            7.28772400e+02, 8.70032349e+02, 8.34571183e-01,
            8.12292358e+02, 9.74550232e+02, 7.56084442e-01,
            4.56235718e+02, 1.03228796e+03, 7.21712053e-01,
            4.66601471e+02, 1.30472595e+03, 7.58157969e-01,
            4.71857056e+02, 1.56644360e+03, 8.18321347e-01,
            6.08310913e+02, 1.03757410e+03, 7.27771282e-01,
            6.08347534e+02, 1.30976233e+03, 8.16455424e-01,
            6.18681702e+02, 1.55616431e+03, 7.87569761e-01,
            5.24085144e+02, 4.87702484e+02, 9.57698107e-01,
            5.71419128e+02, 4.92804626e+02, 8.73124063e-01,
            4.82576080e+02, 5.13666077e+02, 8.82129431e-01,
            6.08250000e+02, 5.13890259e+02, 9.20390546e-01 ]
    }
}
