{
    "pose_0": {
        "type_id": "opencv-matrix",
        "rows": 1,
        "cols": 18,
        "dt": "3f",
        "data": [ 5.19255005e+02, 5.18780945e+02, 9.71387982e-01,
            5.24080383e+02, 6.65632019e+02, 9.13493752e-01,
            3.98685516e+02, 6.50264221e+02, 8.80344987e-01,
            3.14708832e+02, 7.65195679e+02, 7.46264577e-01,
            3.09433624e+02, 8.17435974e+02, 8.56827140e-01,
            6.44690002e+02, 6.76073914e+02, 8.63926828e-01,
            6.81373596e+02, 8.59496643e+02, 8.20463061e-01,
            6.86515198e+02, 9.95700867e+02, 8.07745099e-01,
            4.40437195e+02, 1.04276086e+03, 7.72880852e-01,
            4.71944916e+02, 1.31520862e+03, 7.90929437e-01,
            5.08465240e+02, 1.59280872e+03, 7.43570149e-01,
            6.02661743e+02, 1.02716870e+03, 7.85112560e-01,
            5.66235657e+02, 1.26790906e+03, 8.25123310e-01,
            6.08255127e+02, 1.48288293e+03, 7.93893576e-01,
            4.87596924e+02, 4.82586823e+02, 9.26245034e-01,
            5.50409729e+02, 4.82489838e+02, 8.73740256e-01,
            4.56201965e+02, 5.08552643e+02, 8.47634673e-01,
            5.81843567e+02, 4.98128998e+02, 7.93462813e-01 ]
    }
}
