{
    "pose_0": {
        "type_id": "opencv-matrix",
        "rows": 1,
        "cols": 18,
        "dt": "3f",
        "data": [ 5.65975342e+02, 5.18981018e+02, 9.89541113e-01,
            5.66393494e+02, 6.55281982e+02, 9.29708838e-01,
            4.56133698e+02, 6.65649963e+02, 8.19780588e-01,
            4.24775177e+02, 8.54262695e+02, 8.04896653e-01,
            4.19467621e+02, 9.85185181e+02, 7.39812434e-01,
            6.86842407e+02, 6.50016968e+02, 9.31010962e-01,
            7.75849731e+02, 7.75653015e+02, 6.76027894e-01,
            7.75817078e+02, 7.96585083e+02, 7.67739475e-01,
            4.87512939e+02, 1.01661981e+03, 7.74814606e-01,
            5.24405945e+02, 1.21038892e+03, 7.86812663e-01,
            4.92921753e+02, 1.43567651e+03, 8.15439641e-01,
            6.44885254e+02, 1.03235364e+03, 7.79903650e-01,
            6.13354370e+02, 1.32568518e+03, 7.91264653e-01,
            6.08137207e+02, 1.60829553e+03, 8.17535877e-01,
            5.34732544e+02, 4.87525085e+02, 8.90585244e-01,
            5.97401123e+02, 4.87566925e+02, 8.93865764e-01,
            5.08565369e+02, 4.98208527e+02, 7.78787136e-01,
            6.34317810e+02, 5.03366516e+02, 8.38874876e-01 ]
    }
}
