{
    "pose_0": {
        "type_id": "opencv-matrix",
        "rows": 1,
        "cols": 18,
        "dt": "3f",
        "data": [ 5.60734802e+02, 5.29743774e+02, 9.16948676e-01,
            5.66006958e+02, 6.86622314e+02, 9.69109237e-01,
            4.40678680e+02, 6.86687622e+02, 8.61994386e-01,
            3.20178772e+02, 7.75554504e+02, 6.98184490e-01,
            3.14933899e+02, 8.06969482e+02, 7.17610359e-01,
            6.86703186e+02, 6.86530212e+02, 9.10344064e-01,
            7.81110596e+02, 8.38587524e+02, 7.30349720e-01,
            8.17722107e+02, 8.01858765e+02, 7.76228130e-01,
            4.82346039e+02, 1.04809802e+03, 7.38239110e-01,
            4.82453949e+02, 1.30995728e+03, 8.37004602e-01,
            4.82595642e+02, 1.57716113e+03, 8.11847270e-01,
            6.39582581e+02, 1.05320776e+03, 7.24310338e-01,
            6.44770203e+02, 1.30995764e+03, 8.27264309e-01,
            6.44982117e+02, 1.56672656e+03, 8.29718828e-01,
            5.24461853e+02, 5.18891724e+02, 9.74716425e-01,
            5.76634094e+02, 5.18862427e+02, 8.91593695e-01,
            4.92905853e+02, 5.24493286e+02, 8.53490949e-01,
            6.08388184e+02, 5.24462097e+02, 9.27015781e-01 ]
    }
}
