{
    "pose_0": {
        "type_id": "opencv-matrix",
        "rows": 1,
        "cols": 18,
        "dt": "3f",
        "data": [ 5.50402588e+02, 5.19217041e+02, 9.22847867e-01,
            5.55524109e+02, 6.76251587e+02, 8.68901134e-01,
            4.35340332e+02, 6.76167358e+02, 8.65718007e-01,
            3.09480225e+02, 8.07026733e+02, 8.03880334e-01,
            1.88989243e+02, 8.54127441e+02, 8.90768290e-01,
            6.55303101e+02, 6.81223389e+02, 8.47506404e-01,
            7.38954590e+02, 8.59437866e+02, 8.79736364e-01,
            8.38476135e+02, 9.53903137e+02, 8.10391009e-01,
            4.77009888e+02, 1.02728027e+03, 7.43736506e-01,
            4.77036499e+02, 1.29419275e+03, 7.95499623e-01,
            4.77243286e+02, 1.56647217e+03, 8.46397877e-01,
            6.23755798e+02, 1.03247681e+03, 7.02631354e-01,
            6.23847595e+02, 1.29425378e+03, 7.65365958e-01,
            6.34335083e+02, 1.56134399e+03, 7.83707321e-01,
            5.19217102e+02, 4.92934174e+02, 9.35718954e-01,
            5.66358459e+02, 4.92797516e+02, 9.09246385e-01,
            4.82653381e+02, 5.18908875e+02, 9.03223872e-01,
            6.07921143e+02, 5.18750732e+02, 9.34864640e-01 ]
    }
}
