{
    "pose_0": {
        "type_id": "opencv-matrix",
        "rows": 1,
        "cols": 18,
        "dt": "3f",
        "data": [ 5.60685730e+02, 5.24136902e+02, 9.69008386e-01,
            5.55812439e+02, 6.81394287e+02, 9.08028603e-01,
            4.40296387e+02, 6.81477051e+02, 8.85578990e-01,
            3.51223450e+02, 7.75588806e+02, 8.54243100e-01,
            3.14558258e+02, 8.17691406e+02, 8.82226765e-01,
            6.70957275e+02, 6.81263428e+02, 8.13738585e-01,
            7.65097412e+02, 8.17652100e+02, 7.20310569e-01,
            8.01936829e+02, 8.22922791e+02, 8.37584972e-01,
            4.82153320e+02, 1.03250378e+03, 7.40581453e-01,
            4.82294922e+02, 1.29942566e+03, 8.16220641e-01,
            4.82591766e+02, 1.57178955e+03, 8.41146708e-01,
            6.39412659e+02, 1.03768591e+03, 7.20797360e-01,
            6.44494263e+02, 1.30479150e+03, 7.96271920e-01,
            6.44850769e+02, 1.56640027e+03, 8.29007268e-01,
            5.24395081e+02, 4.98023743e+02, 9.21358824e-01,
            5.76639893e+02, 4.98203308e+02, 8.45745325e-01,
            4.87675690e+02, 5.18865417e+02, 9.20523047e-01,
            6.08365662e+02, 5.19106506e+02, 9.32436943e-01 ]
    }
}
