{
    "pose_0": {
        "type_id": "opencv-matrix",
        "rows": 1,
        "cols": 18,
        "dt": "3f",
        "data": [ 5.18853821e+02, 4.40388977e+02, 9.78935957e-01,
            5.19073303e+02, 6.02675720e+02, 9.32600319e-01,
            3.98449066e+02, 6.02611694e+02, 8.83306801e-01,
            2.62270477e+02, 7.44199829e+02, 7.91816711e-01,
            1.31409546e+02, 7.86315002e+02, 7.59742558e-01,
            6.39597229e+02, 6.02713623e+02, 8.65007877e-01,
            7.70478455e+02, 7.49532349e+02, 8.52072775e-01,
            9.01349609e+02, 7.91484924e+02, 8.17077160e-01,
            4.40513123e+02, 9.64336609e+02, 7.28542268e-01,
            4.40717987e+02, 1.22621631e+03, 8.24895263e-01,
            4.45768341e+02, 1.49853247e+03, 7.96086192e-01,
            6.02765564e+02, 9.69433167e+02, 7.22154081e-01,
            6.03052246e+02, 1.23144397e+03, 8.54842544e-01,
            6.07973267e+02, 1.48805566e+03, 8.51015627e-01,
            4.82513214e+02, 4.14231049e+02, 9.12856877e-01,
            5.34803223e+02, 4.14289032e+02, 8.36383760e-01,
            4.45870483e+02, 4.30104584e+02, 8.78291845e-01,
            5.71408875e+02, 4.35069275e+02, 9.00387764e-01 ]
    }
}
