{
    "pose_0": {
        "type_id": "opencv-matrix",
        "rows": 1,
        "cols": 18,
        "dt": "3f",
        "data": [ 5.29728149e+02, 5.18971802e+02, 9.28085685e-01,
            5.24261719e+02, 6.65725708e+02, 9.26125348e-01,
            3.98765442e+02, 6.60509338e+02, 8.34013820e-01,
            2.31088867e+02, 7.28409790e+02, 7.97145009e-01,
            9.98098068e+01, 7.23119202e+02, 7.41561413e-01,
            6.44914917e+02, 6.71014343e+02, 8.79886389e-01,
            7.23297852e+02, 8.59406921e+02, 8.50291252e-01,
            7.91463806e+02, 9.53722839e+02, 7.88753629e-01,
            4.45841797e+02, 1.02711646e+03, 7.35747635e-01,
            4.56173950e+02, 1.28895374e+03, 7.61583090e-01,
            4.61367126e+02, 1.56129248e+03, 7.74597287e-01,
            6.07915222e+02, 1.02720740e+03, 7.66322374e-01,
            6.08127625e+02, 1.28904834e+03, 8.28186512e-01,
            6.13418152e+02, 1.55095142e+03, 7.93713808e-01,
            5.18838257e+02, 4.87568298e+02, 9.34675157e-01,
            5.65984070e+02, 4.87723297e+02, 9.32384074e-01,
            4.82209229e+02, 5.08645416e+02, 8.91597807e-01,
            6.02802185e+02, 5.13849915e+02, 9.09926057e-01 ]
    }
}
