{
    "pose_0": {
        "type_id": "opencv-matrix",
        "rows": 1,
        "cols": 18,
        "dt": "3f",
        "data": [ 5.19095581e+02, 5.08598297e+02, 9.35926318e-01,
            5.19147827e+02, 6.55190125e+02, 9.27865028e-01,
            3.98687927e+02, 6.55269958e+02, 8.77300501e-01,
            3.20210785e+02, 8.38496765e+02, 8.06337595e-01,
            2.57188965e+02, 9.48726074e+02, 8.15700352e-01,
            6.39462524e+02, 6.50256958e+02, 8.70092392e-01,
            7.54646545e+02, 7.96606750e+02, 8.44158769e-01,
            8.96322510e+02, 8.12340393e+02, 8.94619823e-01,
            4.40621368e+02, 1.02179517e+03, 7.55481839e-01,
            4.40696503e+02, 1.27877478e+03, 8.14801931e-01,
            4.50986511e+02, 1.55619849e+03, 7.76304126e-01,
            6.02766724e+02, 1.02182635e+03, 7.75595665e-01,
            6.03027405e+02, 1.28390088e+03, 8.31991434e-01,
            6.08041443e+02, 1.54034973e+03, 8.23777199e-01,
            4.87581085e+02, 4.82182617e+02, 9.58251595e-01,
            5.45146118e+02, 4.82181732e+02, 8.88231575e-01,
            4.56295593e+02, 4.87703278e+02, 8.23789001e-01,
            5.71532349e+02, 4.87827850e+02, 8.68424892e-01 ]
    }
}
