{
    "pose_0": {
        "type_id": "opencv-matrix",
        "rows": 1,
        "cols": 18,
        "dt": "3f",
        "data": [ 5.50465942e+02, 5.19017944e+02, 9.31635618e-01,
            5.60767212e+02, 6.50053223e+02, 9.24308777e-01,
            4.45685394e+02, 6.49951904e+02, 8.65675509e-01,
            3.88197937e+02, 7.70279541e+02, 7.97745109e-01,
            3.56799408e+02, 7.07525513e+02, 8.40781987e-01,
            6.55279053e+02, 6.50070496e+02, 8.72787416e-01,
            7.33981812e+02, 7.54719238e+02, 6.69900477e-01,
            7.39215637e+02, 6.92141174e+02, 8.19817364e-01,
            4.77146851e+02, 1.00094507e+03, 7.43178248e-01,
            4.77251801e+02, 1.27337073e+03, 8.18101168e-01,
            4.82383179e+02, 1.55613110e+03, 8.10400069e-01,
            6.23799866e+02, 1.01136884e+03, 6.92276597e-01,
            6.39325806e+02, 1.27345605e+03, 8.01247954e-01,
            6.44671265e+02, 1.54565540e+03, 7.89473712e-01,
            5.24046448e+02, 4.87691559e+02, 9.59964275e-01,
            5.66442444e+02, 4.87773926e+02, 8.99086237e-01,
            4.82634918e+02, 5.13686462e+02, 9.05016303e-01,
            6.08029419e+02, 5.13805298e+02, 9.20652628e-01 ]
    }
}
