{
    "pose_0": {
        "type_id": "opencv-matrix",
        "rows": 1,
        "cols": 18,
        "dt": "3f",
        "data": [ 5.50410522e+02, 5.18801697e+02, 9.11673784e-01,
            5.55570068e+02, 6.60548340e+02, 8.63015294e-01,
            4.35377075e+02, 6.60588379e+02, 8.79947066e-01,
            3.51152039e+02, 8.01904602e+02, 8.14103723e-01,
            3.46129456e+02, 8.75208557e+02, 8.10711384e-01,
            6.55430420e+02, 6.60448303e+02, 8.35196555e-01,
            7.65058777e+02, 8.17478699e+02, 8.55471253e-01,
            7.75950256e+02, 8.90805908e+02, 8.79462659e-01,
            4.77007965e+02, 1.02715991e+03, 7.40336180e-01,
            4.77264465e+02, 1.27871802e+03, 8.39695930e-01,
            4.82434052e+02, 1.56135791e+03, 8.25302362e-01,
            6.23850220e+02, 1.02712244e+03, 7.37224758e-01,
            6.34310059e+02, 1.27868665e+03, 7.93484390e-01,
            6.44717285e+02, 1.55088965e+03, 8.00262392e-01,
            5.19222717e+02, 4.82623688e+02, 9.92514908e-01,
            5.66454163e+02, 4.82590881e+02, 9.21370149e-01,
            4.82524963e+02, 5.13631653e+02, 9.30618048e-01,
            6.08037659e+02, 5.08549866e+02, 8.97117913e-01 ]
    }
}
