{
    "pose_0": {
        "type_id": "opencv-matrix",
        "rows": 1,
        "cols": 18,
        "dt": "3f",
        "data": [ 5.55570068e+02, 5.19211304e+02, 9.60194468e-01,
            5.34693665e+02, 6.76079773e+02, 8.68111491e-01,
            4.14361389e+02, 6.55433472e+02, 8.17466617e-01,
            2.62207886e+02, 6.92079529e+02, 8.19028139e-01,
            1.05271400e+02, 6.39599426e+02, 7.97046363e-01,
            6.50284851e+02, 6.86460144e+02, 8.89902651e-01,
            7.33681702e+02, 8.64823120e+02, 8.85801256e-01,
            8.17815125e+02, 9.74574890e+02, 8.51702392e-01,
            4.61448914e+02, 1.03239319e+03, 6.97820604e-01,
            4.71843231e+02, 1.29956384e+03, 7.80072689e-01,
            4.71973175e+02, 1.56652686e+03, 8.09886396e-01,
            6.13321960e+02, 1.04276672e+03, 7.13913083e-01,
            6.13389465e+02, 1.30477344e+03, 8.02981973e-01,
            6.29027527e+02, 1.56126538e+03, 7.77891099e-01,
            5.24157898e+02, 4.87765869e+02, 9.51599956e-01,
            5.71482666e+02, 4.92872101e+02, 8.64702821e-01,
            4.82610840e+02, 5.13686646e+02, 8.95060599e-01,
            6.08245178e+02, 5.18750977e+02, 9.13472056e-01 ]
    }
}
