{
    "pose_0": {
        "type_id": "opencv-matrix",
        "rows": 1,
        "cols": 18,
        "dt": "3f",
        "data": [ 5.18833557e+02, 5.03252533e+02, 9.10438418e-01,
            5.34804138e+02, 6.50095398e+02, 8.88695180e-01,
            3.98684113e+02, 6.55149963e+02, 8.67893994e-01,
            3.46137817e+02, 8.38641296e+02, 8.10450196e-01,
            2.83266968e+02, 9.79866028e+02, 8.19138288e-01,
            6.81473145e+02, 6.49875305e+02, 8.23096156e-01,
            8.33324280e+02, 6.49984009e+02, 7.79564202e-01,
            9.38085327e+02, 5.39923828e+02, 7.88713515e-01,
            4.40489624e+02, 1.02171228e+03, 7.69145370e-01,
            4.40670105e+02, 1.27874500e+03, 8.25313270e-01,
            4.50919586e+02, 1.54039697e+03, 7.79163420e-01,
            6.02844055e+02, 1.02188422e+03, 7.82455802e-01,
            6.03097412e+02, 1.27869678e+03, 8.49598110e-01,
            6.08207092e+02, 1.53013342e+03, 8.44690084e-01,
            4.82513611e+02, 4.77200409e+02, 9.87903476e-01,
            5.34721313e+02, 4.77149475e+02, 9.00797665e-01,
            4.45937347e+02, 4.82539795e+02, 9.02905703e-01,
            5.71411194e+02, 4.82517242e+02, 9.30532932e-01 ]
    }
}
