{
    "pose_0": {
        "type_id": "opencv-matrix",
        "rows": 1,
        "cols": 18,
        "dt": "3f",
        "data": [ 5.50462830e+02, 5.19271484e+02, 9.28944826e-01,
            5.55736511e+02, 6.76224365e+02, 8.81622314e-01,
            4.40291718e+02, 6.76177795e+02, 8.69853139e-01,
            3.56762299e+02, 8.38472595e+02, 8.33812833e-01,
            2.93856354e+02, 9.48689331e+02, 8.30748081e-01,
            6.55441589e+02, 6.76055542e+02, 8.34058046e-01,
            7.49497314e+02, 8.49059448e+02, 8.20519626e-01,
            8.43682007e+02, 9.48595276e+02, 8.41453314e-01,
            4.77191437e+02, 1.02713330e+03, 7.46067345e-01,
            4.77252136e+02, 1.28898206e+03, 8.10762048e-01,
            4.82251526e+02, 1.56654065e+03, 8.49672794e-01,
            6.28993896e+02, 1.02723853e+03, 7.16075838e-01,
            6.34324768e+02, 1.28396558e+03, 7.68327177e-01,
            6.44586731e+02, 1.55610083e+03, 7.92186260e-01,
            5.19241943e+02, 4.92942657e+02, 9.35035229e-01,
            5.66398254e+02, 4.92818054e+02, 9.07462716e-01,
            4.82620026e+02, 5.18823242e+02, 9.16647732e-01,
            6.07966370e+02, 5.13846497e+02, 9.22363698e-01 ]
    }
}
