{
    "pose_0": {
        "type_id": "opencv-matrix",
        "rows": 1,
        "cols": 18,
        "dt": "3f",
        "data": [ 5.61175232e+02, 5.29740295e+02, 9.33831692e-01,
            5.66263489e+02, 6.86627441e+02, 9.70147192e-01,
            4.51057770e+02, 6.86688721e+02, 8.28106821e-01,
            3.67149017e+02, 7.59919800e+02, 7.30110168e-01,
            3.20010956e+02, 7.75759766e+02, 8.09115767e-01,
            6.86648438e+02, 6.86628479e+02, 9.22768056e-01,
            7.75897522e+02, 8.17531982e+02, 7.92212307e-01,
            8.22839478e+02, 7.75597717e+02, 8.68194640e-01,
            4.87579315e+02, 1.04290637e+03, 7.18656003e-01,
            4.82637238e+02, 1.31497510e+03, 8.22396696e-01,
            4.87625916e+02, 1.57706299e+03, 8.17959428e-01,
            6.44704468e+02, 1.04807239e+03, 7.41835117e-01,
            6.49799072e+02, 1.31500879e+03, 8.55295658e-01,
            6.49955994e+02, 1.56677771e+03, 8.51738691e-01,
            5.29734741e+02, 5.18962769e+02, 9.30729151e-01,
            5.92255615e+02, 5.18911560e+02, 8.89384151e-01,
            5.08619812e+02, 5.29473389e+02, 8.36436510e-01,
            6.18664917e+02, 5.29532898e+02, 8.70700955e-01 ]
    }
}
