{
    "pose_0": {
        "type_id": "opencv-matrix",
        "rows": 1,
        "cols": 18,
        "dt": "3f",
        "data": [ 5.50435059e+02, 5.19005249e+02, 9.26836193e-01,
            5.55663818e+02, 6.70932556e+02, 8.65215659e-01,
            4.35432983e+02, 6.70895935e+02, 8.70111823e-01,
            3.51654327e+02, 8.12426453e+02, 8.77018034e-01,
            3.25246368e+02, 9.06631775e+02, 8.58168364e-01,
            6.60413025e+02, 6.65698730e+02, 8.21793675e-01,
            7.39170410e+02, 8.17557617e+02, 8.60488415e-01,
            8.01774719e+02, 9.17045776e+02, 8.40333581e-01,
            4.76947662e+02, 1.02725891e+03, 7.39475071e-01,
            4.77247314e+02, 1.28372559e+03, 8.31746638e-01,
            4.82411713e+02, 1.56128064e+03, 8.16109776e-01,
            6.23758728e+02, 1.02728174e+03, 7.29425132e-01,
            6.34170471e+02, 1.27875696e+03, 7.88960576e-01,
            6.44623840e+02, 1.55089636e+03, 7.88748145e-01,
            5.19212769e+02, 4.87580566e+02, 9.74513054e-01,
            5.66472473e+02, 4.87578003e+02, 9.10914719e-01,
            4.82554260e+02, 5.13671570e+02, 9.05449092e-01,
            6.08070862e+02, 5.13646118e+02, 9.07369494e-01 ]
    }
}
