{
    "pose_0": {
        "type_id": "opencv-matrix",
        "rows": 1,
        "cols": 18,
        "dt": "3f",
        "data": [ 5.19049438e+02, 4.40482971e+02, 9.83197153e-01,
            5.19293518e+02, 6.02887512e+02, 9.53546286e-01,
            3.98618347e+02, 6.02717712e+02, 8.95807028e-01,
            2.73080994e+02, 7.65140015e+02, 7.90532470e-01,
            1.52386673e+02, 8.22747437e+02, 8.44029605e-01,
            6.44625427e+02, 6.02938232e+02, 8.92387509e-01,
            7.54640686e+02, 7.70487610e+02, 8.54615092e-01,
            8.59756287e+02, 8.28170898e+02, 8.23683023e-01,
            4.40591187e+02, 9.64317749e+02, 7.37227559e-01,
            4.40689545e+02, 1.23159985e+03, 8.33617926e-01,
            4.45893250e+02, 1.49861987e+03, 7.87787020e-01,
            6.02763733e+02, 9.74607483e+02, 7.48052478e-01,
            6.07847351e+02, 1.23651465e+03, 8.68616819e-01,
            6.08213806e+02, 1.49320300e+03, 8.33297491e-01,
            4.82690186e+02, 4.19535370e+02, 9.02165771e-01,
            5.45169739e+02, 4.19497589e+02, 8.27398896e-01,
            4.56249329e+02, 4.35386230e+02, 8.32113028e-01,
            5.71612671e+02, 4.35419952e+02, 8.76226246e-01 ]
    }
}
