{
    "pose_0": {
        "type_id": "opencv-matrix",
        "rows": 1,
        "cols": 18,
        "dt": "3f",
        "data": [ 5.61053406e+02, 5.29656799e+02, 9.46547449e-01,
            5.61192749e+02, 6.86822693e+02, 9.37748969e-01,
            4.45712860e+02, 6.86835205e+02, 8.85108590e-01,
            3.93155304e+02, 8.59629517e+02, 8.81233156e-01,
            3.61947113e+02, 1.01668701e+03, 8.70923579e-01,
            6.81270935e+02, 6.86697815e+02, 8.81839514e-01,
            7.33976013e+02, 8.54311401e+02, 8.71098876e-01,
            7.75531250e+02, 9.80167969e+02, 9.53098297e-01,
            4.82442963e+02, 1.04810706e+03, 7.46101677e-01,
            4.82558044e+02, 1.31530481e+03, 8.48079443e-01,
            4.87649933e+02, 1.57703174e+03, 8.17976713e-01,
            6.44629700e+02, 1.05325208e+03, 7.53515303e-01,
            6.49769775e+02, 1.31517004e+03, 8.70396614e-01,
            6.50207886e+02, 1.57177002e+03, 8.53025675e-01,
            5.29631409e+02, 5.18806152e+02, 9.25691605e-01,
            5.87151489e+02, 5.18851196e+02, 8.78113925e-01,
            5.08461731e+02, 5.24292175e+02, 8.58052254e-01,
            6.13481201e+02, 5.24592529e+02, 8.89225960e-01 ]
    }
}
