{
    "pose_0": {
        "type_id": "opencv-matrix",
        "rows": 1,
        "cols": 18,
        "dt": "3f",
        "data": [ 2.44993851e+02, 8.04836578e+01, 8.93260717e-01,
            2.38989365e+02, 1.34826889e+02, 8.28978777e-01,
            1.98252258e+02, 1.31818741e+02, 7.98456907e-01,
            1.39340103e+02, 1.37844116e+02, 8.20822895e-01,
            6.70029831e+01, 1.48391129e+02, 8.13063681e-01,
            2.81285370e+02, 1.36374069e+02, 8.13457251e-01,
            3.20494934e+02, 1.81628677e+02, 8.28056276e-01,
            3.79366486e+02, 1.98261612e+02, 9.42341685e-01,
            2.13353180e+02, 2.60181030e+02, 6.68170691e-01,
            1.87709351e+02, 3.67351501e+02, 7.20067620e-01,
            1.69590637e+02, 4.71475769e+02, 7.09085584e-01,
            2.70728851e+02, 2.63165985e+02, 6.69318616e-01,
            2.70620148e+02, 3.76395996e+02, 7.69638538e-01,
            2.70673431e+02, 4.68478577e+02, 7.05858111e-01,
            2.34461563e+02, 7.29383163e+01, 9.22771037e-01,
            2.52585602e+02, 7.44826126e+01, 8.38125646e-01,
            2.20853058e+02, 7.89477081e+01, 9.56855595e-01,
            2.64678833e+02, 7.90751877e+01, 8.63451481e-01 ]
    }
}
