{
    "pose_0": {
        "type_id": "opencv-matrix",
        "rows": 1,
        "cols": 18,
        "dt": "3f",
        "data": [ 2.73034271e+02, 1.83090332e+02, 9.11355734e-01,
            2.73065308e+02, 2.75748566e+02, 8.69746327e-01,
            2.07635498e+02, 2.75771240e+02, 8.29429865e-01,
            1.47616318e+02, 3.43840179e+02, 7.42573917e-01,
            9.04234695e+01, 4.03871368e+02, 8.61562133e-01,
            3.41052551e+02, 2.75756470e+02, 8.10129821e-01,
            4.03777069e+02, 3.49248505e+02, 7.59481966e-01,
            4.66278870e+02, 4.06469421e+02, 8.53773236e-01,
            2.32065674e+02, 4.90991028e+02, 5.93248129e-01,
            2.34808884e+02, 6.59846802e+02, 3.39962423e-01,
            2.59318604e+02, 8.66881226e+02, 9.93255302e-02,
            3.16613007e+02, 4.93619934e+02, 5.97730756e-01,
            3.08356598e+02, 6.54363464e+02, 4.43693548e-01,
            3.38441864e+02, 8.23310852e+02, 1.68767184e-01,
            2.51290970e+02, 1.63952499e+02, 8.97361100e-01,
            2.94782288e+02, 1.63893677e+02, 9.07387257e-01,
            2.29272125e+02, 1.80227890e+02, 7.09799111e-01,
            3.22025909e+02, 1.80280960e+02, 7.37114429e-01 ]
    }
}
