{
    "pose_0": {
        "type_id": "opencv-matrix",
        "rows": 1,
        "cols": 18,
        "dt": "3f",
        "data": [ 2.14186279e+02, 9.48584137e+01, 1.41948149e-01,
            2.21010300e+02, 1.32351440e+02, 4.23185199e-01,
            1.67558640e+02, 1.48250992e+02, 4.25474435e-01,
            9.14121628e+01, 1.91441635e+02, 6.53038502e-01,
            7.66123199e+01, 2.76655273e+02, 6.30739033e-01,
            2.63054169e+02, 1.17575218e+02, 3.49726647e-01,
            3.11901642e+02, 1.77790985e+02, 4.92286652e-01,
            3.67612762e+02, 1.59622208e+02, 5.60508847e-01,
            2.92608124e+02, 2.63060486e+02, 9.17168334e-02,
            3.42631836e+02, 3.38067261e+02, 1.20398603e-01,
            4.54005066e+02, 3.60793091e+02, 9.43646878e-02,
            3.18758514e+02, 2.30085251e+02, 1.06636226e-01,
            4.38106354e+02, 1.68694489e+02, 2.51781851e-01,
            4.98352722e+02, 2.77825958e+02, 6.83919638e-02,
            2.05086548e+02, 8.45794296e+01, 2.23878905e-01,
            2.31193741e+02, 7.77991714e+01, 1.48349345e-01,
            1.86904251e+02, 8.57633591e+01, 1.93211481e-01,
            2.36906281e+02, 7.66555176e+01, 6.52916878e-02 ]
    }
}
