{
    "pose_0": {
        "type_id": "opencv-matrix",
        "rows": 1,
        "cols": 18,
        "dt": "3f",
        "data": [ 4.81018007e-01, 2.59579152e-01, 9.17263269e-01,
            5.00524759e-01, 3.38784039e-01, 8.72844756e-01,
            3.69573653e-01, 3.38831574e-01, 8.59642386e-01,
            3.20774913e-01, 4.34285909e-01, 7.97327518e-01,
            2.52983272e-01, 4.99748230e-01, 8.36402893e-01,
            6.36353254e-01, 3.38763773e-01, 8.23916197e-01,
            7.86846101e-01, 3.41432661e-01, 7.89962471e-01,
            8.74386787e-01, 2.95000911e-01, 7.96094835e-01,
            4.08396184e-01, 5.32477915e-01, 7.57657707e-01,
            4.08374667e-01, 6.66257322e-01, 8.34333003e-01,
            4.17892128e-01, 7.99987614e-01, 7.81090260e-01,
            5.58702648e-01, 5.32534659e-01, 7.72721291e-01,
            5.58935046e-01, 6.66279972e-01, 8.54833543e-01,
            5.63681364e-01, 7.97288537e-01, 8.58476281e-01,
            4.47319239e-01, 2.48645589e-01, 9.69895840e-01,
            5.00443399e-01, 2.48593658e-01, 8.86837006e-01,
            4.18062449e-01, 2.51502901e-01, 8.67004812e-01,
            5.34422576e-01, 2.51447678e-01, 9.20878589e-01 ]
    }
}
