{
    "pose_0": {
        "type_id": "opencv-matrix",
        "rows": 1,
        "cols": 18,
        "dt": "3f",
        "data": [ 4.85697061e-01, 2.67728567e-01, 9.68824148e-01,
            4.81249422e-01, 3.44148427e-01, 9.27729487e-01,
            3.74180973e-01, 3.44163716e-01, 8.47755313e-01,
            3.15874994e-01, 4.36922550e-01, 7.91742444e-01,
            2.48039812e-01, 4.94365275e-01, 8.60916913e-01,
            5.92662811e-01, 3.41525584e-01, 8.60817075e-01,
            6.70307636e-01, 4.28785443e-01, 9.05571699e-01,
            7.86792219e-01, 4.64254320e-01, 8.69749844e-01,
            4.08443421e-01, 5.32463193e-01, 7.47351646e-01,
            4.08404589e-01, 6.68970466e-01, 8.09467435e-01,
            4.17874485e-01, 8.10932636e-01, 7.78460145e-01,
            5.58615088e-01, 5.32537460e-01, 7.68864453e-01,
            5.58919191e-01, 6.68951869e-01, 8.30522716e-01,
            5.63526452e-01, 8.00049901e-01, 8.30853701e-01,
            4.56707746e-01, 2.51399338e-01, 9.19164479e-01,
            5.10202825e-01, 2.51398116e-01, 8.98466587e-01,
            4.32499319e-01, 2.59544253e-01, 8.26642692e-01,
            5.39218605e-01, 2.62254983e-01, 8.17877531e-01 ]
    }
}
