{
    "pose_0": {
        "type_id": "opencv-matrix",
        "rows": 1,
        "cols": 18,
        "dt": "3f",
        "data": [ 5.15011132e-01, 2.75882423e-01, 9.34484482e-01,
            5.15083909e-01, 3.57769191e-01, 9.09992218e-01,
            4.03462887e-01, 3.57749432e-01, 9.09145951e-01,
            3.54745209e-01, 4.47838634e-01, 8.46109152e-01,
            3.30508411e-01, 5.35259008e-01, 9.28348362e-01,
            6.21758044e-01, 3.57695729e-01, 8.44316721e-01,
            6.80046558e-01, 4.45132852e-01, 8.71652246e-01,
            7.13806212e-01, 5.32598615e-01, 8.87325406e-01,
            4.46952701e-01, 5.54250240e-01, 7.72361875e-01,
            4.52038348e-01, 6.88068211e-01, 8.51000786e-01,
            4.71243650e-01, 8.16314995e-01, 7.93679297e-01,
            5.97287118e-01, 5.54230690e-01, 7.68707454e-01,
            5.82955718e-01, 6.88101292e-01, 8.11406493e-01,
            5.68492234e-01, 8.19210470e-01, 7.81898916e-01,
            4.85756874e-01, 2.67728150e-01, 9.60019231e-01,
            5.29630840e-01, 2.67681897e-01, 8.84212613e-01,
            4.51897234e-01, 2.73179144e-01, 9.23449755e-01,
            5.63764334e-01, 2.73136705e-01, 9.56051528e-01 ]
    }
}
