{
    "pose_0": {
        "type_id": "opencv-matrix",
        "rows": 1,
        "cols": 18,
        "dt": "3f",
        "data": [ 4.81021792e-01, 2.29525685e-01, 9.79824185e-01,
            4.85672116e-01, 3.14165145e-01, 9.53489065e-01,
            3.69499773e-01, 3.14087033e-01, 8.94332886e-01,
            2.57875055e-01, 4.01388198e-01, 8.02659869e-01,
            1.60701990e-01, 4.39638287e-01, 7.92215705e-01,
            5.97401321e-01, 3.14200252e-01, 8.91748726e-01,
            6.89758599e-01, 4.04112935e-01, 8.64854693e-01,
            7.96423137e-01, 4.42343771e-01, 8.67445409e-01,
            4.08315659e-01, 5.05183339e-01, 7.39759624e-01,
            4.08426702e-01, 6.44311249e-01, 8.27133060e-01,
            4.13173765e-01, 7.78260410e-01, 7.91453660e-01,
            5.58609843e-01, 5.07889032e-01, 7.51049519e-01,
            5.58941960e-01, 6.44365072e-01, 8.64180624e-01,
            5.63646615e-01, 7.75530517e-01, 8.43636870e-01,
            4.47325170e-01, 2.18588963e-01, 9.01877224e-01,
            5.05227566e-01, 2.18589783e-01, 8.24810863e-01,
            4.22765315e-01, 2.26853773e-01, 8.36356163e-01,
            5.29750764e-01, 2.26898223e-01, 8.85267973e-01 ]
    }
}
