{
    "pose_0": {
        "type_id": "opencv-matrix",
        "rows": 1,
        "cols": 18,
        "dt": "3f",
        "data": [ 4.85935837e-01, 2.81419784e-01, 9.32448328e-01,
            4.85751271e-01, 3.60507250e-01, 9.53383744e-01,
            3.74194920e-01, 3.57939363e-01, 8.99151385e-01,
            3.15905809e-01, 4.45177794e-01, 8.62081528e-01,
            2.91996390e-01, 5.16166031e-01, 8.64606619e-01,
            5.97389340e-01, 3.60555738e-01, 9.20966387e-01,
            6.41157210e-01, 4.53420937e-01, 8.36954176e-01,
            6.41357243e-01, 5.35241961e-01, 9.21226323e-01,
            4.12991375e-01, 5.48908770e-01, 7.48473883e-01,
            4.32534397e-01, 6.85359597e-01, 8.03788722e-01,
            4.51997161e-01, 8.19029629e-01, 8.10207665e-01,
            5.58770776e-01, 5.48922122e-01, 7.74478316e-01,
            5.63759208e-01, 6.79892838e-01, 8.33061397e-01,
            6.02525294e-01, 8.10924888e-01, 8.34292054e-01,
            4.66454327e-01, 2.70518690e-01, 9.04115498e-01,
            5.15004575e-01, 2.70510882e-01, 9.30297971e-01,
            4.37368453e-01, 2.75887728e-01, 9.14932966e-01,
            5.48921466e-01, 2.75940716e-01, 8.72088313e-01 ]
    }
}
