{
    "pose_0": {
        "type_id": "opencv-matrix",
        "rows": 1,
        "cols": 18,
        "dt": "3f",
        "data": [ 5.14903426e-01, 2.73079634e-01, 9.44210649e-01,
            5.15108585e-01, 3.52396190e-01, 8.81486833e-01,
            4.08087194e-01, 3.52410853e-01, 8.67165029e-01,
            3.30795228e-01, 4.39683914e-01, 8.32710385e-01,
            2.72238821e-01, 5.02454400e-01, 7.92782068e-01,
            6.12158060e-01, 3.49665850e-01, 8.19691241e-01,
            7.04244077e-01, 4.45070654e-01, 8.26385558e-01,
            7.86774039e-01, 4.94323432e-01, 8.54233146e-01,
            4.42343354e-01, 5.35252690e-01, 7.40327358e-01,
            4.42394286e-01, 6.69048607e-01, 8.21611643e-01,
            4.46960330e-01, 8.16374123e-01, 8.61941338e-01,
            5.83065569e-01, 5.35303950e-01, 7.10698307e-01,
            5.87903500e-01, 6.71680391e-01, 7.63480604e-01,
            5.97390175e-01, 8.13603640e-01, 8.05930376e-01,
            4.85721499e-01, 2.56865680e-01, 9.29634273e-01,
            5.29489994e-01, 2.56843925e-01, 8.86031747e-01,
            4.47289497e-01, 2.70318061e-01, 9.31878090e-01,
            5.63487053e-01, 2.67768770e-01, 9.14636016e-01 ]
    }
}
