{
    "pose_0": {
        "type_id": "opencv-matrix",
        "rows": 1,
        "cols": 18,
        "dt": "3f",
        "data": [ 4.95600373e-01, 2.70453542e-01, 9.17127967e-01,
            5.05244911e-01, 3.52359653e-01, 8.42896104e-01,
            3.98450881e-01, 3.52380335e-01, 8.48251700e-01,
            3.40325326e-01, 4.50703830e-01, 8.08449864e-01,
            3.25843990e-01, 5.38072824e-01, 9.02376354e-01,
            6.07395113e-01, 3.46896142e-01, 8.28105927e-01,
            6.80173993e-01, 4.28757250e-01, 8.24478507e-01,
            7.14201272e-01, 4.91594404e-01, 8.68231237e-01,
            4.32568461e-01, 5.51615536e-01, 6.91717029e-01,
            4.47071552e-01, 6.88075423e-01, 8.37721348e-01,
            4.66472030e-01, 8.21909547e-01, 7.74831712e-01,
            5.78137517e-01, 5.51596522e-01, 7.07429230e-01,
            5.63735962e-01, 6.88144505e-01, 8.46204996e-01,
            5.68386436e-01, 8.30039442e-01, 7.94180632e-01,
            4.80788171e-01, 2.54083008e-01, 9.25024807e-01,
            5.24635077e-01, 2.54097641e-01, 9.37224627e-01,
            4.42320496e-01, 2.67716557e-01, 9.76779938e-01,
            5.58840096e-01, 2.67746896e-01, 9.13778841e-01 ]
    }
}
