{
    "pose_0": {
        "type_id": "opencv-matrix",
        "rows": 1,
        "cols": 18,
        "dt": "3f",
        "data": [ 5.10090232e-01, 2.70492733e-01, 9.29538965e-01,
            5.15023708e-01, 3.52324575e-01, 8.81847560e-01,
            4.08048093e-01, 3.49678963e-01, 8.76561463e-01,
            3.30591202e-01, 4.28745598e-01, 8.75585616e-01,
            2.86691695e-01, 4.88952011e-01, 8.88063788e-01,
            6.07408643e-01, 3.49653095e-01, 8.34591627e-01,
            6.85067713e-01, 4.37024504e-01, 8.24359953e-01,
            7.62657821e-01, 4.88847941e-01, 8.61896276e-01,
            4.42239344e-01, 5.35269856e-01, 7.63115525e-01,
            4.42336023e-01, 6.69052541e-01, 8.16778719e-01,
            4.47023541e-01, 8.16242635e-01, 8.38431418e-01,
            5.78180254e-01, 5.35304725e-01, 7.23418653e-01,
            5.87818563e-01, 6.69051588e-01, 7.71169364e-01,
            5.97401679e-01, 8.10937822e-01, 7.96638608e-01,
            4.81190473e-01, 2.54146248e-01, 9.64497507e-01,
            5.24945617e-01, 2.54127771e-01, 9.15400505e-01,
            4.47254896e-01, 2.67729938e-01, 9.10696507e-01,
            5.63484550e-01, 2.67699510e-01, 9.04227376e-01 ]
    }
}
