{
    "pose_0": {
        "type_id": "opencv-matrix",
        "rows": 1,
        "cols": 18,
        "dt": "3f",
        "data": [ 5.19610107e-01, 2.75923729e-01, 9.42536950e-01,
            5.19812107e-01, 3.57674420e-01, 9.22645688e-01,
            4.08298254e-01, 3.57707500e-01, 8.77994895e-01,
            3.25674415e-01, 4.01586592e-01, 8.49396586e-01,
            2.91660070e-01, 4.23403621e-01, 8.86277616e-01,
            6.26697481e-01, 3.55132490e-01, 8.37263227e-01,
            7.09283412e-01, 4.20624703e-01, 7.08836615e-01,
            7.48042524e-01, 4.26078051e-01, 8.68518710e-01,
            4.46957022e-01, 5.43421924e-01, 7.41715014e-01,
            4.47051644e-01, 6.82551503e-01, 8.17819357e-01,
            4.47172701e-01, 8.19168568e-01, 8.45960021e-01,
            5.92718720e-01, 5.43402970e-01, 7.22603798e-01,
            5.97473502e-01, 6.82555795e-01, 8.11426044e-01,
            5.97648621e-01, 8.16294670e-01, 8.28194261e-01,
            4.86014515e-01, 2.67709911e-01, 9.50011194e-01,
            5.29786289e-01, 2.67755538e-01, 8.82914305e-01,
            4.52083617e-01, 2.70516574e-01, 8.94960940e-01,
            5.63803613e-01, 2.73142934e-01, 9.47171152e-01 ]
    }
}
