{
    "pose_0": {
        "type_id": "opencv-matrix",
        "rows": 1,
        "cols": 18,
        "dt": "3f",
        "data": [ 5.24574161e-01, 2.75961190e-01, 9.54084277e-01,
            5.24583220e-01, 3.60431373e-01, 9.68575478e-01,
            4.13122326e-01, 3.57917100e-01, 8.75195801e-01,
            3.30761701e-01, 4.23186600e-01, 8.34789574e-01,
            2.91546941e-01, 4.53326821e-01, 8.61803055e-01,
            6.36169970e-01, 3.60437930e-01, 8.88348997e-01,
            7.14223325e-01, 4.28744406e-01, 8.57177556e-01,
            7.91662931e-01, 4.53356981e-01, 8.66036773e-01,
            4.52007741e-01, 5.51533878e-01, 7.34883606e-01,
            4.51865792e-01, 6.85359240e-01, 8.23972583e-01,
            4.51959640e-01, 8.21859956e-01, 8.01280320e-01,
            5.97620189e-01, 5.48925638e-01, 7.77218044e-01,
            6.02272630e-01, 6.85453475e-01, 8.74149382e-01,
            6.02548778e-01, 8.19061816e-01, 8.56428742e-01,
            4.95688856e-01, 2.70353973e-01, 9.05941665e-01,
            5.49076438e-01, 2.70341307e-01, 8.91153157e-01,
            4.76111889e-01, 2.73330688e-01, 8.75431597e-01,
            5.78115165e-01, 2.75933444e-01, 8.68868053e-01 ]
    }
}
