{
    "pose_0": {
        "type_id": "opencv-matrix",
        "rows": 1,
        "cols": 18,
        "dt": "3f",
        "data": [ 4.81150389e-01, 2.76018679e-01, 9.46709692e-01,
            4.80775177e-01, 3.57768387e-01, 9.25197780e-01,
            3.69334966e-01, 3.55021596e-01, 8.78882229e-01,
            2.91847974e-01, 4.28770661e-01, 8.55418861e-01,
            2.86863238e-01, 4.94273067e-01, 8.98771524e-01,
            5.73379576e-01, 3.57910752e-01, 8.82428765e-01,
            6.02279484e-01, 4.47894752e-01, 7.90408909e-01,
            5.73244572e-01, 5.10657251e-01, 4.00077552e-01,
            4.08406019e-01, 5.38008451e-01, 7.90902078e-01,
            4.37399924e-01, 6.82673156e-01, 7.29931951e-01,
            4.61541027e-01, 8.19186032e-01, 7.69707382e-01,
            5.53860724e-01, 5.32442331e-01, 7.87449121e-01,
            5.14993548e-01, 6.28026247e-01, 7.95589745e-01,
            5.63672125e-01, 7.45399177e-01, 8.01892281e-01,
            4.51980203e-01, 2.70359665e-01, 9.34029579e-01,
            5.05346060e-01, 2.70358562e-01, 8.71726513e-01,
            4.22897518e-01, 2.73234546e-01, 8.65697742e-01,
            5.34407794e-01, 2.73316652e-01, 8.87958288e-01 ]
    }
}
