{
    "pose_0": {
        "type_id": "opencv-matrix",
        "rows": 1,
        "cols": 18,
        "dt": "3f",
        "data": [ 4.86113638e-01, 2.59568214e-01, 8.99487853e-01,
            4.90827262e-01, 3.41448814e-01, 9.02798176e-01,
            3.93562138e-01, 3.36049736e-01, 8.66416931e-01,
            2.86901951e-01, 3.90615076e-01, 7.08038568e-01,
            2.96742618e-01, 3.82449895e-01, 7.96195030e-01,
            6.02213502e-01, 3.52352917e-01, 8.72711778e-01,
            6.31592035e-01, 4.47910070e-01, 7.97186077e-01,
            6.02252841e-01, 5.16204476e-01, 6.42408907e-01,
            4.13051814e-01, 5.37963450e-01, 7.36719251e-01,
            4.18020725e-01, 6.85228050e-01, 7.82610118e-01,
            4.61650580e-01, 8.35484922e-01, 7.19355822e-01,
            5.63473165e-01, 5.38048208e-01, 7.59166420e-01,
            5.53690493e-01, 6.71694636e-01, 8.09270620e-01,
            5.63856065e-01, 8.02785218e-01, 7.37860203e-01,
            4.66561645e-01, 2.48733714e-01, 9.12934661e-01,
            5.19744933e-01, 2.48689756e-01, 9.46524739e-01,
            4.41939205e-01, 2.62307346e-01, 8.93806100e-01,
            5.58443785e-01, 2.62302488e-01, 9.03995812e-01 ]
    }
}
