{
    "pose_0": {
        "type_id": "opencv-matrix",
        "rows": 1,
        "cols": 18,
        "dt": "3f",
        "data": [ 4.81078833e-01, 2.56791115e-01, 9.32204664e-01,
            4.95666951e-01, 3.38772535e-01, 8.86511624e-01,
            3.69580448e-01, 3.38799596e-01, 8.68422687e-01,
            3.01561236e-01, 4.34245288e-01, 7.82568455e-01,
            2.38220245e-01, 4.91623968e-01, 8.59947026e-01,
            6.26720905e-01, 3.38796884e-01, 8.00692379e-01,
            7.62714982e-01, 3.60654056e-01, 8.31513524e-01,
            8.79218578e-01, 3.30488175e-01, 7.47900009e-01,
            4.08375263e-01, 5.29794991e-01, 7.50468433e-01,
            4.08413619e-01, 6.66221440e-01, 8.23995292e-01,
            4.17893738e-01, 8.00013959e-01, 7.93805420e-01,
            5.58815360e-01, 5.32460153e-01, 7.61560380e-01,
            5.63349187e-01, 6.66358352e-01, 8.42386186e-01,
            5.63745737e-01, 7.97286689e-01, 8.36715281e-01,
            4.51849669e-01, 2.48544216e-01, 9.53383684e-01,
            5.05236447e-01, 2.48508886e-01, 8.74111295e-01,
            4.22866285e-01, 2.51443714e-01, 8.61092567e-01,
            5.34452558e-01, 2.51449138e-01, 9.20935512e-01 ]
    }
}
