{
    "pose_0": {
        "type_id": "opencv-matrix",
        "rows": 1,
        "cols": 18,
        "dt": "3f",
        "data": [ 5.24528801e-01, 2.70369470e-01, 9.77335930e-01,
            5.24911284e-01, 3.44193667e-01, 9.08180714e-01,
            4.17971730e-01, 3.49596977e-01, 8.24073315e-01,
            3.74389350e-01, 4.47955042e-01, 8.42192769e-01,
            3.64525259e-01, 5.32572031e-01, 9.09899950e-01,
            6.36602879e-01, 3.41413170e-01, 9.05702055e-01,
            7.14043200e-01, 4.07003075e-01, 7.73971796e-01,
            7.18992233e-01, 4.39673215e-01, 8.09737623e-01,
            4.47337806e-01, 5.32600284e-01, 7.70701170e-01,
            4.81103033e-01, 6.55377924e-01, 8.07139099e-01,
            4.56745327e-01, 7.72611856e-01, 8.01455379e-01,
            6.02260470e-01, 5.40682018e-01, 7.67658770e-01,
            5.78075767e-01, 6.85366809e-01, 8.16723347e-01,
            5.63694715e-01, 8.32783222e-01, 7.65850544e-01,
            4.95526910e-01, 2.51498878e-01, 9.03485179e-01,
            5.53657055e-01, 2.51508623e-01, 8.90893400e-01,
            4.71334249e-01, 2.62317538e-01, 8.00514400e-01,
            5.87793171e-01, 2.64998972e-01, 8.43273342e-01 ]
    }
}
