{
    "pose_0": {
        "type_id": "opencv-matrix",
        "rows": 1,
        "cols": 18,
        "dt": "3f",
        "data": [ 4.81068194e-01, 2.56894916e-01, 9.22258496e-01,
            4.95718449e-01, 3.38765532e-01, 8.74957502e-01,
            3.69586885e-01, 3.38828921e-01, 8.61470282e-01,
            3.06286842e-01, 4.37001020e-01, 7.74997473e-01,
            2.43245974e-01, 4.94385988e-01, 8.37274551e-01,
            6.31456256e-01, 3.38768840e-01, 8.00715506e-01,
            7.62723386e-01, 3.57816011e-01, 7.92902827e-01,
            8.83897781e-01, 3.16816151e-01, 7.45453477e-01,
            4.08389866e-01, 5.32452106e-01, 7.57761657e-01,
            4.08411354e-01, 6.66243315e-01, 8.21845770e-01,
            4.17909801e-01, 7.99973845e-01, 7.94086218e-01,
            5.58835983e-01, 5.32491505e-01, 7.67542601e-01,
            5.58939934e-01, 6.66314662e-01, 8.50444138e-01,
            5.63729107e-01, 7.97234356e-01, 8.43953609e-01,
            4.51851279e-01, 2.48609692e-01, 9.61915493e-01,
            5.00561297e-01, 2.48575166e-01, 8.82693827e-01,
            4.22855258e-01, 2.51490980e-01, 8.56279850e-01,
            5.34442842e-01, 2.51487911e-01, 9.11652148e-01 ]
    }
}
