{
    "pose_0": {
        "type_id": "opencv-matrix",
        "rows": 1,
        "cols": 18,
        "dt": "3f",
        "data": [ 5.14850259e-01, 2.70585239e-01, 9.34120059e-01,
            5.15051961e-01, 3.52393150e-01, 8.84084225e-01,
            4.08050716e-01, 3.52373153e-01, 8.64306211e-01,
            2.96717286e-01, 4.28835094e-01, 7.87401855e-01,
            2.04395086e-01, 4.67108816e-01, 8.58736098e-01,
            6.12088501e-01, 3.52330506e-01, 8.24789226e-01,
            6.94622278e-01, 4.45066571e-01, 8.19521546e-01,
            7.86944032e-01, 4.91627336e-01, 8.73540819e-01,
            4.42284793e-01, 5.35264254e-01, 7.50774145e-01,
            4.42291439e-01, 6.69026732e-01, 8.20131838e-01,
            4.46949482e-01, 8.16243470e-01, 8.44189227e-01,
            5.82947850e-01, 5.37928522e-01, 7.12182999e-01,
            5.87804854e-01, 6.69047058e-01, 7.57228434e-01,
            5.92789352e-01, 8.08226705e-01, 7.75823891e-01,
            4.85666484e-01, 2.56868422e-01, 9.30854857e-01,
            5.24985850e-01, 2.56791979e-01, 8.96473110e-01,
            4.47330326e-01, 2.70352095e-01, 9.13697243e-01,
            5.63501060e-01, 2.67733753e-01, 9.29198623e-01 ]
    }
}
