{
    "pose_0": {
        "type_id": "opencv-matrix",
        "rows": 1,
        "cols": 18,
        "dt": "3f",
        "data": [ 4.81229514e-01, 2.67673612e-01, 9.56713200e-01,
            4.81152296e-01, 3.41440946e-01, 9.32379603e-01,
            3.69611174e-01, 3.41486484e-01, 8.67561996e-01,
            3.01388472e-01, 4.34283286e-01, 8.02253246e-01,
            2.47821718e-01, 4.96995687e-01, 8.26581657e-01,
            5.92558324e-01, 3.41396809e-01, 8.57132971e-01,
            6.79999828e-01, 4.26142842e-01, 9.29319680e-01,
            8.06302011e-01, 4.53366101e-01, 8.37377548e-01,
            4.08462942e-01, 5.32459378e-01, 7.41848171e-01,
            4.08430994e-01, 6.68939590e-01, 8.18669021e-01,
            4.17875022e-01, 8.10896754e-01, 7.70250440e-01,
            5.58600187e-01, 5.32536447e-01, 7.74700642e-01,
            5.58863699e-01, 6.69015110e-01, 8.32671225e-01,
            5.63497484e-01, 8.02733719e-01, 8.18548441e-01,
            4.52037036e-01, 2.51340091e-01, 9.36482728e-01,
            5.10089934e-01, 2.51338810e-01, 8.93974543e-01,
            4.32372481e-01, 2.56826699e-01, 8.17484915e-01,
            5.34401953e-01, 2.59519815e-01, 8.31981540e-01 ]
    }
}
