{
    "pose_0": {
        "type_id": "opencv-matrix",
        "rows": 1,
        "cols": 18,
        "dt": "3f",
        "data": [ 5.19640386e-01, 2.73310363e-01, 9.54993665e-01,
            5.19740760e-01, 3.57668251e-01, 9.20193076e-01,
            4.08142447e-01, 3.57689381e-01, 8.87842119e-01,
            3.25579852e-01, 4.04265821e-01, 8.45159471e-01,
            2.91593164e-01, 4.26145017e-01, 8.77380848e-01,
            6.26724541e-01, 3.55116069e-01, 8.33013594e-01,
            7.09027469e-01, 4.25998271e-01, 7.40066111e-01,
            7.43228137e-01, 4.28769022e-01, 8.35188150e-01,
            4.46903616e-01, 5.43400109e-01, 7.45262504e-01,
            4.47031170e-01, 6.82533324e-01, 8.16975594e-01,
            4.47221071e-01, 8.19230199e-01, 8.29694092e-01,
            5.92675090e-01, 5.43407261e-01, 7.27695048e-01,
            5.97431898e-01, 6.82560682e-01, 8.10270905e-01,
            5.97618639e-01, 8.16340566e-01, 8.32752049e-01,
            4.85995114e-01, 2.65010953e-01, 9.31659877e-01,
            5.34423530e-01, 2.67635614e-01, 8.58887434e-01,
            4.52022642e-01, 2.70513624e-01, 9.14046049e-01,
            5.68335056e-01, 2.73134977e-01, 9.47208166e-01 ]
    }
}
