{
    "pose_0": {
        "type_id": "opencv-matrix",
        "rows": 1,
        "cols": 18,
        "dt": "3f",
        "data": [ 4.81268764e-01, 2.54147738e-01, 9.42164183e-01,
            4.85966265e-01, 3.36084455e-01, 9.47844923e-01,
            3.69567156e-01, 3.36069942e-01, 8.98377419e-01,
            2.91669995e-01, 4.26064849e-01, 8.85413945e-01,
            2.09378764e-01, 4.69631702e-01, 9.14959133e-01,
            6.02386415e-01, 3.36050391e-01, 8.96177769e-01,
            7.23699570e-01, 4.01530206e-01, 8.83347750e-01,
            8.54878843e-01, 4.23184454e-01, 8.21074009e-01,
            4.08477485e-01, 5.24293721e-01, 7.29429424e-01,
            4.13082719e-01, 6.63438201e-01, 8.19044113e-01,
            4.18064177e-01, 8.00072789e-01, 7.84852505e-01,
            5.58767498e-01, 5.27076423e-01, 7.45562911e-01,
            5.63472569e-01, 6.63615048e-01, 8.69125247e-01,
            5.68344176e-01, 7.97244489e-01, 8.37878525e-01,
            4.52103704e-01, 2.48489141e-01, 9.06825542e-01,
            5.10094702e-01, 2.45949522e-01, 8.74314427e-01,
            4.27632481e-01, 2.51330912e-01, 8.82957399e-01,
            5.34544051e-01, 2.51370341e-01, 8.98473322e-01 ]
    }
}
