{
    "pose_0": {
        "type_id": "opencv-matrix",
        "rows": 1,
        "cols": 18,
        "dt": "3f",
        "data": [ 5.19636691e-01, 2.70607680e-01, 9.63019133e-01,
            5.19641638e-01, 3.55010360e-01, 9.00849223e-01,
            4.08160508e-01, 3.55106562e-01, 8.63119900e-01,
            3.25595886e-01, 4.01500940e-01, 8.52285028e-01,
            2.91553617e-01, 4.25957352e-01, 8.86622608e-01,
            6.16969883e-01, 3.52325916e-01, 8.14222038e-01,
            7.09016383e-01, 4.04200286e-01, 7.89328814e-01,
            7.47979581e-01, 4.23350036e-01, 9.00388300e-01,
            4.46948022e-01, 5.40690482e-01, 7.39978611e-01,
            4.46910858e-01, 6.82540834e-01, 8.25331926e-01,
            4.47175205e-01, 8.19099665e-01, 8.44055474e-01,
            5.92649758e-01, 5.38042367e-01, 7.24120498e-01,
            5.97353935e-01, 6.79894924e-01, 7.90573359e-01,
            5.97598374e-01, 8.13689113e-01, 8.09916139e-01,
            4.86021936e-01, 2.56865859e-01, 9.19574678e-01,
            5.34371018e-01, 2.59549350e-01, 8.45338166e-01,
            4.52033937e-01, 2.70347625e-01, 9.10821795e-01,
            5.63777387e-01, 2.70464033e-01, 9.44706798e-01 ]
    }
}
