{
    "pose_0": {
        "type_id": "opencv-matrix",
        "rows": 1,
        "cols": 18,
        "dt": "3f",
        "data": [ 4.85784858e-01, 2.75945634e-01, 9.52176511e-01,
            4.81271088e-01, 3.57776076e-01, 9.56857443e-01,
            3.69620323e-01, 3.55022252e-01, 8.67952049e-01,
            2.96689034e-01, 4.28798527e-01, 8.41053605e-01,
            2.91691184e-01, 4.94296879e-01, 8.85368884e-01,
            5.92731774e-01, 3.57933730e-01, 9.01663780e-01,
            6.21840119e-01, 4.47865993e-01, 7.98549592e-01,
            6.02210641e-01, 5.10754585e-01, 6.79494977e-01,
            4.13037896e-01, 5.46196759e-01, 7.46626675e-01,
            4.37377959e-01, 6.87997878e-01, 7.96064138e-01,
            4.56863731e-01, 8.19232047e-01, 8.00235033e-01,
            5.58752298e-01, 5.43423831e-01, 7.69342661e-01,
            5.53730905e-01, 6.79938197e-01, 8.00076127e-01,
            5.68492353e-01, 8.16402614e-01, 8.26080203e-01,
            4.56892908e-01, 2.70330340e-01, 8.88571858e-01,
            5.14861286e-01, 2.67786592e-01, 8.88608456e-01,
            4.32590961e-01, 2.73271650e-01, 9.01789069e-01,
            5.44135034e-01, 2.73292989e-01, 8.91616344e-01 ]
    }
}
