{
    "pose_0": {
        "type_id": "opencv-matrix",
        "rows": 1,
        "cols": 18,
        "dt": "3f",
        "data": [ 4.80836481e-01, 2.29505643e-01, 9.69278038e-01,
            4.81133014e-01, 3.14114988e-01, 9.30103898e-01,
            3.64583284e-01, 3.14059049e-01, 8.78870130e-01,
            2.14215875e-01, 3.82433593e-01, 8.32293272e-01,
            9.73692387e-02, 3.90592098e-01, 7.69506693e-01,
            5.97680926e-01, 3.14148664e-01, 8.79135668e-01,
            7.23858058e-01, 3.82412553e-01, 8.77594054e-01,
            8.49958658e-01, 3.93299133e-01, 7.91936517e-01,
            4.08192724e-01, 5.05181015e-01, 7.32986450e-01,
            4.08461154e-01, 6.41665459e-01, 8.36955547e-01,
            4.13034528e-01, 7.78233290e-01, 8.27971697e-01,
            5.58583915e-01, 5.07904589e-01, 7.38741338e-01,
            5.58836281e-01, 6.41757965e-01, 8.53583276e-01,
            5.63424945e-01, 7.75325000e-01, 8.53770435e-01,
            4.47133422e-01, 2.15879366e-01, 9.10075009e-01,
            4.95608628e-01, 2.15915188e-01, 8.33172798e-01,
            4.13159221e-01, 2.26650476e-01, 8.86594057e-01,
            5.29543221e-01, 2.26744100e-01, 9.04212356e-01 ]
    }
}
