{
    "pose_0": {
        "type_id": "opencv-matrix",
        "rows": 1,
        "cols": 18,
        "dt": "3f",
        "data": [ 4.85910386e-01, 2.70346045e-01, 9.49621201e-01,
            4.85916376e-01, 3.46908450e-01, 9.21888590e-01,
            3.79207730e-01, 3.44201833e-01, 8.21347713e-01,
            2.86947787e-01, 4.28749532e-01, 8.61685038e-01,
            2.04176173e-01, 4.86026853e-01, 8.28353107e-01,
            5.97458720e-01, 3.49613965e-01, 8.72969449e-01,
            6.75320745e-01, 4.45088953e-01, 9.14810359e-01,
            7.62573898e-01, 4.86041695e-01, 8.24078023e-01,
            4.13119853e-01, 5.35183132e-01, 7.33837187e-01,
            4.13063347e-01, 6.69032991e-01, 7.90977418e-01,
            4.22776401e-01, 8.16262424e-01, 8.10410321e-01,
            5.58759332e-01, 5.35251021e-01, 7.73239374e-01,
            5.63474059e-01, 6.71777010e-01, 8.03580761e-01,
            5.63649476e-01, 8.08170855e-01, 8.23437750e-01,
            4.66421783e-01, 2.51520753e-01, 8.77969801e-01,
            5.15101254e-01, 2.51539737e-01, 9.11067545e-01,
            4.37408924e-01, 2.64974862e-01, 8.56681824e-01,
            5.49066484e-01, 2.67707288e-01, 8.69433105e-01 ]
    }
}
