{
    "pose_0": {
        "type_id": "opencv-matrix",
        "rows": 1,
        "cols": 18,
        "dt": "3f",
        "data": [ 5.10252118e-01, 2.70601034e-01, 9.34056163e-01,
            5.15080035e-01, 3.54997635e-01, 8.86969328e-01,
            4.08029824e-01, 3.55007410e-01, 8.74360263e-01,
            3.30655664e-01, 4.39641535e-01, 8.40982437e-01,
            2.72323936e-01, 4.99766976e-01, 7.92927086e-01,
            6.12135053e-01, 3.52319539e-01, 8.25816214e-01,
            6.99507475e-01, 4.45062429e-01, 8.22914839e-01,
            7.82096267e-01, 4.94383663e-01, 8.39153290e-01,
            4.42308992e-01, 5.35249531e-01, 7.44374931e-01,
            4.42346036e-01, 6.68993294e-01, 8.27420950e-01,
            4.46932852e-01, 8.16327035e-01, 8.54260325e-01,
            5.82994163e-01, 5.35285354e-01, 7.12480664e-01,
            5.87893605e-01, 6.69017911e-01, 7.69625306e-01,
            5.97401023e-01, 8.10944974e-01, 7.98895180e-01,
            4.85661507e-01, 2.56891280e-01, 9.28984761e-01,
            5.24974823e-01, 2.56840646e-01, 8.96458507e-01,
            4.47314203e-01, 2.70380348e-01, 9.33683872e-01,
            5.63428640e-01, 2.70316750e-01, 9.15518165e-01 ]
    }
}
