{
    "pose_0": {
        "type_id": "opencv-matrix",
        "rows": 1,
        "cols": 18,
        "dt": "3f",
        "data": [ 5.14821589e-01, 2.70585030e-01, 9.35189664e-01,
            5.05390584e-01, 3.54985327e-01, 8.58067989e-01,
            4.03170735e-01, 3.49646181e-01, 8.42890143e-01,
            2.57769287e-01, 3.96053374e-01, 7.90057063e-01,
            1.31606847e-01, 3.93265754e-01, 7.76166201e-01,
            6.07234478e-01, 3.55097204e-01, 8.68643522e-01,
            6.80040061e-01, 4.48028743e-01, 8.98911595e-01,
            7.67582715e-01, 4.94390309e-01, 8.07588041e-01,
            4.37402010e-01, 5.37954986e-01, 7.44002819e-01,
            4.41925347e-01, 6.79859638e-01, 7.84382939e-01,
            4.42122698e-01, 8.16381693e-01, 8.30931306e-01,
            5.73250651e-01, 5.38029075e-01, 7.17406154e-01,
            5.73196650e-01, 6.79871261e-01, 7.87807167e-01,
            5.87753654e-01, 8.13632846e-01, 7.87110925e-01,
            4.85691756e-01, 2.56878614e-01, 9.28610086e-01,
            5.24980068e-01, 2.56848544e-01, 8.88755620e-01,
            4.47312534e-01, 2.70382434e-01, 9.39005971e-01,
            5.63445449e-01, 2.70350337e-01, 9.27837849e-01 ]
    }
}
