{
    "pose_0": {
        "type_id": "opencv-matrix",
        "rows": 1,
        "cols": 18,
        "dt": "3f",
        "data": [ 5.10229707e-01, 2.70567268e-01, 9.34628129e-01,
            5.10228097e-01, 3.52394134e-01, 8.65624547e-01,
            4.03339028e-01, 3.49670142e-01, 8.51979077e-01,
            2.77204126e-01, 4.04149264e-01, 8.03100526e-01,
            1.46068588e-01, 4.12383527e-01, 7.30326772e-01,
            6.07375026e-01, 3.55051666e-01, 8.53712440e-01,
            6.80185139e-01, 4.47827429e-01, 9.10841882e-01,
            7.67548203e-01, 4.94296670e-01, 8.31080854e-01,
            4.41998273e-01, 5.35318673e-01, 7.48455942e-01,
            4.42068547e-01, 6.74458146e-01, 7.91346073e-01,
            4.42273289e-01, 8.16363633e-01, 8.46335769e-01,
            5.73285401e-01, 5.37967682e-01, 7.21125662e-01,
            5.73249459e-01, 6.77130401e-01, 7.73345530e-01,
            5.87736845e-01, 8.10937166e-01, 7.78190851e-01,
            4.85665411e-01, 2.56841481e-01, 9.34632897e-01,
            5.24970174e-01, 2.56807983e-01, 8.95840168e-01,
            4.47293848e-01, 2.70351022e-01, 9.16327238e-01,
            5.63392520e-01, 2.67790526e-01, 9.02085662e-01 ]
    }
}
