{
    "pose_0": {
        "type_id": "opencv-matrix",
        "rows": 1,
        "cols": 18,
        "dt": "3f",
        "data": [ 4.81036216e-01, 2.54199594e-01, 9.36135054e-01,
            4.81040031e-01, 3.36019933e-01, 9.60023046e-01,
            3.69461477e-01, 3.33155543e-01, 8.49091947e-01,
            2.87021607e-01, 3.71467143e-01, 7.30769455e-01,
            2.91659355e-01, 3.85186315e-01, 8.62153292e-01,
            5.87782562e-01, 3.38757396e-01, 8.76537621e-01,
            6.26642704e-01, 4.28885251e-01, 7.60293663e-01,
            6.17016315e-01, 4.91630405e-01, 6.03650987e-01,
            4.08088356e-01, 5.35232544e-01, 8.02933216e-01,
            4.22862709e-01, 6.85292423e-01, 7.64642358e-01,
            4.56779718e-01, 8.38206768e-01, 7.74879575e-01,
            5.58557749e-01, 5.32492280e-01, 7.71082759e-01,
            5.29700756e-01, 6.60792708e-01, 8.16815436e-01,
            5.68456769e-01, 7.69887507e-01, 7.64101267e-01,
            4.51816350e-01, 2.48524576e-01, 9.50104892e-01,
            5.05253553e-01, 2.48533159e-01, 8.73401284e-01,
            4.17955458e-01, 2.51474142e-01, 8.99928927e-01,
            5.29779613e-01, 2.54066139e-01, 9.02385354e-01 ]
    }
}
