{
    "pose_0": {
        "type_id": "opencv-matrix",
        "rows": 1,
        "cols": 18,
        "dt": "3f",
        "data": [ 5.19909084e-01, 2.70556778e-01, 9.97975469e-01,
            5.24876416e-01, 3.38855147e-01, 9.31992352e-01,
            4.27630991e-01, 3.44234467e-01, 8.18423569e-01,
            4.13067013e-01, 4.42474723e-01, 6.25515282e-01,
            4.46901143e-01, 5.05177557e-01, 1.91221923e-01,
            6.36280358e-01, 3.38591516e-01, 9.13546443e-01,
            7.19003439e-01, 4.07033294e-01, 7.32623994e-01,
            7.23668933e-01, 3.90567273e-01, 8.74966800e-01,
            4.51987833e-01, 5.29731214e-01, 7.74238825e-01,
            4.85857993e-01, 6.33474469e-01, 8.22396934e-01,
            4.61699009e-01, 7.50952542e-01, 8.11301231e-01,
            6.02317631e-01, 5.35337627e-01, 7.92845786e-01,
            5.92591524e-01, 6.88079774e-01, 8.17676783e-01,
            5.63639104e-01, 8.38109016e-01, 7.87097812e-01,
            4.90677506e-01, 2.54203379e-01, 9.03598666e-01,
            5.44096589e-01, 2.54201472e-01, 8.53206694e-01,
            4.61653888e-01, 2.67652214e-01, 7.69214928e-01,
            5.73358119e-01, 2.65063643e-01, 8.29754531e-01 ]
    }
}
