{
    "pose_0": {
        "type_id": "opencv-matrix",
        "rows": 1,
        "cols": 18,
        "dt": "3f",
        "data": [ 5.15030980e-01, 2.70607114e-01, 9.56750035e-01,
            5.19725025e-01, 3.49643797e-01, 8.95877600e-01,
            4.03386027e-01, 3.52360904e-01, 8.48787308e-01,
            2.91957647e-01, 4.23298389e-01, 6.59593940e-01,
            2.91784674e-01, 3.98762792e-01, 7.07470655e-01,
            6.31621480e-01, 3.46908331e-01, 8.30824018e-01,
            7.23863602e-01, 4.25975531e-01, 8.25362384e-01,
            7.52861917e-01, 4.01475191e-01, 8.52912486e-01,
            4.42203850e-01, 5.37937820e-01, 7.47940421e-01,
            4.42397922e-01, 6.71700835e-01, 8.00797045e-01,
            4.47200179e-01, 8.16360235e-01, 8.33840370e-01,
            5.87873101e-01, 5.35351694e-01, 7.18703568e-01,
            5.92790902e-01, 6.71745598e-01, 7.76615679e-01,
            5.97579181e-01, 8.13608110e-01, 8.24437439e-01,
            4.85803932e-01, 2.56853074e-01, 9.33917165e-01,
            5.29638529e-01, 2.56862223e-01, 8.66573751e-01,
            4.47361141e-01, 2.70345598e-01, 9.22422945e-01,
            5.63748062e-01, 2.70326734e-01, 9.15422201e-01 ]
    }
}
