{
    "pose_0": {
        "type_id": "opencv-matrix",
        "rows": 1,
        "cols": 18,
        "dt": "3f",
        "data": [ 5.14902353e-01, 2.67800778e-01, 9.10932600e-01,
            5.19734144e-01, 3.49670202e-01, 8.86414170e-01,
            4.03508574e-01, 3.46940517e-01, 8.59813213e-01,
            3.30584854e-01, 4.28774267e-01, 8.13009143e-01,
            2.91730911e-01, 4.91671920e-01, 8.57250094e-01,
            6.31393492e-01, 3.52293670e-01, 8.26082528e-01,
            6.80099308e-01, 4.45106894e-01, 8.49729657e-01,
            7.09025264e-01, 5.29800832e-01, 8.42240095e-01,
            4.42272574e-01, 5.48868895e-01, 7.34821796e-01,
            4.52051252e-01, 6.88098371e-01, 8.05477142e-01,
            4.71213073e-01, 8.32742929e-01, 7.50048161e-01,
            5.92562914e-01, 5.51570833e-01, 7.16768980e-01,
            5.68564713e-01, 6.88053191e-01, 7.89998353e-01,
            5.63723207e-01, 8.27299595e-01, 7.71362126e-01,
            4.85664040e-01, 2.51418710e-01, 9.92303193e-01,
            5.29709697e-01, 2.51430988e-01, 8.91801238e-01,
            4.47311133e-01, 2.67663002e-01, 8.71348023e-01,
            5.68369031e-01, 2.65032589e-01, 8.71908188e-01 ]
    }
}
