{
    "pose_0": {
        "type_id": "opencv-matrix",
        "rows": 1,
        "cols": 18,
        "dt": "3f",
        "data": [ 5.10063231e-01, 2.70486385e-01, 9.22708750e-01,
            5.14956236e-01, 3.52364600e-01, 8.77276897e-01,
            4.03535634e-01, 3.52337748e-01, 8.75822306e-01,
            3.30685735e-01, 4.31573391e-01, 8.40713263e-01,
            2.81852901e-01, 4.91545528e-01, 8.58619869e-01,
            6.07396960e-01, 3.52300018e-01, 8.33573341e-01,
            6.89775109e-01, 4.42460835e-01, 8.31313491e-01,
            7.77170300e-01, 4.94307160e-01, 8.23421717e-01,
            4.42234159e-01, 5.35303533e-01, 7.52271354e-01,
            4.42280114e-01, 6.69079185e-01, 8.08904171e-01,
            4.47017282e-01, 8.16281676e-01, 8.46775770e-01,
            5.82890570e-01, 5.35288811e-01, 7.17591703e-01,
            5.87845266e-01, 6.69026196e-01, 7.73647010e-01,
            5.97403944e-01, 8.10888708e-01, 7.94894636e-01,
            4.81174141e-01, 2.54182786e-01, 9.56710756e-01,
            5.24896443e-01, 2.54135400e-01, 9.18547392e-01,
            4.47242320e-01, 2.70326585e-01, 9.29172695e-01,
            5.63450634e-01, 2.67752707e-01, 9.23860788e-01 ]
    }
}
