{
    "pose_0": {
        "type_id": "opencv-matrix",
        "rows": 1,
        "cols": 18,
        "dt": "3f",
        "data": [ 4.85893458e-01, 2.67772913e-01, 9.58196521e-01,
            4.85798091e-01, 3.46856028e-01, 9.24530566e-01,
            3.74408364e-01, 3.44206393e-01, 8.30933928e-01,
            3.06343645e-01, 4.36930984e-01, 7.84045577e-01,
            2.43185192e-01, 4.97054368e-01, 8.14735472e-01,
            5.97343862e-01, 3.46879184e-01, 8.65007222e-01,
            6.75394893e-01, 4.39671367e-01, 8.82269263e-01,
            7.77222693e-01, 4.69822526e-01, 8.61095607e-01,
            4.08490390e-01, 5.32584727e-01, 7.37915158e-01,
            4.08483118e-01, 6.69070721e-01, 8.06540608e-01,
            4.18033749e-01, 8.13615859e-01, 7.89640367e-01,
            5.58650017e-01, 5.35244167e-01, 7.72768259e-01,
            5.63384295e-01, 6.71694517e-01, 8.24744046e-01,
            5.63720286e-01, 8.08191240e-01, 8.08394670e-01,
            4.61711019e-01, 2.51461476e-01, 8.90137553e-01,
            5.15059650e-01, 2.51478881e-01, 9.27475393e-01,
            4.37358707e-01, 2.62277484e-01, 8.69368672e-01,
            5.48917830e-01, 2.65064329e-01, 8.49945843e-01 ]
    }
}
