{
    "pose_0": {
        "type_id": "opencv-matrix",
        "rows": 1,
        "cols": 18,
        "dt": "3f",
        "data": [ 4.81230199e-01, 2.54168212e-01, 9.42039907e-01,
            4.86070752e-01, 3.36103678e-01, 9.42361653e-01,
            3.69660258e-01, 3.36088568e-01, 8.86724114e-01,
            2.91684568e-01, 4.26147133e-01, 8.75490367e-01,
            2.13993907e-01, 4.69767272e-01, 9.12255943e-01,
            6.02520764e-01, 3.36073369e-01, 8.87648463e-01,
            7.48041928e-01, 4.01454657e-01, 8.75226974e-01,
            8.69336128e-01, 4.01574463e-01, 8.24955583e-01,
            4.08442378e-01, 5.24346769e-01, 7.38864243e-01,
            4.13065642e-01, 6.63469434e-01, 8.10222626e-01,
            4.18047071e-01, 8.00084829e-01, 7.80761480e-01,
            5.58687031e-01, 5.29764593e-01, 7.53445446e-01,
            5.63456774e-01, 6.66144311e-01, 8.65893722e-01,
            5.63831866e-01, 7.97286272e-01, 8.43153000e-01,
            4.52059984e-01, 2.48512030e-01, 9.20370698e-01,
            5.05388021e-01, 2.48479739e-01, 8.74999821e-01,
            4.27634329e-01, 2.51344293e-01, 8.76874924e-01,
            5.34515619e-01, 2.51377314e-01, 9.02315497e-01 ]
    }
}
