{
    "pose_0": {
        "type_id": "opencv-matrix",
        "rows": 1,
        "cols": 18,
        "dt": "3f",
        "data": [ 4.85879511e-01, 2.75917351e-01, 9.55284715e-01,
            4.85746950e-01, 3.57811183e-01, 9.66444254e-01,
            3.69667381e-01, 3.55103135e-01, 8.79331172e-01,
            3.01355362e-01, 4.31513458e-01, 8.18134904e-01,
            2.91949928e-01, 5.02470911e-01, 8.60791802e-01,
            5.97424269e-01, 3.60422850e-01, 9.23085511e-01,
            6.31346226e-01, 4.48002338e-01, 8.06970298e-01,
            6.21809244e-01, 5.16143024e-01, 6.86690509e-01,
            4.13114309e-01, 5.48876464e-01, 7.41970122e-01,
            4.41997588e-01, 6.88049793e-01, 8.22865129e-01,
            4.56835032e-01, 8.19190085e-01, 7.91874826e-01,
            5.58873534e-01, 5.46110332e-01, 7.75035322e-01,
            5.58918715e-01, 6.85263038e-01, 8.50508571e-01,
            5.68437397e-01, 8.19181323e-01, 8.20794284e-01,
            4.61653292e-01, 2.67799854e-01, 8.79639268e-01,
            5.14972091e-01, 2.67747164e-01, 8.98558915e-01,
            4.37305331e-01, 2.73294121e-01, 9.13598180e-01,
            5.48955679e-01, 2.73274183e-01, 9.00614858e-01 ]
    }
}
