{
    "pose_0": {
        "type_id": "opencv-matrix",
        "rows": 1,
        "cols": 18,
        "dt": "3f",
        "data": [ 4.90686178e-01, 2.75955766e-01, 9.27203298e-01,
            4.90696400e-01, 3.57878298e-01, 9.30497348e-01,
            3.83881986e-01, 3.57767016e-01, 8.60196412e-01,
            3.20658267e-01, 4.42429721e-01, 8.35197866e-01,
            3.01393390e-01, 5.13393521e-01, 8.62265706e-01,
            6.02344453e-01, 3.57935101e-01, 9.23619688e-01,
            6.41461492e-01, 4.56069112e-01, 8.14097106e-01,
            6.46196723e-01, 5.35317540e-01, 8.27623963e-01,
            4.22758788e-01, 5.51631093e-01, 7.12968469e-01,
            4.42241818e-01, 6.88016713e-01, 8.20092916e-01,
            4.61685866e-01, 8.19100916e-01, 8.01296473e-01,
            5.63748777e-01, 5.48909485e-01, 7.48780727e-01,
            5.63488483e-01, 6.85345650e-01, 8.46912146e-01,
            5.68481863e-01, 8.19180965e-01, 8.15301657e-01,
            4.76036936e-01, 2.70317882e-01, 9.03824210e-01,
            5.19799888e-01, 2.67779946e-01, 9.42963600e-01,
            4.42116886e-01, 2.73265839e-01, 9.58335042e-01,
            5.53895354e-01, 2.73234487e-01, 9.33578968e-01 ]
    }
}
