{
    "pose_0": {
        "type_id": "opencv-matrix",
        "rows": 1,
        "cols": 18,
        "dt": "3f",
        "data": [ 5.10134578e-01, 2.70558417e-01, 9.27499235e-01,
            5.19601107e-01, 3.52338284e-01, 8.90694737e-01,
            4.08276051e-01, 3.49596322e-01, 8.57361317e-01,
            3.01410824e-01, 4.20572311e-01, 7.74761200e-01,
            1.85022414e-01, 4.47942436e-01, 8.61271143e-01,
            6.07406497e-01, 3.52408379e-01, 8.41747820e-01,
            6.85060441e-01, 4.47830826e-01, 8.75397265e-01,
            7.86845088e-01, 4.94330466e-01, 8.40116501e-01,
            4.42268819e-01, 5.35220504e-01, 7.58038878e-01,
            4.42274690e-01, 6.71698451e-01, 8.02320123e-01,
            4.42383260e-01, 8.16315413e-01, 8.50623786e-01,
            5.78225613e-01, 5.35333157e-01, 7.19477892e-01,
            5.82959890e-01, 6.71717584e-01, 7.54968524e-01,
            5.92773497e-01, 8.13606799e-01, 7.83436537e-01,
            4.81146812e-01, 2.56883383e-01, 9.34162140e-01,
            5.24897575e-01, 2.54202276e-01, 9.21543777e-01,
            4.47224945e-01, 2.70462900e-01, 9.23367262e-01,
            5.63462138e-01, 2.70312369e-01, 9.35330927e-01 ]
    }
}
