{
    "pose_0": {
        "type_id": "opencv-matrix",
        "rows": 1,
        "cols": 18,
        "dt": "3f",
        "data": [ 4.85995293e-01, 2.56845534e-01, 9.34639156e-01,
            4.85732317e-01, 3.38801414e-01, 9.36100125e-01,
            3.69497001e-01, 3.38669002e-01, 8.93827796e-01,
            3.20757329e-01, 4.28885579e-01, 8.06230426e-01,
            3.01510453e-01, 5.07947683e-01, 8.57550204e-01,
            5.97598076e-01, 3.38852048e-01, 9.10954773e-01,
            6.55805409e-01, 4.34223384e-01, 7.99989343e-01,
            6.94644690e-01, 5.16181350e-01, 8.15587342e-01,
            4.13001478e-01, 5.37950814e-01, 7.19198883e-01,
            4.27614748e-01, 6.88152909e-01, 7.63655186e-01,
            4.56689626e-01, 8.35401416e-01, 7.90583968e-01,
            5.63573837e-01, 5.37992716e-01, 7.61128187e-01,
            5.63520908e-01, 6.85399771e-01, 8.65311861e-01,
            5.82926750e-01, 8.30033541e-01, 7.54535615e-01,
            4.66441125e-01, 2.48534247e-01, 8.98179054e-01,
            5.19650519e-01, 2.48570904e-01, 9.41226363e-01,
            4.37177598e-01, 2.51414090e-01, 8.99851739e-01,
            5.53735435e-01, 2.54056662e-01, 8.62674892e-01 ]
    }
}
