{
    "pose_0": {
        "type_id": "opencv-matrix",
        "rows": 1,
        "cols": 18,
        "dt": "3f",
        "data": [ 5.10191381e-01, 2.70470381e-01, 9.23912704e-01,
            5.15073240e-01, 3.52362126e-01, 8.80758226e-01,
            4.03402448e-01, 3.55041295e-01, 8.89492929e-01,
            3.64467889e-01, 4.48006600e-01, 8.71859431e-01,
            3.59721392e-01, 5.32436609e-01, 8.49638104e-01,
            6.26548588e-01, 3.46874863e-01, 8.06184649e-01,
            6.94606364e-01, 4.17840004e-01, 7.15969086e-01,
            7.14192450e-01, 4.47840750e-01, 8.65862668e-01,
            4.46955323e-01, 5.46170533e-01, 7.37894237e-01,
            4.47279096e-01, 6.90854669e-01, 8.42805684e-01,
            4.56893295e-01, 8.21921587e-01, 7.84234345e-01,
            5.97314477e-01, 5.48832297e-01, 7.30636418e-01,
            5.78073740e-01, 6.88195884e-01, 7.91729271e-01,
            5.68328083e-01, 8.32699120e-01, 8.02577615e-01,
            4.81214851e-01, 2.54102558e-01, 9.60298419e-01,
            5.29533565e-01, 2.54123747e-01, 8.91742647e-01,
            4.47155416e-01, 2.67763168e-01, 9.67231274e-01,
            5.63651383e-01, 2.67724723e-01, 9.21565056e-01 ]
    }
}
