{
    "pose_0": {
        "type_id": "opencv-matrix",
        "rows": 1,
        "cols": 18,
        "dt": "3f",
        "data": [ 4.90653813e-01, 2.59582579e-01, 8.97799134e-01,
            4.86065716e-01, 3.38697165e-01, 9.52669859e-01,
            3.98387522e-01, 3.33272994e-01, 8.24915648e-01,
            3.25808823e-01, 3.87907058e-01, 7.32710481e-01,
            3.20769846e-01, 3.60648096e-01, 8.51498663e-01,
            5.92726469e-01, 3.44181031e-01, 8.52189362e-01,
            5.97653747e-01, 4.31540877e-01, 6.65435553e-01,
            5.68423450e-01, 4.99777079e-01, 3.29578370e-01,
            4.13013548e-01, 5.32567382e-01, 7.60867000e-01,
            4.32409108e-01, 6.88016772e-01, 7.17007041e-01,
            4.56788003e-01, 8.35422993e-01, 7.26659536e-01,
            5.58722496e-01, 5.27017713e-01, 7.89260864e-01,
            5.24586320e-01, 6.25389874e-01, 7.95796514e-01,
            5.58641732e-01, 7.64508605e-01, 7.20343530e-01,
            4.71269369e-01, 2.48709008e-01, 9.25427079e-01,
            5.19830704e-01, 2.48678625e-01, 9.55154419e-01,
            4.37408745e-01, 2.59621561e-01, 8.98812354e-01,
            5.53920209e-01, 2.59541869e-01, 8.52989435e-01 ]
    }
}
