{
    "pose_0": {
        "type_id": "opencv-matrix",
        "rows": 1,
        "cols": 18,
        "dt": "3f",
        "data": [ 5.14998198e-01, 2.70550162e-01, 9.61239755e-01,
            5.19760489e-01, 3.44136089e-01, 9.03340042e-01,
            4.08033758e-01, 3.44142556e-01, 8.52939069e-01,
            3.20803910e-01, 4.20550078e-01, 7.52658486e-01,
            3.06261122e-01, 3.85135710e-01, 7.56917894e-01,
            6.26766682e-01, 3.41509551e-01, 8.43603015e-01,
            7.14092493e-01, 4.17910397e-01, 7.46067464e-01,
            7.33492315e-01, 3.93313885e-01, 7.57077456e-01,
            4.42320764e-01, 5.32552123e-01, 7.67960012e-01,
            4.42411572e-01, 6.68939888e-01, 8.18670630e-01,
            4.47238952e-01, 8.16271007e-01, 8.24257135e-01,
            5.87791264e-01, 5.35189450e-01, 7.31172621e-01,
            5.92644632e-01, 6.66383326e-01, 7.93806791e-01,
            5.97567916e-01, 8.05469394e-01, 8.10796678e-01,
            4.85780686e-01, 2.56799251e-01, 9.45214272e-01,
            5.29600918e-01, 2.56810009e-01, 8.78379345e-01,
            4.47340310e-01, 2.70359099e-01, 9.26301718e-01,
            5.63693821e-01, 2.67788708e-01, 9.18479204e-01 ]
    }
}
