{
    "pose_0": {
        "type_id": "opencv-matrix",
        "rows": 1,
        "cols": 18,
        "dt": "3f",
        "data": [ 4.85711902e-01, 2.70395815e-01, 9.74223375e-01,
            4.85743672e-01, 3.49653482e-01, 9.11371410e-01,
            3.69520485e-01, 3.46917927e-01, 8.57876301e-01,
            2.96499848e-01, 4.31505442e-01, 7.87780285e-01,
            2.86644876e-01, 4.99721080e-01, 8.21450353e-01,
            5.97499251e-01, 3.49654526e-01, 8.71412873e-01,
            6.60713911e-01, 4.45188165e-01, 8.29940200e-01,
            6.89718783e-01, 5.32572508e-01, 8.73230815e-01,
            4.08447802e-01, 5.46158433e-01, 7.27134049e-01,
            4.41967487e-01, 6.90791428e-01, 7.97690868e-01,
            4.61605191e-01, 8.30052078e-01, 7.40734696e-01,
            5.63427627e-01, 5.43433785e-01, 7.39276946e-01,
            5.63732803e-01, 6.88035250e-01, 8.03655744e-01,
            5.68404377e-01, 8.19153488e-01, 7.76566684e-01,
            4.52103257e-01, 2.51533389e-01, 8.95102322e-01,
            5.14838457e-01, 2.51526654e-01, 8.82212877e-01,
            4.32379425e-01, 2.65019774e-01, 8.23618114e-01,
            5.44186294e-01, 2.65034914e-01, 8.00051212e-01 ]
    }
}
