{
    "pose_0": {
        "type_id": "opencv-matrix",
        "rows": 1,
        "cols": 18,
        "dt": "3f",
        "data": [ 5.15044630e-01, 2.73079038e-01, 9.55463171e-01,
            5.19769967e-01, 3.52320373e-01, 9.02598977e-01,
            4.03447658e-01, 3.52381557e-01, 8.53274465e-01,
            2.91949153e-01, 4.23224747e-01, 6.61819816e-01,
            2.91747570e-01, 4.01404113e-01, 7.64967442e-01,
            6.36152744e-01, 3.52325350e-01, 8.31965208e-01,
            7.19099522e-01, 4.28772539e-01, 7.61052668e-01,
            7.52727687e-01, 4.09702420e-01, 8.01976800e-01,
            4.42223221e-01, 5.37928224e-01, 7.52037346e-01,
            4.42430079e-01, 6.71695232e-01, 7.99860895e-01,
            4.47177082e-01, 8.16406906e-01, 8.41575265e-01,
            5.87818682e-01, 5.37933886e-01, 7.13939548e-01,
            5.92746496e-01, 6.69048071e-01, 7.83471584e-01,
            5.97548485e-01, 8.10905159e-01, 8.08405817e-01,
            4.85821456e-01, 2.56858736e-01, 9.32624698e-01,
            5.29648721e-01, 2.56869465e-01, 8.61523747e-01,
            4.47360456e-01, 2.70350605e-01, 9.32319164e-01,
            5.63761413e-01, 2.70350248e-01, 9.20204699e-01 ]
    }
}
