{
    "pose_0": {
        "type_id": "opencv-matrix",
        "rows": 1,
        "cols": 18,
        "dt": "3f",
        "data": [ 4.85869199e-01, 2.48722911e-01, 9.69755590e-01,
            4.86019790e-01, 3.33245873e-01, 9.30598259e-01,
            3.79109830e-01, 3.33144367e-01, 8.28122973e-01,
            2.81958342e-01, 4.17852879e-01, 8.06272864e-01,
            1.70162186e-01, 4.50582892e-01, 8.37033391e-01,
            5.97646415e-01, 3.33269060e-01, 8.84255290e-01,
            7.09217966e-01, 4.23392564e-01, 9.04701531e-01,
            8.20935547e-01, 4.56080765e-01, 8.18735063e-01,
            4.13155019e-01, 5.18845201e-01, 7.26166248e-01,
            4.13243413e-01, 6.58005357e-01, 7.68060803e-01,
            4.37168270e-01, 7.97290087e-01, 8.16359818e-01,
            5.58892787e-01, 5.21552324e-01, 7.54629791e-01,
            5.63592136e-01, 6.60758853e-01, 8.37977290e-01,
            5.68624496e-01, 7.94445932e-01, 8.07582855e-01,
            4.61656511e-01, 2.35030904e-01, 8.48934293e-01,
            5.14952481e-01, 2.35014811e-01, 8.70658159e-01,
            4.37292755e-01, 2.48520032e-01, 8.93079758e-01,
            5.44202626e-01, 2.48534247e-01, 8.55090141e-01 ]
    }
}
