{
    "pose_0": {
        "type_id": "opencv-matrix",
        "rows": 1,
        "cols": 18,
        "dt": "3f",
        "data": [ 4.81285065e-01, 2.78744012e-01, 9.36846018e-01,
            4.81076658e-01, 3.57897192e-01, 9.50719237e-01,
            3.69444966e-01, 3.57800633e-01, 9.20755744e-01,
            2.96606719e-01, 4.36950803e-01, 8.17793787e-01,
            2.87036717e-01, 5.10653436e-01, 9.18642402e-01,
            5.92509568e-01, 3.60437691e-01, 8.93002629e-01,
            6.17016196e-01, 4.48020697e-01, 8.13494086e-01,
            6.26624227e-01, 5.16149402e-01, 8.11907232e-01,
            4.13073510e-01, 5.40678740e-01, 7.59704113e-01,
            4.32400733e-01, 6.79929554e-01, 7.80315876e-01,
            4.56684113e-01, 8.16427767e-01, 8.06795597e-01,
            5.58651328e-01, 5.35313189e-01, 8.25901926e-01,
            5.49037158e-01, 6.60835683e-01, 8.43063831e-01,
            5.97274184e-01, 7.75447667e-01, 8.02891135e-01,
            4.56705779e-01, 2.70476282e-01, 9.28605437e-01,
            5.10126293e-01, 2.70442396e-01, 8.94175649e-01,
            4.32388514e-01, 2.73342580e-01, 8.71527493e-01,
            5.39308906e-01, 2.73348540e-01, 8.78636479e-01 ]
    }
}
