{
    "pose_0": {
        "type_id": "opencv-matrix",
        "rows": 1,
        "cols": 18,
        "dt": "3f",
        "data": [ 5.20085216e-01, 2.75897175e-01, 9.48313177e-01,
            5.24782598e-01, 3.57713372e-01, 9.37297463e-01,
            4.17863190e-01, 3.57749432e-01, 8.63905847e-01,
            3.69617909e-01, 4.47967499e-01, 8.79872382e-01,
            3.64484698e-01, 5.32551646e-01, 9.43327248e-01,
            6.36314571e-01, 3.55052263e-01, 8.73797715e-01,
            7.04268694e-01, 4.28877622e-01, 8.08643937e-01,
            7.18756437e-01, 4.94339317e-01, 8.92674983e-01,
            4.51975793e-01, 5.51660597e-01, 7.39674568e-01,
            4.76031452e-01, 6.88234031e-01, 8.43586147e-01,
            4.71324921e-01, 8.02697003e-01, 7.80673683e-01,
            5.97694397e-01, 5.48904359e-01, 7.57975996e-01,
            5.97559988e-01, 6.88208520e-01, 8.56492043e-01,
            5.73255420e-01, 8.21816444e-01, 7.60133445e-01,
            4.90909398e-01, 2.67753005e-01, 8.95669580e-01,
            5.48921525e-01, 2.67682523e-01, 8.62787127e-01,
            4.71293390e-01, 2.73133218e-01, 8.52373719e-01,
            5.78128576e-01, 2.73100704e-01, 8.96749258e-01 ]
    }
}
