{
    "pose_0": {
        "type_id": "opencv-matrix",
        "rows": 1,
        "cols": 18,
        "dt": "3f",
        "data": [ 4.80838984e-01, 2.29445964e-01, 9.71893132e-01,
            4.81154561e-01, 3.14082474e-01, 9.33997691e-01,
            3.64611596e-01, 3.14063013e-01, 8.85981977e-01,
            2.38237604e-01, 3.82370234e-01, 7.95549214e-01,
            1.16926365e-01, 4.01539892e-01, 8.14157963e-01,
            5.97692966e-01, 3.14089477e-01, 8.77860904e-01,
            7.23769307e-01, 3.85105014e-01, 8.55018377e-01,
            8.40346336e-01, 4.01537627e-01, 7.87533522e-01,
            4.08175498e-01, 5.02523661e-01, 7.39279807e-01,
            4.08453822e-01, 6.41627550e-01, 8.31984758e-01,
            4.13039148e-01, 7.78192282e-01, 8.27641487e-01,
            5.58635831e-01, 5.05252540e-01, 7.27696419e-01,
            5.58844805e-01, 6.41715288e-01, 8.51146698e-01,
            5.63474655e-01, 7.75337636e-01, 8.50092411e-01,
            4.47133869e-01, 2.13210419e-01, 9.17627871e-01,
            4.95600373e-01, 2.13208720e-01, 8.41649830e-01,
            4.13204759e-01, 2.26652294e-01, 8.71493936e-01,
            5.29579461e-01, 2.26688638e-01, 8.87251377e-01 ]
    }
}
