{
    "pose_0": {
        "type_id": "opencv-matrix",
        "rows": 1,
        "cols": 18,
        "dt": "3f",
        "data": [ 5.10089993e-01, 2.70310283e-01, 9.03503776e-01,
            5.15120268e-01, 3.38724405e-01, 9.32797730e-01,
            4.08149749e-01, 3.38775545e-01, 8.97353470e-01,
            3.11113179e-01, 3.79662246e-01, 7.14956462e-01,
            3.20783049e-01, 3.93299043e-01, 8.57933521e-01,
            6.07464075e-01, 3.38686407e-01, 8.89909625e-01,
            6.80132747e-01, 4.20520097e-01, 7.50407636e-01,
            7.09184110e-01, 3.87856513e-01, 8.19460511e-01,
            4.42188323e-01, 5.27043223e-01, 7.47977912e-01,
            4.42303628e-01, 6.63605869e-01, 8.40410888e-01,
            4.47084337e-01, 8.10867131e-01, 8.07266116e-01,
            5.78155339e-01, 5.32404482e-01, 7.21235514e-01,
            5.87755740e-01, 6.66210175e-01, 7.83072710e-01,
            5.97429872e-01, 8.05433691e-01, 7.94269145e-01,
            4.81189072e-01, 2.51472563e-01, 1.00761235e+00,
            5.24919689e-01, 2.51478255e-01, 9.29463565e-01,
            4.47175384e-01, 2.65029252e-01, 9.46146250e-01,
            5.63448906e-01, 2.64971763e-01, 9.06103373e-01 ]
    }
}
