{
    "pose_0": {
        "type_id": "opencv-matrix",
        "rows": 1,
        "cols": 18,
        "dt": "3f",
        "data": [ 5.10101438e-01, 2.70465642e-01, 9.32796240e-01,
            4.90700990e-01, 3.44232827e-01, 8.88374507e-01,
            3.74370039e-01, 3.38793248e-01, 8.50790739e-01,
            2.18858600e-01, 3.38793576e-01, 8.61745954e-01,
            9.74694863e-02, 2.92235613e-01, 8.91759515e-01,
            6.02519751e-01, 3.55057120e-01, 8.84886920e-01,
            6.79956317e-01, 4.61497307e-01, 8.58884215e-01,
            7.57578135e-01, 5.10572314e-01, 7.77652979e-01,
            4.17960137e-01, 5.35212398e-01, 7.35295236e-01,
            4.32449907e-01, 6.69012606e-01, 7.71375299e-01,
            4.37209278e-01, 8.13688576e-01, 7.96514571e-01,
            5.63638806e-01, 5.37927568e-01, 7.43075848e-01,
            5.63724041e-01, 6.71722233e-01, 8.18451822e-01,
            5.73402107e-01, 8.08230996e-01, 7.88181424e-01,
            4.85702276e-01, 2.54088491e-01, 9.63245690e-01,
            5.25029719e-01, 2.54192680e-01, 8.85859251e-01,
            4.47265863e-01, 2.65056044e-01, 8.97895992e-01,
            5.63543320e-01, 2.67787009e-01, 9.40015554e-01 ]
    }
}
