{
    "pose_0": {
        "type_id": "opencv-matrix",
        "rows": 1,
        "cols": 18,
        "dt": "3f",
        "data": [ 5.24790645e-01, 2.51441598e-01, 9.37207878e-01,
            5.29708385e-01, 3.33254993e-01, 9.09610271e-01,
            4.27664995e-01, 3.35923195e-01, 8.60395372e-01,
            3.93611759e-01, 4.26153272e-01, 7.91963816e-01,
            4.03455079e-01, 4.94333267e-01, 6.71396136e-01,
            6.41351521e-01, 3.25119257e-01, 8.71690929e-01,
            7.23837495e-01, 3.79595399e-01, 6.82775855e-01,
            7.04241097e-01, 3.79664958e-01, 8.79980445e-01,
            4.51958179e-01, 5.24340272e-01, 7.19125748e-01,
            4.81177419e-01, 6.57996595e-01, 8.51675987e-01,
            4.51888740e-01, 7.72786558e-01, 8.32226515e-01,
            6.02343023e-01, 5.32435179e-01, 7.78059542e-01,
            5.97618401e-01, 6.79854453e-01, 8.10271323e-01,
            5.68367004e-01, 8.19072425e-01, 7.36845553e-01,
            5.00454009e-01, 2.43134558e-01, 8.39660525e-01,
            5.58493674e-01, 2.40504757e-01, 8.88480783e-01,
            4.76088941e-01, 2.48701528e-01, 8.87889385e-01,
            5.97292840e-01, 2.48697013e-01, 9.71261382e-01 ]
    }
}
