{
    "pose_0": {
        "type_id": "opencv-matrix",
        "rows": 1,
        "cols": 18,
        "dt": "3f",
        "data": [ 5.20022571e-01, 2.70482123e-01, 9.91805494e-01,
            5.25016129e-01, 3.38847578e-01, 9.23171341e-01,
            4.32470828e-01, 3.44184786e-01, 8.38994026e-01,
            4.13124114e-01, 4.42445129e-01, 6.34134471e-01,
            4.47075874e-01, 5.02448499e-01, 1.87803313e-01,
            6.36390626e-01, 3.36103290e-01, 9.20519829e-01,
            7.18956769e-01, 4.04295743e-01, 7.45108247e-01,
            7.19030321e-01, 3.85193735e-01, 9.07852113e-01,
            4.52028036e-01, 5.24313748e-01, 7.56126583e-01,
            4.85945731e-01, 6.19776487e-01, 8.68764639e-01,
            4.66407508e-01, 7.31780112e-01, 7.83852518e-01,
            6.02236211e-01, 5.35262227e-01, 7.89322555e-01,
            5.78204036e-01, 6.88094735e-01, 7.94049621e-01,
            5.63654482e-01, 8.38128686e-01, 8.09632182e-01,
            4.90869969e-01, 2.54133105e-01, 8.95771503e-01,
            5.48884988e-01, 2.54169464e-01, 8.61699879e-01,
            4.66520220e-01, 2.65033215e-01, 8.00514698e-01,
            5.78123391e-01, 2.67652392e-01, 8.38943183e-01 ]
    }
}
