{
    "pose_0": {
        "type_id": "opencv-matrix",
        "rows": 1,
        "cols": 18,
        "dt": "3f",
        "data": [ 5.14918864e-01, 2.70535320e-01, 9.62394297e-01,
            4.90837604e-01, 3.49652171e-01, 8.81198883e-01,
            3.74353498e-01, 3.41491789e-01, 8.41613054e-01,
            2.33464986e-01, 3.57813597e-01, 8.01750660e-01,
            9.77228954e-02, 3.16842198e-01, 8.59693885e-01,
            6.07176721e-01, 3.57684106e-01, 8.83339286e-01,
            6.75264776e-01, 4.53356028e-01, 8.75118792e-01,
            7.57715762e-01, 5.07877648e-01, 8.09054613e-01,
            4.27706361e-01, 5.35288036e-01, 7.20485091e-01,
            4.37234104e-01, 6.74455583e-01, 7.63562977e-01,
            4.37371701e-01, 8.16253543e-01, 8.05609465e-01,
            5.68408549e-01, 5.38046300e-01, 7.19896317e-01,
            5.68472743e-01, 6.77151740e-01, 7.87639856e-01,
            5.82930565e-01, 8.13557684e-01, 7.72281945e-01,
            4.85796511e-01, 2.54165709e-01, 9.53484178e-01,
            5.29660761e-01, 2.56806165e-01, 8.65669310e-01,
            4.47330266e-01, 2.67717212e-01, 8.90506148e-01,
            5.63752472e-01, 2.67781496e-01, 9.19290662e-01 ]
    }
}
