{
    "pose_0": {
        "type_id": "opencv-matrix",
        "rows": 1,
        "cols": 18,
        "dt": "3f",
        "data": [ 5.10148168e-01, 2.70484120e-01, 9.32050705e-01,
            5.14997423e-01, 3.52328181e-01, 8.79700303e-01,
            4.08030093e-01, 3.49680692e-01, 8.74759495e-01,
            3.30582589e-01, 4.26068842e-01, 8.74341488e-01,
            2.87016064e-01, 4.86159265e-01, 8.90444398e-01,
            6.07377946e-01, 3.49653125e-01, 8.38818431e-01,
            6.85018837e-01, 4.39653218e-01, 8.20771396e-01,
            7.62571871e-01, 4.91702557e-01, 8.44886005e-01,
            4.42234367e-01, 5.37948847e-01, 7.57950842e-01,
            4.42336977e-01, 6.71769083e-01, 8.09853137e-01,
            4.47022915e-01, 8.13693702e-01, 8.28310966e-01,
            5.78176677e-01, 5.37980318e-01, 7.19031692e-01,
            5.87799907e-01, 6.71753407e-01, 7.60920465e-01,
            5.97389698e-01, 8.10942113e-01, 7.96014249e-01,
            4.81232733e-01, 2.54132509e-01, 9.63434815e-01,
            5.24983585e-01, 2.54126102e-01, 9.09362257e-01,
            4.47238147e-01, 2.67730713e-01, 9.29653585e-01,
            5.63487530e-01, 2.67709643e-01, 9.06029224e-01 ]
    }
}
