{
    "pose_0": {
        "type_id": "opencv-matrix",
        "rows": 1,
        "cols": 18,
        "dt": "3f",
        "data": [ 5.24513543e-01, 2.54067093e-01, 9.31359828e-01,
            5.24988115e-01, 3.33248734e-01, 9.12168980e-01,
            4.22734767e-01, 3.35915536e-01, 8.53840113e-01,
            3.93695474e-01, 4.28750038e-01, 7.65098095e-01,
            4.22805160e-01, 4.88744766e-01, 5.11661351e-01,
            6.41091824e-01, 3.25125396e-01, 8.64319384e-01,
            7.18836844e-01, 3.90630722e-01, 7.43026257e-01,
            6.99539244e-01, 3.68768454e-01, 7.97000408e-01,
            4.51988906e-01, 5.24324715e-01, 7.25690842e-01,
            4.85687912e-01, 6.47152901e-01, 8.69720459e-01,
            4.51976359e-01, 7.69889653e-01, 7.98331559e-01,
            6.02335215e-01, 5.32433629e-01, 7.89379895e-01,
            5.97541928e-01, 6.79937065e-01, 8.12935352e-01,
            5.68388581e-01, 8.19194436e-01, 7.26321816e-01,
            4.95545119e-01, 2.45878026e-01, 8.80023003e-01,
            5.53662896e-01, 2.45824456e-01, 8.72974098e-01,
            4.71375465e-01, 2.48741299e-01, 8.52682590e-01,
            5.92481732e-01, 2.48725116e-01, 9.44843411e-01 ]
    }
}
