{
    "pose_0": {
        "type_id": "opencv-matrix",
        "rows": 1,
        "cols": 18,
        "dt": "3f",
        "data": [ 5.14867127e-01, 2.70598680e-01, 9.53392148e-01,
            4.95715320e-01, 3.52334857e-01, 8.61585975e-01,
            3.93554568e-01, 3.44189525e-01, 8.21712732e-01,
            2.47979924e-01, 3.76870006e-01, 8.40463400e-01,
            1.07224025e-01, 3.55009943e-01, 7.52778888e-01,
            6.07217669e-01, 3.57677519e-01, 8.84049892e-01,
            6.79950297e-01, 4.53325480e-01, 8.78502846e-01,
            7.57867754e-01, 4.99746382e-01, 8.17363799e-01,
            4.32531863e-01, 5.37985802e-01, 7.17166185e-01,
            4.37385887e-01, 6.82572246e-01, 7.96810329e-01,
            4.41967696e-01, 8.16419721e-01, 8.21866751e-01,
            5.68463683e-01, 5.40739298e-01, 7.15311527e-01,
            5.68568110e-01, 6.82577014e-01, 8.16195488e-01,
            5.83026171e-01, 8.13617527e-01, 7.81375468e-01,
            4.85764384e-01, 2.56794602e-01, 9.42552686e-01,
            5.29581070e-01, 2.56891519e-01, 8.66120279e-01,
            4.47306901e-01, 2.67746896e-01, 9.21876073e-01,
            5.63654661e-01, 2.70347297e-01, 9.33218479e-01 ]
    }
}
