{
    "pose_0": {
        "type_id": "opencv-matrix",
        "rows": 1,
        "cols": 18,
        "dt": "3f",
        "data": [ 4.80789661e-01, 2.29434446e-01, 9.64471996e-01,
            4.80871558e-01, 3.14080387e-01, 9.16437745e-01,
            3.59610140e-01, 3.14064175e-01, 8.29062939e-01,
            2.09042966e-01, 3.63286376e-01, 7.98686028e-01,
            7.81643465e-02, 3.60532552e-01, 7.83535540e-01,
            5.97606778e-01, 3.14090937e-01, 8.58022094e-01,
            7.47952402e-01, 3.71504903e-01, 8.07234585e-01,
            8.69300127e-01, 3.63339126e-01, 7.88253009e-01,
            4.08143640e-01, 5.05184114e-01, 7.49507308e-01,
            4.08393443e-01, 6.41630709e-01, 8.30397785e-01,
            4.13060308e-01, 7.78220296e-01, 8.06348026e-01,
            5.58551729e-01, 5.05210221e-01, 7.30011165e-01,
            5.58831871e-01, 6.41668916e-01, 8.42921019e-01,
            5.63478649e-01, 7.75348186e-01, 8.45249653e-01,
            4.47099775e-01, 2.13210195e-01, 9.18323517e-01,
            4.90939021e-01, 2.13217705e-01, 8.48662794e-01,
            4.13085341e-01, 2.26674512e-01, 9.20268536e-01,
            5.24982154e-01, 2.26686522e-01, 9.13275599e-01 ]
    }
}
