{
    "pose_0": {
        "type_id": "opencv-matrix",
        "rows": 1,
        "cols": 18,
        "dt": "3f",
        "data": [ 5.19664764e-01, 2.70364791e-01, 9.60199118e-01,
            5.19968390e-01, 3.46920520e-01, 8.99520040e-01,
            4.08130378e-01, 3.46910834e-01, 8.63481522e-01,
            3.30809593e-01, 4.39635456e-01, 8.06607425e-01,
            2.91969240e-01, 5.10742605e-01, 8.93220484e-01,
            6.36113405e-01, 3.44190657e-01, 8.52657735e-01,
            6.84846580e-01, 4.42367435e-01, 8.01367521e-01,
            7.09070027e-01, 5.21567523e-01, 8.14134240e-01,
            4.46849734e-01, 5.37992537e-01, 7.56085157e-01,
            4.56750631e-01, 6.88095808e-01, 7.95461833e-01,
            4.66506541e-01, 8.35485518e-01, 7.58237660e-01,
            5.97358346e-01, 5.43397427e-01, 7.33157158e-01,
            5.68607211e-01, 6.88046932e-01, 7.92111993e-01,
            5.63627362e-01, 8.30006897e-01, 7.59321451e-01,
            4.85953361e-01, 2.51480311e-01, 9.63131249e-01,
            5.34527600e-01, 2.51483291e-01, 8.77282143e-01,
            4.51991439e-01, 2.67655820e-01, 8.46921563e-01,
            5.68554461e-01, 2.64968574e-01, 8.41614604e-01 ]
    }
}
