{
    "pose_0": {
        "type_id": "opencv-matrix",
        "rows": 1,
        "cols": 18,
        "dt": "3f",
        "data": [ 4.85747367e-01, 2.51454175e-01, 9.62837458e-01,
            4.85935897e-01, 3.35881293e-01, 9.52322125e-01,
            3.79074156e-01, 3.33281100e-01, 8.46365571e-01,
            2.91663557e-01, 4.23338622e-01, 8.76780748e-01,
            2.09059775e-01, 4.67043310e-01, 8.92123997e-01,
            5.97478747e-01, 3.35885465e-01, 8.95522892e-01,
            6.89727962e-01, 4.25976872e-01, 8.81060481e-01,
            7.91603327e-01, 4.64284927e-01, 9.01978731e-01,
            4.13063467e-01, 5.21604061e-01, 7.13567853e-01,
            4.13164079e-01, 6.60758972e-01, 8.03904772e-01,
            4.22854215e-01, 7.97262013e-01, 8.10876191e-01,
            5.58868170e-01, 5.26990056e-01, 7.49347687e-01,
            5.63507736e-01, 6.60785735e-01, 8.48407030e-01,
            5.68486691e-01, 7.94496357e-01, 8.32089841e-01,
            4.56850797e-01, 2.43231460e-01, 8.64077985e-01,
            5.10208249e-01, 2.43209109e-01, 8.58563125e-01,
            4.32584584e-01, 2.48674020e-01, 8.99343252e-01,
            5.39270937e-01, 2.48728737e-01, 8.83491457e-01 ]
    }
}
