{
    "pose_0": {
        "type_id": "opencv-matrix",
        "rows": 1,
        "cols": 18,
        "dt": "3f",
        "data": [ 5.14909625e-01, 2.70535767e-01, 9.62174177e-01,
            4.90884960e-01, 3.49605888e-01, 8.75926077e-01,
            3.79028797e-01, 3.41435254e-01, 8.45235646e-01,
            2.23837420e-01, 3.55101645e-01, 7.91344464e-01,
            9.77363288e-02, 3.11461151e-01, 8.29349637e-01,
            6.07166111e-01, 3.57681602e-01, 8.86633873e-01,
            6.75033629e-01, 4.50701237e-01, 8.59462500e-01,
            7.47978210e-01, 5.02431452e-01, 7.54354060e-01,
            4.27712023e-01, 5.35291493e-01, 7.19903827e-01,
            4.32545543e-01, 6.74402118e-01, 7.53704906e-01,
            4.37351733e-01, 8.13618541e-01, 7.92361021e-01,
            5.68377972e-01, 5.38033783e-01, 7.21058786e-01,
            5.68325102e-01, 6.74488842e-01, 7.92135298e-01,
            5.78156710e-01, 8.10884237e-01, 7.72376895e-01,
            4.85774338e-01, 2.54162997e-01, 9.54859853e-01,
            5.29651999e-01, 2.56795168e-01, 8.70597661e-01,
            4.47320670e-01, 2.67713249e-01, 8.84089291e-01,
            5.63758016e-01, 2.67773807e-01, 9.18414354e-01 ]
    }
}
