{
    "pose_0": {
        "type_id": "opencv-matrix",
        "rows": 1,
        "cols": 18,
        "dt": "3f",
        "data": [ 4.85841304e-01, 2.48601511e-01, 9.62202907e-01,
            4.86036867e-01, 3.33171874e-01, 9.12611008e-01,
            3.74446362e-01, 3.33166301e-01, 8.23943853e-01,
            2.48136729e-01, 4.04198021e-01, 7.92301595e-01,
            1.36348069e-01, 4.26007450e-01, 8.21167111e-01,
            5.97742260e-01, 3.33168268e-01, 8.67928207e-01,
            7.18812883e-01, 4.06931400e-01, 8.92516136e-01,
            8.35581660e-01, 4.28786278e-01, 8.17090929e-01,
            4.13204342e-01, 5.18868327e-01, 7.23099411e-01,
            4.13178623e-01, 6.58015966e-01, 7.82084346e-01,
            4.32488590e-01, 7.94535160e-01, 8.29937160e-01,
            5.63376486e-01, 5.21558583e-01, 7.41175115e-01,
            5.63590765e-01, 6.58105552e-01, 8.24369550e-01,
            5.68581700e-01, 7.89048314e-01, 7.97611833e-01,
            4.61594939e-01, 2.32304096e-01, 8.60555112e-01,
            5.14927626e-01, 2.32275963e-01, 8.83351803e-01,
            4.37258661e-01, 2.45849267e-01, 8.72819841e-01,
            5.48922598e-01, 2.45889872e-01, 8.54824662e-01 ]
    }
}
