{
    "pose_0": {
        "type_id": "opencv-matrix",
        "rows": 1,
        "cols": 18,
        "dt": "3f",
        "data": [ 5.10135770e-01, 2.70486802e-01, 9.32946920e-01,
            5.14962673e-01, 3.52328539e-01, 8.78467560e-01,
            4.03588086e-01, 3.49684089e-01, 8.79077017e-01,
            3.30477774e-01, 4.28763926e-01, 8.72106075e-01,
            2.86891848e-01, 4.88842458e-01, 9.08244848e-01,
            6.07373297e-01, 3.49649221e-01, 8.38445127e-01,
            6.84987605e-01, 4.36977327e-01, 8.29072356e-01,
            7.57855773e-01, 4.88881230e-01, 8.81839275e-01,
            4.42196727e-01, 5.37931383e-01, 7.58838654e-01,
            4.42353129e-01, 6.71764851e-01, 8.10262620e-01,
            4.47033882e-01, 8.16257477e-01, 8.34394991e-01,
            5.78155756e-01, 5.37953973e-01, 7.22788870e-01,
            5.87811112e-01, 6.71733022e-01, 7.65587091e-01,
            5.97398102e-01, 8.10932994e-01, 7.97969818e-01,
            4.81208295e-01, 2.54132360e-01, 9.65430081e-01,
            5.24981737e-01, 2.54116505e-01, 9.13009524e-01,
            4.47230011e-01, 2.67726690e-01, 9.21925604e-01,
            5.63499391e-01, 2.67691702e-01, 8.98070455e-01 ]
    }
}
