{
    "pose_0": {
        "type_id": "opencv-matrix",
        "rows": 1,
        "cols": 18,
        "dt": "3f",
        "data": [ 4.85712618e-01, 2.75941163e-01, 9.52198446e-01,
            4.81073678e-01, 3.57733905e-01, 9.49309230e-01,
            3.69528741e-01, 3.52398545e-01, 8.66229057e-01,
            2.96651155e-01, 4.28763539e-01, 8.43367398e-01,
            2.91633308e-01, 4.91685718e-01, 8.94834638e-01,
            5.87832451e-01, 3.57881397e-01, 8.77162814e-01,
            6.07355654e-01, 4.45224226e-01, 8.04282188e-01,
            5.97393215e-01, 5.10713756e-01, 6.13114953e-01,
            4.12991732e-01, 5.40739536e-01, 7.58751512e-01,
            4.37237203e-01, 6.82560861e-01, 7.81580925e-01,
            4.61553991e-01, 8.19122493e-01, 7.97866166e-01,
            5.58605671e-01, 5.37941575e-01, 7.88994968e-01,
            5.39246142e-01, 6.66311026e-01, 8.37043941e-01,
            5.68456948e-01, 8.02773774e-01, 7.62779534e-01,
            4.56786692e-01, 2.70331919e-01, 8.99754882e-01,
            5.10212958e-01, 2.67782301e-01, 8.79908979e-01,
            4.32573438e-01, 2.73287505e-01, 8.89057219e-01,
            5.39315462e-01, 2.73291796e-01, 8.91945243e-01 ]
    }
}
