{
    "pose_0": {
        "type_id": "opencv-matrix",
        "rows": 1,
        "cols": 18,
        "dt": "3f",
        "data": [ 4.81147945e-01, 2.56806880e-01, 9.32581782e-01,
            4.90905941e-01, 3.38743448e-01, 9.10823584e-01,
            3.69516283e-01, 3.38811606e-01, 8.84775281e-01,
            3.01495045e-01, 4.31529582e-01, 8.04035127e-01,
            2.28678733e-01, 4.88866776e-01, 8.67768764e-01,
            6.21735692e-01, 3.38717014e-01, 8.11378717e-01,
            7.62594879e-01, 3.74147654e-01, 7.88801551e-01,
            8.79121244e-01, 3.38747561e-01, 7.99598873e-01,
            4.08350587e-01, 5.29718101e-01, 7.46133685e-01,
            4.08442259e-01, 6.66219592e-01, 8.16027641e-01,
            4.17953938e-01, 7.99991071e-01, 7.94936955e-01,
            5.58760822e-01, 5.29787958e-01, 7.50733376e-01,
            5.63363612e-01, 6.66297436e-01, 8.49577487e-01,
            5.63804269e-01, 7.97228158e-01, 8.45399022e-01,
            4.51947540e-01, 2.48563856e-01, 9.47384238e-01,
            5.05314410e-01, 2.48541653e-01, 8.80144775e-01,
            4.27574903e-01, 2.51441300e-01, 8.71619582e-01,
            5.34443617e-01, 2.51478165e-01, 9.08935547e-01 ]
    }
}
