{
    "pose_0": {
        "type_id": "opencv-matrix",
        "rows": 1,
        "cols": 18,
        "dt": "3f",
        "data": [ 5.05356193e-01, 2.76030391e-01, 8.83906782e-01,
            5.10057747e-01, 3.57866198e-01, 8.99667025e-01,
            4.03278232e-01, 3.57843757e-01, 9.16772485e-01,
            3.35575253e-01, 4.47797388e-01, 8.56265724e-01,
            3.30559999e-01, 5.29783428e-01, 9.11675811e-01,
            6.07171714e-01, 3.57817382e-01, 8.95944834e-01,
            6.70234382e-01, 4.47802395e-01, 8.67944121e-01,
            6.79939747e-01, 5.32376766e-01, 9.34798717e-01,
            4.32568520e-01, 5.48826694e-01, 7.12186277e-01,
            4.42296028e-01, 6.82674944e-01, 8.39687228e-01,
            4.52070534e-01, 8.19115698e-01, 8.10847342e-01,
            5.73249578e-01, 5.46159685e-01, 7.10462570e-01,
            5.97311437e-01, 6.82570040e-01, 8.12377393e-01,
            6.02520466e-01, 8.16469908e-01, 8.48384500e-01,
            4.81173009e-01, 2.70387441e-01, 9.81547713e-01,
            5.24804890e-01, 2.70382464e-01, 9.52336669e-01,
            4.47188735e-01, 2.73319513e-01, 9.25964832e-01,
            5.58874369e-01, 2.73356676e-01, 9.15156543e-01 ]
    }
}
