{
    "pose_0": {
        "type_id": "opencv-matrix",
        "rows": 1,
        "cols": 18,
        "dt": "3f",
        "data": [ 5.19688725e-01, 2.76029050e-01, 9.20961499e-01,
            5.20039201e-01, 3.57817322e-01, 9.50581431e-01,
            4.08238977e-01, 3.57858777e-01, 8.71419251e-01,
            3.01490724e-01, 4.06933010e-01, 6.50926769e-01,
            2.91759819e-01, 4.20517117e-01, 7.19330847e-01,
            6.36325240e-01, 3.57768118e-01, 9.05134082e-01,
            7.19137490e-01, 4.36982930e-01, 7.25046456e-01,
            7.57651746e-01, 4.20614213e-01, 8.79516125e-01,
            4.46975380e-01, 5.46191514e-01, 7.35123158e-01,
            4.47182089e-01, 6.85227633e-01, 8.29973936e-01,
            4.47242290e-01, 8.21806014e-01, 8.25509846e-01,
            5.92735291e-01, 5.48884392e-01, 7.27142990e-01,
            5.97561538e-01, 6.82619452e-01, 8.24790359e-01,
            5.97760975e-01, 8.16351473e-01, 8.48922193e-01,
            4.86066729e-01, 2.70370066e-01, 9.67321157e-01,
            5.34427106e-01, 2.70363241e-01, 8.88057232e-01,
            4.56769377e-01, 2.73270518e-01, 8.68229687e-01,
            5.63842058e-01, 2.73279577e-01, 9.36564863e-01 ]
    }
}
