{
    "pose_0": {
        "type_id": "opencv-matrix",
        "rows": 1,
        "cols": 18,
        "dt": "3f",
        "data": [ 5.10206759e-01, 2.70467103e-01, 9.32002068e-01,
            5.19727707e-01, 3.38746369e-01, 9.26011026e-01,
            4.13077474e-01, 3.38683754e-01, 8.64904165e-01,
            3.59774828e-01, 4.01419282e-01, 7.93333948e-01,
            3.30666095e-01, 3.68718863e-01, 8.35444748e-01,
            6.07312918e-01, 3.38757873e-01, 8.71942103e-01,
            6.80191934e-01, 3.93289000e-01, 6.66783810e-01,
            6.85099959e-01, 3.60654563e-01, 8.27800512e-01,
            4.42206889e-01, 5.21594763e-01, 7.46348977e-01,
            4.42292333e-01, 6.63536310e-01, 8.15776348e-01,
            4.47072238e-01, 8.10920835e-01, 8.10236096e-01,
            5.78064859e-01, 5.27039170e-01, 6.95677102e-01,
            5.92495561e-01, 6.63585007e-01, 8.03141832e-01,
            5.97485423e-01, 8.05444181e-01, 7.87863314e-01,
            4.85693395e-01, 2.54145414e-01, 9.56048131e-01,
            5.24990320e-01, 2.54187346e-01, 8.91851187e-01,
            4.47283626e-01, 2.67691612e-01, 9.13772464e-01,
            5.63513935e-01, 2.67751902e-01, 9.19663966e-01 ]
    }
}
