{
    "pose_0": {
        "type_id": "opencv-matrix",
        "rows": 1,
        "cols": 18,
        "dt": "3f",
        "data": [ 4.81227696e-01, 2.70329952e-01, 9.66884017e-01,
            4.85690176e-01, 3.46923500e-01, 9.14770067e-01,
            3.69406402e-01, 3.41487437e-01, 8.85872483e-01,
            2.86807686e-01, 4.15174723e-01, 7.21905887e-01,
            2.81931370e-01, 4.47883844e-01, 6.29377663e-01,
            5.97550929e-01, 3.52290452e-01, 8.63346279e-01,
            6.36531830e-01, 4.45127755e-01, 8.85897398e-01,
            6.41227186e-01, 5.24292827e-01, 8.36014986e-01,
            4.08188283e-01, 5.40712357e-01, 7.63037801e-01,
            4.37204987e-01, 6.85398936e-01, 7.91388988e-01,
            4.61661726e-01, 8.30013633e-01, 7.43224084e-01,
            5.58685064e-01, 5.35298049e-01, 7.89673328e-01,
            5.34366429e-01, 6.66242421e-01, 8.45770001e-01,
            5.68409204e-01, 7.75565922e-01, 7.68650532e-01,
            4.51883107e-01, 2.51475930e-01, 9.31698322e-01,
            5.10097921e-01, 2.51415759e-01, 8.78408372e-01,
            4.22817856e-01, 2.65020519e-01, 8.39742720e-01,
            5.39234102e-01, 2.59579837e-01, 7.94897497e-01 ]
    }
}
