{
    "pose_0": {
        "type_id": "opencv-matrix",
        "rows": 1,
        "cols": 18,
        "dt": "3f",
        "data": [ 5.14862239e-01, 2.70579994e-01, 9.38515544e-01,
            5.14933228e-01, 3.54991972e-01, 8.71326327e-01,
            4.03324038e-01, 3.52370977e-01, 8.62433732e-01,
            3.35547060e-01, 4.42373723e-01, 8.02487493e-01,
            3.01363796e-01, 5.16202927e-01, 8.31437826e-01,
            6.17026210e-01, 3.52321863e-01, 8.10805798e-01,
            6.80295050e-01, 4.45083916e-01, 8.31961751e-01,
            7.14200735e-01, 5.21616876e-01, 8.18498075e-01,
            4.37322021e-01, 5.46133816e-01, 7.18751192e-01,
            4.51893955e-01, 6.88140929e-01, 8.28583241e-01,
            4.76102799e-01, 8.30036223e-01, 7.82790899e-01,
            5.78100324e-01, 5.46188712e-01, 6.84632421e-01,
            5.73216856e-01, 6.87998772e-01, 8.01004171e-01,
            5.73187470e-01, 8.19228590e-01, 7.89981604e-01,
            4.85668182e-01, 2.56813049e-01, 9.33105826e-01,
            5.29572606e-01, 2.56806165e-01, 8.85472059e-01,
            4.47232395e-01, 2.70357668e-01, 9.56559718e-01,
            5.63697517e-01, 2.70319819e-01, 9.24307704e-01 ]
    }
}
