{
    "pose_0": {
        "type_id": "opencv-matrix",
        "rows": 1,
        "cols": 18,
        "dt": "3f",
        "data": [ 5.00541091e-01, 2.56860495e-01, 8.76479626e-01,
            4.95612144e-01, 3.38743269e-01, 9.06242073e-01,
            3.88743579e-01, 3.38720471e-01, 8.58047068e-01,
            3.35431516e-01, 4.42337006e-01, 8.33861411e-01,
            3.25902760e-01, 5.29716730e-01, 8.88073206e-01,
            6.07279778e-01, 3.38735014e-01, 8.87797892e-01,
            6.80123150e-01, 4.17908788e-01, 8.19479942e-01,
            7.09294200e-01, 4.64304000e-01, 7.76949167e-01,
            4.32483315e-01, 5.38038731e-01, 6.82413101e-01,
            4.42317158e-01, 6.88168108e-01, 8.15881789e-01,
            4.52107698e-01, 8.35448384e-01, 7.88736820e-01,
            5.78217089e-01, 5.40687263e-01, 6.99229538e-01,
            5.68383634e-01, 6.88094854e-01, 8.15659404e-01,
            5.73217571e-01, 8.32703710e-01, 7.66754866e-01,
            4.80983049e-01, 2.48542115e-01, 9.83894825e-01,
            5.24816871e-01, 2.48567522e-01, 9.56859946e-01,
            4.46886778e-01, 2.51480192e-01, 9.46071029e-01,
            5.63422441e-01, 2.54068464e-01, 9.14322972e-01 ]
    }
}
