{
    "pose_0": {
        "type_id": "opencv-matrix",
        "rows": 1,
        "cols": 18,
        "dt": "3f",
        "data": [ 4.80934739e-01, 2.62236685e-01, 9.01215196e-01,
            4.86034542e-01, 3.41426402e-01, 9.17148948e-01,
            3.69403839e-01, 3.41493636e-01, 8.60853910e-01,
            3.01374108e-01, 4.36964810e-01, 7.83419669e-01,
            2.43147686e-01, 4.97062922e-01, 8.08831871e-01,
            6.02625728e-01, 3.38780135e-01, 8.52511585e-01,
            7.53024280e-01, 3.76824051e-01, 8.47754955e-01,
            8.69533002e-01, 3.22331369e-01, 8.32485676e-01,
            4.08375740e-01, 5.32513499e-01, 7.47193336e-01,
            4.08422112e-01, 6.68963015e-01, 8.10701370e-01,
            4.13231850e-01, 8.05455625e-01, 7.68668652e-01,
            5.58651268e-01, 5.32578409e-01, 7.63177693e-01,
            5.58894694e-01, 6.69004619e-01, 8.26734185e-01,
            5.63536704e-01, 7.99999177e-01, 8.34843993e-01,
            4.47275937e-01, 2.48681620e-01, 9.71850872e-01,
            4.95703608e-01, 2.48674884e-01, 8.87231410e-01,
            4.17943448e-01, 2.54083276e-01, 8.80536795e-01,
            5.29547393e-01, 2.54106194e-01, 9.11424041e-01 ]
    }
}
