{
    "pose_0": {
        "type_id": "opencv-matrix",
        "rows": 1,
        "cols": 18,
        "dt": "3f",
        "data": [ 5.19630492e-01, 2.75924891e-01, 9.36300278e-01,
            5.19853652e-01, 3.57768357e-01, 9.37692285e-01,
            4.08209205e-01, 3.57771188e-01, 8.92941952e-01,
            3.25680465e-01, 4.01551902e-01, 8.32761765e-01,
            2.91654527e-01, 4.23275530e-01, 8.59226584e-01,
            6.31479561e-01, 3.57756525e-01, 8.65889668e-01,
            7.18728542e-01, 4.39647824e-01, 7.57524312e-01,
            7.52957940e-01, 4.26079422e-01, 8.61214995e-01,
            4.46902215e-01, 5.46171308e-01, 7.59792507e-01,
            4.47073936e-01, 6.82650089e-01, 8.29044759e-01,
            4.47225183e-01, 8.19161654e-01, 8.44158232e-01,
            5.92653751e-01, 5.43468833e-01, 7.20263481e-01,
            5.97432375e-01, 6.82533920e-01, 7.98141420e-01,
            5.97716868e-01, 8.16261232e-01, 8.28680575e-01,
            4.86010164e-01, 2.67769933e-01, 9.54469621e-01,
            5.29783547e-01, 2.67765999e-01, 8.82894814e-01,
            4.56726342e-01, 2.73151129e-01, 8.87314320e-01,
            5.63790917e-01, 2.73188949e-01, 9.50287700e-01 ]
    }
}
