{
    "pose_0": {
        "type_id": "opencv-matrix",
        "rows": 1,
        "cols": 18,
        "dt": "3f",
        "data": [ 5.24547458e-01, 2.70466000e-01, 9.83467281e-01,
            5.24959743e-01, 3.44135672e-01, 9.09983277e-01,
            4.27695602e-01, 3.49606097e-01, 8.21165144e-01,
            4.03112084e-01, 4.42383200e-01, 8.03093314e-01,
            4.03535604e-01, 5.07918060e-01, 6.90934062e-01,
            6.36500955e-01, 3.38803083e-01, 9.26836312e-01,
            7.23821163e-01, 4.17883992e-01, 7.13259459e-01,
            7.23708272e-01, 4.04253334e-01, 7.87700117e-01,
            4.51903611e-01, 5.27086914e-01, 7.62588203e-01,
            4.85706121e-01, 6.41798615e-01, 8.81364107e-01,
            4.76112574e-01, 7.53596425e-01, 8.42653334e-01,
            6.02193475e-01, 5.35161018e-01, 7.85848916e-01,
            5.92703760e-01, 6.79896176e-01, 7.78428316e-01,
            5.68441570e-01, 8.27245533e-01, 7.08794713e-01,
            4.95573282e-01, 2.54139125e-01, 8.82850349e-01,
            5.53659022e-01, 2.54157931e-01, 8.80261660e-01,
            4.71327841e-01, 2.67700940e-01, 8.34117651e-01,
            5.83022356e-01, 2.67766505e-01, 8.45905781e-01 ]
    }
}
