{
    "pose_0": {
        "type_id": "opencv-matrix",
        "rows": 1,
        "cols": 18,
        "dt": "3f",
        "data": [ 5.19858897e-01, 2.84159362e-01, 9.04868841e-01,
            5.20020366e-01, 3.57667714e-01, 9.25060511e-01,
            4.13182884e-01, 3.57757360e-01, 8.45403552e-01,
            3.49970907e-01, 4.20625180e-01, 5.84604681e-01,
            3.30674231e-01, 3.93344969e-01, 8.77410591e-01,
            6.21848762e-01, 3.55003893e-01, 8.32067966e-01,
            6.80268466e-01, 4.20557469e-01, 7.66080797e-01,
            7.09267914e-01, 3.82462949e-01, 8.46878111e-01,
            4.47240919e-01, 5.40701032e-01, 7.34742343e-01,
            4.47206736e-01, 6.79913402e-01, 8.16424072e-01,
            4.47231799e-01, 8.24620187e-01, 7.94546664e-01,
            5.97341716e-01, 5.43427408e-01, 7.40342319e-01,
            5.97676396e-01, 6.85241699e-01, 8.43662679e-01,
            6.02194130e-01, 8.19140077e-01, 8.26279283e-01,
            4.90651995e-01, 2.70583540e-01, 9.44249630e-01,
            5.39304852e-01, 2.70597756e-01, 8.73629510e-01,
            4.56902862e-01, 2.75970787e-01, 8.40726495e-01,
            5.68476617e-01, 2.76032001e-01, 8.92680109e-01 ]
    }
}
