{
    "pose_0": {
        "type_id": "opencv-matrix",
        "rows": 1,
        "cols": 18,
        "dt": "3f",
        "data": [ 5.19957662e-01, 2.54179955e-01, 9.31285501e-01,
            5.24590671e-01, 3.33302677e-01, 9.35610890e-01,
            4.13182825e-01, 3.35997432e-01, 8.80365849e-01,
            3.74349594e-01, 4.26134229e-01, 7.46243238e-01,
            4.17878389e-01, 4.80660588e-01, 5.65593839e-01,
            6.36277437e-01, 3.27768803e-01, 8.57153535e-01,
            6.94625378e-01, 3.96012038e-01, 6.94618523e-01,
            6.99575901e-01, 3.66023362e-01, 7.75427699e-01,
            4.51929241e-01, 5.29816926e-01, 7.42552280e-01,
            4.76213276e-01, 6.63608313e-01, 8.29548001e-01,
            4.61723447e-01, 7.89085388e-01, 7.47358084e-01,
            6.02304280e-01, 5.32472134e-01, 7.73428977e-01,
            6.02297187e-01, 6.85368180e-01, 8.70944321e-01,
            5.73265493e-01, 8.21923375e-01, 7.29216278e-01,
            4.90780860e-01, 2.45960444e-01, 9.15282488e-01,
            5.48931241e-01, 2.45963931e-01, 8.76178145e-01,
            4.66393441e-01, 2.51272142e-01, 8.31484735e-01,
            5.82931161e-01, 2.51357764e-01, 9.09614861e-01 ]
    }
}
