{
    "pose_0": {
        "type_id": "opencv-matrix",
        "rows": 1,
        "cols": 18,
        "dt": "3f",
        "data": [ 5.10151148e-01, 2.73080617e-01, 9.28430319e-01,
            5.15123010e-01, 3.52390468e-01, 8.87562692e-01,
            4.08127487e-01, 3.52352709e-01, 8.69223356e-01,
            3.30721319e-01, 4.31504369e-01, 8.36476564e-01,
            2.77065307e-01, 4.91686910e-01, 8.40351701e-01,
            6.12088144e-01, 3.52305442e-01, 8.27963591e-01,
            6.94607198e-01, 4.45034951e-01, 8.27536583e-01,
            7.81923056e-01, 4.94306028e-01, 8.46297860e-01,
            4.42319304e-01, 5.35216510e-01, 7.43135571e-01,
            4.42360520e-01, 6.71692848e-01, 8.15813005e-01,
            4.46980447e-01, 8.16363037e-01, 8.53106081e-01,
            5.82952023e-01, 5.35300434e-01, 7.13150024e-01,
            5.87906063e-01, 6.71684146e-01, 7.68885493e-01,
            5.97423494e-01, 8.10899198e-01, 7.90317833e-01,
            4.81197447e-01, 2.56904840e-01, 9.34070408e-01,
            5.24914145e-01, 2.56816208e-01, 9.09278989e-01,
            4.47295338e-01, 2.70366013e-01, 9.03157353e-01,
            5.63463390e-01, 2.67766654e-01, 9.26059544e-01 ]
    }
}
