{
    "pose_0": {
        "type_id": "opencv-matrix",
        "rows": 1,
        "cols": 18,
        "dt": "3f",
        "data": [ 4.85840857e-01, 2.48588488e-01, 9.63385642e-01,
            4.85875607e-01, 3.33217591e-01, 9.24459517e-01,
            3.69594216e-01, 3.33263338e-01, 8.51520181e-01,
            2.47872964e-01, 4.01459098e-01, 8.45729470e-01,
            1.12121709e-01, 4.15154815e-01, 7.41211534e-01,
            6.02215648e-01, 3.33162606e-01, 8.69943261e-01,
            7.19085693e-01, 4.04191524e-01, 9.15092289e-01,
            8.54878724e-01, 4.23268795e-01, 8.11297655e-01,
            4.13118035e-01, 5.18912554e-01, 7.19303668e-01,
            4.13212717e-01, 6.55343235e-01, 7.75251567e-01,
            4.32575762e-01, 7.94503629e-01, 8.27115059e-01,
            5.58903217e-01, 5.18904686e-01, 7.36603260e-01,
            5.63590944e-01, 6.58068836e-01, 8.14353526e-01,
            5.68577170e-01, 7.91742623e-01, 8.02238524e-01,
            4.61571038e-01, 2.32268050e-01, 8.64053547e-01,
            5.14957964e-01, 2.32251644e-01, 8.85327220e-01,
            4.37190086e-01, 2.45813668e-01, 8.62101078e-01,
            5.48904538e-01, 2.45864362e-01, 8.33680391e-01 ]
    }
}
