{
    "pose_0": {
        "type_id": "opencv-matrix",
        "rows": 1,
        "cols": 18,
        "dt": "3f",
        "data": [ 4.81237501e-01, 2.35063016e-01, 9.21900809e-01,
            4.81243610e-01, 3.19633752e-01, 9.01010931e-01,
            3.59515905e-01, 3.17012519e-01, 8.00763845e-01,
            2.04228312e-01, 3.57733816e-01, 7.79817522e-01,
            5.38184755e-02, 3.36058646e-01, 7.30361044e-01,
            6.07251108e-01, 3.22298825e-01, 7.85941243e-01,
            7.62551606e-01, 3.65971535e-01, 8.04668248e-01,
            8.83922637e-01, 3.49648684e-01, 7.42698193e-01,
            4.08378571e-01, 5.13407290e-01, 7.52098858e-01,
            4.13138419e-01, 6.47237301e-01, 7.79911935e-01,
            4.22765523e-01, 7.91765809e-01, 8.05236220e-01,
            5.58773339e-01, 5.13389349e-01, 7.37903535e-01,
            5.63508451e-01, 6.49858415e-01, 8.03791881e-01,
            5.63822865e-01, 7.83619463e-01, 8.10825706e-01,
            4.52033699e-01, 2.26775303e-01, 9.37406242e-01,
            5.10098100e-01, 2.26737440e-01, 8.88649940e-01,
            4.27670777e-01, 2.29685709e-01, 8.44630241e-01,
            5.39244533e-01, 2.29668006e-01, 8.67269337e-01 ]
    }
}
