{
    "pose_0": {
        "type_id": "opencv-matrix",
        "rows": 1,
        "cols": 18,
        "dt": "3f",
        "data": [ 5.20109951e-01, 2.70459175e-01, 9.83126521e-01,
            5.24677932e-01, 3.49599332e-01, 9.14371967e-01,
            4.13249910e-01, 3.54983509e-01, 8.36728215e-01,
            3.74260128e-01, 4.47815299e-01, 8.74221742e-01,
            3.69432062e-01, 5.27044892e-01, 8.87122333e-01,
            6.36263490e-01, 3.41525942e-01, 8.86288226e-01,
            7.13941932e-01, 4.04214203e-01, 7.60017514e-01,
            7.18964219e-01, 4.28760529e-01, 8.34462464e-01,
            4.47151273e-01, 5.40669620e-01, 7.66415596e-01,
            4.76031125e-01, 6.74487352e-01, 8.00989687e-01,
            4.66406167e-01, 7.97381282e-01, 7.94279397e-01,
            5.97634792e-01, 5.46132386e-01, 7.55368829e-01,
            5.92593193e-01, 6.85465217e-01, 8.19283962e-01,
            5.68506479e-01, 8.21916878e-01, 7.45387435e-01,
            4.90958363e-01, 2.54106194e-01, 8.90301049e-01,
            5.49072206e-01, 2.54147321e-01, 8.73965740e-01,
            4.71252114e-01, 2.67656416e-01, 8.33156407e-01,
            5.82939446e-01, 2.67770141e-01, 8.46561790e-01 ]
    }
}
