{
    "pose_0": {
        "type_id": "opencv-matrix",
        "rows": 1,
        "cols": 18,
        "dt": "3f",
        "data": [ 4.90719199e-01, 2.56810963e-01, 9.04711068e-01,
            4.85972881e-01, 3.38756353e-01, 9.47550774e-01,
            3.74239594e-01, 3.38666677e-01, 8.79358351e-01,
            3.25647891e-01, 4.39696759e-01, 8.30275476e-01,
            3.11210990e-01, 5.21629155e-01, 8.15175533e-01,
            6.02220953e-01, 3.38756114e-01, 9.25881505e-01,
            6.60693586e-01, 4.26075637e-01, 8.62964213e-01,
            7.09004998e-01, 4.99722987e-01, 8.24971080e-01,
            4.13175374e-01, 5.37971377e-01, 7.17041433e-01,
            4.32485312e-01, 6.88186288e-01, 7.55766213e-01,
            4.56690907e-01, 8.35386455e-01, 7.81501055e-01,
            5.63678026e-01, 5.37958562e-01, 7.64037728e-01,
            5.63488960e-01, 6.88000858e-01, 8.60181093e-01,
            5.73247790e-01, 8.27270210e-01, 7.68488586e-01,
            4.76054937e-01, 2.48531908e-01, 9.21865642e-01,
            5.19885719e-01, 2.48572931e-01, 9.63074446e-01,
            4.41967577e-01, 2.51459241e-01, 9.53555226e-01,
            5.53937197e-01, 2.54126310e-01, 8.89483273e-01 ]
    }
}
