{
    "pose_0": {
        "type_id": "opencv-matrix",
        "rows": 1,
        "cols": 18,
        "dt": "3f",
        "data": [ 5.14970064e-01, 2.70592511e-01, 9.60068226e-01,
            5.15106797e-01, 3.38855743e-01, 9.00491476e-01,
            4.08109307e-01, 3.38840872e-01, 8.93071771e-01,
            3.49961221e-01, 4.15165722e-01, 7.52606273e-01,
            3.25562090e-01, 3.82312447e-01, 8.81854296e-01,
            6.12219453e-01, 3.38812768e-01, 8.54155064e-01,
            6.80078626e-01, 4.09721434e-01, 7.70120502e-01,
            7.09211707e-01, 3.76917332e-01, 8.47428679e-01,
            4.42295998e-01, 5.27009308e-01, 7.43968844e-01,
            4.42351758e-01, 6.66185260e-01, 8.27339947e-01,
            4.47118729e-01, 8.13634753e-01, 8.20077062e-01,
            5.82991600e-01, 5.29809177e-01, 7.21673429e-01,
            5.92631876e-01, 6.66231453e-01, 8.17207873e-01,
            5.97470999e-01, 8.08141768e-01, 7.94999897e-01,
            4.85762626e-01, 2.56803006e-01, 9.36960042e-01,
            5.29580474e-01, 2.56870836e-01, 8.68173897e-01,
            4.47268873e-01, 2.67719537e-01, 9.33589876e-01,
            5.63589633e-01, 2.67763585e-01, 9.00258541e-01 ]
    }
}
