{
    "pose_0": {
        "type_id": "opencv-matrix",
        "rows": 1,
        "cols": 18,
        "dt": "3f",
        "data": [ 4.90665138e-01, 2.59588122e-01, 9.01790380e-01,
            4.85886335e-01, 3.38617355e-01, 9.66195345e-01,
            3.98410916e-01, 3.33184987e-01, 8.05165529e-01,
            3.15995932e-01, 3.82362694e-01, 6.32283390e-01,
            3.20891738e-01, 3.57880741e-01, 8.66293371e-01,
            5.83080053e-01, 3.41502339e-01, 8.31762195e-01,
            5.87872207e-01, 4.28814113e-01, 6.52629137e-01,
            5.53738177e-01, 4.94306058e-01, 2.55864352e-01,
            4.08308327e-01, 5.35250187e-01, 7.62688339e-01,
            4.41954017e-01, 6.85443401e-01, 7.99653947e-01,
            4.56807882e-01, 8.38239014e-01, 7.67675161e-01,
            5.53889573e-01, 5.24341345e-01, 7.60365546e-01,
            5.19792795e-01, 6.03568256e-01, 8.02577257e-01,
            5.53741813e-01, 7.31820166e-01, 7.56204247e-01,
            4.71351534e-01, 2.48692647e-01, 9.30786252e-01,
            5.19836545e-01, 2.48697534e-01, 9.58199859e-01,
            4.37383145e-01, 2.56882429e-01, 8.97689342e-01,
            5.53846002e-01, 2.59532690e-01, 8.33721459e-01 ]
    }
}
