{
    "pose_0": {
        "type_id": "opencv-matrix",
        "rows": 1,
        "cols": 18,
        "dt": "3f",
        "data": [ 5.14874279e-01, 2.70540565e-01, 9.55161572e-01,
            4.90777642e-01, 3.49651068e-01, 8.84664237e-01,
            3.74371856e-01, 3.41480315e-01, 8.33454490e-01,
            2.23705411e-01, 3.49657834e-01, 7.75814295e-01,
            1.02421537e-01, 3.08732152e-01, 8.09957027e-01,
            6.02633238e-01, 3.57672930e-01, 8.93292069e-01,
            6.75153553e-01, 4.53341067e-01, 8.42327476e-01,
            7.47933745e-01, 5.02454460e-01, 7.61301637e-01,
            4.27581698e-01, 5.35339534e-01, 7.17582464e-01,
            4.32500452e-01, 6.74459517e-01, 7.50182509e-01,
            4.37350094e-01, 8.13657463e-01, 7.98295379e-01,
            5.68341732e-01, 5.40674150e-01, 7.16834426e-01,
            5.68343222e-01, 6.77148044e-01, 7.89372802e-01,
            5.78080118e-01, 8.10881257e-01, 7.75419354e-01,
            4.85766202e-01, 2.54154474e-01, 9.55562890e-01,
            5.29642880e-01, 2.56806225e-01, 8.68965149e-01,
            4.47310358e-01, 2.67684788e-01, 8.76116812e-01,
            5.63772857e-01, 2.67785102e-01, 9.14942622e-01 ]
    }
}
