{
    "pose_0": {
        "type_id": "opencv-matrix",
        "rows": 1,
        "cols": 18,
        "dt": "3f",
        "data": [ 5.10215521e-01, 2.70467281e-01, 9.34033036e-01,
            4.90797669e-01, 3.46890211e-01, 8.77045512e-01,
            3.74429762e-01, 3.38826388e-01, 8.44346583e-01,
            2.19069690e-01, 3.38856429e-01, 8.33591640e-01,
            9.76141095e-02, 2.92318970e-01, 8.84769320e-01,
            6.02564752e-01, 3.55094999e-01, 8.86442780e-01,
            6.79954112e-01, 4.61508483e-01, 8.64576876e-01,
            7.57805765e-01, 5.10730982e-01, 7.47512817e-01,
            4.18012917e-01, 5.35228014e-01, 7.31722832e-01,
            4.32468086e-01, 6.74483657e-01, 7.50121236e-01,
            4.37232226e-01, 8.16327751e-01, 8.03509593e-01,
            5.63650191e-01, 5.35342395e-01, 7.48147011e-01,
            5.63767254e-01, 6.74473822e-01, 8.09918165e-01,
            5.73421538e-01, 8.10912251e-01, 7.90345609e-01,
            4.85784024e-01, 2.54112244e-01, 9.57454860e-01,
            5.29560030e-01, 2.54218072e-01, 8.73016536e-01,
            4.47280645e-01, 2.67694294e-01, 9.23206091e-01,
            5.63586473e-01, 2.70338833e-01, 9.52164769e-01 ]
    }
}
