{
    "pose_0": {
        "type_id": "opencv-matrix",
        "rows": 1,
        "cols": 18,
        "dt": "3f",
        "data": [ 4.81017798e-01, 2.29518652e-01, 9.84049618e-01,
            4.81274664e-01, 3.14143658e-01, 9.51412559e-01,
            3.69537950e-01, 3.14073920e-01, 8.88004899e-01,
            2.77176172e-01, 3.98759991e-01, 8.06682289e-01,
            1.70352891e-01, 4.39743906e-01, 8.63412261e-01,
            5.97307026e-01, 3.14167410e-01, 8.85044932e-01,
            6.80323184e-01, 4.01475370e-01, 8.91733944e-01,
            7.91482210e-01, 4.42472011e-01, 8.71365428e-01,
            4.08324510e-01, 5.02473831e-01, 7.34691203e-01,
            4.08432782e-01, 6.41728580e-01, 8.28909874e-01,
            4.13198680e-01, 7.80885279e-01, 7.79798627e-01,
            5.58626711e-01, 5.05199611e-01, 7.45870888e-01,
            5.58894932e-01, 6.41761184e-01, 8.58045280e-01,
            5.63649297e-01, 7.75440991e-01, 8.45926523e-01,
            4.47327375e-01, 2.18569666e-01, 9.02570844e-01,
            5.05217433e-01, 2.18582377e-01, 8.24944973e-01,
            4.22779024e-01, 2.26839587e-01, 8.31282973e-01,
            5.29747963e-01, 2.26894081e-01, 8.84084940e-01 ]
    }
}
