{
    "pose_0": {
        "type_id": "opencv-matrix",
        "rows": 1,
        "cols": 18,
        "dt": "3f",
        "data": [ 4.80899274e-01, 2.29520947e-01, 9.75359619e-01,
            4.81049299e-01, 3.14125687e-01, 9.41174626e-01,
            3.69329244e-01, 3.14074188e-01, 8.98637891e-01,
            2.62567759e-01, 4.01491165e-01, 8.18736196e-01,
            1.70113295e-01, 4.39713299e-01, 8.36185217e-01,
            5.92639148e-01, 3.14136952e-01, 8.69783938e-01,
            6.89819098e-01, 4.01528895e-01, 8.55444074e-01,
            7.91902006e-01, 4.34223503e-01, 8.40334296e-01,
            4.08225894e-01, 5.02509356e-01, 7.39605308e-01,
            4.08443719e-01, 6.41639650e-01, 8.28262448e-01,
            4.13199633e-01, 7.80925810e-01, 7.79566944e-01,
            5.58523655e-01, 5.05203962e-01, 7.41572380e-01,
            5.58901668e-01, 6.44307077e-01, 8.56970787e-01,
            5.63531399e-01, 7.78130889e-01, 8.39929819e-01,
            4.47217315e-01, 2.15941474e-01, 9.05772209e-01,
            4.95660186e-01, 2.15945840e-01, 8.30292404e-01,
            4.17860866e-01, 2.26708978e-01, 8.65178227e-01,
            5.29552758e-01, 2.26768851e-01, 9.12320435e-01 ]
    }
}
