{
    "pose_0": {
        "type_id": "opencv-matrix",
        "rows": 1,
        "cols": 18,
        "dt": "3f",
        "data": [ 5.19682884e-01, 2.76050031e-01, 9.14914966e-01,
            5.24607062e-01, 3.57803941e-01, 9.68653262e-01,
            4.08473402e-01, 3.57817322e-01, 8.55531931e-01,
            3.01424861e-01, 4.04168308e-01, 6.79950118e-01,
            2.91919351e-01, 4.17885542e-01, 7.09579945e-01,
            6.36466920e-01, 3.57774138e-01, 9.12382126e-01,
            7.23822117e-01, 4.39641714e-01, 7.36301899e-01,
            7.57831752e-01, 4.17895347e-01, 7.65355349e-01,
            4.47041988e-01, 5.48830330e-01, 7.37519741e-01,
            4.47142810e-01, 6.82622492e-01, 8.32484961e-01,
            4.47248578e-01, 8.21887910e-01, 8.11124146e-01,
            5.92751980e-01, 5.48852265e-01, 7.26290882e-01,
            5.97570539e-01, 6.82614982e-01, 8.25098276e-01,
            5.97759485e-01, 8.16455066e-01, 8.26565862e-01,
            4.86064017e-01, 2.70393312e-01, 9.72784758e-01,
            5.34419119e-01, 2.70383328e-01, 8.90585661e-01,
            4.56790715e-01, 2.73307711e-01, 8.60127449e-01,
            5.68331540e-01, 2.73310006e-01, 9.27681744e-01 ]
    }
}
