{
    "pose_0": {
        "type_id": "opencv-matrix",
        "rows": 1,
        "cols": 18,
        "dt": "3f",
        "data": [ 5.20028472e-01, 2.78690785e-01, 9.23395216e-01,
            5.24626195e-01, 3.57738525e-01, 9.54990625e-01,
            4.13130432e-01, 3.57807398e-01, 8.61952186e-01,
            3.35420549e-01, 4.26173002e-01, 7.64504075e-01,
            3.20768863e-01, 3.98745030e-01, 7.94602752e-01,
            6.36202276e-01, 3.57686013e-01, 8.88635635e-01,
            7.18990743e-01, 4.25993979e-01, 8.27363729e-01,
            7.52864301e-01, 3.95991474e-01, 8.50097120e-01,
            4.47292030e-01, 5.43464541e-01, 7.28898287e-01,
            4.47282195e-01, 6.85248613e-01, 8.39359224e-01,
            4.51896280e-01, 8.19214344e-01, 8.25745106e-01,
            5.97529411e-01, 5.46133697e-01, 7.39665747e-01,
            6.02238953e-01, 6.85335159e-01, 8.67936790e-01,
            6.02419078e-01, 8.16439211e-01, 8.61071825e-01,
            4.90839750e-01, 2.70467341e-01, 9.46283460e-01,
            5.44203997e-01, 2.70448416e-01, 8.84749770e-01,
            4.66516584e-01, 2.75934219e-01, 8.23747694e-01,
            5.73290288e-01, 2.75966972e-01, 8.66353929e-01 ]
    }
}
