{
    "pose_0": {
        "type_id": "opencv-matrix",
        "rows": 1,
        "cols": 18,
        "dt": "3f",
        "data": [ 5.14851987e-01, 2.70501614e-01, 9.44282830e-01,
            4.90873575e-01, 3.49591076e-01, 8.73805046e-01,
            3.79065126e-01, 3.41423780e-01, 8.28892469e-01,
            2.19053686e-01, 3.46873462e-01, 7.73031592e-01,
            9.77911651e-02, 3.00559163e-01, 7.95825660e-01,
            6.02641582e-01, 3.55120838e-01, 8.84374738e-01,
            6.75330162e-01, 4.56058145e-01, 8.38063478e-01,
            7.48082519e-01, 5.05169868e-01, 7.42450297e-01,
            4.27607089e-01, 5.35346329e-01, 7.20811665e-01,
            4.32466745e-01, 6.77202046e-01, 7.51218677e-01,
            4.37356383e-01, 8.16285014e-01, 8.15226912e-01,
            5.68350077e-01, 5.40730715e-01, 7.14088559e-01,
            5.68328023e-01, 6.79924846e-01, 8.07090998e-01,
            5.73373795e-01, 8.13579798e-01, 7.90099919e-01,
            4.85748827e-01, 2.54139721e-01, 9.54860330e-01,
            5.29605329e-01, 2.54204899e-01, 8.72718275e-01,
            4.47258145e-01, 2.67716765e-01, 9.06563759e-01,
            5.63703179e-01, 2.67780632e-01, 9.30780649e-01 ]
    }
}
