{
    "pose_0": {
        "type_id": "opencv-matrix",
        "rows": 1,
        "cols": 18,
        "dt": "3f",
        "data": [ 5.14899850e-01, 2.76003689e-01, 9.02207851e-01,
            5.10256171e-01, 3.57847810e-01, 8.96235228e-01,
            4.03384000e-01, 3.57830673e-01, 9.10775363e-01,
            3.54851484e-01, 4.47895527e-01, 8.51401985e-01,
            3.30794543e-01, 5.32449067e-01, 9.09502268e-01,
            6.07406139e-01, 3.57773662e-01, 8.72995377e-01,
            6.74968660e-01, 4.45209563e-01, 8.84238601e-01,
            6.85100555e-01, 5.27057230e-01, 8.63606811e-01,
            4.37390983e-01, 5.40702283e-01, 7.24969089e-01,
            4.46868569e-01, 6.79940939e-01, 8.28319728e-01,
            4.52088654e-01, 8.19138587e-01, 8.10291469e-01,
            5.78149259e-01, 5.40668368e-01, 7.11379647e-01,
            5.97446382e-01, 6.79856300e-01, 8.10113072e-01,
            6.02554560e-01, 8.16482186e-01, 8.54803205e-01,
            4.85782385e-01, 2.70358324e-01, 9.73100066e-01,
            5.29538155e-01, 2.70371586e-01, 9.15420532e-01,
            4.51830685e-01, 2.73275763e-01, 9.28556919e-01,
            5.63482642e-01, 2.73337334e-01, 9.18118417e-01 ]
    }
}
