{
    "pose_0": {
        "type_id": "opencv-matrix",
        "rows": 1,
        "cols": 18,
        "dt": "3f",
        "data": [ 4.81206268e-01, 2.54202157e-01, 9.39708829e-01,
            4.90801752e-01, 3.38650793e-01, 9.16542351e-01,
            3.69596034e-01, 3.38694960e-01, 8.89403045e-01,
            3.01497400e-01, 4.28762197e-01, 8.14683676e-01,
            2.14315310e-01, 4.86126751e-01, 8.54290128e-01,
            6.12135231e-01, 3.36095810e-01, 8.27253461e-01,
            7.57906377e-01, 3.79508018e-01, 8.14604521e-01,
            8.79201591e-01, 3.57717037e-01, 7.58244634e-01,
            4.08504486e-01, 5.24319053e-01, 7.28880644e-01,
            4.08461422e-01, 6.63529038e-01, 8.31680775e-01,
            4.18015212e-01, 7.97347963e-01, 8.01572740e-01,
            5.58810532e-01, 5.27076721e-01, 7.47511923e-01,
            5.58912039e-01, 6.66168034e-01, 8.45572948e-01,
            5.63748777e-01, 7.94581175e-01, 8.57202590e-01,
            4.52028513e-01, 2.48538882e-01, 9.32060361e-01,
            5.05365074e-01, 2.48510137e-01, 8.78665328e-01,
            4.27646279e-01, 2.51375735e-01, 8.81557226e-01,
            5.34475744e-01, 2.51410306e-01, 9.05903161e-01 ]
    }
}
