{
    "pose_0": {
        "type_id": "opencv-matrix",
        "rows": 1,
        "cols": 18,
        "dt": "3f",
        "data": [ 4.90924776e-01, 2.56843448e-01, 8.91399145e-01,
            4.90781605e-01, 3.38755131e-01, 9.29870546e-01,
            3.83878320e-01, 3.38709414e-01, 8.53082716e-01,
            3.30601990e-01, 4.42444533e-01, 8.61323655e-01,
            3.25578690e-01, 5.29752970e-01, 8.99253130e-01,
            6.02524817e-01, 3.38758945e-01, 9.07673419e-01,
            6.70434892e-01, 4.23402339e-01, 8.49403203e-01,
            7.09190190e-01, 4.80664849e-01, 7.78316855e-01,
            4.18005019e-01, 5.38001418e-01, 6.95195019e-01,
            4.42051768e-01, 6.88162863e-01, 7.96521783e-01,
            4.56737310e-01, 8.32758248e-01, 7.76192725e-01,
            5.68471491e-01, 5.40654838e-01, 7.21913099e-01,
            5.63613355e-01, 6.88014209e-01, 8.48686516e-01,
            5.68596601e-01, 8.29988539e-01, 7.76992083e-01,
            4.76268023e-01, 2.48534888e-01, 9.47756529e-01,
            5.20099223e-01, 2.48570114e-01, 9.69841599e-01,
            4.42207038e-01, 2.51441419e-01, 9.42948699e-01,
            5.58652163e-01, 2.54081964e-01, 9.16907430e-01 ]
    }
}
