{
    "pose_0": {
        "type_id": "opencv-matrix",
        "rows": 1,
        "cols": 18,
        "dt": "3f",
        "data": [ 4.81042057e-01, 2.64962316e-01, 9.17225540e-01,
            4.81159478e-01, 3.38832140e-01, 9.36051905e-01,
            3.69544834e-01, 3.38856488e-01, 8.73238683e-01,
            2.91994482e-01, 4.31478977e-01, 8.31804335e-01,
            2.38251671e-01, 4.94338930e-01, 8.17569196e-01,
            5.92672646e-01, 3.38794708e-01, 8.79405379e-01,
            7.14107573e-01, 4.04364884e-01, 9.17119026e-01,
            8.40395451e-01, 3.98675710e-01, 7.90207386e-01,
            4.08347905e-01, 5.29758275e-01, 7.38468826e-01,
            4.08443093e-01, 6.66300654e-01, 8.22854757e-01,
            4.13248211e-01, 8.10919583e-01, 7.84314692e-01,
            5.58563471e-01, 5.29804170e-01, 7.51620054e-01,
            5.58883011e-01, 6.68978751e-01, 8.35624874e-01,
            5.63492179e-01, 8.00033867e-01, 8.36596191e-01,
            4.51829374e-01, 2.48766497e-01, 9.57561612e-01,
            5.00495195e-01, 2.48758137e-01, 8.82582128e-01,
            4.22805846e-01, 2.54174143e-01, 8.29536676e-01,
            5.29676557e-01, 2.56809115e-01, 8.84752810e-01 ]
    }
}
