{
    "pose_0": {
        "type_id": "opencv-matrix",
        "rows": 1,
        "cols": 18,
        "dt": "3f",
        "data": [ 5.24514556e-01, 2.76024252e-01, 9.51751649e-01,
            5.24535179e-01, 3.57880026e-01, 9.43616509e-01,
            4.13097203e-01, 3.57799470e-01, 8.87272835e-01,
            3.59672576e-01, 4.39704597e-01, 8.44960868e-01,
            3.25911731e-01, 5.10638058e-01, 9.06439722e-01,
            6.31535113e-01, 3.57925475e-01, 8.92624080e-01,
            6.89828694e-01, 4.45191085e-01, 8.44268620e-01,
            7.47830033e-01, 5.05178452e-01, 8.41846466e-01,
            4.47260022e-01, 5.48860371e-01, 7.37474740e-01,
            4.47326243e-01, 6.85400426e-01, 8.45338643e-01,
            4.51968551e-01, 8.21835458e-01, 8.02540720e-01,
            5.97481012e-01, 5.48883200e-01, 7.53489494e-01,
            6.02306545e-01, 6.85416877e-01, 8.83088827e-01,
            6.02610469e-01, 8.19019854e-01, 8.48848939e-01,
            4.95637149e-01, 2.70372778e-01, 9.11973238e-01,
            5.49012959e-01, 2.70378381e-01, 8.97357702e-01,
            4.76017594e-01, 2.73228526e-01, 8.79013360e-01,
            5.73382556e-01, 2.75882959e-01, 8.72042000e-01 ]
    }
}
