{
    "pose_0": {
        "type_id": "opencv-matrix",
        "rows": 1,
        "cols": 18,
        "dt": "3f",
        "data": [ 5.19589126e-01, 2.70598412e-01, 9.58799958e-01,
            5.15048146e-01, 3.55064809e-01, 9.00489032e-01,
            4.03439730e-01, 3.55117798e-01, 8.72089446e-01,
            3.15947980e-01, 4.01364654e-01, 7.84658313e-01,
            2.86797553e-01, 4.20586079e-01, 8.27101946e-01,
            6.26583278e-01, 3.55021179e-01, 8.19076657e-01,
            7.18756080e-01, 4.42456782e-01, 7.85428405e-01,
            7.52767861e-01, 4.23287630e-01, 8.58156025e-01,
            4.42272812e-01, 5.40731966e-01, 7.32205987e-01,
            4.46870804e-01, 6.79886222e-01, 8.09816420e-01,
            4.47205901e-01, 8.19048762e-01, 8.45172703e-01,
            5.92559695e-01, 5.40727258e-01, 7.02625513e-01,
            5.92771232e-01, 6.77127779e-01, 7.70989418e-01,
            5.97624719e-01, 8.16261232e-01, 8.18435073e-01,
            4.85995531e-01, 2.56839365e-01, 9.26217973e-01,
            5.29779017e-01, 2.59517461e-01, 8.51651251e-01,
            4.52016711e-01, 2.70326346e-01, 9.02255416e-01,
            5.63802242e-01, 2.70435035e-01, 9.46090341e-01 ]
    }
}
