{
    "pose_0": {
        "type_id": "opencv-matrix",
        "rows": 1,
        "cols": 18,
        "dt": "3f",
        "data": [ 5.10040164e-01, 2.67766505e-01, 9.00468051e-01,
            5.15046537e-01, 3.38760793e-01, 9.26184893e-01,
            4.03500050e-01, 3.41399133e-01, 8.82120132e-01,
            2.91901171e-01, 3.82363737e-01, 7.95883596e-01,
            2.91928113e-01, 4.01458442e-01, 8.75650406e-01,
            6.17003798e-01, 3.38704437e-01, 8.66371870e-01,
            7.14195132e-01, 4.12410498e-01, 6.22864723e-01,
            7.18970478e-01, 4.04144734e-01, 8.22730601e-01,
            4.42169309e-01, 5.32402039e-01, 7.58989692e-01,
            4.42321569e-01, 6.66289806e-01, 8.38468134e-01,
            4.47147876e-01, 8.10953617e-01, 8.08750987e-01,
            5.82898855e-01, 5.32492697e-01, 7.21830726e-01,
            5.87735713e-01, 6.66357219e-01, 7.76114225e-01,
            5.97410440e-01, 8.05419028e-01, 7.89144576e-01,
            4.81160998e-01, 2.51430124e-01, 1.01794016e+00,
            5.24873197e-01, 2.51432896e-01, 9.43079054e-01,
            4.47161049e-01, 2.64994949e-01, 9.47067738e-01,
            5.63401937e-01, 2.62331575e-01, 9.06576335e-01 ]
    }
}
