{
    "pose_0": {
        "type_id": "opencv-matrix",
        "rows": 1,
        "cols": 18,
        "dt": "3f",
        "data": [ 4.85691518e-01, 2.70346493e-01, 9.76509690e-01,
            4.85788703e-01, 3.44147354e-01, 9.27052021e-01,
            3.74157518e-01, 3.38726640e-01, 8.90879452e-01,
            2.86636829e-01, 3.96006286e-01, 7.12053061e-01,
            2.86821812e-01, 4.07010406e-01, 8.02424192e-01,
            5.97364843e-01, 3.52293998e-01, 8.47061038e-01,
            6.16912067e-01, 4.42388088e-01, 7.78082013e-01,
            5.92765450e-01, 5.10650873e-01, 6.84581935e-01,
            4.08136964e-01, 5.37979126e-01, 7.96431124e-01,
            4.42288816e-01, 6.85354173e-01, 8.01807463e-01,
            4.71370459e-01, 8.35403383e-01, 7.52067626e-01,
            5.53846359e-01, 5.32456160e-01, 7.62775064e-01,
            5.15088379e-01, 6.25261903e-01, 7.94625342e-01,
            5.53874791e-01, 7.39923000e-01, 7.35232711e-01,
            4.52006251e-01, 2.51487970e-01, 9.15451407e-01,
            5.10160327e-01, 2.51456082e-01, 8.77209127e-01,
            4.27564353e-01, 2.65001595e-01, 8.48593831e-01,
            5.39273262e-01, 2.62268037e-01, 7.88343370e-01 ]
    }
}
