{
    "pose_0": {
        "type_id": "opencv-matrix",
        "rows": 1,
        "cols": 18,
        "dt": "3f",
        "data": [ 5.19712389e-01, 2.73348540e-01, 9.47756052e-01,
            5.19809484e-01, 3.57775897e-01, 9.26371634e-01,
            4.08119112e-01, 3.57771039e-01, 8.98631454e-01,
            3.64558578e-01, 4.50590283e-01, 8.61806452e-01,
            3.35427552e-01, 5.35295904e-01, 8.87166798e-01,
            6.26726449e-01, 3.57673436e-01, 8.60324085e-01,
            6.85012639e-01, 4.45080310e-01, 8.30825031e-01,
            7.14216590e-01, 5.27094364e-01, 8.83224130e-01,
            4.47088391e-01, 5.51630020e-01, 7.70330191e-01,
            4.66445386e-01, 6.90795839e-01, 8.17689359e-01,
            4.71203268e-01, 8.16247582e-01, 7.81741142e-01,
            5.97521663e-01, 5.51599264e-01, 7.79636383e-01,
            5.87863863e-01, 6.90780282e-01, 8.00895631e-01,
            5.68609893e-01, 8.24543953e-01, 7.71122694e-01,
            4.86044943e-01, 2.67677546e-01, 9.33477402e-01,
            5.34523606e-01, 2.67662317e-01, 8.51138592e-01,
            4.56765115e-01, 2.73123473e-01, 8.86451721e-01,
            5.68421543e-01, 2.73171335e-01, 9.49523687e-01 ]
    }
}
