{
    "pose_0": {
        "type_id": "opencv-matrix",
        "rows": 1,
        "cols": 18,
        "dt": "3f",
        "data": [ 4.86093938e-01, 2.81450689e-01, 9.22369361e-01,
            4.85989183e-01, 3.60458404e-01, 9.59698319e-01,
            3.79127949e-01, 3.57881933e-01, 8.73551607e-01,
            3.25563580e-01, 4.45281118e-01, 9.01038349e-01,
            2.96774775e-01, 5.21585107e-01, 8.40291440e-01,
            5.97495496e-01, 3.60513687e-01, 9.23617482e-01,
            6.41435325e-01, 4.50653404e-01, 8.44507515e-01,
            6.46270514e-01, 5.35117090e-01, 9.03813541e-01,
            4.13110048e-01, 5.48834324e-01, 7.41521001e-01,
            4.37254936e-01, 6.85338378e-01, 7.97739029e-01,
            4.56696540e-01, 8.19169283e-01, 8.01011682e-01,
            5.63389182e-01, 5.48845649e-01, 7.67546296e-01,
            5.68445385e-01, 6.79937899e-01, 8.22475016e-01,
            6.02551103e-01, 8.16287935e-01, 8.72514367e-01,
            4.71311897e-01, 2.70518750e-01, 9.14271772e-01,
            5.19672811e-01, 2.70511001e-01, 9.56581950e-01,
            4.41990823e-01, 2.73347229e-01, 9.10289407e-01,
            5.53680182e-01, 2.75912762e-01, 8.72463524e-01 ]
    }
}
