{
    "pose_0": {
        "type_id": "opencv-matrix",
        "rows": 1,
        "cols": 18,
        "dt": "3f",
        "data": [ 5.10151088e-01, 2.70313770e-01, 9.02222753e-01,
            5.10179877e-01, 3.44128042e-01, 8.64655018e-01,
            4.03291851e-01, 3.44151348e-01, 8.80252540e-01,
            3.25481564e-01, 4.12382990e-01, 8.39909792e-01,
            3.20767164e-01, 4.47996080e-01, 8.51552606e-01,
            6.07408702e-01, 3.41489792e-01, 8.52256000e-01,
            6.99524045e-01, 4.20609832e-01, 8.19777191e-01,
            7.14118958e-01, 4.48000222e-01, 9.64017153e-01,
            4.42050695e-01, 5.35191000e-01, 7.45138645e-01,
            4.42315549e-01, 6.66317403e-01, 8.35328817e-01,
            4.47055638e-01, 8.13578546e-01, 8.23309541e-01,
            5.78148544e-01, 5.35191953e-01, 7.40248144e-01,
            5.87814391e-01, 6.66275561e-01, 7.98760295e-01,
            5.97408473e-01, 8.02768171e-01, 8.01595271e-01,
            4.81253952e-01, 2.51458168e-01, 9.96607304e-01,
            5.24983466e-01, 2.51458377e-01, 9.19797063e-01,
            4.47223127e-01, 2.65029341e-01, 9.31773782e-01,
            5.63479424e-01, 2.64956325e-01, 8.96001220e-01 ]
    }
}
