{
    "pose_0": {
        "type_id": "opencv-matrix",
        "rows": 1,
        "cols": 18,
        "dt": "3f",
        "data": [ 4.80840951e-01, 2.62257367e-01, 9.10438776e-01,
            4.95586693e-01, 3.38743567e-01, 8.97463381e-01,
            3.69460404e-01, 3.38853002e-01, 8.76241744e-01,
            3.20794910e-01, 4.37016219e-01, 8.10360670e-01,
            2.62613207e-01, 5.10578990e-01, 8.10994983e-01,
            6.31484807e-01, 3.38627905e-01, 8.20159316e-01,
            7.72356153e-01, 3.38744968e-01, 7.70621181e-01,
            8.69401813e-01, 2.78704852e-01, 7.94890821e-01,
            4.08292025e-01, 5.32413125e-01, 7.67363429e-01,
            4.08409715e-01, 6.66353643e-01, 8.29278588e-01,
            4.17892456e-01, 8.02707851e-01, 7.75606632e-01,
            5.58684409e-01, 5.32493114e-01, 7.81540036e-01,
            5.58913827e-01, 6.66356385e-01, 8.43063354e-01,
            5.63637137e-01, 7.97386706e-01, 8.47147346e-01,
            4.47192192e-01, 2.48678029e-01, 9.86956060e-01,
            4.95557219e-01, 2.48657808e-01, 9.01560605e-01,
            4.13279921e-01, 2.51443356e-01, 9.08742547e-01,
            5.29546380e-01, 2.51442701e-01, 9.29619133e-01 ]
    }
}
