{
    "pose_0": {
        "type_id": "opencv-matrix",
        "rows": 1,
        "cols": 18,
        "dt": "3f",
        "data": [ 4.95717347e-01, 2.75943756e-01, 8.99529099e-01,
            5.05231500e-01, 3.57803106e-01, 8.82316709e-01,
            3.98586839e-01, 3.57748836e-01, 8.87986779e-01,
            3.30477864e-01, 4.47781116e-01, 8.91844749e-01,
            3.11223686e-01, 5.29825032e-01, 8.42931747e-01,
            6.07197642e-01, 3.57814699e-01, 9.03815269e-01,
            6.70297444e-01, 4.47885275e-01, 8.54827762e-01,
            6.89828813e-01, 5.37917733e-01, 8.60398591e-01,
            4.42032993e-01, 5.48878431e-01, 7.38545775e-01,
            4.47005957e-01, 6.88047290e-01, 8.61285686e-01,
            4.61634785e-01, 8.19125473e-01, 8.05157900e-01,
            5.82960665e-01, 5.51599741e-01, 7.20360339e-01,
            5.63759804e-01, 6.88125491e-01, 8.53493452e-01,
            5.68624556e-01, 8.21859896e-01, 7.93517113e-01,
            4.80900764e-01, 2.67769724e-01, 9.48168635e-01,
            5.24583042e-01, 2.67728329e-01, 9.41597939e-01,
            4.46990669e-01, 2.73204595e-01, 9.30160344e-01,
            5.58757544e-01, 2.73197472e-01, 9.44193065e-01 ]
    }
}
