{
    "pose_0": {
        "type_id": "opencv-matrix",
        "rows": 1,
        "cols": 18,
        "dt": "3f",
        "data": [ 4.85676706e-01, 2.54092604e-01, 9.51955855e-01,
            4.85944331e-01, 3.35996002e-01, 9.54557061e-01,
            3.74308079e-01, 3.35947931e-01, 8.72161686e-01,
            2.87071913e-01, 4.25987363e-01, 8.79613161e-01,
            2.04441935e-01, 4.67038125e-01, 8.86247814e-01,
            5.97651482e-01, 3.35991114e-01, 9.04099941e-01,
            7.13963866e-01, 4.12393779e-01, 8.60161006e-01,
            8.35312843e-01, 4.45056081e-01, 8.38697255e-01,
            4.12996590e-01, 5.24349749e-01, 7.32620120e-01,
            4.13147271e-01, 6.63404286e-01, 8.03345144e-01,
            4.22707945e-01, 7.97365606e-01, 7.99740493e-01,
            5.58789849e-01, 5.27041554e-01, 7.55260825e-01,
            5.63462317e-01, 6.63589716e-01, 8.71037245e-01,
            5.68408966e-01, 7.94614017e-01, 8.39442849e-01,
            4.56721544e-01, 2.45944813e-01, 8.97848248e-01,
            5.10138690e-01, 2.45898843e-01, 8.73325586e-01,
            4.32437450e-01, 2.51306832e-01, 8.75425637e-01,
            5.39240539e-01, 2.51332194e-01, 8.85885596e-01 ]
    }
}
