{
    "pose_0": {
        "type_id": "opencv-matrix",
        "rows": 1,
        "cols": 18,
        "dt": "3f",
        "data": [ 4.85833287e-01, 2.67803133e-01, 9.67521310e-01,
            4.85919148e-01, 3.41509998e-01, 9.41488028e-01,
            3.74374002e-01, 3.38692129e-01, 8.76295149e-01,
            2.82019526e-01, 3.90584528e-01, 6.86612725e-01,
            2.86706120e-01, 4.01413620e-01, 7.96600521e-01,
            5.97514927e-01, 3.49611700e-01, 8.62005830e-01,
            6.02619588e-01, 4.45211023e-01, 7.73000002e-01,
            5.92630029e-01, 5.05228937e-01, 4.05684769e-01,
            4.08394068e-01, 5.38023651e-01, 7.69582093e-01,
            4.42268282e-01, 6.88150704e-01, 8.01771522e-01,
            4.76222306e-01, 8.35424960e-01, 8.05803776e-01,
            5.58673978e-01, 5.27035534e-01, 7.67197251e-01,
            4.90874588e-01, 6.08948469e-01, 7.89782345e-01,
            5.39359212e-01, 7.18113363e-01, 7.41294146e-01,
            4.56816077e-01, 2.51477867e-01, 9.01429176e-01,
            5.14943957e-01, 2.51441836e-01, 9.06255543e-01,
            4.32562858e-01, 2.64996290e-01, 8.56018424e-01,
            5.48951864e-01, 2.62314051e-01, 8.26690912e-01 ]
    }
}
