{
    "pose_0": {
        "type_id": "opencv-matrix",
        "rows": 1,
        "cols": 18,
        "dt": "3f",
        "data": [ 5.19854367e-01, 2.56818801e-01, 9.05518651e-01,
            5.19930005e-01, 3.36001426e-01, 9.48691368e-01,
            4.08233792e-01, 3.38638365e-01, 9.22295690e-01,
            3.69370073e-01, 4.26173300e-01, 8.27446342e-01,
            3.93574655e-01, 4.96990263e-01, 7.51508832e-01,
            6.31565034e-01, 3.33269507e-01, 8.67859364e-01,
            6.84910297e-01, 4.07001376e-01, 7.29734123e-01,
            6.99456394e-01, 3.82300228e-01, 7.93059647e-01,
            4.47195500e-01, 5.35172343e-01, 7.35558152e-01,
            4.61629003e-01, 6.82592273e-01, 7.88582802e-01,
            4.52074379e-01, 8.13656390e-01, 7.89228201e-01,
            5.97746193e-01, 5.35202503e-01, 7.72095084e-01,
            5.97479284e-01, 6.85406804e-01, 8.55232000e-01,
            5.73267698e-01, 8.27310503e-01, 7.32372880e-01,
            4.90672082e-01, 2.48529077e-01, 9.39225554e-01,
            5.44121683e-01, 2.48548850e-01, 8.76035631e-01,
            4.61582601e-01, 2.51358122e-01, 8.51447046e-01,
            5.78117669e-01, 2.51459718e-01, 9.15418446e-01 ]
    }
}
