{
    "pose_0": {
        "type_id": "opencv-matrix",
        "rows": 1,
        "cols": 18,
        "dt": "3f",
        "data": [ 5.05388916e-01, 2.67725974e-01, 8.93476009e-01,
            5.10234118e-01, 3.41519296e-01, 8.76932442e-01,
            4.03141558e-01, 3.44240308e-01, 8.48323822e-01,
            2.91589975e-01, 4.06957448e-01, 8.65227580e-01,
            3.01383138e-01, 4.28885609e-01, 8.77874851e-01,
            6.17020547e-01, 3.41447383e-01, 8.27123702e-01,
            7.13909805e-01, 4.04243141e-01, 8.52626026e-01,
            7.13869631e-01, 4.26184416e-01, 9.06732380e-01,
            4.42141712e-01, 5.32458484e-01, 7.42359161e-01,
            4.42266375e-01, 6.66228771e-01, 8.40299368e-01,
            4.47129577e-01, 8.13597679e-01, 8.16146731e-01,
            5.82916081e-01, 5.32554030e-01, 7.19386160e-01,
            5.87757409e-01, 6.66225493e-01, 7.99144685e-01,
            5.97487688e-01, 8.02720964e-01, 8.00572515e-01,
            4.81128275e-01, 2.51385421e-01, 1.01635480e+00,
            5.24901688e-01, 2.51380414e-01, 9.43699419e-01,
            4.47159350e-01, 2.64976561e-01, 9.23955142e-01,
            5.63419878e-01, 2.62280703e-01, 8.85002613e-01 ]
    }
}
