{
    "pose_0": {
        "type_id": "opencv-matrix",
        "rows": 1,
        "cols": 18,
        "dt": "3f",
        "data": [ 5.19897223e-01, 2.84128398e-01, 9.08015072e-01,
            5.20070374e-01, 3.55097771e-01, 9.18274760e-01,
            4.18017626e-01, 3.55093718e-01, 8.11013341e-01,
            3.64380389e-01, 4.20617104e-01, 7.89113283e-01,
            3.35541546e-01, 3.82466286e-01, 8.25062871e-01,
            6.21830940e-01, 3.54989678e-01, 8.32471251e-01,
            6.94662869e-01, 4.15113926e-01, 7.33661592e-01,
            7.13827670e-01, 3.79675239e-01, 8.33731353e-01,
            4.47201461e-01, 5.37943065e-01, 7.42253661e-01,
            4.47238505e-01, 6.82654262e-01, 8.30634773e-01,
            4.47333723e-01, 8.21838140e-01, 8.18550706e-01,
            5.97350359e-01, 5.40721357e-01, 7.45341897e-01,
            5.97762585e-01, 6.85223579e-01, 8.49529386e-01,
            6.02232814e-01, 8.19090962e-01, 8.37977707e-01,
            4.90790039e-01, 2.70582318e-01, 9.31659102e-01,
            5.39321661e-01, 2.73098469e-01, 8.69348049e-01,
            4.66430962e-01, 2.75958419e-01, 8.39594185e-01,
            5.68472147e-01, 2.78656334e-01, 8.95021856e-01 ]
    }
}
