{
    "pose_0": {
        "type_id": "opencv-matrix",
        "rows": 1,
        "cols": 18,
        "dt": "3f",
        "data": [ 4.81009305e-01, 2.62265354e-01, 9.09335256e-01,
            4.85821009e-01, 3.38865072e-01, 9.34526861e-01,
            3.69469762e-01, 3.41462135e-01, 8.63305628e-01,
            2.96548784e-01, 4.34236944e-01, 8.09820831e-01,
            2.33477935e-01, 4.97002780e-01, 8.06531847e-01,
            6.02212727e-01, 3.38730931e-01, 8.95659626e-01,
            7.28727639e-01, 3.85091871e-01, 8.32169890e-01,
            8.69153559e-01, 3.55022639e-01, 8.00924182e-01,
            4.08314168e-01, 5.32452345e-01, 7.53753304e-01,
            4.08389866e-01, 6.66325390e-01, 8.12049270e-01,
            4.13266599e-01, 8.08170140e-01, 7.71659136e-01,
            5.58640897e-01, 5.32473743e-01, 7.54740536e-01,
            5.58926642e-01, 6.68954432e-01, 8.40464473e-01,
            5.63558221e-01, 7.97354877e-01, 8.47998679e-01,
            4.47335303e-01, 2.48708263e-01, 9.63046074e-01,
            5.00440001e-01, 2.48692736e-01, 8.87057245e-01,
            4.17982638e-01, 2.54108965e-01, 8.67937624e-01,
            5.29559851e-01, 2.54117191e-01, 8.87669921e-01 ]
    }
}
