{
    "pose_0": {
        "type_id": "opencv-matrix",
        "rows": 1,
        "cols": 18,
        "dt": "3f",
        "data": [ 5.10225296e-01, 2.70595312e-01, 9.33238029e-01,
            5.15070379e-01, 3.52379292e-01, 8.83141994e-01,
            4.08106297e-01, 3.52361083e-01, 8.69055212e-01,
            3.30665290e-01, 4.31540847e-01, 8.40614557e-01,
            2.62704879e-01, 4.94296193e-01, 8.27840805e-01,
            6.07432485e-01, 3.52294266e-01, 8.28341246e-01,
            6.94579899e-01, 4.42445993e-01, 8.23407471e-01,
            7.81953752e-01, 4.94303346e-01, 8.36416960e-01,
            4.42285389e-01, 5.35222650e-01, 7.43640602e-01,
            4.42346573e-01, 6.71707153e-01, 8.16024244e-01,
            4.46969241e-01, 8.16348672e-01, 8.49444091e-01,
            5.82923412e-01, 5.35289526e-01, 7.15697944e-01,
            5.87916613e-01, 6.71696186e-01, 7.69993722e-01,
            5.97410738e-01, 8.10912788e-01, 7.89632380e-01,
            4.81229693e-01, 2.56874055e-01, 9.35651898e-01,
            5.24959266e-01, 2.56792724e-01, 9.05336678e-01,
            4.47286248e-01, 2.70348698e-01, 9.13752139e-01,
            5.63500345e-01, 2.67756462e-01, 9.28085804e-01 ]
    }
}
