{
    "pose_0": {
        "type_id": "opencv-matrix",
        "rows": 1,
        "cols": 18,
        "dt": "3f",
        "data": [ 5.14829099e-01, 2.70538121e-01, 9.38069940e-01,
            5.19591570e-01, 3.54985595e-01, 8.90043437e-01,
            4.08114135e-01, 3.52403849e-01, 8.63251567e-01,
            3.20724368e-01, 4.34230924e-01, 8.01678479e-01,
            2.23706484e-01, 4.86001700e-01, 8.18118751e-01,
            6.12149417e-01, 3.52377385e-01, 8.24392796e-01,
            7.04234600e-01, 4.45187539e-01, 8.29434216e-01,
            7.86932766e-01, 4.91488993e-01, 8.99435282e-01,
            4.42250729e-01, 5.35262704e-01, 7.44489431e-01,
            4.42320883e-01, 6.68966293e-01, 8.25150967e-01,
            4.46951598e-01, 8.16248417e-01, 8.51291120e-01,
            5.82896173e-01, 5.37931085e-01, 7.11527944e-01,
            5.87863505e-01, 6.69034600e-01, 7.65376568e-01,
            5.97267091e-01, 8.05496097e-01, 7.80047119e-01,
            4.85697538e-01, 2.56808847e-01, 9.43075418e-01,
            5.25017560e-01, 2.54207969e-01, 8.99310172e-01,
            4.51876938e-01, 2.70364940e-01, 8.66124272e-01,
            5.63554764e-01, 2.67797947e-01, 9.22674954e-01 ]
    }
}
