{
    "pose_0": {
        "type_id": "opencv-matrix",
        "rows": 1,
        "cols": 18,
        "dt": "3f",
        "data": [ 5.20105600e-01, 2.70436466e-01, 9.87608612e-01,
            5.25006950e-01, 3.38849455e-01, 9.28527057e-01,
            4.27677184e-01, 3.44173819e-01, 8.32148671e-01,
            4.03500438e-01, 4.42466199e-01, 6.88050926e-01,
            4.37278301e-01, 4.97034818e-01, 3.01241159e-01,
            6.36485398e-01, 3.38612914e-01, 9.24488425e-01,
            7.28576481e-01, 4.12427336e-01, 7.24779129e-01,
            7.23686159e-01, 4.01430011e-01, 8.50520730e-01,
            4.51970726e-01, 5.21567345e-01, 7.43004739e-01,
            4.86059904e-01, 6.08955145e-01, 7.90873170e-01,
            4.56810296e-01, 7.31869936e-01, 8.26892972e-01,
            6.02246642e-01, 5.35327733e-01, 7.76380122e-01,
            5.63767016e-01, 6.88138127e-01, 8.29252660e-01,
            5.63601017e-01, 8.35525036e-01, 8.23220551e-01,
            4.90931273e-01, 2.54054159e-01, 8.97477448e-01,
            5.49029529e-01, 2.54095614e-01, 8.84623289e-01,
            4.66568947e-01, 2.62315571e-01, 8.03443968e-01,
            5.83025098e-01, 2.65006781e-01, 8.42024505e-01 ]
    }
}
