{
    "pose_0": {
        "type_id": "opencv-matrix",
        "rows": 1,
        "cols": 18,
        "dt": "3f",
        "data": [ 5.19777119e-01, 2.73091674e-01, 9.80148911e-01,
            5.19972444e-01, 3.52352768e-01, 9.10471320e-01,
            4.08242047e-01, 3.52363139e-01, 8.70519638e-01,
            3.64306688e-01, 4.48026717e-01, 8.43304276e-01,
            3.30616564e-01, 5.35219371e-01, 8.95321071e-01,
            6.31500304e-01, 3.46946031e-01, 8.19514573e-01,
            6.99479043e-01, 4.23269391e-01, 7.96890914e-01,
            7.18875110e-01, 4.72444594e-01, 8.09685767e-01,
            4.42385137e-01, 5.48867762e-01, 7.53523290e-01,
            4.56741512e-01, 6.88114405e-01, 7.99500644e-01,
            4.76142794e-01, 8.27310085e-01, 7.69405186e-01,
            5.92656434e-01, 5.51552355e-01, 7.20272362e-01,
            5.73346019e-01, 6.88084006e-01, 7.74998844e-01,
            5.68562269e-01, 8.19222033e-01, 7.78022289e-01,
            4.86104131e-01, 2.56833553e-01, 9.07720566e-01,
            5.39241791e-01, 2.56848425e-01, 8.41966033e-01,
            4.56739873e-01, 2.67709792e-01, 8.52015018e-01,
            5.68569064e-01, 2.67718703e-01, 8.57406199e-01 ]
    }
}
