{
    "pose_0": {
        "type_id": "opencv-matrix",
        "rows": 1,
        "cols": 18,
        "dt": "3f",
        "data": [ 5.24569392e-01, 2.76011318e-01, 9.51340497e-01,
            5.24639964e-01, 3.57917875e-01, 9.75600123e-01,
            4.13189024e-01, 3.60434443e-01, 8.63485575e-01,
            3.30728918e-01, 4.04241502e-01, 8.55541945e-01,
            2.87014335e-01, 4.28773195e-01, 8.82538021e-01,
            6.36263013e-01, 3.57865274e-01, 8.88668120e-01,
            7.18831658e-01, 4.26114917e-01, 8.14645767e-01,
            7.77223647e-01, 4.31502730e-01, 8.17493916e-01,
            4.51925635e-01, 5.48890293e-01, 7.27469623e-01,
            4.47337449e-01, 6.85398281e-01, 8.28269005e-01,
            4.51933235e-01, 8.21885467e-01, 8.03603411e-01,
            5.97608209e-01, 5.51532984e-01, 7.73068964e-01,
            6.02244318e-01, 6.85471654e-01, 8.75913262e-01,
            6.02505267e-01, 8.19057405e-01, 8.59836400e-01,
            4.95695084e-01, 2.70394176e-01, 9.13629115e-01,
            5.49055219e-01, 2.70390332e-01, 9.01577115e-01,
            4.76101935e-01, 2.73357123e-01, 8.74240339e-01,
            5.73403955e-01, 2.75947213e-01, 8.63149226e-01 ]
    }
}
