{
    "pose_0": {
        "type_id": "opencv-matrix",
        "rows": 1,
        "cols": 18,
        "dt": "3f",
        "data": [ 4.85731870e-01, 2.45864540e-01, 9.54511642e-01,
            4.85799730e-01, 3.22405487e-01, 8.89531791e-01,
            3.64327282e-01, 3.22337955e-01, 8.05456102e-01,
            2.08969101e-01, 3.66024435e-01, 7.95432687e-01,
            5.89584671e-02, 3.52355987e-01, 7.70339072e-01,
            6.07421160e-01, 3.22401851e-01, 7.88470209e-01,
            7.62728572e-01, 3.76979649e-01, 8.25553179e-01,
            9.03296590e-01, 3.57776046e-01, 7.44949043e-01,
            4.08502966e-01, 5.13453722e-01, 7.32935190e-01,
            4.13173825e-01, 6.49884045e-01, 7.71428406e-01,
            4.32402819e-01, 7.94455945e-01, 8.13021839e-01,
            5.58912754e-01, 5.16093791e-01, 7.38862813e-01,
            5.63538015e-01, 6.52595162e-01, 8.12047482e-01,
            5.68385124e-01, 7.89097309e-01, 8.20072472e-01,
            4.56712931e-01, 2.29511395e-01, 9.14190471e-01,
            5.10261297e-01, 2.29488924e-01, 9.01873648e-01,
            4.32433158e-01, 2.35012785e-01, 8.39583993e-01,
            5.39370418e-01, 2.35012516e-01, 8.31797659e-01 ]
    }
}
