{
    "pose_0": {
        "type_id": "opencv-matrix",
        "rows": 1,
        "cols": 18,
        "dt": "3f",
        "data": [ 5.24645567e-01, 2.73252487e-01, 9.63020325e-01,
            5.24902940e-01, 3.52295160e-01, 9.00558472e-01,
            4.32388544e-01, 3.55054647e-01, 8.43736649e-01,
            3.98505896e-01, 4.45192844e-01, 7.78187752e-01,
            4.32442039e-01, 5.05182326e-01, 5.85472822e-01,
            6.36376977e-01, 3.44146252e-01, 8.86536717e-01,
            7.18788385e-01, 4.01510715e-01, 7.48731017e-01,
            7.19035625e-01, 4.23266083e-01, 8.39244485e-01,
            4.56891358e-01, 5.29769421e-01, 7.47202873e-01,
            4.86111701e-01, 6.41688168e-01, 8.82262588e-01,
            4.81052130e-01, 7.50746548e-01, 8.59124899e-01,
            6.02441490e-01, 5.35273910e-01, 7.68083155e-01,
            5.97553015e-01, 6.88202262e-01, 8.37176919e-01,
            5.68554103e-01, 8.27248216e-01, 7.14880645e-01,
            4.95745689e-01, 2.65030980e-01, 8.54264021e-01,
            5.53715050e-01, 2.65012264e-01, 8.72490466e-01,
            4.76103365e-01, 2.70531327e-01, 8.85371983e-01,
            5.83007216e-01, 2.70572901e-01, 9.17470574e-01 ]
    }
}
