{
    "pose_0": {
        "type_id": "opencv-matrix",
        "rows": 1,
        "cols": 18,
        "dt": "3f",
        "data": [ 5.20055652e-01, 2.76012391e-01, 9.54224348e-01,
            5.24554491e-01, 3.57920438e-01, 9.49434340e-01,
            4.13159490e-01, 3.57858896e-01, 8.87269378e-01,
            3.64275903e-01, 4.42360818e-01, 8.58554721e-01,
            3.30611885e-01, 5.13516784e-01, 9.08079147e-01,
            6.31546855e-01, 3.60453278e-01, 8.97871256e-01,
            6.85114086e-01, 4.47903991e-01, 8.36475790e-01,
            7.33473003e-01, 5.07942379e-01, 8.43727708e-01,
            4.47205245e-01, 5.46174824e-01, 7.36961961e-01,
            4.47285295e-01, 6.85410738e-01, 8.46401095e-01,
            4.51966852e-01, 8.21812332e-01, 8.11482251e-01,
            5.97447336e-01, 5.48916578e-01, 7.49873459e-01,
            6.02327108e-01, 6.85403943e-01, 8.75731826e-01,
            6.02617562e-01, 8.19050550e-01, 8.55584145e-01,
            4.90932286e-01, 2.70362824e-01, 9.24018145e-01,
            5.48916340e-01, 2.70365000e-01, 8.86750996e-01,
            4.71383214e-01, 2.73241371e-01, 8.58671546e-01,
            5.73328257e-01, 2.73366809e-01, 8.81045997e-01 ]
    }
}
