{
    "pose_0": {
        "type_id": "opencv-matrix",
        "rows": 1,
        "cols": 18,
        "dt": "3f",
        "data": [ 5.19692242e-01, 2.75981635e-01, 9.28453684e-01,
            5.19890726e-01, 3.57806683e-01, 9.42848325e-01,
            4.08232868e-01, 3.57816517e-01, 8.85936916e-01,
            3.25619727e-01, 4.04180378e-01, 7.98228264e-01,
            2.91596651e-01, 4.23322409e-01, 8.33929718e-01,
            6.31564498e-01, 3.57751489e-01, 8.70066285e-01,
            7.18958795e-01, 4.42401201e-01, 7.94699669e-01,
            7.53034711e-01, 4.23337013e-01, 8.33718181e-01,
            4.46928054e-01, 5.46177149e-01, 7.59849370e-01,
            4.47117269e-01, 6.85254037e-01, 8.34294438e-01,
            4.47233468e-01, 8.19207728e-01, 8.33111167e-01,
            5.92670441e-01, 5.46140850e-01, 7.20149815e-01,
            5.97485363e-01, 6.82553113e-01, 8.01848054e-01,
            5.97725511e-01, 8.16270351e-01, 8.40540171e-01,
            4.86112654e-01, 2.67784923e-01, 9.44926739e-01,
            5.34466565e-01, 2.70333409e-01, 8.78309369e-01,
            4.56752956e-01, 2.73128927e-01, 8.95820439e-01,
            5.63831210e-01, 2.73249805e-01, 9.34062958e-01 ]
    }
}
