{
    "pose_0": {
        "type_id": "opencv-matrix",
        "rows": 1,
        "cols": 18,
        "dt": "3f",
        "data": [ 5.20102441e-01, 2.70535946e-01, 9.86595869e-01,
            5.24981678e-01, 3.44164252e-01, 9.05821800e-01,
            4.32374626e-01, 3.52317005e-01, 8.32219839e-01,
            4.03270394e-01, 4.45195705e-01, 7.62650073e-01,
            4.37410414e-01, 5.07911921e-01, 4.63577360e-01,
            6.36495411e-01, 3.38800758e-01, 9.23730850e-01,
            7.19135821e-01, 4.20538753e-01, 7.59968936e-01,
            7.19063103e-01, 3.98754567e-01, 7.76613832e-01,
            4.61608797e-01, 5.29722750e-01, 7.47680962e-01,
            4.90890324e-01, 6.22564197e-01, 8.43228519e-01,
            4.80770260e-01, 7.37189293e-01, 8.47917318e-01,
            6.02442026e-01, 5.35296857e-01, 7.85931051e-01,
            5.83018363e-01, 6.88003838e-01, 7.96375811e-01,
            5.68469882e-01, 8.29996765e-01, 7.19474792e-01,
            4.95556384e-01, 2.54212588e-01, 8.74749899e-01,
            5.49040675e-01, 2.56822467e-01, 8.69708598e-01,
            4.71378148e-01, 2.67705023e-01, 7.97987759e-01,
            5.83007216e-01, 2.70343363e-01, 8.71940851e-01 ]
    }
}
