{
    "pose_0": {
        "type_id": "opencv-matrix",
        "rows": 1,
        "cols": 18,
        "dt": "3f",
        "data": [ 5.19937992e-01, 2.84106046e-01, 9.08124268e-01,
            5.24540544e-01, 3.55095536e-01, 9.23269749e-01,
            4.22719419e-01, 3.57668966e-01, 8.15253973e-01,
            3.64259511e-01, 4.20615733e-01, 7.51767159e-01,
            3.35485369e-01, 3.85096669e-01, 8.28396738e-01,
            6.26619518e-01, 3.52395028e-01, 8.41470778e-01,
            7.04373181e-01, 4.12462980e-01, 7.22803771e-01,
            7.09130347e-01, 3.79676759e-01, 8.22374821e-01,
            4.47300673e-01, 5.38013101e-01, 7.35530615e-01,
            4.47258681e-01, 6.82675838e-01, 8.30586195e-01,
            4.47344065e-01, 8.19224477e-01, 8.26609075e-01,
            5.97448230e-01, 5.43392599e-01, 7.57172883e-01,
            5.97752392e-01, 6.82669640e-01, 8.45046759e-01,
            6.02223098e-01, 8.19039106e-01, 8.40102375e-01,
            4.90821093e-01, 2.70576596e-01, 9.28646684e-01,
            5.39370239e-01, 2.70601183e-01, 8.69367480e-01,
            4.66478199e-01, 2.75992066e-01, 8.41080308e-01,
            5.68502903e-01, 2.78644770e-01, 8.95634115e-01 ]
    }
}
