{
    "pose_0": {
        "type_id": "opencv-matrix",
        "rows": 1,
        "cols": 18,
        "dt": "3f",
        "data": [ 5.10034740e-01, 2.67763555e-01, 8.97837043e-01,
            5.19637227e-01, 3.38758469e-01, 9.32680547e-01,
            4.08101320e-01, 3.38848323e-01, 8.87737513e-01,
            3.06349963e-01, 3.79661769e-01, 7.47814476e-01,
            3.01408559e-01, 3.98702741e-01, 8.16483498e-01,
            6.16996408e-01, 3.38702202e-01, 8.68985236e-01,
            7.14060664e-01, 4.04264450e-01, 6.31803811e-01,
            7.14011610e-01, 4.01570708e-01, 7.83226013e-01,
            4.42118555e-01, 5.32470644e-01, 7.54385889e-01,
            4.42292482e-01, 6.66288078e-01, 8.39510143e-01,
            4.47118849e-01, 8.10922205e-01, 8.07848513e-01,
            5.82896352e-01, 5.32544971e-01, 7.22731888e-01,
            5.87747574e-01, 6.66380823e-01, 7.72695065e-01,
            5.97399354e-01, 8.05432856e-01, 7.90589809e-01,
            4.81146246e-01, 2.51426816e-01, 1.01656783e+00,
            5.24855375e-01, 2.51424909e-01, 9.44412887e-01,
            4.47148144e-01, 2.64974892e-01, 9.40523863e-01,
            5.63389897e-01, 2.62293458e-01, 8.99772346e-01 ]
    }
}
