{
    "pose_0": {
        "type_id": "opencv-matrix",
        "rows": 1,
        "cols": 18,
        "dt": "3f",
        "data": [ 5.14858186e-01, 2.70586371e-01, 9.48708534e-01,
            5.00534415e-01, 3.52314174e-01, 8.46281290e-01,
            3.93726677e-01, 3.44198853e-01, 8.27548087e-01,
            2.48017460e-01, 3.85080278e-01, 8.48068297e-01,
            1.21770315e-01, 3.74208182e-01, 7.40747988e-01,
            6.07311130e-01, 3.55080605e-01, 8.70140374e-01,
            6.80086672e-01, 4.50702220e-01, 8.82115722e-01,
            7.67409503e-01, 4.97024298e-01, 7.90227532e-01,
            4.37225521e-01, 5.38004696e-01, 7.29834914e-01,
            4.37369794e-01, 6.82607114e-01, 8.01219940e-01,
            4.42060500e-01, 8.16452146e-01, 8.27454329e-01,
            5.73210299e-01, 5.40716708e-01, 7.03282416e-01,
            5.68531573e-01, 6.82531774e-01, 8.08335900e-01,
            5.83007753e-01, 8.13666523e-01, 7.89025307e-01,
            4.85753298e-01, 2.56799132e-01, 9.39441144e-01,
            5.29535592e-01, 2.56877363e-01, 8.70956302e-01,
            4.47285891e-01, 2.67766029e-01, 9.37796116e-01,
            5.63577056e-01, 2.70348102e-01, 9.31305885e-01 ]
    }
}
