{
    "pose_0": {
        "type_id": "opencv-matrix",
        "rows": 1,
        "cols": 18,
        "dt": "3f",
        "data": [ 4.81103152e-01, 2.29655147e-01, 9.68193710e-01,
            4.81234670e-01, 3.14139634e-01, 9.43629384e-01,
            3.69371623e-01, 3.14093292e-01, 8.86266768e-01,
            2.43223935e-01, 3.85177881e-01, 8.00875962e-01,
            1.12064198e-01, 4.12428200e-01, 7.44567633e-01,
            5.97455680e-01, 3.14146340e-01, 8.95717978e-01,
            7.09185958e-01, 3.93318325e-01, 8.52480054e-01,
            8.30714464e-01, 4.23356831e-01, 9.16790485e-01,
            4.08348322e-01, 5.02521157e-01, 7.26692498e-01,
            4.08431858e-01, 6.44348383e-01, 8.24974418e-01,
            4.17882115e-01, 7.80941844e-01, 7.77886331e-01,
            5.58640957e-01, 5.07905662e-01, 7.49303818e-01,
            5.63404262e-01, 6.44361675e-01, 8.69674325e-01,
            5.63635349e-01, 7.78192580e-01, 8.40765953e-01,
            4.51934487e-01, 2.21369654e-01, 8.98109019e-01,
            5.05324006e-01, 2.21375912e-01, 8.46847057e-01,
            4.27622169e-01, 2.26861641e-01, 8.37497711e-01,
            5.34422994e-01, 2.29420587e-01, 8.98005784e-01 ]
    }
}
