{
    "pose_0": {
        "type_id": "opencv-matrix",
        "rows": 1,
        "cols": 18,
        "dt": "3f",
        "data": [ 5.19672513e-01, 2.73233324e-01, 9.71235693e-01,
            5.19623995e-01, 3.55091423e-01, 9.09359813e-01,
            4.08124238e-01, 3.57663929e-01, 8.90081286e-01,
            3.20805222e-01, 4.04293746e-01, 8.38063538e-01,
            2.87054539e-01, 4.28782374e-01, 8.72004628e-01,
            6.21840060e-01, 3.55027914e-01, 8.20633352e-01,
            7.09089100e-01, 4.25998002e-01, 7.16419816e-01,
            7.43223071e-01, 4.26090807e-01, 8.49069774e-01,
            4.42419201e-01, 5.40742576e-01, 7.40602911e-01,
            4.47004884e-01, 6.79836094e-01, 8.14285994e-01,
            4.47222143e-01, 8.19068670e-01, 8.44052374e-01,
            5.92622101e-01, 5.43445289e-01, 7.21369207e-01,
            5.97343862e-01, 6.82581902e-01, 8.10144663e-01,
            5.97623587e-01, 8.16298723e-01, 8.29538167e-01,
            4.86052662e-01, 2.62282252e-01, 9.17754591e-01,
            5.34473777e-01, 2.64986724e-01, 8.52760434e-01,
            4.52050477e-01, 2.70428985e-01, 9.06540871e-01,
            5.63836634e-01, 2.73094356e-01, 9.46872771e-01 ]
    }
}
