{
    "pose_0": {
        "type_id": "opencv-matrix",
        "rows": 1,
        "cols": 18,
        "dt": "3f",
        "data": [ 5.19644737e-01, 2.70587504e-01, 9.64022696e-01,
            5.19636393e-01, 3.55010808e-01, 9.02341843e-01,
            4.08061057e-01, 3.55102420e-01, 8.67701113e-01,
            3.16072255e-01, 3.98677617e-01, 7.76414871e-01,
            2.86676526e-01, 4.09699768e-01, 7.94977367e-01,
            6.21877849e-01, 3.52367848e-01, 8.14578831e-01,
            7.14230537e-01, 4.39715415e-01, 7.79517174e-01,
            7.53021002e-01, 4.15110886e-01, 8.50879848e-01,
            4.42289293e-01, 5.40687680e-01, 7.41890073e-01,
            4.46897238e-01, 6.79887354e-01, 8.08895528e-01,
            4.47169423e-01, 8.19043279e-01, 8.49879384e-01,
            5.92510581e-01, 5.40712774e-01, 7.01844215e-01,
            5.97304583e-01, 6.77152574e-01, 7.80343175e-01,
            5.97583950e-01, 8.16294074e-01, 8.22487891e-01,
            4.86027360e-01, 2.56845891e-01, 9.23568487e-01,
            5.34392118e-01, 2.59525120e-01, 8.47066700e-01,
            4.52048033e-01, 2.70380765e-01, 9.19854164e-01,
            5.63781261e-01, 2.70480782e-01, 9.52105999e-01 ]
    }
}
