{
    "pose_0": {
        "type_id": "opencv-matrix",
        "rows": 1,
        "cols": 18,
        "dt": "3f",
        "data": [ 5.24590194e-01, 2.73105055e-01, 9.72382128e-01,
            5.24908960e-01, 3.46882075e-01, 8.96606326e-01,
            4.32398915e-01, 3.52396518e-01, 8.30579340e-01,
            4.03474331e-01, 4.47955012e-01, 7.86539435e-01,
            4.42218125e-01, 5.10736585e-01, 5.72349131e-01,
            6.36422396e-01, 3.38858843e-01, 9.19397950e-01,
            7.19054997e-01, 4.15170193e-01, 6.91640735e-01,
            7.18933880e-01, 4.06944454e-01, 7.59945214e-01,
            4.61640179e-01, 5.29801667e-01, 7.61346579e-01,
            4.95615661e-01, 6.25306070e-01, 8.37636411e-01,
            4.76245612e-01, 7.42644250e-01, 8.35492373e-01,
            6.02420211e-01, 5.35288274e-01, 7.87629187e-01,
            5.82963049e-01, 6.96280479e-01, 7.33133197e-01,
            5.68476737e-01, 8.32705557e-01, 7.37810850e-01,
            4.95716214e-01, 2.59563357e-01, 8.46905768e-01,
            5.53693116e-01, 2.59600699e-01, 8.66090298e-01,
            4.76055771e-01, 2.70363450e-01, 8.65737796e-01,
            5.82983851e-01, 2.70466208e-01, 9.06497121e-01 ]
    }
}
