{
    "pose_0": {
        "type_id": "opencv-matrix",
        "rows": 1,
        "cols": 18,
        "dt": "3f",
        "data": [ 4.81262267e-01, 2.75910527e-01, 9.54586327e-01,
            4.81028199e-01, 3.57700795e-01, 9.38271344e-01,
            3.69670182e-01, 3.52363527e-01, 8.47921550e-01,
            2.96530485e-01, 4.25977379e-01, 8.68590355e-01,
            2.86974072e-01, 4.91483033e-01, 9.09733474e-01,
            5.78200459e-01, 3.57865393e-01, 8.68136644e-01,
            5.97638130e-01, 4.47799057e-01, 7.30546713e-01,
            5.63644886e-01, 5.16106129e-01, 3.31445247e-01,
            4.08479780e-01, 5.40657282e-01, 7.57007360e-01,
            4.37420636e-01, 6.77154601e-01, 7.94800580e-01,
            4.61652219e-01, 8.16420138e-01, 7.86336899e-01,
            5.53904295e-01, 5.35265863e-01, 7.62926161e-01,
            5.24586737e-01, 6.52587712e-01, 8.16763163e-01,
            5.63494503e-01, 7.72761941e-01, 8.04012775e-01,
            4.52082604e-01, 2.67779350e-01, 9.06990290e-01,
            5.10132492e-01, 2.67732799e-01, 8.68932962e-01,
            4.32459503e-01, 2.73258120e-01, 8.60628009e-01,
            5.39248526e-01, 2.73256004e-01, 8.91251743e-01 ]
    }
}
