{
    "pose_0": {
        "type_id": "opencv-matrix",
        "rows": 1,
        "cols": 18,
        "dt": "3f",
        "data": [ 5.14878213e-01, 2.70578146e-01, 9.44042563e-01,
            5.19609690e-01, 3.52403283e-01, 8.86499405e-01,
            4.08115774e-01, 3.52408201e-01, 8.63412797e-01,
            3.25558394e-01, 4.42388266e-01, 8.23200047e-01,
            2.38345966e-01, 4.91720706e-01, 8.74341369e-01,
            6.12159133e-01, 3.52336109e-01, 8.19408357e-01,
            7.04211235e-01, 4.45158929e-01, 8.34622562e-01,
            7.91600704e-01, 4.91683245e-01, 8.82766366e-01,
            4.42282647e-01, 5.35225213e-01, 7.44347095e-01,
            4.42278981e-01, 6.68945670e-01, 8.24850798e-01,
            4.46948558e-01, 8.16259384e-01, 8.47269893e-01,
            5.78222632e-01, 5.35319149e-01, 7.15287924e-01,
            5.87844253e-01, 6.69061959e-01, 7.64749110e-01,
            5.97301900e-01, 8.10926974e-01, 7.86673307e-01,
            4.85707700e-01, 2.56842315e-01, 9.37698066e-01,
            5.29502690e-01, 2.56804585e-01, 8.90382230e-01,
            4.51855958e-01, 2.70360321e-01, 8.67395222e-01,
            5.63581467e-01, 2.70323873e-01, 9.21914577e-01 ]
    }
}
