{
    "pose_0": {
        "type_id": "opencv-matrix",
        "rows": 1,
        "cols": 18,
        "dt": "3f",
        "data": [ 5.19612372e-01, 2.62244374e-01, 8.87837887e-01,
            5.15084505e-01, 3.38659137e-01, 9.18791592e-01,
            4.03422743e-01, 3.38780671e-01, 9.08044040e-01,
            3.64289254e-01, 4.34224963e-01, 8.14083993e-01,
            3.64423662e-01, 5.10746837e-01, 8.61356497e-01,
            6.21898949e-01, 3.36021572e-01, 8.82064581e-01,
            6.89815700e-01, 3.82484406e-01, 6.68788075e-01,
            7.04375327e-01, 4.01554376e-01, 8.03052604e-01,
            4.47014302e-01, 5.32535553e-01, 7.55400002e-01,
            4.51899529e-01, 6.85242176e-01, 8.22500229e-01,
            4.51977164e-01, 8.27321172e-01, 7.92853773e-01,
            5.97382545e-01, 5.32573700e-01, 7.60109186e-01,
            5.92484415e-01, 6.85330331e-01, 7.88079143e-01,
            5.73298156e-01, 8.30012381e-01, 7.51445532e-01,
            4.85937268e-01, 2.48622552e-01, 9.84109342e-01,
            5.34507036e-01, 2.48657539e-01, 8.90963495e-01,
            4.51977849e-01, 2.51418054e-01, 8.86291683e-01,
            5.68576932e-01, 2.54068226e-01, 9.09345984e-01 ]
    }
}
