{
    "pose_0": {
        "type_id": "opencv-matrix",
        "rows": 1,
        "cols": 18,
        "dt": "3f",
        "data": [ 5.14834821e-01, 2.70593286e-01, 9.42108750e-01,
            5.10178864e-01, 3.52388024e-01, 8.60547602e-01,
            4.03274953e-01, 3.49661171e-01, 8.52235436e-01,
            2.62572438e-01, 4.01428282e-01, 7.92221069e-01,
            1.41296446e-01, 4.04179931e-01, 8.37950945e-01,
            6.07359231e-01, 3.55039567e-01, 8.54889989e-01,
            6.80163622e-01, 4.47878957e-01, 9.06814814e-01,
            7.67559052e-01, 4.94306505e-01, 8.21051061e-01,
            4.41926479e-01, 5.37991762e-01, 7.47403324e-01,
            4.41990763e-01, 6.79873705e-01, 7.85671294e-01,
            4.42224711e-01, 8.16394448e-01, 8.51121664e-01,
            5.73268294e-01, 5.38041651e-01, 7.17481017e-01,
            5.68631470e-01, 6.79852724e-01, 7.81318605e-01,
            5.87787867e-01, 8.13675165e-01, 7.90757060e-01,
            4.85695362e-01, 2.56851941e-01, 9.32199895e-01,
            5.24996758e-01, 2.56844878e-01, 8.88612032e-01,
            4.47254181e-01, 2.70323455e-01, 9.36430991e-01,
            5.63404202e-01, 2.67796636e-01, 9.02374983e-01 ]
    }
}
