{
    "pose_0": {
        "type_id": "opencv-matrix",
        "rows": 1,
        "cols": 18,
        "dt": "3f",
        "data": [ 5.10218084e-01, 2.70578027e-01, 9.31095600e-01,
            5.10246873e-01, 3.52405190e-01, 8.67280185e-01,
            4.03369427e-01, 3.52338433e-01, 8.65250885e-01,
            2.81838387e-01, 4.06966478e-01, 8.01400006e-01,
            1.55745775e-01, 4.23410684e-01, 8.14892113e-01,
            6.07341766e-01, 3.55025023e-01, 8.53506982e-01,
            6.80197060e-01, 4.47823644e-01, 9.03533697e-01,
            7.67555475e-01, 4.94311392e-01, 8.13201189e-01,
            4.42054659e-01, 5.35344601e-01, 7.55451441e-01,
            4.42059010e-01, 6.74428046e-01, 7.92412281e-01,
            4.42264020e-01, 8.16299796e-01, 8.39824438e-01,
            5.73318720e-01, 5.37993133e-01, 7.20144033e-01,
            5.73298275e-01, 6.77125156e-01, 7.69594252e-01,
            5.87782264e-01, 8.10914814e-01, 7.76319325e-01,
            4.81287897e-01, 2.56862521e-01, 9.32552516e-01,
            5.24965405e-01, 2.56827652e-01, 8.94077897e-01,
            4.47306991e-01, 2.70363033e-01, 9.17012155e-01,
            5.63412011e-01, 2.70328730e-01, 9.18534875e-01 ]
    }
}
