{
    "pose_0": {
        "type_id": "opencv-matrix",
        "rows": 1,
        "cols": 18,
        "dt": "3f",
        "data": [ 4.85765636e-01, 2.56802589e-01, 9.47999179e-01,
            4.81151164e-01, 3.38794827e-01, 9.29443538e-01,
            3.69224459e-01, 3.38633358e-01, 9.19782519e-01,
            2.96759218e-01, 4.23225641e-01, 8.30615580e-01,
            2.96504706e-01, 4.86141652e-01, 8.44185054e-01,
            5.97447157e-01, 3.41435373e-01, 8.98743153e-01,
            6.55748129e-01, 4.42364067e-01, 8.04766417e-01,
            6.84917450e-01, 5.32471001e-01, 8.86132002e-01,
            4.08230066e-01, 5.38001418e-01, 7.28918552e-01,
            4.22840834e-01, 6.88108921e-01, 7.74977446e-01,
            4.52044189e-01, 8.32714498e-01, 7.81114221e-01,
            5.58894098e-01, 5.37981033e-01, 7.54168689e-01,
            5.63497841e-01, 6.85388446e-01, 8.48411202e-01,
            5.78087687e-01, 8.21836948e-01, 7.68662691e-01,
            4.56780791e-01, 2.48523325e-01, 9.10019755e-01,
            5.14936209e-01, 2.48547047e-01, 9.09915745e-01,
            4.27688450e-01, 2.51409024e-01, 8.81223083e-01,
            5.48876882e-01, 2.51530439e-01, 8.63270462e-01 ]
    }
}
