{
    "pose_0": {
        "type_id": "opencv-matrix",
        "rows": 1,
        "cols": 18,
        "dt": "3f",
        "data": [ 4.85796571e-01, 2.70361692e-01, 9.61441815e-01,
            4.85956043e-01, 3.52293462e-01, 9.08413470e-01,
            3.74317408e-01, 3.49622846e-01, 8.31562221e-01,
            3.11068684e-01, 4.42353189e-01, 7.74650693e-01,
            2.91808993e-01, 5.13429999e-01, 8.63315642e-01,
            5.97635150e-01, 3.49609703e-01, 8.77998769e-01,
            6.70216262e-01, 4.42422628e-01, 8.22340131e-01,
            7.09167004e-01, 5.32383978e-01, 8.72948885e-01,
            4.13140655e-01, 5.40664196e-01, 7.22385228e-01,
            4.42020953e-01, 6.88195050e-01, 7.98542142e-01,
            4.66426104e-01, 8.24619949e-01, 7.48708189e-01,
            5.63591778e-01, 5.40728986e-01, 7.51198888e-01,
            5.63572586e-01, 6.85418606e-01, 8.53342056e-01,
            5.68352997e-01, 8.19221556e-01, 7.94633508e-01,
            4.56820309e-01, 2.51507014e-01, 8.89780641e-01,
            5.14987886e-01, 2.51501024e-01, 9.08668995e-01,
            4.37167406e-01, 2.65024215e-01, 8.50146890e-01,
            5.53667307e-01, 2.67650664e-01, 8.60554457e-01 ]
    }
}
