{
    "pose_0": {
        "type_id": "opencv-matrix",
        "rows": 1,
        "cols": 18,
        "dt": "3f",
        "data": [ 4.86063898e-01, 2.54201502e-01, 9.42702413e-01,
            4.85708624e-01, 3.36002678e-01, 9.77279484e-01,
            3.83921444e-01, 3.27774048e-01, 7.81325758e-01,
            2.91604847e-01, 3.63254070e-01, 7.15470910e-01,
            3.11081856e-01, 3.68759006e-01, 8.26191664e-01,
            5.87729394e-01, 3.38835299e-01, 8.48331928e-01,
            5.97587943e-01, 4.25966263e-01, 7.04222620e-01,
            5.73298633e-01, 4.75216180e-01, 4.09626901e-01,
            4.08094853e-01, 5.35301983e-01, 7.74987936e-01,
            4.42171246e-01, 6.88015759e-01, 7.90157497e-01,
            4.56869006e-01, 8.38238657e-01, 7.88923621e-01,
            5.53802907e-01, 5.24320543e-01, 7.59184062e-01,
            5.19616425e-01, 6.06206715e-01, 8.13725531e-01,
            5.58496773e-01, 7.34471798e-01, 7.90671825e-01,
            4.66547161e-01, 2.48519480e-01, 9.04912055e-01,
            5.19698024e-01, 2.48577192e-01, 9.40357447e-01,
            4.37205732e-01, 2.54061043e-01, 9.10757542e-01,
            5.53701222e-01, 2.54220039e-01, 8.41331899e-01 ]
    }
}
