{
    "pose_0": {
        "type_id": "opencv-matrix",
        "rows": 1,
        "cols": 18,
        "dt": "3f",
        "data": [ 5.14827907e-01, 2.70545453e-01, 9.34099436e-01,
            5.15107691e-01, 3.54991794e-01, 8.89496446e-01,
            4.08113599e-01, 3.54980916e-01, 8.61855030e-01,
            3.15957963e-01, 4.36954588e-01, 7.88523853e-01,
            2.14200899e-01, 4.80604142e-01, 8.50642860e-01,
            6.12135887e-01, 3.52368325e-01, 8.25959563e-01,
            7.04255104e-01, 4.45202649e-01, 8.19746196e-01,
            7.86943078e-01, 4.91504312e-01, 9.01408076e-01,
            4.42303479e-01, 5.35293221e-01, 7.49774933e-01,
            4.42289829e-01, 6.69024289e-01, 8.20290387e-01,
            4.46930945e-01, 8.16261172e-01, 8.51677597e-01,
            5.82941771e-01, 5.37951112e-01, 7.12107599e-01,
            5.87871134e-01, 6.69074893e-01, 7.62912691e-01,
            5.92736781e-01, 8.08161676e-01, 7.71187246e-01,
            4.85694081e-01, 2.56821662e-01, 9.40239549e-01,
            5.25004506e-01, 2.54215479e-01, 8.99266064e-01,
            4.51846868e-01, 2.70366997e-01, 8.87770176e-01,
            5.63534558e-01, 2.67795563e-01, 9.35046077e-01 ]
    }
}
