{
    "pose_0": {
        "type_id": "opencv-matrix",
        "rows": 1,
        "cols": 18,
        "dt": "3f",
        "data": [ 4.85914230e-01, 2.67754078e-01, 9.57490921e-01,
            4.85807210e-01, 3.46872151e-01, 9.23975646e-01,
            3.74395132e-01, 3.44234675e-01, 8.30899656e-01,
            3.01470459e-01, 4.36965585e-01, 7.85410881e-01,
            2.33541444e-01, 4.96987224e-01, 7.99442649e-01,
            5.97400665e-01, 3.46865118e-01, 8.71827781e-01,
            6.75277889e-01, 4.39718455e-01, 8.69702339e-01,
            7.67448843e-01, 4.72424805e-01, 8.23104858e-01,
            4.08462197e-01, 5.35168648e-01, 7.41379142e-01,
            4.08509403e-01, 6.71668053e-01, 7.99740911e-01,
            4.18007106e-01, 8.13643813e-01, 8.00822735e-01,
            5.58675170e-01, 5.35250127e-01, 7.67879307e-01,
            5.63406527e-01, 6.71741188e-01, 8.17811370e-01,
            5.63688040e-01, 8.08225095e-01, 8.15846264e-01,
            4.66398776e-01, 2.51446605e-01, 8.92505229e-01,
            5.15097082e-01, 2.51470864e-01, 9.32896376e-01,
            4.37373519e-01, 2.62269109e-01, 8.62752497e-01,
            5.48917830e-01, 2.67652571e-01, 8.47469509e-01 ]
    }
}
