{
    "pose_0": {
        "type_id": "opencv-matrix",
        "rows": 1,
        "cols": 18,
        "dt": "3f",
        "data": [ 4.81236815e-01, 2.32243776e-01, 9.49330688e-01,
            4.85686719e-01, 3.14262867e-01, 9.33364630e-01,
            3.64605039e-01, 3.14233243e-01, 8.66636992e-01,
            2.09227532e-01, 3.79520535e-01, 8.20859849e-01,
            8.29601735e-02, 3.82317513e-01, 7.84813464e-01,
            6.02322400e-01, 3.16817254e-01, 8.76831949e-01,
            7.38331974e-01, 3.82468790e-01, 8.36417019e-01,
            8.59686017e-01, 3.98805201e-01, 8.03653300e-01,
            4.08315450e-01, 5.07989287e-01, 7.44933963e-01,
            4.08438265e-01, 6.44499302e-01, 8.15502644e-01,
            4.17904377e-01, 7.86346674e-01, 7.77945399e-01,
            5.58643222e-01, 5.10677934e-01, 7.50675201e-01,
            5.63439369e-01, 6.44538343e-01, 8.36488366e-01,
            5.63668311e-01, 7.78249204e-01, 8.26896071e-01,
            4.52017993e-01, 2.24045470e-01, 9.00283217e-01,
            5.10125518e-01, 2.24021152e-01, 8.61849964e-01,
            4.27665710e-01, 2.29448155e-01, 8.44866157e-01,
            5.39244354e-01, 2.29486451e-01, 8.82723927e-01 ]
    }
}
