{
    "pose_0": {
        "type_id": "opencv-matrix",
        "rows": 1,
        "cols": 18,
        "dt": "3f",
        "data": [ 4.81102854e-01, 2.54190564e-01, 9.39698994e-01,
            4.81144100e-01, 3.35999906e-01, 9.56371546e-01,
            3.69611382e-01, 3.27799112e-01, 8.30902338e-01,
            2.86692590e-01, 3.68783623e-01, 7.38341510e-01,
            2.92002499e-01, 3.82431328e-01, 8.61584544e-01,
            5.87794185e-01, 3.38816732e-01, 8.60196114e-01,
            6.21873796e-01, 4.39701259e-01, 7.13826954e-01,
            5.97667813e-01, 5.07901311e-01, 3.86317551e-01,
            4.08126324e-01, 5.35180807e-01, 8.06319535e-01,
            4.27647531e-01, 6.82620645e-01, 7.35843360e-01,
            4.56776023e-01, 8.38142455e-01, 7.75052905e-01,
            5.58483303e-01, 5.29749215e-01, 7.75833726e-01,
            5.24836004e-01, 6.44347489e-01, 8.29604089e-01,
            5.63679636e-01, 7.56388366e-01, 7.80239999e-01,
            4.51924920e-01, 2.48511285e-01, 9.36418653e-01,
            5.05367696e-01, 2.48536646e-01, 8.77484322e-01,
            4.22736317e-01, 2.51445770e-01, 8.91351998e-01,
            5.34494877e-01, 2.54102141e-01, 8.97796392e-01 ]
    }
}
