{
    "pose_0": {
        "type_id": "opencv-matrix",
        "rows": 1,
        "cols": 18,
        "dt": "3f",
        "data": [ 5.19951940e-01, 2.76012659e-01, 9.37791049e-01,
            5.19972563e-01, 3.57882917e-01, 9.36562419e-01,
            4.08448637e-01, 3.57909083e-01, 8.99732828e-01,
            3.64307106e-01, 4.47923660e-01, 8.75129342e-01,
            3.40253204e-01, 5.32447219e-01, 8.77838373e-01,
            6.26666665e-01, 3.57796878e-01, 8.68820786e-01,
            6.80132151e-01, 4.45139587e-01, 8.77356589e-01,
            7.14029312e-01, 5.13519466e-01, 9.15692866e-01,
            4.46952701e-01, 5.46161056e-01, 7.57861316e-01,
            4.47171569e-01, 6.85257375e-01, 8.46650243e-01,
            4.51870203e-01, 8.19236100e-01, 8.24934542e-01,
            5.97335637e-01, 5.46165466e-01, 7.52843857e-01,
            6.02229893e-01, 6.85274720e-01, 8.58655632e-01,
            6.02633953e-01, 8.19042861e-01, 8.42444956e-01,
            4.90838051e-01, 2.70363122e-01, 9.25857246e-01,
            5.44095933e-01, 2.70385146e-01, 8.76748443e-01,
            4.66560274e-01, 2.73216784e-01, 8.66058707e-01,
            5.68496287e-01, 2.75889724e-01, 9.10382688e-01 ]
    }
}
