{
    "pose_0": {
        "type_id": "opencv-matrix",
        "rows": 1,
        "cols": 18,
        "dt": "3f",
        "data": [ 5.14888644e-01, 2.70538330e-01, 9.51134443e-01,
            5.15095055e-01, 3.38800818e-01, 9.14016724e-01,
            4.08289284e-01, 3.38810325e-01, 8.80883336e-01,
            3.54885668e-01, 4.04251575e-01, 7.95691252e-01,
            3.30598533e-01, 3.76929075e-01, 8.86174321e-01,
            6.07390046e-01, 3.38766485e-01, 8.82020414e-01,
            6.70207262e-01, 4.04351562e-01, 7.24292696e-01,
            6.99542403e-01, 3.76838475e-01, 8.57424259e-01,
            4.42330509e-01, 5.29719234e-01, 7.48682439e-01,
            4.42397892e-01, 6.66189015e-01, 8.25948894e-01,
            4.47084099e-01, 8.13564420e-01, 8.19698215e-01,
            5.83054364e-01, 5.32404661e-01, 7.19173551e-01,
            5.92553616e-01, 6.66221201e-01, 8.09616745e-01,
            5.97446144e-01, 8.02736521e-01, 8.01873386e-01,
            4.85699177e-01, 2.54209489e-01, 9.47578609e-01,
            5.29526770e-01, 2.56796688e-01, 8.79303515e-01,
            4.47246730e-01, 2.67750889e-01, 9.25408244e-01,
            5.63618720e-01, 2.67755002e-01, 9.14054155e-01 ]
    }
}
