{
    "pose_0": {
        "type_id": "opencv-matrix",
        "rows": 1,
        "cols": 18,
        "dt": "3f",
        "data": [ 5.14827907e-01, 2.70562500e-01, 9.36294079e-01,
            5.19740105e-01, 3.52314293e-01, 8.92766356e-01,
            4.08063591e-01, 3.55032504e-01, 8.78704429e-01,
            3.69540632e-01, 4.47890818e-01, 8.40201020e-01,
            3.79045606e-01, 5.27031660e-01, 7.06429422e-01,
            6.26699626e-01, 3.44198287e-01, 8.16390634e-01,
            6.99557066e-01, 4.06993926e-01, 7.02715337e-01,
            7.18708575e-01, 4.42396402e-01, 7.88321912e-01,
            4.46984917e-01, 5.46174467e-01, 7.41316199e-01,
            4.47276533e-01, 6.88084185e-01, 8.73415053e-01,
            4.56801504e-01, 8.16434979e-01, 8.27432871e-01,
            5.97465396e-01, 5.46192110e-01, 7.39534140e-01,
            5.83015561e-01, 6.88222468e-01, 7.76990473e-01,
            5.68326712e-01, 8.30051601e-01, 7.89377987e-01,
            4.81261313e-01, 2.54204661e-01, 9.41116571e-01,
            5.29550493e-01, 2.54203469e-01, 8.86786819e-01,
            4.47266012e-01, 2.67749816e-01, 9.26748455e-01,
            5.63773572e-01, 2.67728657e-01, 9.20322955e-01 ]
    }
}
