{
    "pose_0": {
        "type_id": "opencv-matrix",
        "rows": 1,
        "cols": 18,
        "dt": "3f",
        "data": [ 4.95686829e-01, 2.70477355e-01, 9.23993707e-01,
            4.85994548e-01, 3.44208091e-01, 9.22713220e-01,
            3.74159396e-01, 3.38846326e-01, 8.65057468e-01,
            2.14016005e-01, 3.57735008e-01, 7.85436630e-01,
            8.29416662e-02, 3.30558091e-01, 7.50138640e-01,
            6.02232695e-01, 3.52405131e-01, 8.83876443e-01,
            6.70398295e-01, 4.50697958e-01, 8.33961606e-01,
            7.47895002e-01, 5.05212307e-01, 7.65880823e-01,
            4.17862087e-01, 5.35274804e-01, 7.28734791e-01,
            4.22801167e-01, 6.77184820e-01, 7.55564034e-01,
            4.32510912e-01, 8.16272140e-01, 7.90613890e-01,
            5.63502252e-01, 5.37923455e-01, 7.46882498e-01,
            5.63654065e-01, 6.79834843e-01, 8.17268610e-01,
            5.68454206e-01, 8.10955763e-01, 8.08194280e-01,
            4.81015176e-01, 2.54101902e-01, 9.50880408e-01,
            5.24687350e-01, 2.54212737e-01, 9.20383632e-01,
            4.47060645e-01, 2.64980406e-01, 8.99929166e-01,
            5.58802426e-01, 2.67789185e-01, 9.31185484e-01 ]
    }
}
