{
    "pose_0": {
        "type_id": "opencv-matrix",
        "rows": 1,
        "cols": 18,
        "dt": "3f",
        "data": [ 5.10119975e-01, 2.70481586e-01, 9.30038691e-01,
            5.14910638e-01, 3.52325976e-01, 8.70963037e-01,
            4.03524578e-01, 3.52332354e-01, 8.75854433e-01,
            3.30521077e-01, 4.26088423e-01, 8.66967976e-01,
            2.91610748e-01, 4.86034483e-01, 8.70294213e-01,
            6.07330441e-01, 3.49611491e-01, 8.40838313e-01,
            6.80286407e-01, 4.28825945e-01, 8.61184418e-01,
            7.52974212e-01, 4.88701791e-01, 8.79840374e-01,
            4.42148417e-01, 5.37971735e-01, 7.45589256e-01,
            4.42319632e-01, 6.69065297e-01, 8.23003113e-01,
            4.47033107e-01, 8.13626707e-01, 8.13260615e-01,
            5.78163385e-01, 5.37958264e-01, 7.21631646e-01,
            5.87766647e-01, 6.71672761e-01, 7.64855027e-01,
            5.97409546e-01, 8.10908496e-01, 7.90998876e-01,
            4.81204689e-01, 2.54127145e-01, 9.64824975e-01,
            5.24968326e-01, 2.54114002e-01, 9.11774814e-01,
            4.47217971e-01, 2.67717242e-01, 9.16238248e-01,
            5.63465297e-01, 2.67689496e-01, 8.92438710e-01 ]
    }
}
