{
    "pose_0": {
        "type_id": "opencv-matrix",
        "rows": 1,
        "cols": 18,
        "dt": "3f",
        "data": [ 5.10197461e-01, 2.70477384e-01, 9.31635499e-01,
            5.19701898e-01, 3.38768393e-01, 9.26631987e-01,
            4.13035810e-01, 3.38766873e-01, 8.63791049e-01,
            3.64400864e-01, 4.01557803e-01, 8.21169972e-01,
            3.35352421e-01, 3.74182999e-01, 8.53616834e-01,
            6.07320964e-01, 3.38748336e-01, 8.74958873e-01,
            6.75301373e-01, 4.01421160e-01, 7.03541636e-01,
            6.94657147e-01, 3.71494114e-01, 7.80774355e-01,
            4.42262739e-01, 5.24293303e-01, 7.42107689e-01,
            4.42413867e-01, 6.63587689e-01, 8.24735522e-01,
            4.46991891e-01, 8.13571274e-01, 8.28410208e-01,
            5.78159511e-01, 5.27063012e-01, 7.00626850e-01,
            5.92510939e-01, 6.63628697e-01, 7.99110651e-01,
            5.97428560e-01, 8.02724659e-01, 7.89274096e-01,
            4.85679865e-01, 2.54157156e-01, 9.58856285e-01,
            5.25002599e-01, 2.54198164e-01, 8.90710056e-01,
            4.47294980e-01, 2.67724514e-01, 9.13204730e-01,
            5.63562989e-01, 2.67790616e-01, 9.39489007e-01 ]
    }
}
