{
    "pose_0": {
        "type_id": "opencv-matrix",
        "rows": 1,
        "cols": 18,
        "dt": "3f",
        "data": [ 4.85918939e-01, 2.70343781e-01, 9.48641539e-01,
            4.85957235e-01, 3.46903563e-01, 9.17355597e-01,
            3.79167199e-01, 3.44156325e-01, 8.25666666e-01,
            2.81945109e-01, 4.25976217e-01, 8.29157412e-01,
            1.75444946e-01, 4.72523034e-01, 8.44973922e-01,
            5.97528458e-01, 3.49625081e-01, 8.72863412e-01,
            6.75357997e-01, 4.45079952e-01, 9.01255608e-01,
            7.62600422e-01, 4.91468489e-01, 8.57638180e-01,
            4.13158000e-01, 5.35181999e-01, 7.43019223e-01,
            4.13093984e-01, 6.69071257e-01, 7.84108639e-01,
            4.22801703e-01, 8.16273928e-01, 8.11772704e-01,
            5.58773935e-01, 5.35264909e-01, 7.82701969e-01,
            5.63502312e-01, 6.74414635e-01, 8.06906641e-01,
            5.63646376e-01, 8.08220685e-01, 8.25250149e-01,
            4.66420442e-01, 2.51513273e-01, 8.79897416e-01,
            5.15120208e-01, 2.51526356e-01, 9.13406849e-01,
            4.37446624e-01, 2.64970362e-01, 8.50966871e-01,
            5.53684950e-01, 2.67676294e-01, 8.70476782e-01 ]
    }
}
