{
    "pose_0": {
        "type_id": "opencv-matrix",
        "rows": 1,
        "cols": 18,
        "dt": "3f",
        "data": [ 5.19985557e-01, 2.70430446e-01, 9.85960543e-01,
            5.24964988e-01, 3.38786811e-01, 9.37898993e-01,
            4.27730948e-01, 3.44130009e-01, 8.40006411e-01,
            4.08477217e-01, 4.34259176e-01, 6.18992329e-01,
            4.51841176e-01, 4.88865733e-01, 2.94808507e-01,
            6.36343777e-01, 3.36067021e-01, 9.18218732e-01,
            7.23922491e-01, 4.04159814e-01, 7.24049807e-01,
            7.18936503e-01, 3.90611410e-01, 8.99360359e-01,
            4.51993704e-01, 5.18853724e-01, 7.60317504e-01,
            4.86135691e-01, 6.08946800e-01, 7.84020662e-01,
            4.56826836e-01, 7.31728554e-01, 8.30231190e-01,
            5.97734571e-01, 5.35172045e-01, 7.83928514e-01,
            5.68399727e-01, 6.88157737e-01, 8.09630275e-01,
            5.63596666e-01, 8.38096797e-01, 8.28819931e-01,
            4.90810663e-01, 2.54054308e-01, 9.12605524e-01,
            5.44224143e-01, 2.54119426e-01, 8.64544034e-01,
            4.66405272e-01, 2.64953762e-01, 8.07653844e-01,
            5.78069806e-01, 2.67637610e-01, 8.39967251e-01 ]
    }
}
