{
    "pose_0": {
        "type_id": "opencv-matrix",
        "rows": 1,
        "cols": 18,
        "dt": "3f",
        "data": [ 4.80781406e-01, 2.29419440e-01, 9.66954291e-01,
            4.80887353e-01, 3.14047009e-01, 9.15558338e-01,
            3.54841858e-01, 3.14070553e-01, 8.15105915e-01,
            2.09226146e-01, 3.60475779e-01, 8.17992389e-01,
            6.37004003e-02, 3.57724994e-01, 8.03828537e-01,
            5.97726285e-01, 3.14013600e-01, 8.55323374e-01,
            7.43244290e-01, 3.65998685e-01, 8.22407424e-01,
            8.69165003e-01, 3.57866198e-01, 8.23861361e-01,
            4.08136755e-01, 5.02500594e-01, 7.42807806e-01,
            4.08347428e-01, 6.41591132e-01, 8.30940902e-01,
            4.13058788e-01, 7.78216064e-01, 8.08050454e-01,
            5.58586538e-01, 5.02462089e-01, 7.25928247e-01,
            5.58822811e-01, 6.41643107e-01, 8.38624120e-01,
            5.63483357e-01, 7.75334895e-01, 8.46930444e-01,
            4.47068900e-01, 2.13194460e-01, 9.23727095e-01,
            4.90943044e-01, 2.13181973e-01, 8.54491293e-01,
            4.13060606e-01, 2.26684466e-01, 9.13336515e-01,
            5.25005460e-01, 2.26657510e-01, 8.97156835e-01 ]
    }
}
