{
    "pose_0": {
        "type_id": "opencv-matrix",
        "rows": 1,
        "cols": 18,
        "dt": "3f",
        "data": [ 5.24523139e-01, 2.70375162e-01, 9.80754316e-01,
            5.24815083e-01, 3.41500551e-01, 9.34647322e-01,
            4.17902827e-01, 3.46940607e-01, 8.25317740e-01,
            3.79096031e-01, 4.45222348e-01, 8.47962141e-01,
            3.69447708e-01, 5.27093828e-01, 8.65054488e-01,
            6.36479855e-01, 3.38738531e-01, 9.32426572e-01,
            7.18945682e-01, 4.04309988e-01, 7.27077067e-01,
            7.23676145e-01, 4.26013887e-01, 8.24510276e-01,
            4.51992989e-01, 5.32424152e-01, 7.67301738e-01,
            4.85956877e-01, 6.44311249e-01, 8.10971797e-01,
            4.56768692e-01, 7.56427586e-01, 8.22925210e-01,
            5.97752690e-01, 5.37954092e-01, 7.74788737e-01,
            5.68358064e-01, 6.90781415e-01, 8.01952422e-01,
            5.63610673e-01, 8.35466027e-01, 7.87872910e-01,
            4.90970075e-01, 2.51493543e-01, 9.04814780e-01,
            5.49086928e-01, 2.51518726e-01, 8.91118288e-01,
            4.71343279e-01, 2.62285918e-01, 7.95225680e-01,
            5.87756336e-01, 2.64978021e-01, 8.42598796e-01 ]
    }
}
