{
    "pose_0": {
        "type_id": "opencv-matrix",
        "rows": 1,
        "cols": 18,
        "dt": "3f",
        "data": [ 4.81155187e-01, 2.32238874e-01, 9.58506405e-01,
            4.81223583e-01, 3.14126402e-01, 9.38064754e-01,
            3.69223088e-01, 3.14097404e-01, 8.71966779e-01,
            2.28668362e-01, 3.79694074e-01, 7.90126204e-01,
            9.28617120e-02, 3.93330753e-01, 7.52872944e-01,
            5.97592473e-01, 3.14139187e-01, 8.87755752e-01,
            7.19075620e-01, 3.82516861e-01, 8.79239500e-01,
            8.45147908e-01, 4.04124945e-01, 8.16272736e-01,
            4.08328295e-01, 5.07880270e-01, 7.31412351e-01,
            4.08444047e-01, 6.44409537e-01, 8.20386827e-01,
            4.17913735e-01, 7.86331236e-01, 7.80332983e-01,
            5.58584988e-01, 5.07976055e-01, 7.49435127e-01,
            5.63407481e-01, 6.44418538e-01, 8.57908547e-01,
            5.63664079e-01, 7.78189063e-01, 8.32467198e-01,
            4.51949954e-01, 2.24004552e-01, 9.02816594e-01,
            5.05399585e-01, 2.23992437e-01, 8.53597105e-01,
            4.27565783e-01, 2.26857573e-01, 8.23451996e-01,
            5.39222181e-01, 2.26906791e-01, 8.84835124e-01 ]
    }
}
