{
    "pose_0": {
        "type_id": "opencv-matrix",
        "rows": 1,
        "cols": 18,
        "dt": "3f",
        "data": [ 5.10157645e-01, 2.67796695e-01, 9.00612831e-01,
            5.10196209e-01, 3.41548860e-01, 8.69054794e-01,
            4.03287649e-01, 3.44129741e-01, 8.81513000e-01,
            3.20821851e-01, 4.12423402e-01, 8.27069759e-01,
            3.20681483e-01, 4.47929621e-01, 8.60239148e-01,
            6.07420146e-01, 3.41498762e-01, 8.45479131e-01,
            6.94674730e-01, 4.20500845e-01, 8.17698419e-01,
            7.13941157e-01, 4.47942853e-01, 9.71151173e-01,
            4.42056626e-01, 5.35198867e-01, 7.45247066e-01,
            4.42289293e-01, 6.66331828e-01, 8.34672928e-01,
            4.46959436e-01, 8.10931325e-01, 8.18356872e-01,
            5.78155458e-01, 5.35199046e-01, 7.37348378e-01,
            5.87752879e-01, 6.66295052e-01, 7.89269984e-01,
            5.97374618e-01, 8.05414736e-01, 7.98082829e-01,
            4.81245309e-01, 2.51433998e-01, 1.00102365e+00,
            5.25000453e-01, 2.51438677e-01, 9.19924200e-01,
            4.47206318e-01, 2.64979035e-01, 9.25934911e-01,
            5.63493669e-01, 2.62316853e-01, 8.91802549e-01 ]
    }
}
