{
    "pose_0": {
        "type_id": "opencv-matrix",
        "rows": 1,
        "cols": 18,
        "dt": "3f",
        "data": [ 5.19708872e-01, 2.78698981e-01, 9.01484132e-01,
            5.20053744e-01, 3.57785881e-01, 9.62179542e-01,
            4.08240736e-01, 3.57846290e-01, 8.71443212e-01,
            2.96556622e-01, 3.98782790e-01, 7.35051394e-01,
            2.96541184e-01, 4.12403345e-01, 6.88167632e-01,
            6.36316717e-01, 3.57746065e-01, 9.13341224e-01,
            7.23829567e-01, 4.36927557e-01, 7.85117567e-01,
            7.52887785e-01, 4.07021254e-01, 8.01314116e-01,
            4.46959883e-01, 5.46148479e-01, 7.38463581e-01,
            4.47140574e-01, 6.82600439e-01, 8.28915954e-01,
            4.47223216e-01, 8.21903765e-01, 8.13849330e-01,
            5.92748344e-01, 5.46121657e-01, 7.22185969e-01,
            5.97570300e-01, 6.82595074e-01, 8.31181407e-01,
            5.97758651e-01, 8.19006503e-01, 8.25132191e-01,
            4.86110061e-01, 2.70432174e-01, 9.69017327e-01,
            5.34453571e-01, 2.70451993e-01, 8.93936694e-01,
            4.56730872e-01, 2.73286432e-01, 8.81059110e-01,
            5.68328917e-01, 2.73356825e-01, 9.22901094e-01 ]
    }
}
