{
    "pose_0": {
        "type_id": "opencv-matrix",
        "rows": 1,
        "cols": 18,
        "dt": "3f",
        "data": [ 5.10092795e-01, 2.67741978e-01, 8.91537964e-01,
            5.10236561e-01, 3.44134450e-01, 8.66598904e-01,
            4.03325021e-01, 3.44167352e-01, 8.74619126e-01,
            3.15928131e-01, 4.09678012e-01, 8.07732880e-01,
            3.20645303e-01, 4.45183545e-01, 8.63133788e-01,
            6.12051070e-01, 3.41522336e-01, 8.30871940e-01,
            6.99515104e-01, 4.15172994e-01, 7.98132360e-01,
            7.13851869e-01, 4.45161343e-01, 9.50157881e-01,
            4.42061871e-01, 5.35246968e-01, 7.39932358e-01,
            4.42296416e-01, 6.68975115e-01, 8.23139489e-01,
            4.47011471e-01, 8.13587487e-01, 8.24210584e-01,
            5.78184426e-01, 5.35257995e-01, 7.29745626e-01,
            5.87800562e-01, 6.68941855e-01, 7.81734467e-01,
            5.97364664e-01, 8.05427313e-01, 7.86149621e-01,
            4.81168211e-01, 2.51389116e-01, 1.01280272e+00,
            5.24961412e-01, 2.51390278e-01, 9.28925157e-01,
            4.47185069e-01, 2.64948040e-01, 9.09850657e-01,
            5.63505471e-01, 2.62305409e-01, 8.91482413e-01 ]
    }
}
