{
    "pose_0": {
        "type_id": "opencv-matrix",
        "rows": 1,
        "cols": 18,
        "dt": "3f",
        "data": [ 5.05347431e-01, 2.67754316e-01, 8.97387624e-01,
            5.14862597e-01, 3.41429919e-01, 8.89947355e-01,
            4.03242320e-01, 3.44148397e-01, 8.52591217e-01,
            2.91636050e-01, 3.96045953e-01, 8.53770375e-01,
            2.96641380e-01, 4.17802602e-01, 8.43094289e-01,
            6.16946459e-01, 3.38841230e-01, 8.39760840e-01,
            7.13889897e-01, 3.96044821e-01, 7.64784694e-01,
            7.13937879e-01, 4.17859197e-01, 8.40426326e-01,
            4.42187726e-01, 5.32533646e-01, 7.56725490e-01,
            4.42293823e-01, 6.66275501e-01, 8.41120124e-01,
            4.47094738e-01, 8.10902715e-01, 8.01685333e-01,
            5.78193903e-01, 5.32557428e-01, 7.17662454e-01,
            5.87827206e-01, 6.66315138e-01, 7.90560186e-01,
            5.97449899e-01, 8.02702188e-01, 8.03034842e-01,
            4.81125385e-01, 2.51416028e-01, 1.01442122e+00,
            5.24859548e-01, 2.51410812e-01, 9.43863571e-01,
            4.47179615e-01, 2.64950991e-01, 9.11984324e-01,
            5.63389778e-01, 2.62314945e-01, 8.90753627e-01 ]
    }
}
