{
    "pose_0": {
        "type_id": "opencv-matrix",
        "rows": 1,
        "cols": 18,
        "dt": "3f",
        "data": [ 4.81126338e-01, 2.29690105e-01, 9.66880858e-01,
            4.85681236e-01, 3.14121246e-01, 9.37663436e-01,
            3.69346917e-01, 3.14083278e-01, 8.77947330e-01,
            2.38237888e-01, 3.82284403e-01, 7.73245335e-01,
            1.02396958e-01, 4.01586145e-01, 8.14765096e-01,
            5.97593367e-01, 3.14134091e-01, 8.91438067e-01,
            7.18857646e-01, 3.87878060e-01, 8.55108023e-01,
            8.35503101e-01, 4.15091842e-01, 8.08732748e-01,
            4.08282876e-01, 5.05205154e-01, 7.34627068e-01,
            4.08424109e-01, 6.44416690e-01, 8.22854638e-01,
            4.13248330e-01, 7.83652067e-01, 7.76862681e-01,
            5.58593035e-01, 5.07976413e-01, 7.58218408e-01,
            5.63395381e-01, 6.44458413e-01, 8.55119050e-01,
            5.63643634e-01, 7.78134406e-01, 8.40369701e-01,
            4.51943964e-01, 2.21392870e-01, 8.98716450e-01,
            5.05361617e-01, 2.21396610e-01, 8.50040257e-01,
            4.27584708e-01, 2.26823926e-01, 8.31499577e-01,
            5.34526527e-01, 2.26908103e-01, 8.92370582e-01 ]
    }
}
