{
    "pose_0": {
        "type_id": "opencv-matrix",
        "rows": 1,
        "cols": 18,
        "dt": "3f",
        "data": [ 5.19778728e-01, 2.70600647e-01, 9.85247493e-01,
            5.24567604e-01, 3.44161898e-01, 9.15941894e-01,
            4.13243711e-01, 3.49652469e-01, 8.24707448e-01,
            3.98585945e-01, 4.45034593e-01, 7.74539053e-01,
            4.42172706e-01, 5.07896304e-01, 4.99974012e-01,
            6.31520033e-01, 3.38804424e-01, 8.87162983e-01,
            7.23682702e-01, 4.06936467e-01, 7.07216263e-01,
            7.18760788e-01, 4.09665018e-01, 7.42386699e-01,
            4.51947004e-01, 5.32540441e-01, 7.57270336e-01,
            4.71363425e-01, 6.66201055e-01, 8.23019624e-01,
            4.66552377e-01, 7.80865610e-01, 7.66871452e-01,
            5.97676933e-01, 5.35306454e-01, 7.66290903e-01,
            5.97540557e-01, 6.82554126e-01, 8.41272295e-01,
            5.63850880e-01, 8.27302158e-01, 7.26739824e-01,
            4.86068368e-01, 2.56811798e-01, 9.17016625e-01,
            5.34556031e-01, 2.56821007e-01, 8.52112234e-01,
            4.56744850e-01, 2.67683476e-01, 8.30749393e-01,
            5.68523049e-01, 2.67669231e-01, 8.56557429e-01 ]
    }
}
