{
    "pose_0": {
        "type_id": "opencv-matrix",
        "rows": 1,
        "cols": 18,
        "dt": "3f",
        "data": [ 4.90954012e-01, 2.78708220e-01, 8.91687691e-01,
            4.95542347e-01, 3.57909411e-01, 9.05753076e-01,
            3.98425460e-01, 3.57871354e-01, 8.80031765e-01,
            3.30654263e-01, 4.45251882e-01, 9.11518097e-01,
            3.20794910e-01, 5.27004898e-01, 8.75121713e-01,
            6.02356434e-01, 3.57906222e-01, 9.15674448e-01,
            6.60582483e-01, 4.47950304e-01, 8.40414524e-01,
            6.75018847e-01, 5.32489479e-01, 9.07465518e-01,
            4.17941481e-01, 5.46149075e-01, 7.28020489e-01,
            4.42140937e-01, 6.85374141e-01, 8.37508261e-01,
            4.52023745e-01, 8.19161177e-01, 8.16461384e-01,
            5.63770115e-01, 5.48848867e-01, 7.54169047e-01,
            5.78197837e-01, 6.82641923e-01, 8.12382698e-01,
            6.02473319e-01, 8.16421092e-01, 8.74122262e-01,
            4.80759114e-01, 2.70431757e-01, 9.57128346e-01,
            5.20069659e-01, 2.70447642e-01, 9.79318738e-01,
            4.42335844e-01, 2.73364484e-01, 9.38990474e-01,
            5.58544159e-01, 2.75944293e-01, 8.93186033e-01 ]
    }
}
