{
    "pose_0": {
        "type_id": "opencv-matrix",
        "rows": 1,
        "cols": 18,
        "dt": "3f",
        "data": [ 5.10145426e-01, 2.70450592e-01, 9.27398443e-01,
            5.14974475e-01, 3.49624991e-01, 8.65225315e-01,
            4.03559089e-01, 3.49596590e-01, 8.70391786e-01,
            3.30351025e-01, 4.23332483e-01, 8.73117924e-01,
            3.01387489e-01, 4.72446322e-01, 8.56111467e-01,
            6.12036586e-01, 3.46916109e-01, 8.20523441e-01,
            6.85091853e-01, 4.26054090e-01, 8.55890214e-01,
            7.43089914e-01, 4.77888823e-01, 8.40487897e-01,
            4.42019284e-01, 5.35313368e-01, 7.37235010e-01,
            4.42323029e-01, 6.69000447e-01, 8.24497104e-01,
            4.47100341e-01, 8.13603580e-01, 8.18591237e-01,
            5.78109920e-01, 5.35325706e-01, 7.26135731e-01,
            5.87776303e-01, 6.68982565e-01, 7.80394495e-01,
            5.97412705e-01, 8.08210194e-01, 7.88473010e-01,
            4.81207103e-01, 2.54080951e-01, 9.74059224e-01,
            5.25002122e-01, 2.54076123e-01, 9.10379946e-01,
            4.47227120e-01, 2.67692238e-01, 9.12639618e-01,
            5.63545644e-01, 2.67662197e-01, 9.06866550e-01 ]
    }
}
