{
    "pose_0": {
        "type_id": "opencv-matrix",
        "rows": 1,
        "cols": 18,
        "dt": "3f",
        "data": [ 5.14846742e-01, 2.70589203e-01, 9.47206557e-01,
            5.05319059e-01, 3.52312595e-01, 8.48765552e-01,
            3.98519695e-01, 3.46864641e-01, 8.37446809e-01,
            2.52960920e-01, 3.87811422e-01, 8.02508533e-01,
            1.26766920e-01, 3.82330090e-01, 8.40936422e-01,
            6.07290447e-01, 3.55042726e-01, 8.64040196e-01,
            6.79980457e-01, 4.48025346e-01, 8.96706522e-01,
            7.62755454e-01, 4.94336158e-01, 8.13059926e-01,
            4.37280983e-01, 5.37957191e-01, 7.28979051e-01,
            4.37412202e-01, 6.79897249e-01, 7.88085699e-01,
            4.42084610e-01, 8.16422343e-01, 8.28156471e-01,
            5.73240042e-01, 5.38047612e-01, 7.04870284e-01,
            5.73217452e-01, 6.79894984e-01, 7.90059805e-01,
            5.87728798e-01, 8.13662708e-01, 7.88578033e-01,
            4.85716939e-01, 2.56807715e-01, 9.38397527e-01,
            5.29504001e-01, 2.56852090e-01, 8.76874804e-01,
            4.47267950e-01, 2.67757744e-01, 9.32015240e-01,
            5.63504457e-01, 2.70323396e-01, 9.11843896e-01 ]
    }
}
