{
    "pose_0": {
        "type_id": "opencv-matrix",
        "rows": 1,
        "cols": 18,
        "dt": "3f",
        "data": [ 4.85788494e-01, 2.45958596e-01, 9.66747880e-01,
            4.85926777e-01, 3.27823222e-01, 8.91447484e-01,
            3.69226933e-01, 3.27785552e-01, 8.28371346e-01,
            2.19008863e-01, 3.79610837e-01, 8.16907883e-01,
            7.82043189e-02, 3.76966745e-01, 7.63478637e-01,
            6.07236207e-01, 3.27801824e-01, 8.17649543e-01,
            7.52654672e-01, 3.85156214e-01, 8.45509589e-01,
            8.69516671e-01, 3.82389873e-01, 7.84217000e-01,
            4.13032711e-01, 5.18828988e-01, 7.18638420e-01,
            4.13171858e-01, 6.55322194e-01, 7.74845719e-01,
            4.32522148e-01, 7.94576287e-01, 8.36762249e-01,
            5.58910668e-01, 5.18869042e-01, 7.28404582e-01,
            5.63578606e-01, 6.55329823e-01, 8.10454547e-01,
            5.68418741e-01, 7.91714549e-01, 8.28776360e-01,
            4.56814766e-01, 2.29584247e-01, 8.94704223e-01,
            5.14931560e-01, 2.29603902e-01, 9.03887451e-01,
            4.32392597e-01, 2.37685829e-01, 8.40097904e-01,
            5.44209898e-01, 2.40458682e-01, 8.09255004e-01 ]
    }
}
