{
    "pose_0": {
        "type_id": "opencv-matrix",
        "rows": 1,
        "cols": 18,
        "dt": "3f",
        "data": [ 4.85952824e-01, 2.70365000e-01, 9.49694932e-01,
            4.85956997e-01, 3.46915752e-01, 9.16980207e-01,
            3.79126489e-01, 3.44165474e-01, 8.27587605e-01,
            2.62611449e-01, 4.23349321e-01, 8.04459691e-01,
            1.65498525e-01, 4.66884226e-01, 8.52757692e-01,
            5.97552359e-01, 3.49657267e-01, 8.75988603e-01,
            6.75317645e-01, 4.45246041e-01, 9.11038518e-01,
            7.57802784e-01, 4.91579801e-01, 8.35451722e-01,
            4.13168281e-01, 5.35222948e-01, 7.47094631e-01,
            4.13133562e-01, 6.71685159e-01, 7.89063394e-01,
            4.22835886e-01, 8.16263139e-01, 8.14891160e-01,
            5.58755398e-01, 5.35321116e-01, 7.72460103e-01,
            5.63506305e-01, 6.71780705e-01, 8.13978136e-01,
            5.63654721e-01, 8.08224022e-01, 8.29606175e-01,
            4.66500938e-01, 2.51519889e-01, 8.79142582e-01,
            5.19642413e-01, 2.54057318e-01, 9.18980002e-01,
            4.41945821e-01, 2.62341082e-01, 8.46149206e-01,
            5.53758979e-01, 2.67683089e-01, 8.73139739e-01 ]
    }
}
