{
    "pose_0": {
        "type_id": "opencv-matrix",
        "rows": 1,
        "cols": 18,
        "dt": "3f",
        "data": [ 4.85677570e-01, 2.54099071e-01, 9.51716006e-01,
            4.85885143e-01, 3.35956991e-01, 9.62955236e-01,
            3.74375761e-01, 3.35873663e-01, 8.66218209e-01,
            2.91652709e-01, 4.23429936e-01, 8.82543087e-01,
            2.04312280e-01, 4.67062235e-01, 8.81929874e-01,
            5.97491980e-01, 3.35988551e-01, 9.03320253e-01,
            7.04415798e-01, 4.25991952e-01, 8.90635192e-01,
            7.96740294e-01, 4.61475134e-01, 8.63426208e-01,
            4.13050741e-01, 5.21577954e-01, 7.24568069e-01,
            4.13152993e-01, 6.60835326e-01, 8.01039577e-01,
            4.27571625e-01, 7.99993753e-01, 7.86569297e-01,
            5.58783054e-01, 5.24345398e-01, 7.52979696e-01,
            5.63459218e-01, 6.63409889e-01, 8.57861161e-01,
            5.68425715e-01, 7.97200203e-01, 8.30088437e-01,
            4.56703246e-01, 2.45917231e-01, 8.96899521e-01,
            5.10125399e-01, 2.45878607e-01, 8.72256696e-01,
            4.32428926e-01, 2.48729661e-01, 8.66043687e-01,
            5.39265096e-01, 2.48767212e-01, 8.74124825e-01 ]
    }
}
