{
    "pose_0": {
        "type_id": "opencv-matrix",
        "rows": 1,
        "cols": 18,
        "dt": "3f",
        "data": [ 5.20069361e-01, 2.54094273e-01, 9.31988180e-01,
            5.24857104e-01, 3.33249480e-01, 9.15124476e-01,
            4.22880530e-01, 3.35905671e-01, 8.54488134e-01,
            3.83994877e-01, 4.23220098e-01, 7.35830843e-01,
            4.17913795e-01, 4.69760031e-01, 5.49085677e-01,
            6.36299908e-01, 3.27799141e-01, 8.55152249e-01,
            7.04305291e-01, 3.95984620e-01, 7.12706029e-01,
            7.04278588e-01, 3.66047323e-01, 8.04257870e-01,
            4.52016890e-01, 5.27008295e-01, 7.29643643e-01,
            4.81078088e-01, 6.60703480e-01, 8.59667480e-01,
            4.56738442e-01, 7.75334954e-01, 7.99104035e-01,
            6.02324128e-01, 5.32425702e-01, 7.82551050e-01,
            5.97693861e-01, 6.82650387e-01, 8.59702885e-01,
            5.68540692e-01, 8.21847022e-01, 7.29289532e-01,
            4.90910530e-01, 2.45928586e-01, 8.95284534e-01,
            5.48979580e-01, 2.45854720e-01, 8.68062854e-01,
            4.71315295e-01, 2.51278996e-01, 8.38453412e-01,
            5.87728262e-01, 2.48735160e-01, 9.26192284e-01 ]
    }
}
