{
    "pose_0": {
        "type_id": "opencv-matrix",
        "rows": 1,
        "cols": 18,
        "dt": "3f",
        "data": [ 4.81053919e-01, 2.65003920e-01, 9.26900029e-01,
            4.81180966e-01, 3.38866800e-01, 9.31894481e-01,
            3.69532675e-01, 3.38865399e-01, 8.75308752e-01,
            2.96562105e-01, 4.34202522e-01, 8.19001794e-01,
            2.38264769e-01, 4.94369328e-01, 8.13784003e-01,
            5.92747509e-01, 3.41391385e-01, 8.67321014e-01,
            7.13899791e-01, 4.09669131e-01, 8.63405049e-01,
            8.40373993e-01, 4.06934738e-01, 8.05333674e-01,
            4.08347338e-01, 5.29821217e-01, 7.45113730e-01,
            4.08431768e-01, 6.66324675e-01, 8.24515104e-01,
            4.17942584e-01, 8.10952723e-01, 7.74723172e-01,
            5.58637619e-01, 5.32431066e-01, 7.65846968e-01,
            5.58902800e-01, 6.68999434e-01, 8.38715672e-01,
            5.63547909e-01, 8.02712381e-01, 8.21539223e-01,
            4.51897651e-01, 2.51246691e-01, 9.52702284e-01,
            5.00507534e-01, 2.51274824e-01, 8.83841515e-01,
            4.22819287e-01, 2.54108816e-01, 8.40527773e-01,
            5.29662192e-01, 2.56825358e-01, 8.80867481e-01 ]
    }
}
