{
    "pose_0": {
        "type_id": "opencv-matrix",
        "rows": 1,
        "cols": 18,
        "dt": "3f",
        "data": [ 4.90703195e-01, 2.62248695e-01, 8.94181848e-01,
            4.90800709e-01, 3.44140381e-01, 8.90395403e-01,
            3.84057164e-01, 3.38705838e-01, 8.52993608e-01,
            2.86809415e-01, 4.01579201e-01, 7.64513969e-01,
            3.06213617e-01, 4.01481748e-01, 7.27101326e-01,
            6.02316916e-01, 3.52384955e-01, 8.73278379e-01,
            6.41222239e-01, 4.47859794e-01, 8.16915810e-01,
            6.02471471e-01, 5.18840969e-01, 5.51814139e-01,
            4.08502907e-01, 5.46127677e-01, 7.50285208e-01,
            4.27560955e-01, 6.90774560e-01, 7.56775200e-01,
            4.61658597e-01, 8.38213205e-01, 7.61927724e-01,
            5.63569307e-01, 5.46122670e-01, 7.53372848e-01,
            5.58694780e-01, 6.88046217e-01, 9.14144039e-01,
            5.73407173e-01, 8.19086373e-01, 7.79898107e-01,
            4.71372068e-01, 2.48755753e-01, 9.28972781e-01,
            5.19889057e-01, 2.48730123e-01, 9.62012351e-01,
            4.42016661e-01, 2.62301445e-01, 8.94436359e-01,
            5.58493316e-01, 2.64954776e-01, 8.83538604e-01 ]
    }
}
