{
    "pose_0": {
        "type_id": "opencv-matrix",
        "rows": 1,
        "cols": 18,
        "dt": "3f",
        "data": [ 5.15094042e-01, 2.59529442e-01, 8.88103962e-01,
            5.14899790e-01, 3.38659823e-01, 9.03066456e-01,
            4.03260708e-01, 3.38712364e-01, 9.09311831e-01,
            3.59630376e-01, 4.34265494e-01, 8.04965079e-01,
            3.59503418e-01, 5.13386786e-01, 8.25029731e-01,
            6.16949975e-01, 3.36089760e-01, 8.62877131e-01,
            6.89763844e-01, 3.82528752e-01, 7.91849077e-01,
            6.99493051e-01, 4.09746677e-01, 8.02388191e-01,
            4.42151606e-01, 5.38019180e-01, 7.30192602e-01,
            4.51820463e-01, 6.88124299e-01, 8.23216617e-01,
            4.52031523e-01, 8.35422277e-01, 7.94549882e-01,
            5.92614293e-01, 5.38003206e-01, 7.19569802e-01,
            5.82988977e-01, 6.87993407e-01, 7.91667938e-01,
            5.78069031e-01, 8.30026209e-01, 7.39151180e-01,
            4.85892236e-01, 2.48599187e-01, 9.86274004e-01,
            5.34383655e-01, 2.48624638e-01, 9.00386453e-01,
            4.51888502e-01, 2.51474708e-01, 9.04235363e-01,
            5.68354785e-01, 2.54116833e-01, 9.08998847e-01 ]
    }
}
