{
    "pose_0": {
        "type_id": "opencv-matrix",
        "rows": 1,
        "cols": 18,
        "dt": "3f",
        "data": [ 5.14977992e-01, 2.70575076e-01, 9.64580238e-01,
            5.19614995e-01, 3.38857830e-01, 9.08211052e-01,
            4.08064067e-01, 3.38856727e-01, 8.89253557e-01,
            3.30621511e-01, 4.17897999e-01, 7.92106748e-01,
            3.16084534e-01, 3.82324308e-01, 8.01890969e-01,
            6.17029428e-01, 3.38812411e-01, 8.56357574e-01,
            7.18770564e-01, 4.04237062e-01, 7.50003040e-01,
            7.19025254e-01, 3.76982212e-01, 8.22621465e-01,
            4.42263067e-01, 5.29762030e-01, 7.44391918e-01,
            4.42397475e-01, 6.66201949e-01, 8.29679191e-01,
            4.47113901e-01, 8.13640714e-01, 8.19619417e-01,
            5.87747097e-01, 5.32448471e-01, 7.13272274e-01,
            5.92679441e-01, 6.66201711e-01, 8.18697274e-01,
            5.97448885e-01, 8.05409670e-01, 7.93818653e-01,
            4.85773057e-01, 2.56807268e-01, 9.40695465e-01,
            5.29571116e-01, 2.56857723e-01, 8.72651994e-01,
            4.47291940e-01, 2.67775714e-01, 9.50487792e-01,
            5.63587070e-01, 2.67787397e-01, 9.21614051e-01 ]
    }
}
