{
    "pose_0": {
        "type_id": "opencv-matrix",
        "rows": 1,
        "cols": 18,
        "dt": "3f",
        "data": [ 4.95627582e-01, 2.73091465e-01, 9.03978109e-01,
            4.95689481e-01, 3.52390647e-01, 8.46859932e-01,
            3.93682033e-01, 3.49629313e-01, 8.35529447e-01,
            3.20794851e-01, 4.28869933e-01, 7.90088773e-01,
            2.91547239e-01, 4.91611540e-01, 8.28618228e-01,
            6.02643847e-01, 3.54982644e-01, 8.46319139e-01,
            6.74995959e-01, 4.47837144e-01, 8.57136607e-01,
            6.99499726e-01, 5.35255492e-01, 8.40546668e-01,
            4.22853738e-01, 5.46117306e-01, 6.92557037e-01,
            4.42424357e-01, 6.90861881e-01, 8.40382576e-01,
            4.76007879e-01, 8.30018520e-01, 7.48922884e-01,
            5.63832998e-01, 5.48864484e-01, 7.13731706e-01,
            5.63515544e-01, 6.88155591e-01, 8.72161746e-01,
            5.73237598e-01, 8.27282250e-01, 7.52711415e-01,
            4.80827659e-01, 2.56833434e-01, 8.99860501e-01,
            5.24632394e-01, 2.56856352e-01, 9.20799315e-01,
            4.42311227e-01, 2.67734379e-01, 9.74627793e-01,
            5.58866978e-01, 2.67796904e-01, 9.24816251e-01 ]
    }
}
