{
    "pose_0": {
        "type_id": "opencv-matrix",
        "rows": 1,
        "cols": 18,
        "dt": "3f",
        "data": [ 4.80885297e-01, 2.29493156e-01, 9.75313663e-01,
            4.81179684e-01, 3.14098388e-01, 9.45906401e-01,
            3.69434536e-01, 3.14020902e-01, 8.83067667e-01,
            2.57852972e-01, 3.96057874e-01, 7.71621525e-01,
            1.51005194e-01, 4.28756744e-01, 8.14057171e-01,
            5.97300887e-01, 3.14132959e-01, 8.78811777e-01,
            7.09006131e-01, 4.01486725e-01, 8.75914872e-01,
            8.20855737e-01, 4.31544751e-01, 7.95457423e-01,
            4.08246189e-01, 5.05169094e-01, 7.37514853e-01,
            4.08441812e-01, 6.41665637e-01, 8.35542738e-01,
            4.13214505e-01, 7.83586085e-01, 7.78292418e-01,
            5.58608353e-01, 5.05221486e-01, 7.40871012e-01,
            5.58913350e-01, 6.44312143e-01, 8.54040086e-01,
            5.63505650e-01, 7.78153956e-01, 8.38330507e-01,
            4.47195619e-01, 2.15892762e-01, 9.07443643e-01,
            4.95632350e-01, 2.15879723e-01, 8.31988573e-01,
            4.13277924e-01, 2.26685762e-01, 8.67472708e-01,
            5.29579461e-01, 2.26706699e-01, 8.93822670e-01 ]
    }
}
