{
    "pose_0": {
        "type_id": "opencv-matrix",
        "rows": 1,
        "cols": 18,
        "dt": "3f",
        "data": [ 4.76287425e-01, 2.59613872e-01, 9.00054932e-01,
            4.95728552e-01, 3.38823706e-01, 8.77934098e-01,
            3.69450122e-01, 3.41435820e-01, 8.71247649e-01,
            3.20703983e-01, 4.42422986e-01, 8.26061606e-01,
            2.67401665e-01, 5.07996798e-01, 7.98660040e-01,
            6.36223793e-01, 3.38763177e-01, 8.09744537e-01,
            7.72362411e-01, 3.41502815e-01, 7.57358432e-01,
            8.69376838e-01, 2.81443983e-01, 8.21253896e-01,
            4.08387572e-01, 5.32446980e-01, 7.62299418e-01,
            4.08457130e-01, 6.68935299e-01, 8.16367149e-01,
            4.13280308e-01, 8.05442393e-01, 7.74102688e-01,
            5.58766067e-01, 5.32529473e-01, 7.80832231e-01,
            5.63396275e-01, 6.68948650e-01, 8.26348186e-01,
            5.63572586e-01, 7.99959183e-01, 8.47809255e-01,
            4.47090566e-01, 2.48663262e-01, 9.94808912e-01,
            4.90924984e-01, 2.48630688e-01, 9.07773852e-01,
            4.13226545e-01, 2.51461387e-01, 8.96675825e-01,
            5.29522240e-01, 2.51464278e-01, 9.26612258e-01 ]
    }
}
