{
    "pose_0": {
        "type_id": "opencv-matrix",
        "rows": 1,
        "cols": 18,
        "dt": "3f",
        "data": [ 5.24528265e-01, 2.70342618e-01, 9.70219374e-01,
            5.24881601e-01, 3.46871346e-01, 9.05486405e-01,
            4.17855322e-01, 3.49599034e-01, 8.25692058e-01,
            3.64742607e-01, 4.50607181e-01, 8.54950786e-01,
            3.35549802e-01, 5.37938178e-01, 8.54706585e-01,
            6.41049683e-01, 3.41473997e-01, 9.00140762e-01,
            7.09119022e-01, 4.17843014e-01, 7.56841242e-01,
            7.19117463e-01, 4.47913140e-01, 7.85427690e-01,
            4.47301626e-01, 5.35274029e-01, 7.55569398e-01,
            4.76210952e-01, 6.63574517e-01, 7.86052585e-01,
            4.56888437e-01, 7.86361277e-01, 7.48591900e-01,
            6.02202356e-01, 5.43457448e-01, 7.55204499e-01,
            5.68575025e-01, 6.87993348e-01, 8.24780941e-01,
            5.63606381e-01, 8.32690537e-01, 7.81589627e-01,
            4.90928382e-01, 2.51482338e-01, 9.08702612e-01,
            5.49094498e-01, 2.51464218e-01, 8.93957555e-01,
            4.71335977e-01, 2.64965653e-01, 8.07246327e-01,
            5.87772787e-01, 2.64957428e-01, 8.32257390e-01 ]
    }
}
