{
    "pose_0": {
        "type_id": "opencv-matrix",
        "rows": 1,
        "cols": 18,
        "dt": "3f",
        "data": [ 4.81223971e-01, 2.37689644e-01, 9.25444722e-01,
            4.81259108e-01, 3.17011982e-01, 9.12840962e-01,
            3.59615684e-01, 3.16903949e-01, 8.12889516e-01,
            1.99415326e-01, 3.57826024e-01, 7.50304222e-01,
            5.37049100e-02, 3.41400474e-01, 6.88496411e-01,
            6.02629006e-01, 3.19661975e-01, 8.01881731e-01,
            7.57657230e-01, 3.68765950e-01, 8.20402980e-01,
            8.83989036e-01, 3.55046839e-01, 7.91966081e-01,
            4.08391118e-01, 5.13344049e-01, 7.51141548e-01,
            4.13068801e-01, 6.47145092e-01, 7.87658334e-01,
            4.22711790e-01, 7.89084852e-01, 7.90052772e-01,
            5.58739722e-01, 5.13342917e-01, 7.41815925e-01,
            5.63476622e-01, 6.47149146e-01, 8.17277610e-01,
            5.63820004e-01, 7.78181672e-01, 8.24448526e-01,
            4.52041209e-01, 2.26762533e-01, 9.36399937e-01,
            5.10091424e-01, 2.26753369e-01, 8.94237161e-01,
            4.27610159e-01, 2.29599997e-01, 8.54459643e-01,
            5.39255083e-01, 2.29659230e-01, 8.74910951e-01 ]
    }
}
