{
    "pose_0": {
        "type_id": "opencv-matrix",
        "rows": 1,
        "cols": 18,
        "dt": "3f",
        "data": [ 5.20043314e-01, 2.78647959e-01, 9.33611631e-01,
            5.24664044e-01, 3.57819498e-01, 9.61774766e-01,
            4.13085520e-01, 3.57907295e-01, 8.65825117e-01,
            3.30650687e-01, 4.23293024e-01, 6.20484114e-01,
            3.01462322e-01, 4.04136032e-01, 7.30678976e-01,
            6.36354625e-01, 3.57742071e-01, 9.08188581e-01,
            7.18943894e-01, 4.26067799e-01, 8.26513350e-01,
            7.57610977e-01, 4.01394367e-01, 8.87918830e-01,
            4.47345734e-01, 5.46173096e-01, 7.21996188e-01,
            4.47313309e-01, 6.85307026e-01, 8.37457061e-01,
            4.51905608e-01, 8.19203973e-01, 8.21679473e-01,
            5.97548604e-01, 5.48874855e-01, 7.43114650e-01,
            6.02239490e-01, 6.85394585e-01, 8.73081148e-01,
            6.02402568e-01, 8.16443682e-01, 8.68933201e-01,
            4.90865558e-01, 2.70443946e-01, 9.48043108e-01,
            5.44234991e-01, 2.70421684e-01, 8.89790654e-01,
            4.71226931e-01, 2.75924861e-01, 8.28915894e-01,
            5.73359191e-01, 2.75947928e-01, 8.67909491e-01 ]
    }
}
