{
    "pose_0": {
        "type_id": "opencv-matrix",
        "rows": 1,
        "cols": 18,
        "dt": "3f",
        "data": [ 4.85734135e-01, 2.51531839e-01, 9.50840473e-01,
            4.85926449e-01, 3.35915774e-01, 9.57506478e-01,
            3.79053682e-01, 3.35842162e-01, 8.49254549e-01,
            2.91671544e-01, 4.23383296e-01, 8.85872781e-01,
            2.08952740e-01, 4.67062801e-01, 8.88832808e-01,
            5.97480178e-01, 3.35923135e-01, 8.98832917e-01,
            6.89826548e-01, 4.26029831e-01, 8.74214292e-01,
            7.91735411e-01, 4.64252710e-01, 8.97604108e-01,
            4.13075268e-01, 5.21611094e-01, 7.17280865e-01,
            4.13139492e-01, 6.60824716e-01, 8.13430905e-01,
            4.22780871e-01, 7.99962401e-01, 7.94991374e-01,
            5.58870435e-01, 5.27005792e-01, 7.52331734e-01,
            5.63519299e-01, 6.63407743e-01, 8.55487227e-01,
            5.68559766e-01, 7.94613600e-01, 8.32912326e-01,
            4.56852853e-01, 2.45871007e-01, 8.75485122e-01,
            5.10177791e-01, 2.45854318e-01, 8.72403383e-01,
            4.32534873e-01, 2.48678029e-01, 8.84457529e-01,
            5.39297462e-01, 2.48757809e-01, 8.94672990e-01 ]
    }
}
