{
    "pose_0": {
        "type_id": "opencv-matrix",
        "rows": 1,
        "cols": 18,
        "dt": "3f",
        "data": [ 5.19652843e-01, 2.73234814e-01, 9.65702653e-01,
            5.19700766e-01, 3.55095416e-01, 9.19498622e-01,
            4.08164233e-01, 3.55102390e-01, 8.82623553e-01,
            3.25663447e-01, 4.04228926e-01, 8.54727924e-01,
            2.87058324e-01, 4.26145315e-01, 8.82992983e-01,
            6.26555800e-01, 3.55067402e-01, 8.24601889e-01,
            6.99550748e-01, 4.09692734e-01, 7.40987360e-01,
            7.43089914e-01, 4.23434317e-01, 8.60121310e-01,
            4.46930289e-01, 5.40731966e-01, 7.44680583e-01,
            4.47025687e-01, 6.82554424e-01, 8.18957090e-01,
            4.47228789e-01, 8.19218934e-01, 8.27184856e-01,
            5.92625380e-01, 5.43409765e-01, 7.16717660e-01,
            5.97417235e-01, 6.82585716e-01, 8.09699893e-01,
            5.97601473e-01, 8.16325963e-01, 8.35963726e-01,
            4.85998333e-01, 2.64953554e-01, 9.25409317e-01,
            5.34424007e-01, 2.65002340e-01, 8.58971953e-01,
            4.52085108e-01, 2.70562351e-01, 8.90732944e-01,
            5.63816786e-01, 2.73139477e-01, 9.55716610e-01 ]
    }
}
