{
    "pose_0": {
        "type_id": "opencv-matrix",
        "rows": 1,
        "cols": 18,
        "dt": "3f",
        "data": [ 5.10124385e-01, 2.67741799e-01, 8.93355370e-01,
            5.10208011e-01, 3.44131351e-01, 8.63410890e-01,
            4.03307319e-01, 3.44160318e-01, 8.76014471e-01,
            3.16077977e-01, 4.09689069e-01, 8.13449144e-01,
            3.16011071e-01, 4.45249766e-01, 8.57749462e-01,
            6.07442737e-01, 3.41514915e-01, 8.41162801e-01,
            6.99412465e-01, 4.17898148e-01, 7.93215871e-01,
            7.13955522e-01, 4.47802216e-01, 9.56919193e-01,
            4.42062140e-01, 5.35283983e-01, 7.43087709e-01,
            4.42299753e-01, 6.69030011e-01, 8.18790138e-01,
            4.46977019e-01, 8.13579142e-01, 8.22761118e-01,
            5.78177035e-01, 5.35302043e-01, 7.28632569e-01,
            5.87786496e-01, 6.68993592e-01, 7.76385307e-01,
            5.97356260e-01, 8.05505216e-01, 7.85426915e-01,
            4.81197774e-01, 2.51383483e-01, 1.01194870e+00,
            5.24980724e-01, 2.51389533e-01, 9.24488246e-01,
            4.47192758e-01, 2.64941245e-01, 9.15326357e-01,
            5.63505769e-01, 2.62293369e-01, 8.88458490e-01 ]
    }
}
