{
    "pose_0": {
        "type_id": "opencv-matrix",
        "rows": 1,
        "cols": 18,
        "dt": "3f",
        "data": [ 5.24504960e-01, 2.70459026e-01, 9.87093329e-01,
            5.24910748e-01, 3.41393799e-01, 9.43700671e-01,
            4.22754228e-01, 3.44227165e-01, 8.19268584e-01,
            3.98525476e-01, 4.45084602e-01, 7.58438289e-01,
            4.22776073e-01, 5.10597587e-01, 5.03622711e-01,
            6.36469424e-01, 3.38630289e-01, 9.30730939e-01,
            7.23678946e-01, 4.20564264e-01, 7.26144373e-01,
            7.18862355e-01, 4.04140681e-01, 7.65478969e-01,
            4.52094406e-01, 5.27067304e-01, 7.31186390e-01,
            4.85950947e-01, 6.19790614e-01, 8.42203021e-01,
            4.61694688e-01, 7.31779397e-01, 8.15805137e-01,
            6.02239966e-01, 5.35336375e-01, 7.75895894e-01,
            5.63677967e-01, 6.90809131e-01, 8.22190642e-01,
            5.63577652e-01, 8.38119030e-01, 8.26245129e-01,
            4.95531261e-01, 2.54064530e-01, 8.91163588e-01,
            5.49061239e-01, 2.54103899e-01, 8.87052655e-01,
            4.71254885e-01, 2.62244016e-01, 7.77275562e-01,
            5.87795377e-01, 2.64970690e-01, 8.44046593e-01 ]
    }
}
