{
    "pose_0": {
        "type_id": "opencv-matrix",
        "rows": 1,
        "cols": 18,
        "dt": "3f",
        "data": [ 5.15098274e-01, 2.70602256e-01, 9.61847186e-01,
            5.19669414e-01, 3.52371663e-01, 8.92908216e-01,
            4.03582692e-01, 3.52333397e-01, 8.74427736e-01,
            3.45196396e-01, 4.45272833e-01, 8.25763702e-01,
            3.16033989e-01, 5.32365024e-01, 8.57568860e-01,
            6.21867597e-01, 3.49627018e-01, 8.02464008e-01,
            6.89775109e-01, 4.28767115e-01, 7.90629745e-01,
            7.18963265e-01, 4.99763310e-01, 8.13691437e-01,
            4.42059606e-01, 5.46127498e-01, 7.20301151e-01,
            4.56901759e-01, 6.88009799e-01, 8.04670095e-01,
            4.76140797e-01, 8.21818352e-01, 7.85143912e-01,
            5.87724030e-01, 5.43426156e-01, 6.80121899e-01,
            5.73276639e-01, 6.85402811e-01, 7.91249752e-01,
            5.68533421e-01, 8.19063485e-01, 7.86275089e-01,
            4.85870719e-01, 2.56818265e-01, 9.27809298e-01,
            5.29755831e-01, 2.56844670e-01, 8.64191115e-01,
            4.51868683e-01, 2.67762214e-01, 9.10675049e-01,
            5.63828826e-01, 2.67769128e-01, 9.02001381e-01 ]
    }
}
