{
    "pose_0": {
        "type_id": "opencv-matrix",
        "rows": 1,
        "cols": 18,
        "dt": "3f",
        "data": [ 5.20064771e-01, 2.70488739e-01, 9.91036952e-01,
            5.24617493e-01, 3.49671692e-01, 9.06879127e-01,
            4.13126081e-01, 3.52396816e-01, 8.34936619e-01,
            3.74215305e-01, 4.47938979e-01, 8.44950199e-01,
            3.64588469e-01, 5.32545209e-01, 9.04734015e-01,
            6.36225760e-01, 3.44216287e-01, 8.58771503e-01,
            7.09124088e-01, 4.09640878e-01, 7.58926690e-01,
            7.18987703e-01, 4.45102572e-01, 7.97013521e-01,
            4.47026044e-01, 5.40734589e-01, 7.58902073e-01,
            4.71361011e-01, 6.85227156e-01, 8.23574960e-01,
            4.66378868e-01, 8.16280246e-01, 7.77497351e-01,
            5.97562551e-01, 5.46182394e-01, 7.47408867e-01,
            5.92521369e-01, 6.88029110e-01, 8.14661145e-01,
            5.68584919e-01, 8.21812570e-01, 7.50030518e-01,
            4.90892410e-01, 2.54144251e-01, 8.94019544e-01,
            5.48992634e-01, 2.54162073e-01, 8.68412912e-01,
            4.66494441e-01, 2.67679423e-01, 8.16850841e-01,
            5.78172743e-01, 2.67757595e-01, 8.22700322e-01 ]
    }
}
