{
    "pose_0": {
        "type_id": "opencv-matrix",
        "rows": 1,
        "cols": 18,
        "dt": "3f",
        "data": [ 5.19896626e-01, 2.84102112e-01, 9.04959977e-01,
            5.24557889e-01, 3.55140090e-01, 9.28800881e-01,
            4.27657217e-01, 3.55127484e-01, 8.22444916e-01,
            3.30705404e-01, 3.96057606e-01, 5.42450368e-01,
            3.40380132e-01, 3.82440984e-01, 8.19791257e-01,
            6.21789038e-01, 3.55111092e-01, 8.44240963e-01,
            6.85016274e-01, 4.12386537e-01, 7.72862315e-01,
            7.09217548e-01, 3.79679769e-01, 8.84422898e-01,
            4.47237015e-01, 5.35323799e-01, 7.48989940e-01,
            4.47218716e-01, 6.79883897e-01, 8.13722014e-01,
            4.47280020e-01, 8.21901560e-01, 8.15374851e-01,
            5.92784882e-01, 5.38030744e-01, 7.44631529e-01,
            5.97685039e-01, 6.82588100e-01, 8.31723571e-01,
            6.02231860e-01, 8.19059014e-01, 8.33005428e-01,
            4.90716547e-01, 2.70561486e-01, 9.37445521e-01,
            5.39348006e-01, 2.70578563e-01, 8.69749904e-01,
            4.61696386e-01, 2.75961518e-01, 8.30901980e-01,
            5.68526328e-01, 2.76031613e-01, 8.88741016e-01 ]
    }
}
