{
    "pose_0": {
        "type_id": "opencv-matrix",
        "rows": 1,
        "cols": 18,
        "dt": "3f",
        "data": [ 4.81218249e-01, 2.37708807e-01, 9.20847058e-01,
            4.81185168e-01, 3.19644183e-01, 8.97320449e-01,
            3.59561205e-01, 3.19593310e-01, 7.95240462e-01,
            2.04236910e-01, 3.57744008e-01, 7.55698502e-01,
            5.39156459e-02, 3.38609844e-01, 6.85722351e-01,
            6.02559507e-01, 3.19656253e-01, 8.09513628e-01,
            7.67415643e-01, 3.63336205e-01, 7.78945744e-01,
            8.98582816e-01, 3.44237030e-01, 7.16100216e-01,
            4.08348858e-01, 5.13374627e-01, 7.51493931e-01,
            4.13112849e-01, 6.49851501e-01, 7.86069155e-01,
            4.22748446e-01, 7.91787446e-01, 8.00805390e-01,
            5.58746457e-01, 5.13386130e-01, 7.32200742e-01,
            5.63484848e-01, 6.49911821e-01, 7.96722889e-01,
            5.63773990e-01, 7.83633173e-01, 8.09757710e-01,
            4.52006251e-01, 2.26787776e-01, 9.43073869e-01,
            5.10075867e-01, 2.26755917e-01, 8.92456770e-01,
            4.27611023e-01, 2.29676619e-01, 8.39581430e-01,
            5.34568548e-01, 2.29661629e-01, 8.60943675e-01 ]
    }
}
