{
    "pose_0": {
        "type_id": "opencv-matrix",
        "rows": 1,
        "cols": 18,
        "dt": "3f",
        "data": [ 4.81212765e-01, 2.76042819e-01, 9.42375422e-01,
            4.81006414e-01, 3.57824743e-01, 9.45310473e-01,
            3.69460166e-01, 3.55138808e-01, 8.90593112e-01,
            2.91919142e-01, 4.31554317e-01, 8.31361711e-01,
            2.86695778e-01, 4.99786854e-01, 8.68117690e-01,
            5.87738752e-01, 3.60430568e-01, 8.79625380e-01,
            6.07360303e-01, 4.47966367e-01, 8.08211148e-01,
            5.97441792e-01, 5.13458908e-01, 6.46839678e-01,
            4.08471078e-01, 5.37990272e-01, 7.72159815e-01,
            4.22887385e-01, 6.79932833e-01, 7.41419673e-01,
            4.56779629e-01, 8.19184065e-01, 7.97920346e-01,
            5.53939223e-01, 5.35167217e-01, 7.93992519e-01,
            5.24685800e-01, 6.44329071e-01, 8.57546031e-01,
            5.78232169e-01, 7.56384909e-01, 7.60087311e-01,
            4.52057838e-01, 2.70410061e-01, 9.31443572e-01,
            5.05407989e-01, 2.70381093e-01, 8.77093971e-01,
            4.32399035e-01, 2.73353338e-01, 8.64406347e-01,
            5.34437060e-01, 2.73346961e-01, 8.79897594e-01 ]
    }
}
