{
    "pose_0": {
        "type_id": "opencv-matrix",
        "rows": 1,
        "cols": 18,
        "dt": "3f",
        "data": [ 4.85758334e-01, 2.70322859e-01, 9.66880977e-01,
            4.85838264e-01, 3.44152838e-01, 9.31200445e-01,
            3.74282897e-01, 3.38689923e-01, 8.87372315e-01,
            2.81936437e-01, 3.85114431e-01, 7.11323202e-01,
            2.81991392e-01, 3.98710668e-01, 7.71936834e-01,
            5.97416639e-01, 3.52341413e-01, 8.59755039e-01,
            6.02416396e-01, 4.48010147e-01, 7.59296238e-01,
            5.83042681e-01, 5.18860221e-01, 3.58714372e-01,
            4.08084154e-01, 5.43452024e-01, 7.67942250e-01,
            4.42410380e-01, 6.88153565e-01, 8.08052540e-01,
            4.76244658e-01, 8.35389614e-01, 8.00017476e-01,
            5.53709626e-01, 5.29811859e-01, 7.49415934e-01,
            4.90665764e-01, 6.00867391e-01, 8.38607013e-01,
            5.39348900e-01, 7.18072295e-01, 7.37594008e-01,
            4.52121019e-01, 2.51482904e-01, 9.01663005e-01,
            5.14827013e-01, 2.51462489e-01, 8.82261217e-01,
            4.32406247e-01, 2.65024513e-01, 8.64970207e-01,
            5.44093311e-01, 2.64951050e-01, 8.12805355e-01 ]
    }
}
