{
    "pose_0": {
        "type_id": "opencv-matrix",
        "rows": 1,
        "cols": 18,
        "dt": "3f",
        "data": [ 5.19794345e-01, 2.84070671e-01, 9.03065383e-01,
            5.20066559e-01, 3.57759923e-01, 9.54576612e-01,
            4.08380419e-01, 3.57817888e-01, 8.44188988e-01,
            3.30482781e-01, 3.87865454e-01, 6.54793799e-01,
            3.11173826e-01, 4.01502341e-01, 7.43256211e-01,
            6.31597102e-01, 3.55126947e-01, 8.80454063e-01,
            7.14255989e-01, 4.26159859e-01, 8.35567415e-01,
            7.48071134e-01, 4.04189527e-01, 8.52701426e-01,
            4.47131246e-01, 5.46125054e-01, 7.33535171e-01,
            4.47126091e-01, 6.82645142e-01, 8.32906008e-01,
            4.47247446e-01, 8.24576497e-01, 8.00567567e-01,
            5.97306371e-01, 5.46141863e-01, 7.34907448e-01,
            5.97635925e-01, 6.85272276e-01, 8.49810064e-01,
            6.02176785e-01, 8.19058895e-01, 8.28306019e-01,
            4.86182481e-01, 2.70547032e-01, 9.64696348e-01,
            5.34509897e-01, 2.70539016e-01, 8.91004324e-01,
            4.56888855e-01, 2.75910288e-01, 8.63847196e-01,
            5.68365812e-01, 2.75891334e-01, 9.12982464e-01 ]
    }
}
