{
    "pose_0": {
        "type_id": "opencv-matrix",
        "rows": 1,
        "cols": 18,
        "dt": "3f",
        "data": [ 5.14858425e-01, 2.70578235e-01, 9.52361584e-01,
            4.95542049e-01, 3.52310032e-01, 8.69335711e-01,
            3.83916408e-01, 3.44146341e-01, 8.15246165e-01,
            2.43219525e-01, 3.66077691e-01, 7.90323913e-01,
            1.07241765e-01, 3.41404259e-01, 7.93926835e-01,
            6.07195020e-01, 3.57689679e-01, 8.84340048e-01,
            6.79983437e-01, 4.50679362e-01, 8.86266947e-01,
            7.62518525e-01, 5.05202770e-01, 8.16821277e-01,
            4.32419628e-01, 5.38007379e-01, 7.00852752e-01,
            4.37362492e-01, 6.79940343e-01, 7.90385127e-01,
            4.41922486e-01, 8.16422701e-01, 8.24079275e-01,
            5.68447292e-01, 5.40749192e-01, 7.08173394e-01,
            5.68545043e-01, 6.82560623e-01, 8.08838964e-01,
            5.83030879e-01, 8.13667715e-01, 7.85428286e-01,
            4.85762417e-01, 2.54208058e-01, 9.45048571e-01,
            5.29582322e-01, 2.56865442e-01, 8.65856051e-01,
            4.47288275e-01, 2.67715454e-01, 9.09840643e-01,
            5.63671350e-01, 2.70331472e-01, 9.27650869e-01 ]
    }
}
