{
    "pose_0": {
        "type_id": "opencv-matrix",
        "rows": 1,
        "cols": 18,
        "dt": "3f",
        "data": [ 5.20105302e-01, 2.54090518e-01, 9.30656433e-01,
            5.24963856e-01, 3.33264768e-01, 9.06714261e-01,
            4.22786146e-01, 3.35918158e-01, 8.54797721e-01,
            3.93593460e-01, 4.26176935e-01, 7.64038265e-01,
            4.22870129e-01, 4.88770396e-01, 4.80081022e-01,
            6.36562467e-01, 3.25110048e-01, 8.56639326e-01,
            7.13843703e-01, 3.90567750e-01, 7.06750631e-01,
            7.04264820e-01, 3.65987420e-01, 8.15843523e-01,
            4.51962382e-01, 5.24308383e-01, 7.32230246e-01,
            4.81205761e-01, 6.47241771e-01, 8.59206855e-01,
            4.56713676e-01, 7.67260909e-01, 7.76642382e-01,
            6.02294981e-01, 5.32422066e-01, 7.87943244e-01,
            5.97558320e-01, 6.82571232e-01, 8.17542195e-01,
            5.68450272e-01, 8.19126070e-01, 7.24555314e-01,
            4.90958720e-01, 2.45909140e-01, 8.85468483e-01,
            5.49050689e-01, 2.45869339e-01, 8.73748899e-01,
            4.71282423e-01, 2.48761028e-01, 8.64180803e-01,
            5.87800562e-01, 2.48765841e-01, 9.31620955e-01 ]
    }
}
