{
    "pose_0": {
        "type_id": "opencv-matrix",
        "rows": 1,
        "cols": 18,
        "dt": "3f",
        "data": [ 5.14907062e-01, 2.70411164e-01, 9.35195804e-01,
            5.19751787e-01, 3.38673681e-01, 9.33218122e-01,
            4.13156092e-01, 3.38614315e-01, 8.62229049e-01,
            3.64320934e-01, 4.01397318e-01, 7.88030505e-01,
            3.30668271e-01, 3.68739098e-01, 8.28629553e-01,
            6.07296705e-01, 3.38683426e-01, 8.74624312e-01,
            6.80127144e-01, 3.96002263e-01, 7.11349726e-01,
            6.89887047e-01, 3.60628545e-01, 8.37503195e-01,
            4.42228228e-01, 5.21567881e-01, 7.41334200e-01,
            4.42295194e-01, 6.63501501e-01, 8.16869855e-01,
            4.47062463e-01, 8.10922444e-01, 8.09624135e-01,
            5.78150630e-01, 5.27021706e-01, 6.93279684e-01,
            5.87885559e-01, 6.63570046e-01, 8.00086379e-01,
            5.97481012e-01, 8.05427372e-01, 7.89399266e-01,
            4.85761344e-01, 2.54060447e-01, 9.62304592e-01,
            5.29582381e-01, 2.54117787e-01, 8.79549563e-01,
            4.47274506e-01, 2.67630816e-01, 9.16917861e-01,
            5.63595772e-01, 2.67686486e-01, 8.90165865e-01 ]
    }
}
