{
    "pose_0": {
        "type_id": "opencv-matrix",
        "rows": 1,
        "cols": 18,
        "dt": "3f",
        "data": [ 5.10134757e-01, 2.70431608e-01, 9.23913956e-01,
            5.14891267e-01, 3.46959412e-01, 8.56954873e-01,
            4.03419793e-01, 3.46944511e-01, 8.71433198e-01,
            3.25728774e-01, 4.23362315e-01, 8.57002378e-01,
            3.01463336e-01, 4.69693154e-01, 8.44031632e-01,
            6.12081409e-01, 3.44244301e-01, 8.17208052e-01,
            6.89804673e-01, 4.23239470e-01, 8.53470802e-01,
            7.23953128e-01, 4.69756156e-01, 8.99174631e-01,
            4.41968054e-01, 5.35260379e-01, 7.37524867e-01,
            4.42278564e-01, 6.66387558e-01, 8.33454728e-01,
            4.47046012e-01, 8.13581228e-01, 8.17482233e-01,
            5.78069568e-01, 5.35280764e-01, 7.38274515e-01,
            5.87777138e-01, 6.66347563e-01, 7.91611910e-01,
            5.97492278e-01, 8.08215618e-01, 7.92080939e-01,
            4.81194675e-01, 2.54059583e-01, 9.76497471e-01,
            5.24995923e-01, 2.54051298e-01, 9.11302805e-01,
            4.47192729e-01, 2.67680109e-01, 9.21345353e-01,
            5.63543737e-01, 2.67641783e-01, 9.09877360e-01 ]
    }
}
