{
    "pose_0": {
        "type_id": "opencv-matrix",
        "rows": 1,
        "cols": 18,
        "dt": "3f",
        "data": [ 5.20077705e-01, 2.76057422e-01, 9.40440297e-01,
            5.24723470e-01, 3.57868731e-01, 9.82053876e-01,
            4.13273245e-01, 3.57926369e-01, 8.49022746e-01,
            3.30754101e-01, 4.01358664e-01, 8.14638257e-01,
            2.91632444e-01, 4.09671903e-01, 8.15504432e-01,
            6.36359453e-01, 3.57860327e-01, 9.21354651e-01,
            7.19093800e-01, 4.34261292e-01, 7.71520972e-01,
            7.62739539e-01, 4.09722090e-01, 8.42887402e-01,
            4.51926351e-01, 5.48889399e-01, 7.16743410e-01,
            4.47322577e-01, 6.85398698e-01, 8.31724524e-01,
            4.51936036e-01, 8.21844757e-01, 8.10665250e-01,
            5.97569227e-01, 5.48908055e-01, 7.54846931e-01,
            6.02226973e-01, 6.85425103e-01, 8.81878614e-01,
            6.02438152e-01, 8.19056869e-01, 8.60286653e-01,
            4.90955144e-01, 2.70438999e-01, 9.35303986e-01,
            5.48874378e-01, 2.70407230e-01, 8.87934923e-01,
            4.76039827e-01, 2.75919199e-01, 8.39315116e-01,
            5.73383391e-01, 2.75915891e-01, 8.85678470e-01 ]
    }
}
