{
    "pose_0": {
        "type_id": "opencv-matrix",
        "rows": 1,
        "cols": 18,
        "dt": "3f",
        "data": [ 4.81163740e-01, 2.75965184e-01, 9.45514560e-01,
            4.80895162e-01, 3.57704401e-01, 9.24674273e-01,
            3.69573355e-01, 3.52347791e-01, 8.51593554e-01,
            2.91841269e-01, 4.26136464e-01, 8.57919514e-01,
            2.86879689e-01, 4.91592854e-01, 8.95824432e-01,
            5.73343396e-01, 3.57852787e-01, 8.80211473e-01,
            5.97649634e-01, 4.45260704e-01, 7.23000526e-01,
            5.68417966e-01, 5.10592341e-01, 2.30639964e-01,
            4.08336252e-01, 5.37973344e-01, 7.83730447e-01,
            4.42112356e-01, 6.82614326e-01, 7.54423380e-01,
            4.61665243e-01, 8.21787536e-01, 7.68247068e-01,
            5.53773701e-01, 5.32391310e-01, 7.71761119e-01,
            5.10247946e-01, 6.25264585e-01, 8.15502048e-01,
            5.58763564e-01, 7.37190187e-01, 8.12828004e-01,
            4.51969624e-01, 2.70325631e-01, 9.24155354e-01,
            5.05365074e-01, 2.67782986e-01, 8.64771485e-01,
            4.22874331e-01, 2.73239851e-01, 8.67146432e-01,
            5.34457684e-01, 2.73290932e-01, 8.96098554e-01 ]
    }
}
