{
    "pose_0": {
        "type_id": "opencv-matrix",
        "rows": 1,
        "cols": 18,
        "dt": "3f",
        "data": [ 4.85705048e-01, 2.67703116e-01, 9.62522030e-01,
            4.81200099e-01, 3.44171941e-01, 9.25267518e-01,
            3.69647980e-01, 3.44201893e-01, 8.48095059e-01,
            3.11126471e-01, 4.34300959e-01, 7.96224892e-01,
            2.47976422e-01, 4.94382352e-01, 8.50455880e-01,
            5.92612445e-01, 3.44122887e-01, 8.55119884e-01,
            6.75088882e-01, 4.28831190e-01, 8.91096532e-01,
            7.82074094e-01, 4.66849118e-01, 8.56438398e-01,
            4.08399701e-01, 5.32564759e-01, 7.51709104e-01,
            4.08408016e-01, 6.69032991e-01, 8.06132972e-01,
            4.17877853e-01, 8.10946941e-01, 7.81205475e-01,
            5.58616698e-01, 5.35195887e-01, 7.70582557e-01,
            5.58917642e-01, 6.69016182e-01, 8.28127086e-01,
            5.63602626e-01, 8.00058603e-01, 8.31115365e-01,
            4.56739366e-01, 2.51392126e-01, 9.19027388e-01,
            5.10239005e-01, 2.51395136e-01, 9.00306106e-01,
            4.37158942e-01, 2.59597689e-01, 8.31385195e-01,
            5.39291024e-01, 2.62334168e-01, 8.30038488e-01 ]
    }
}
