{
    "pose_0": {
        "type_id": "opencv-matrix",
        "rows": 1,
        "cols": 18,
        "dt": "3f",
        "data": [ 5.15026391e-01, 2.70603657e-01, 9.59086776e-01,
            5.19873440e-01, 3.49622011e-01, 9.03904974e-01,
            4.08271790e-01, 3.52370262e-01, 8.58900905e-01,
            3.69662672e-01, 4.45236146e-01, 8.14084649e-01,
            4.03289020e-01, 5.13425291e-01, 6.77035630e-01,
            6.26730740e-01, 3.44167024e-01, 8.21161866e-01,
            7.14031935e-01, 4.06982750e-01, 7.23382771e-01,
            7.18836665e-01, 4.28743273e-01, 8.06012571e-01,
            4.47103351e-01, 5.40727258e-01, 7.38341451e-01,
            4.51929241e-01, 6.82681441e-01, 8.46395850e-01,
            4.61603791e-01, 8.08146834e-01, 7.74616838e-01,
            5.97504079e-01, 5.40680170e-01, 7.45661676e-01,
            5.92646241e-01, 6.88149273e-01, 8.21572363e-01,
            5.68392098e-01, 8.32749307e-01, 7.60385036e-01,
            4.85820442e-01, 2.56806076e-01, 9.30788338e-01,
            5.29713392e-01, 2.56851405e-01, 8.64500344e-01,
            4.51904774e-01, 2.67714798e-01, 8.90418887e-01,
            5.68347514e-01, 2.67764270e-01, 9.11039829e-01 ]
    }
}
