{
    "pose_0": {
        "type_id": "opencv-matrix",
        "rows": 1,
        "cols": 18,
        "dt": "3f",
        "data": [ 5.24579763e-01, 2.75962383e-01, 9.54681456e-01,
            5.24522305e-01, 3.60437691e-01, 9.63730812e-01,
            4.13111717e-01, 3.57912868e-01, 8.79353762e-01,
            3.35467994e-01, 4.23371375e-01, 8.55524063e-01,
            2.96506196e-01, 4.66982663e-01, 8.88380826e-01,
            6.31534576e-01, 3.60473067e-01, 8.87267172e-01,
            7.14089751e-01, 4.34222400e-01, 8.42237115e-01,
            7.86911249e-01, 4.66972083e-01, 8.83789659e-01,
            4.52000678e-01, 5.48869193e-01, 7.33328581e-01,
            4.51876432e-01, 6.85262799e-01, 8.19291711e-01,
            4.52010483e-01, 8.21876764e-01, 7.91822433e-01,
            5.97543359e-01, 5.48871517e-01, 7.72293866e-01,
            6.02262795e-01, 6.85399294e-01, 8.72576118e-01,
            6.02585793e-01, 8.19053054e-01, 8.52053225e-01,
            4.95708644e-01, 2.70342439e-01, 9.00626063e-01,
            5.53664148e-01, 2.70340025e-01, 8.92857969e-01,
            4.76113409e-01, 2.73300856e-01, 8.81891072e-01,
            5.78141987e-01, 2.75929630e-01, 8.69185030e-01 ]
    }
}
