{
    "pose_0": {
        "type_id": "opencv-matrix",
        "rows": 1,
        "cols": 18,
        "dt": "3f",
        "data": [ 5.14986813e-01, 2.70579934e-01, 9.65904117e-01,
            5.15104115e-01, 3.41433376e-01, 8.98871243e-01,
            4.03492570e-01, 3.41471434e-01, 8.68251383e-01,
            3.25875252e-01, 4.20594484e-01, 8.10914874e-01,
            3.11178327e-01, 3.85115951e-01, 7.65261590e-01,
            6.21791244e-01, 3.38865072e-01, 8.46426725e-01,
            7.14101970e-01, 4.09735411e-01, 7.85724044e-01,
            7.28614509e-01, 3.82420897e-01, 8.02432418e-01,
            4.42307174e-01, 5.32480359e-01, 7.55609035e-01,
            4.42418814e-01, 6.66366994e-01, 8.18738103e-01,
            4.47219402e-01, 8.16244185e-01, 8.20596695e-01,
            5.87747931e-01, 5.32553852e-01, 7.24261165e-01,
            5.92718601e-01, 6.66287661e-01, 8.15811753e-01,
            5.97515583e-01, 8.02774847e-01, 8.09646308e-01,
            4.85791892e-01, 2.56802619e-01, 9.41504598e-01,
            5.29605627e-01, 2.56872356e-01, 8.68940651e-01,
            4.47316110e-01, 2.67767966e-01, 9.31614399e-01,
            5.63635707e-01, 2.70329863e-01, 9.25534248e-01 ]
    }
}
