{
    "pose_0": {
        "type_id": "opencv-matrix",
        "rows": 1,
        "cols": 18,
        "dt": "3f",
        "data": [ 5.20103753e-01, 2.70449936e-01, 9.84410405e-01,
            5.24821758e-01, 3.46897095e-01, 9.15018439e-01,
            4.22763765e-01, 3.52307409e-01, 8.25970888e-01,
            3.88781279e-01, 4.47809368e-01, 8.10337424e-01,
            3.93674135e-01, 5.16175330e-01, 7.41626740e-01,
            6.36388540e-01, 3.41508389e-01, 9.00385797e-01,
            7.14178622e-01, 4.17870343e-01, 6.65315866e-01,
            7.19095945e-01, 4.23228174e-01, 7.72426248e-01,
            4.47305411e-01, 5.35220861e-01, 7.76298225e-01,
            4.76251781e-01, 6.63633943e-01, 8.51939440e-01,
            4.71236855e-01, 7.89026380e-01, 7.41638005e-01,
            5.97718835e-01, 5.37991166e-01, 7.61616468e-01,
            5.92630923e-01, 6.82561040e-01, 7.90778220e-01,
            5.68492651e-01, 8.19180071e-01, 7.50645399e-01,
            4.90937501e-01, 2.54089564e-01, 8.95741522e-01,
            5.49094737e-01, 2.54117370e-01, 8.82105649e-01,
            4.71350342e-01, 2.67650992e-01, 8.09090436e-01,
            5.87717295e-01, 2.67735362e-01, 8.47655535e-01 ]
    }
}
