{
    "pose_0": {
        "type_id": "opencv-matrix",
        "rows": 1,
        "cols": 18,
        "dt": "3f",
        "data": [ 5.24524689e-01, 2.70448744e-01, 9.83639359e-01,
            5.24858832e-01, 3.44184667e-01, 9.19633090e-01,
            4.22886282e-01, 3.52287948e-01, 8.22477937e-01,
            3.98461491e-01, 4.45232362e-01, 8.39067996e-01,
            4.03259426e-01, 5.10731757e-01, 6.92977190e-01,
            6.36409521e-01, 3.38835984e-01, 9.25137281e-01,
            7.19122410e-01, 4.15178657e-01, 6.80249572e-01,
            7.18856514e-01, 4.17818367e-01, 7.15008020e-01,
            4.51895773e-01, 5.32580137e-01, 7.74785697e-01,
            4.81136411e-01, 6.49945021e-01, 8.40647161e-01,
            4.75984067e-01, 7.72570848e-01, 7.99291193e-01,
            6.02242947e-01, 5.37967384e-01, 7.70703793e-01,
            5.92723668e-01, 6.79926991e-01, 7.91347146e-01,
            5.68630695e-01, 8.19026709e-01, 7.28752315e-01,
            4.95542675e-01, 2.54113823e-01, 8.88996184e-01,
            5.49091339e-01, 2.54138142e-01, 8.80632341e-01,
            4.71326143e-01, 2.67678112e-01, 8.31028461e-01,
            5.83000422e-01, 2.67758876e-01, 8.45858514e-01 ]
    }
}
