{
    "pose_0": {
        "type_id": "opencv-matrix",
        "rows": 1,
        "cols": 18,
        "dt": "3f",
        "data": [ 5.10225713e-01, 2.70373195e-01, 9.19017494e-01,
            5.19598007e-01, 3.38707566e-01, 9.16142821e-01,
            4.08363491e-01, 3.38758886e-01, 8.87890220e-01,
            3.54873687e-01, 4.04143989e-01, 7.30957150e-01,
            3.30664217e-01, 3.76847923e-01, 8.97524834e-01,
            6.07258677e-01, 3.38666558e-01, 8.83884072e-01,
            6.70453250e-01, 3.98809493e-01, 6.77062988e-01,
            6.94708467e-01, 3.68787795e-01, 8.08601677e-01,
            4.42229211e-01, 5.26998341e-01, 7.50356197e-01,
            4.42328930e-01, 6.63614631e-01, 8.47536564e-01,
            4.47008491e-01, 8.08203042e-01, 8.14644694e-01,
            5.78119934e-01, 5.29733241e-01, 7.13461399e-01,
            5.87771416e-01, 6.66193724e-01, 7.98500419e-01,
            5.97414196e-01, 8.02709401e-01, 8.00830126e-01,
            4.81241733e-01, 2.51524746e-01, 9.84918118e-01,
            5.25030613e-01, 2.51534283e-01, 9.00260568e-01,
            4.47234154e-01, 2.65059680e-01, 9.05454040e-01,
            5.63552260e-01, 2.65046299e-01, 8.90902400e-01 ]
    }
}
