{
    "pose_0": {
        "type_id": "opencv-matrix",
        "rows": 1,
        "cols": 18,
        "dt": "3f",
        "data": [ 5.20110011e-01, 2.76043087e-01, 9.45211887e-01,
            5.24711788e-01, 3.57890934e-01, 9.71333981e-01,
            4.17883545e-01, 3.60440254e-01, 8.45078230e-01,
            3.30698699e-01, 4.04109329e-01, 8.54685545e-01,
            2.91586906e-01, 4.23349380e-01, 8.65045071e-01,
            6.36322081e-01, 3.57836425e-01, 8.99657011e-01,
            7.23905385e-01, 4.39674944e-01, 7.59491801e-01,
            7.77096450e-01, 4.23387110e-01, 7.80513883e-01,
            4.51947629e-01, 5.48894227e-01, 7.17744768e-01,
            4.47325110e-01, 6.85431004e-01, 8.27636123e-01,
            4.51933801e-01, 8.21855903e-01, 8.07521641e-01,
            5.97649753e-01, 5.51528037e-01, 7.63988256e-01,
            6.02236748e-01, 6.85464680e-01, 8.78234267e-01,
            6.02484226e-01, 8.19033861e-01, 8.58878911e-01,
            4.95565146e-01, 2.70423353e-01, 9.27869916e-01,
            5.48913896e-01, 2.70403206e-01, 8.95168900e-01,
            4.76058543e-01, 2.75885850e-01, 8.50738168e-01,
            5.73331952e-01, 2.75923610e-01, 8.75294507e-01 ]
    }
}
