{
    "pose_0": {
        "type_id": "opencv-matrix",
        "rows": 1,
        "cols": 18,
        "dt": "3f",
        "data": [ 4.85824645e-01, 2.48497233e-01, 9.60718036e-01,
            4.85951126e-01, 3.33147109e-01, 8.98608029e-01,
            3.69345725e-01, 3.30551118e-01, 8.32260668e-01,
            2.33395696e-01, 3.82418215e-01, 7.85614133e-01,
            9.26346481e-02, 3.82375687e-01, 8.50582957e-01,
            6.07221901e-01, 3.33164692e-01, 8.28693688e-01,
            7.52745986e-01, 3.93320203e-01, 8.21200430e-01,
            8.69544446e-01, 3.93304318e-01, 7.50552356e-01,
            4.13050890e-01, 5.18892705e-01, 7.22052693e-01,
            4.13208842e-01, 6.55368745e-01, 7.76658773e-01,
            4.32479322e-01, 7.94579089e-01, 8.25414300e-01,
            5.58881462e-01, 5.18907726e-01, 7.38433182e-01,
            5.63563764e-01, 6.55358136e-01, 8.20802450e-01,
            5.68469882e-01, 7.89058328e-01, 8.14282596e-01,
            4.56805527e-01, 2.29632169e-01, 8.85208249e-01,
            5.14963746e-01, 2.29615733e-01, 8.99788857e-01,
            4.32451785e-01, 2.40465239e-01, 8.41159999e-01,
            5.48945844e-01, 2.40499452e-01, 8.07999253e-01 ]
    }
}
