{
    "pose_0": {
        "type_id": "opencv-matrix",
        "rows": 1,
        "cols": 18,
        "dt": "3f",
        "data": [ 5.10165691e-01, 2.70573527e-01, 9.24846649e-01,
            5.14921129e-01, 3.54985744e-01, 8.77116621e-01,
            4.03563768e-01, 3.52376580e-01, 8.65837812e-01,
            2.86793858e-01, 4.15092409e-01, 7.98677385e-01,
            1.70392975e-01, 4.42373514e-01, 8.67420077e-01,
            6.07353866e-01, 3.55021983e-01, 8.50136399e-01,
            6.80345953e-01, 4.47824895e-01, 8.85806262e-01,
            7.77116597e-01, 4.97033626e-01, 8.09822321e-01,
            4.42102581e-01, 5.35345674e-01, 7.44859099e-01,
            4.42106992e-01, 6.74440563e-01, 7.92277813e-01,
            4.42243427e-01, 8.16239715e-01, 8.33914161e-01,
            5.78080654e-01, 5.40667117e-01, 7.01371312e-01,
            5.78183591e-01, 6.77122116e-01, 7.59939015e-01,
            5.87894559e-01, 8.13591480e-01, 7.73217916e-01,
            4.81237710e-01, 2.56879300e-01, 9.33511198e-01,
            5.24920285e-01, 2.56809950e-01, 9.03202295e-01,
            4.47302759e-01, 2.70396948e-01, 9.22188342e-01,
            5.63451290e-01, 2.70322621e-01, 9.34362411e-01 ]
    }
}
