{
    "pose_0": {
        "type_id": "opencv-matrix",
        "rows": 1,
        "cols": 18,
        "dt": "3f",
        "data": [ 4.85873222e-01, 2.67788380e-01, 9.62221503e-01,
            4.86039937e-01, 3.44194829e-01, 9.20561969e-01,
            3.74377429e-01, 3.38770658e-01, 8.67731929e-01,
            2.86822438e-01, 3.90611678e-01, 6.97756767e-01,
            2.86980003e-01, 4.04248327e-01, 8.26039970e-01,
            5.97727060e-01, 3.52383465e-01, 8.84513140e-01,
            6.16914868e-01, 4.47926462e-01, 7.63457954e-01,
            5.78052342e-01, 5.13433278e-01, 4.32039350e-01,
            4.13194835e-01, 5.37946701e-01, 7.59637237e-01,
            4.42021072e-01, 6.85404122e-01, 7.68679142e-01,
            4.76155460e-01, 8.35409045e-01, 7.83198774e-01,
            5.58883190e-01, 5.29721379e-01, 7.71288395e-01,
            5.05228281e-01, 6.19894803e-01, 8.05186510e-01,
            5.48994243e-01, 7.31669247e-01, 7.54994512e-01,
            4.56875324e-01, 2.51468122e-01, 8.95919085e-01,
            5.15009940e-01, 2.51411766e-01, 9.17059541e-01,
            4.37201172e-01, 2.64988482e-01, 8.64986777e-01,
            5.49026906e-01, 2.62251735e-01, 8.23360920e-01 ]
    }
}
