{
    "pose_0": {
        "type_id": "opencv-matrix",
        "rows": 1,
        "cols": 18,
        "dt": "3f",
        "data": [ 4.85912085e-01, 2.67766118e-01, 9.55120921e-01,
            4.85817343e-01, 3.46873730e-01, 9.25766826e-01,
            3.74411345e-01, 3.44191492e-01, 8.38724852e-01,
            3.01438749e-01, 4.34281081e-01, 7.97014713e-01,
            2.23836496e-01, 4.96987492e-01, 8.15211952e-01,
            5.97402036e-01, 3.46921116e-01, 8.72173548e-01,
            6.75169289e-01, 4.45047617e-01, 9.04861867e-01,
            7.62675226e-01, 4.72537458e-01, 8.12267482e-01,
            4.08436865e-01, 5.35159767e-01, 7.44599819e-01,
            4.08490211e-01, 6.69076502e-01, 8.01616192e-01,
            4.17934060e-01, 8.13659370e-01, 8.07593822e-01,
            5.58652282e-01, 5.35241246e-01, 7.70467699e-01,
            5.63367844e-01, 6.71754718e-01, 8.13053668e-01,
            5.63634753e-01, 8.10886800e-01, 8.22070122e-01,
            4.66400445e-01, 2.51470000e-01, 8.89885128e-01,
            5.15085876e-01, 2.51493782e-01, 9.25535262e-01,
            4.37394083e-01, 2.64956236e-01, 8.73447299e-01,
            5.48911214e-01, 2.67695546e-01, 8.54544282e-01 ]
    }
}
