{
    "pose_0": {
        "type_id": "opencv-matrix",
        "rows": 1,
        "cols": 18,
        "dt": "3f",
        "data": [ 4.80784059e-01, 2.62278318e-01, 9.04789746e-01,
            4.95612442e-01, 3.38736385e-01, 9.01844561e-01,
            3.69473755e-01, 3.38856608e-01, 8.76689911e-01,
            3.20756435e-01, 4.39641446e-01, 8.07956815e-01,
            2.57945389e-01, 5.10563374e-01, 8.08369517e-01,
            6.31486714e-01, 3.38612348e-01, 8.22479010e-01,
            7.62648463e-01, 3.41395706e-01, 7.82386184e-01,
            8.69200408e-01, 2.81357080e-01, 8.06552052e-01,
            4.08315837e-01, 5.32421529e-01, 7.71244168e-01,
            4.08419639e-01, 6.68957293e-01, 8.21384609e-01,
            4.17904347e-01, 8.05441499e-01, 7.70177245e-01,
            5.58738291e-01, 5.32485962e-01, 7.83396661e-01,
            5.58926642e-01, 6.66387618e-01, 8.31691623e-01,
            5.63589156e-01, 7.99959183e-01, 8.43370616e-01,
            4.47124749e-01, 2.48680934e-01, 9.92071986e-01,
            4.90958780e-01, 2.48660818e-01, 9.04028535e-01,
            4.13247734e-01, 2.51457870e-01, 9.01223958e-01,
            5.29581904e-01, 2.51463473e-01, 9.35234606e-01 ]
    }
}
