{
    "pose_0": {
        "type_id": "opencv-matrix",
        "rows": 1,
        "cols": 18,
        "dt": "3f",
        "data": [ 5.20012915e-01, 2.76017100e-01, 9.49695587e-01,
            5.24566412e-01, 3.57894242e-01, 9.47439849e-01,
            4.13181484e-01, 3.57835770e-01, 8.80227447e-01,
            3.64391983e-01, 4.42482084e-01, 8.78203154e-01,
            3.30724508e-01, 5.18868983e-01, 8.67409229e-01,
            6.31535530e-01, 3.57901186e-01, 8.94093037e-01,
            6.84871554e-01, 4.45143193e-01, 8.60334635e-01,
            7.23810792e-01, 5.07953167e-01, 8.73759449e-01,
            4.47205722e-01, 5.43470025e-01, 7.40214944e-01,
            4.47236359e-01, 6.85418546e-01, 8.50784183e-01,
            4.51963305e-01, 8.21847558e-01, 8.04391980e-01,
            5.97451329e-01, 5.48840463e-01, 7.57047415e-01,
            6.02243841e-01, 6.85383141e-01, 8.72994721e-01,
            6.02661252e-01, 8.19017828e-01, 8.47738385e-01,
            4.90874022e-01, 2.70365655e-01, 9.28146303e-01,
            5.44227004e-01, 2.70368338e-01, 8.80886436e-01,
            4.71302152e-01, 2.73243904e-01, 8.54067743e-01,
            5.73267996e-01, 2.73353726e-01, 8.86860728e-01 ]
    }
}
