{
    "pose_0": {
        "type_id": "opencv-matrix",
        "rows": 1,
        "cols": 18,
        "dt": "3f",
        "data": [ 4.81282055e-01, 2.32264042e-01, 9.46707189e-01,
            4.81194049e-01, 3.16798091e-01, 9.29039478e-01,
            3.64531189e-01, 3.16783100e-01, 8.48514080e-01,
            2.13990539e-01, 3.71419579e-01, 7.95016408e-01,
            6.84791654e-02, 3.76839459e-01, 7.18132019e-01,
            6.02259398e-01, 3.16837102e-01, 8.76767278e-01,
            7.47870505e-01, 3.79769117e-01, 8.46436143e-01,
            8.64560425e-01, 3.85101110e-01, 7.96812415e-01,
            4.08308059e-01, 5.10586619e-01, 7.47047782e-01,
            4.08461004e-01, 6.44480705e-01, 8.18446755e-01,
            4.17988181e-01, 7.86332607e-01, 7.81778693e-01,
            5.58554113e-01, 5.10625601e-01, 7.38896847e-01,
            5.63394606e-01, 6.44499779e-01, 8.43790650e-01,
            5.63681364e-01, 7.78197527e-01, 8.30213010e-01,
            4.52069074e-01, 2.24084720e-01, 9.01684403e-01,
            5.10136425e-01, 2.24042773e-01, 8.67505670e-01,
            4.27699924e-01, 2.29472533e-01, 8.64360988e-01,
            5.39236248e-01, 2.29494214e-01, 8.92698824e-01 ]
    }
}
