{
    "pose_0": {
        "type_id": "opencv-matrix",
        "rows": 1,
        "cols": 18,
        "dt": "3f",
        "data": [ 5.15095115e-01, 2.73104489e-01, 9.57525849e-01,
            5.19782305e-01, 3.52340132e-01, 9.06440735e-01,
            4.08029646e-01, 3.52379143e-01, 8.48603308e-01,
            2.96628743e-01, 4.01459992e-01, 6.84516847e-01,
            2.86867857e-01, 4.04276431e-01, 7.54039586e-01,
            6.31577134e-01, 3.52319539e-01, 8.25154483e-01,
            7.43056059e-01, 4.23266649e-01, 6.43507540e-01,
            7.57655203e-01, 4.12376136e-01, 7.74630964e-01,
            4.42285269e-01, 5.35331607e-01, 7.57128775e-01,
            4.46887732e-01, 6.71685398e-01, 8.09725165e-01,
            4.47251916e-01, 8.16419542e-01, 8.39850664e-01,
            5.87803662e-01, 5.35330534e-01, 7.08408952e-01,
            5.92657089e-01, 6.68972075e-01, 7.93144584e-01,
            5.97563386e-01, 8.10919583e-01, 8.14450085e-01,
            4.85904217e-01, 2.59511650e-01, 9.21985149e-01,
            5.29678047e-01, 2.59551167e-01, 8.53401363e-01,
            4.51934248e-01, 2.70372272e-01, 9.30034220e-01,
            5.63734770e-01, 2.70421386e-01, 9.41735744e-01 ]
    }
}
