{
    "pose_0": {
        "type_id": "opencv-matrix",
        "rows": 1,
        "cols": 18,
        "dt": "3f",
        "data": [ 5.14885306e-01, 2.70418316e-01, 9.37894702e-01,
            5.19822955e-01, 3.38685632e-01, 9.41160738e-01,
            4.13200140e-01, 3.38617742e-01, 8.54342043e-01,
            3.59714419e-01, 4.01383549e-01, 7.67548800e-01,
            3.30565691e-01, 3.66008818e-01, 8.58471632e-01,
            6.07443929e-01, 3.38709801e-01, 8.62310529e-01,
            6.80099726e-01, 3.95981789e-01, 6.58903360e-01,
            6.99471712e-01, 3.60628396e-01, 8.20368171e-01,
            4.42226768e-01, 5.21597385e-01, 7.47273326e-01,
            4.42280263e-01, 6.63528204e-01, 8.23327661e-01,
            4.47087795e-01, 8.10943902e-01, 8.02629352e-01,
            5.78138888e-01, 5.27051806e-01, 7.01992512e-01,
            5.87864637e-01, 6.63564384e-01, 8.06780159e-01,
            5.97472966e-01, 8.02746236e-01, 8.03067327e-01,
            4.85734075e-01, 2.54056931e-01, 9.65391397e-01,
            5.29568195e-01, 2.54109025e-01, 8.84080350e-01,
            4.47293490e-01, 2.65041471e-01, 8.97430241e-01,
            5.63584089e-01, 2.67663240e-01, 8.81246269e-01 ]
    }
}
