{
    "pose_0": {
        "type_id": "opencv-matrix",
        "rows": 1,
        "cols": 18,
        "dt": "3f",
        "data": [ 4.85717714e-01, 2.70347148e-01, 9.73403513e-01,
            4.85763758e-01, 3.44142914e-01, 9.26732421e-01,
            3.69672388e-01, 3.38723600e-01, 8.90360117e-01,
            2.82050282e-01, 3.87849718e-01, 6.83841527e-01,
            2.86914051e-01, 4.01460111e-01, 8.20734024e-01,
            5.97369313e-01, 3.52320790e-01, 8.52279902e-01,
            6.07206821e-01, 4.47979629e-01, 7.66049802e-01,
            5.87829471e-01, 5.13473749e-01, 4.25894737e-01,
            4.08181816e-01, 5.35289764e-01, 8.01017880e-01,
            4.42390174e-01, 6.88094854e-01, 8.01742494e-01,
            4.76118445e-01, 8.35389137e-01, 7.69436479e-01,
            5.53947389e-01, 5.24328828e-01, 7.53098071e-01,
            5.05383432e-01, 6.08936965e-01, 7.84476936e-01,
            5.44214785e-01, 7.29068756e-01, 7.27699637e-01,
            4.52045619e-01, 2.51491398e-01, 9.08098936e-01,
            5.10201216e-01, 2.51467466e-01, 8.77663493e-01,
            4.27590668e-01, 2.65009344e-01, 8.60271156e-01,
            5.39320588e-01, 2.62297690e-01, 8.00479710e-01 ]
    }
}
