{
    "pose_0": {
        "type_id": "opencv-matrix",
        "rows": 1,
        "cols": 18,
        "dt": "3f",
        "data": [ 4.90666956e-01, 2.70424336e-01, 9.41682935e-01,
            4.86175299e-01, 3.52315605e-01, 8.96568537e-01,
            3.79103392e-01, 3.46872300e-01, 8.28655899e-01,
            2.96566516e-01, 4.23293948e-01, 7.06634879e-01,
            2.86902845e-01, 4.50690001e-01, 6.67967618e-01,
            6.02351367e-01, 3.52394551e-01, 8.87892306e-01,
            6.51049793e-01, 4.47858125e-01, 8.34156036e-01,
            6.55863225e-01, 5.27055025e-01, 7.36718774e-01,
            4.17981327e-01, 5.46128452e-01, 7.16115177e-01,
            4.37415779e-01, 6.90876722e-01, 7.90444136e-01,
            4.71345216e-01, 8.29990566e-01, 7.64902294e-01,
            5.63845754e-01, 5.43462932e-01, 7.26988792e-01,
            5.53840578e-01, 6.85314178e-01, 8.73782456e-01,
            5.68495214e-01, 8.16356480e-01, 8.02643657e-01,
            4.76014256e-01, 2.54062176e-01, 8.93034995e-01,
            5.19893169e-01, 2.54091471e-01, 9.42596138e-01,
            4.42016929e-01, 2.67672062e-01, 9.31236684e-01,
            5.53931594e-01, 2.67729372e-01, 8.74377608e-01 ]
    }
}
