{
    "pose_0": {
        "type_id": "opencv-matrix",
        "rows": 1,
        "cols": 18,
        "dt": "3f",
        "data": [ 4.85886127e-01, 2.67767429e-01, 9.57274914e-01,
            4.86042023e-01, 3.46871793e-01, 9.11879599e-01,
            3.74344438e-01, 3.38821262e-01, 8.61275375e-01,
            2.91915864e-01, 3.93263876e-01, 7.17211545e-01,
            2.91581810e-01, 4.06915605e-01, 8.00499499e-01,
            6.02204502e-01, 3.54987770e-01, 8.90009820e-01,
            6.26645088e-01, 4.50634658e-01, 7.62118220e-01,
            5.87871075e-01, 5.24286389e-01, 4.37581360e-01,
            4.17954654e-01, 5.37921548e-01, 7.59150445e-01,
            4.22798932e-01, 6.79889798e-01, 7.06636548e-01,
            4.71395612e-01, 8.27324927e-01, 7.57016957e-01,
            5.58928072e-01, 5.32465935e-01, 7.96759367e-01,
            5.14890492e-01, 6.38896585e-01, 8.01718473e-01,
            5.58431149e-01, 7.53589511e-01, 7.54451513e-01,
            4.56888407e-01, 2.51451641e-01, 8.94299626e-01,
            5.15036523e-01, 2.51399785e-01, 9.20035839e-01,
            4.37210083e-01, 2.64976948e-01, 8.67519021e-01,
            5.49059749e-01, 2.62251347e-01, 8.26367974e-01 ]
    }
}
