{
    "pose_0": {
        "type_id": "opencv-matrix",
        "rows": 1,
        "cols": 18,
        "dt": "3f",
        "data": [ 4.81078267e-01, 2.65024394e-01, 9.34301376e-01,
            4.81143713e-01, 3.41426671e-01, 9.25807059e-01,
            3.69528234e-01, 3.41460288e-01, 8.69539499e-01,
            2.96744049e-01, 4.36936677e-01, 8.08053136e-01,
            2.38312706e-01, 4.94363099e-01, 8.15635860e-01,
            5.92623889e-01, 3.38861614e-01, 8.67824614e-01,
            6.99470520e-01, 4.15093303e-01, 8.43227625e-01,
            8.30699563e-01, 4.23294127e-01, 8.93954158e-01,
            4.08409625e-01, 5.32469630e-01, 7.51373649e-01,
            4.08424646e-01, 6.66378617e-01, 8.20776403e-01,
            4.17919695e-01, 8.10918272e-01, 7.72393525e-01,
            5.58619738e-01, 5.32493532e-01, 7.76100934e-01,
            5.58881164e-01, 6.69054329e-01, 8.33332300e-01,
            5.63519955e-01, 8.00093174e-01, 8.24225247e-01,
            4.51873839e-01, 2.51254618e-01, 9.58739877e-01,
            5.05218387e-01, 2.51262605e-01, 8.87701750e-01,
            4.22845870e-01, 2.54119039e-01, 8.30677569e-01,
            5.29683411e-01, 2.54204363e-01, 8.69536698e-01 ]
    }
}
