{
    "pose_0": {
        "type_id": "opencv-matrix",
        "rows": 1,
        "cols": 18,
        "dt": "3f",
        "data": [ 4.80818063e-01, 2.62287855e-01, 9.04136896e-01,
            4.95528251e-01, 3.38819951e-01, 8.90754580e-01,
            3.69531363e-01, 3.41441274e-01, 8.60178888e-01,
            3.16077054e-01, 4.36965555e-01, 7.98993647e-01,
            2.53010631e-01, 5.05226374e-01, 8.42821002e-01,
            6.26624584e-01, 3.38720143e-01, 8.06559086e-01,
            7.62514710e-01, 3.57814372e-01, 8.44359457e-01,
            8.69232178e-01, 2.95077115e-01, 8.27123523e-01,
            4.08506155e-01, 5.32433271e-01, 7.46755719e-01,
            4.08486992e-01, 6.66378200e-01, 8.11359882e-01,
            4.17956412e-01, 8.08169365e-01, 7.75447249e-01,
            5.58844388e-01, 5.32515168e-01, 7.69693911e-01,
            5.63410103e-01, 6.66388750e-01, 8.35233927e-01,
            5.63569963e-01, 8.00013363e-01, 8.38702559e-01,
            4.47149664e-01, 2.48691902e-01, 9.90877271e-01,
            4.95577753e-01, 2.48661891e-01, 9.00095940e-01,
            4.17846978e-01, 2.51493484e-01, 8.87767911e-01,
            5.29604614e-01, 2.51492113e-01, 9.26525712e-01 ]
    }
}
