{
    "pose_0": {
        "type_id": "opencv-matrix",
        "rows": 1,
        "cols": 18,
        "dt": "3f",
        "data": [ 5.19640565e-01, 2.73127168e-01, 9.68701839e-01,
            5.19604445e-01, 3.55062902e-01, 9.06712055e-01,
            4.08086807e-01, 3.55124056e-01, 8.84188175e-01,
            3.25548857e-01, 4.04179990e-01, 8.51626754e-01,
            2.91508615e-01, 4.26104814e-01, 8.73826742e-01,
            6.21802688e-01, 3.54986846e-01, 8.11306536e-01,
            7.04421103e-01, 4.23319697e-01, 7.05064893e-01,
            7.43109107e-01, 4.28739399e-01, 8.41006517e-01,
            4.46848899e-01, 5.40663183e-01, 7.37541497e-01,
            4.46968257e-01, 6.77178860e-01, 8.15543711e-01,
            4.47240651e-01, 8.19057345e-01, 8.44679654e-01,
            5.92624843e-01, 5.40734470e-01, 7.22085297e-01,
            5.97332656e-01, 6.82534397e-01, 7.96738505e-01,
            5.97629011e-01, 8.16285908e-01, 8.32013369e-01,
            4.86003786e-01, 2.59519190e-01, 9.20707583e-01,
            5.34423470e-01, 2.59617597e-01, 8.45276237e-01,
            4.51960325e-01, 2.70380020e-01, 9.25015092e-01,
            5.63825846e-01, 2.70522326e-01, 9.35873508e-01 ]
    }
}
