{
    "pose_0": {
        "type_id": "opencv-matrix",
        "rows": 1,
        "cols": 18,
        "dt": "3f",
        "data": [ 4.90732104e-01, 2.78738260e-01, 9.08783138e-01,
            4.90679264e-01, 3.57933342e-01, 9.34890807e-01,
            3.88808936e-01, 3.57860655e-01, 8.64903629e-01,
            3.25765491e-01, 4.45219666e-01, 9.17542458e-01,
            3.15973669e-01, 5.24270058e-01, 8.40830624e-01,
            5.97742736e-01, 3.60448807e-01, 9.19697404e-01,
            6.50908828e-01, 4.48030263e-01, 8.34802151e-01,
            6.60660744e-01, 5.35168707e-01, 8.90922368e-01,
            4.13163275e-01, 5.46160042e-01, 7.45223939e-01,
            4.37365055e-01, 6.85318112e-01, 8.07098806e-01,
            4.52087551e-01, 8.19186211e-01, 8.03995609e-01,
            5.63445151e-01, 5.48837423e-01, 7.66163886e-01,
            5.73309422e-01, 6.85244083e-01, 8.22391033e-01,
            6.02680624e-01, 8.16477835e-01, 8.56616497e-01,
            4.76122975e-01, 2.70469964e-01, 9.36123312e-01,
            5.19863307e-01, 2.70463467e-01, 9.73742366e-01,
            4.42227781e-01, 2.75881708e-01, 9.12531972e-01,
            5.53890288e-01, 2.75903851e-01, 8.80676448e-01 ]
    }
}
