{
    "pose_0": {
        "type_id": "opencv-matrix",
        "rows": 1,
        "cols": 18,
        "dt": "3f",
        "data": [ 5.05397201e-01, 2.67750174e-01, 8.96538019e-01,
            5.14847457e-01, 3.41515332e-01, 8.81866455e-01,
            4.03205603e-01, 3.44230711e-01, 8.46402824e-01,
            2.91634589e-01, 4.04197842e-01, 8.86035085e-01,
            3.01470995e-01, 4.26035821e-01, 8.96282315e-01,
            6.17044210e-01, 3.41464132e-01, 8.23586106e-01,
            7.18850017e-01, 4.01567072e-01, 8.72723520e-01,
            7.13834941e-01, 4.25981432e-01, 9.54424620e-01,
            4.42205578e-01, 5.32409251e-01, 7.46394753e-01,
            4.42308158e-01, 6.66206598e-01, 8.41145873e-01,
            4.47155386e-01, 8.13578308e-01, 8.11950445e-01,
            5.82893968e-01, 5.32493889e-01, 7.14751720e-01,
            5.87815762e-01, 6.66208982e-01, 8.07736158e-01,
            5.97492516e-01, 8.02698255e-01, 8.08845222e-01,
            4.81144994e-01, 2.51406878e-01, 1.01389897e+00,
            5.24896443e-01, 2.51406610e-01, 9.41186249e-01,
            4.47162449e-01, 2.64981776e-01, 9.30043697e-01,
            5.63402832e-01, 2.62322962e-01, 8.88845801e-01 ]
    }
}
