{
    "pose_0": {
        "type_id": "opencv-matrix",
        "rows": 1,
        "cols": 18,
        "dt": "3f",
        "data": [ 5.10189235e-01, 2.70579994e-01, 9.28532839e-01,
            5.14884412e-01, 3.55002046e-01, 8.72327745e-01,
            4.03530329e-01, 3.52395445e-01, 8.62784028e-01,
            2.82077104e-01, 4.09682661e-01, 8.03134382e-01,
            1.65452048e-01, 4.31557119e-01, 8.19790423e-01,
            6.07305944e-01, 3.55040818e-01, 8.56146455e-01,
            6.80315554e-01, 4.47865397e-01, 8.91739786e-01,
            7.77158558e-01, 4.97055203e-01, 8.13788831e-01,
            4.42096919e-01, 5.37956059e-01, 7.47353137e-01,
            4.42109048e-01, 6.74408138e-01, 7.95250177e-01,
            4.42208558e-01, 8.13689947e-01, 8.30435157e-01,
            5.73370278e-01, 5.40670693e-01, 7.03734875e-01,
            5.78092217e-01, 6.74487114e-01, 7.62045622e-01,
            5.87900639e-01, 8.13567996e-01, 7.70598888e-01,
            4.81261313e-01, 2.56869733e-01, 9.35425222e-01,
            5.24951220e-01, 2.56821185e-01, 8.97766531e-01,
            4.47334737e-01, 2.70379871e-01, 9.04059410e-01,
            5.63450634e-01, 2.70330399e-01, 9.27842140e-01 ]
    }
}
