{
    "pose_0": {
        "type_id": "opencv-matrix",
        "rows": 1,
        "cols": 18,
        "dt": "3f",
        "data": [ 4.81216490e-01, 2.54183769e-01, 9.44319963e-01,
            4.86177593e-01, 3.38601142e-01, 9.33075070e-01,
            3.69631082e-01, 3.38643730e-01, 8.90425265e-01,
            2.96639711e-01, 4.26186979e-01, 8.23769391e-01,
            2.19007552e-01, 4.80683833e-01, 8.11704576e-01,
            6.07187748e-01, 3.36069316e-01, 8.66363645e-01,
            7.52900958e-01, 3.82379264e-01, 8.52556586e-01,
            8.74444723e-01, 3.76829028e-01, 7.10704148e-01,
            4.08439279e-01, 5.24358749e-01, 7.33039081e-01,
            4.13021684e-01, 6.63566351e-01, 8.22986364e-01,
            4.22704518e-01, 7.99965322e-01, 7.87314892e-01,
            5.58758318e-01, 5.29742301e-01, 7.56346941e-01,
            5.63376367e-01, 6.66170895e-01, 8.51592779e-01,
            5.63768566e-01, 7.94598401e-01, 8.56309772e-01,
            4.52032864e-01, 2.48523951e-01, 9.28607583e-01,
            5.05381405e-01, 2.48493865e-01, 8.76723289e-01,
            4.27631110e-01, 2.51365304e-01, 8.79670680e-01,
            5.34499645e-01, 2.51398236e-01, 9.03415024e-01 ]
    }
}
