{
    "pose_0": {
        "type_id": "opencv-matrix",
        "rows": 1,
        "cols": 18,
        "dt": "3f",
        "data": [ 5.19801557e-01, 2.59512424e-01, 8.95744145e-01,
            5.19860446e-01, 3.36083978e-01, 9.45363164e-01,
            4.08110559e-01, 3.38745803e-01, 9.22186077e-01,
            3.64509255e-01, 4.31517005e-01, 8.16932678e-01,
            3.74420047e-01, 5.07981062e-01, 8.13696146e-01,
            6.31523907e-01, 3.35892320e-01, 8.95872355e-01,
            7.14030385e-01, 3.98739487e-01, 6.66644216e-01, 0.0, 0.0,
            0.0, 4.47106868e-01, 5.35305917e-01, 7.31123447e-01,
            4.56770837e-01, 6.85422659e-01, 8.14070940e-01,
            4.56701338e-01, 8.19151044e-01, 8.17263246e-01,
            5.97626805e-01, 5.35256147e-01, 7.63755918e-01,
            5.97357929e-01, 6.85412526e-01, 8.41641247e-01,
            5.73202610e-01, 8.27273011e-01, 7.53731966e-01,
            4.86160517e-01, 2.48575941e-01, 9.54295814e-01,
            5.39345384e-01, 2.48600170e-01, 8.83916080e-01,
            4.56768960e-01, 2.51359165e-01, 8.81242156e-01,
            5.73327303e-01, 2.51462817e-01, 9.13142145e-01 ]
    }
}
