{
    "pose_0": {
        "type_id": "opencv-matrix",
        "rows": 1,
        "cols": 18,
        "dt": "3f",
        "data": [ 4.85680789e-01, 2.54116297e-01, 9.59498942e-01,
            4.81221259e-01, 3.35986525e-01, 9.58636403e-01,
            3.74403566e-01, 3.27816725e-01, 7.93432415e-01,
            2.91691303e-01, 3.60553145e-01, 7.19021559e-01,
            2.91974872e-01, 3.74226540e-01, 8.67038786e-01,
            5.83004236e-01, 3.38779926e-01, 8.63147438e-01,
            6.07176483e-01, 4.26155448e-01, 7.18232155e-01,
            5.92761576e-01, 4.99770671e-01, 3.66739273e-01,
            4.08410937e-01, 5.32425463e-01, 7.81673670e-01,
            4.37445074e-01, 6.79866731e-01, 7.19672859e-01,
            4.56696987e-01, 8.35522592e-01, 7.61731625e-01,
            5.58579564e-01, 5.21610081e-01, 7.82545984e-01,
            5.19923985e-01, 6.22630715e-01, 7.91628957e-01,
            5.63482821e-01, 7.48078108e-01, 7.78444171e-01,
            4.56707954e-01, 2.45968178e-01, 9.11016166e-01,
            5.14862716e-01, 2.48513624e-01, 8.96588445e-01,
            4.32469487e-01, 2.51520932e-01, 8.83248031e-01,
            5.44090271e-01, 2.54202813e-01, 8.69642138e-01 ]
    }
}
