{
    "pose_0": {
        "type_id": "opencv-matrix",
        "rows": 1,
        "cols": 18,
        "dt": "3f",
        "data": [ 4.81259048e-01, 2.43144765e-01, 9.32244003e-01,
            4.85688478e-01, 3.19693685e-01, 8.94894242e-01,
            3.59620601e-01, 3.19639564e-01, 8.00792336e-01,
            1.94700867e-01, 3.60470533e-01, 7.70989656e-01,
            5.87954856e-02, 3.38687927e-01, 7.10272968e-01,
            6.07223988e-01, 3.19699049e-01, 7.92872488e-01,
            7.62566864e-01, 3.63317817e-01, 8.06694925e-01,
            8.98433208e-01, 3.41532201e-01, 7.49772787e-01,
            4.08360660e-01, 5.13347268e-01, 7.55257726e-01,
            4.13109034e-01, 6.47132218e-01, 7.83594787e-01,
            4.27575529e-01, 7.91830063e-01, 7.95989633e-01,
            5.58789551e-01, 5.13374150e-01, 7.39992201e-01,
            5.63478768e-01, 6.47170842e-01, 8.17282557e-01,
            5.63866317e-01, 7.86340177e-01, 7.94973969e-01,
            4.52096522e-01, 2.26925582e-01, 9.27526712e-01,
            5.10099411e-01, 2.26905420e-01, 8.95722032e-01,
            4.27690834e-01, 2.32271731e-01, 8.38733912e-01,
            5.34506798e-01, 2.32296199e-01, 8.58831286e-01 ]
    }
}
