{
    "pose_0": {
        "type_id": "opencv-matrix",
        "rows": 1,
        "cols": 18,
        "dt": "3f",
        "data": [ 5.19627750e-01, 2.76050329e-01, 9.13766861e-01,
            5.19609153e-01, 3.57883304e-01, 9.18305695e-01,
            4.08039451e-01, 3.57871711e-01, 9.21660900e-01,
            3.59669685e-01, 4.48011607e-01, 8.52170706e-01,
            3.35468590e-01, 5.32516599e-01, 9.01971102e-01,
            6.16990745e-01, 3.57822359e-01, 8.72154236e-01,
            6.75199389e-01, 4.47800547e-01, 9.06671584e-01,
            6.94700181e-01, 5.27017295e-01, 8.27681243e-01,
            4.42029685e-01, 5.43422937e-01, 7.31703043e-01,
            4.46976990e-01, 6.85255527e-01, 8.38950634e-01,
            4.52109128e-01, 8.19032252e-01, 8.23313534e-01,
            5.87786198e-01, 5.43453813e-01, 7.11269498e-01,
            5.97667158e-01, 6.82572722e-01, 8.36014450e-01,
            6.02584898e-01, 8.16448867e-01, 8.38827491e-01,
            4.86015379e-01, 2.70379066e-01, 9.72248077e-01,
            5.34372568e-01, 2.70390183e-01, 8.89977217e-01,
            4.52080488e-01, 2.73249686e-01, 9.08759594e-01,
            5.63752472e-01, 2.73326337e-01, 9.27986443e-01 ]
    }
}
