{
    "pose_0": {
        "type_id": "opencv-matrix",
        "rows": 1,
        "cols": 18,
        "dt": "3f",
        "data": [ 5.19905388e-01, 2.84116000e-01, 9.06347573e-01,
            5.20078480e-01, 3.57655615e-01, 9.18912649e-01,
            4.22782451e-01, 3.55140567e-01, 8.13513160e-01,
            3.64514291e-01, 4.20594245e-01, 7.77728736e-01,
            3.40251714e-01, 3.82413566e-01, 8.29701424e-01,
            6.17059350e-01, 3.55064392e-01, 8.40814948e-01,
            6.94616258e-01, 4.12399173e-01, 7.29595900e-01,
            7.09069848e-01, 3.79636943e-01, 8.26922178e-01,
            4.47184265e-01, 5.35306454e-01, 7.42329478e-01,
            4.47220862e-01, 6.82574749e-01, 8.24511468e-01,
            4.47332740e-01, 8.21883738e-01, 8.14981878e-01,
            5.97298741e-01, 5.40663779e-01, 7.40232646e-01,
            5.97728193e-01, 6.82645679e-01, 8.40458214e-01,
            6.02235138e-01, 8.19081903e-01, 8.34507644e-01,
            4.90750045e-01, 2.70573258e-01, 9.33923364e-01,
            5.39348304e-01, 2.70597011e-01, 8.69203806e-01,
            4.61705387e-01, 2.75972337e-01, 8.35985363e-01,
            5.68499148e-01, 2.78645426e-01, 8.95571053e-01 ]
    }
}
