{
    "pose_0": {
        "type_id": "opencv-matrix",
        "rows": 1,
        "cols": 18,
        "dt": "3f",
        "data": [ 5.10072291e-01, 2.70505577e-01, 9.23483014e-01,
            5.14907420e-01, 3.52323741e-01, 8.67951035e-01,
            4.03556913e-01, 3.52302819e-01, 8.58462572e-01,
            2.91701138e-01, 4.20538783e-01, 8.03103507e-01,
            1.80074885e-01, 4.47834700e-01, 8.72310460e-01,
            6.07387304e-01, 3.49678099e-01, 8.35449874e-01,
            6.80347681e-01, 4.45191085e-01, 8.80929708e-01,
            7.81996131e-01, 4.94260967e-01, 8.43499303e-01,
            4.42070305e-01, 5.35251319e-01, 7.43000865e-01,
            4.42148745e-01, 6.71705723e-01, 7.98910022e-01,
            4.42346603e-01, 8.16255331e-01, 8.35067630e-01,
            5.78116477e-01, 5.35341084e-01, 7.06807315e-01,
            5.78213573e-01, 6.71759784e-01, 7.64469266e-01,
            5.92570543e-01, 8.13548863e-01, 7.79826283e-01,
            4.81159419e-01, 2.54192442e-01, 9.50156212e-01,
            5.24906337e-01, 2.54145592e-01, 9.15388703e-01,
            4.47167635e-01, 2.70328194e-01, 9.40976739e-01,
            5.63438714e-01, 2.67716408e-01, 9.11990404e-01 ]
    }
}
