{
    "pose_0": {
        "type_id": "opencv-matrix",
        "rows": 1,
        "cols": 18,
        "dt": "3f",
        "data": [ 4.80805546e-01, 2.59603918e-01, 8.95653188e-01,
            4.90703493e-01, 3.41395140e-01, 8.98411095e-01,
            3.69391024e-01, 3.41497988e-01, 8.55332315e-01,
            3.11159402e-01, 4.37004030e-01, 7.84956574e-01,
            2.52709150e-01, 5.05153418e-01, 8.45880151e-01,
            6.12212598e-01, 3.38743329e-01, 8.06419313e-01,
            7.67404437e-01, 3.57899964e-01, 8.01003873e-01,
            8.69340599e-01, 3.03274810e-01, 7.69249976e-01,
            4.08462405e-01, 5.32409370e-01, 7.41874814e-01,
            4.08423185e-01, 6.68936729e-01, 8.12955856e-01,
            4.17860895e-01, 8.08144033e-01, 7.60907352e-01,
            5.58735251e-01, 5.32520890e-01, 7.64368534e-01,
            5.58884025e-01, 6.68967605e-01, 8.32562506e-01,
            5.63509226e-01, 8.00055683e-01, 8.31954420e-01,
            4.47132111e-01, 2.48657316e-01, 9.82936323e-01,
            4.95572031e-01, 2.48630479e-01, 8.96181345e-01,
            4.13265675e-01, 2.54058033e-01, 8.80168319e-01,
            5.29572725e-01, 2.54046172e-01, 9.17105258e-01 ]
    }
}
