{
    "pose_0": {
        "type_id": "opencv-matrix",
        "rows": 1,
        "cols": 18,
        "dt": "3f",
        "data": [ 5.19683897e-01, 2.76026398e-01, 9.25157905e-01,
            5.20097375e-01, 3.57839406e-01, 9.55742717e-01,
            4.08357084e-01, 3.57842356e-01, 8.69354784e-01,
            3.15906256e-01, 4.04140502e-01, 7.16104269e-01,
            2.91784942e-01, 4.20522541e-01, 7.38577366e-01,
            6.36348605e-01, 3.57787967e-01, 9.00557637e-01,
            7.23758519e-01, 4.42425907e-01, 7.48260140e-01,
            7.57991374e-01, 4.20553654e-01, 8.27337980e-01,
            4.46987242e-01, 5.48852801e-01, 7.46806681e-01,
            4.47164714e-01, 6.85241997e-01, 8.33869457e-01,
            4.47274357e-01, 8.21789682e-01, 8.24401855e-01,
            5.92779040e-01, 5.48905671e-01, 7.30121374e-01,
            5.97585917e-01, 6.82616234e-01, 8.22396219e-01,
            5.97777903e-01, 8.16268444e-01, 8.47100556e-01,
            4.86067414e-01, 2.70346612e-01, 9.63876843e-01,
            5.34427762e-01, 2.70351917e-01, 8.86183083e-01,
            4.56702620e-01, 2.73170441e-01, 8.89877498e-01,
            5.63813090e-01, 2.73229033e-01, 9.30039048e-01 ]
    }
}
