{
    "pose_0": {
        "type_id": "opencv-matrix",
        "rows": 1,
        "cols": 18,
        "dt": "3f",
        "data": [ 4.80888069e-01, 2.62257665e-01, 9.06152546e-01,
            4.85984474e-01, 3.38852435e-01, 9.15844619e-01,
            3.69327217e-01, 3.41458142e-01, 8.65572095e-01,
            3.06273073e-01, 4.34249014e-01, 7.79019177e-01,
            2.48020411e-01, 5.02468824e-01, 8.32201838e-01,
            6.02639377e-01, 3.38720798e-01, 8.41564953e-01,
            7.57777572e-01, 3.60688925e-01, 8.73008132e-01,
            8.74216199e-01, 3.14184219e-01, 8.61181617e-01,
            4.08436030e-01, 5.29803813e-01, 7.34360993e-01,
            4.08445925e-01, 6.66366398e-01, 8.10226321e-01,
            4.17902797e-01, 8.08152378e-01, 7.59485602e-01,
            5.58696628e-01, 5.32480061e-01, 7.60699630e-01,
            5.58895528e-01, 6.66390181e-01, 8.36622655e-01,
            5.63622534e-01, 8.00007880e-01, 8.25516403e-01,
            4.47221935e-01, 2.48673812e-01, 9.82049942e-01,
            4.95652199e-01, 2.48664126e-01, 8.94840181e-01,
            4.17859584e-01, 2.51476645e-01, 8.91457081e-01,
            5.29610991e-01, 2.51505017e-01, 9.24059451e-01 ]
    }
}
