{
    "pose_0": {
        "type_id": "opencv-matrix",
        "rows": 1,
        "cols": 18,
        "dt": "3f",
        "data": [ 5.19954026e-01, 2.54184425e-01, 9.29721773e-01,
            5.24562836e-01, 3.35893035e-01, 9.42817688e-01,
            4.13074136e-01, 3.36020052e-01, 8.92255843e-01,
            3.74316275e-01, 4.25989717e-01, 7.81177521e-01,
            4.08036590e-01, 4.88818467e-01, 6.66993737e-01,
            6.36244118e-01, 3.33162218e-01, 8.66818309e-01,
            6.94714308e-01, 4.04117286e-01, 7.65968502e-01,
            7.09068835e-01, 3.76852453e-01, 8.30692410e-01,
            4.47280377e-01, 5.32516658e-01, 7.42390037e-01,
            4.71406400e-01, 6.77119613e-01, 7.95210958e-01,
            4.56885695e-01, 7.97250748e-01, 8.00392449e-01,
            5.97701967e-01, 5.35189807e-01, 7.75250494e-01,
            5.97765148e-01, 6.85458004e-01, 8.67943466e-01,
            5.73252022e-01, 8.27277124e-01, 7.36089706e-01,
            4.90773916e-01, 2.48494029e-01, 9.28148031e-01,
            5.44243634e-01, 2.48484239e-01, 8.73245120e-01,
            4.66465950e-01, 2.51339048e-01, 8.32784057e-01,
            5.78222156e-01, 2.51391530e-01, 9.08099532e-01 ]
    }
}
