{
    "pose_0": {
        "type_id": "opencv-matrix",
        "rows": 1,
        "cols": 18,
        "dt": "3f",
        "data": [ 5.24566352e-01, 2.73367912e-01, 9.47119474e-01,
            5.24802208e-01, 3.55089098e-01, 9.23128843e-01,
            4.17988896e-01, 3.57666224e-01, 8.43909502e-01,
            3.69674265e-01, 4.47850376e-01, 8.76474261e-01,
            3.74255061e-01, 5.32369018e-01, 8.49087119e-01,
            6.36331022e-01, 3.52354318e-01, 8.58808279e-01,
            7.09210515e-01, 4.25973117e-01, 8.52149725e-01,
            7.18751192e-01, 4.75234598e-01, 8.85964036e-01,
            4.56693411e-01, 5.48850119e-01, 7.19308853e-01,
            4.76141691e-01, 6.85415566e-01, 8.72078955e-01,
            4.76249516e-01, 7.94524610e-01, 8.21166754e-01,
            6.02211237e-01, 5.46127737e-01, 7.49625921e-01,
            5.97780764e-01, 6.88155711e-01, 8.67081881e-01,
            5.73247254e-01, 8.21806490e-01, 7.59512603e-01,
            4.95639026e-01, 2.67739326e-01, 8.81640255e-01,
            5.49064517e-01, 2.67675996e-01, 8.74127507e-01,
            4.76070195e-01, 2.73148686e-01, 8.77678931e-01,
            5.82957149e-01, 2.73128629e-01, 9.12498772e-01 ]
    }
}
