{
    "pose_0": {
        "type_id": "opencv-matrix",
        "rows": 1,
        "cols": 18,
        "dt": "3f",
        "data": [ 5.19600868e-01, 2.70599306e-01, 9.60672736e-01,
            5.15105546e-01, 3.54994357e-01, 8.99927497e-01,
            4.03493226e-01, 3.55041414e-01, 8.61763000e-01,
            3.01555187e-01, 3.98781627e-01, 7.42081225e-01,
            2.86747098e-01, 4.09714222e-01, 7.52512157e-01,
            6.26576841e-01, 3.52382123e-01, 8.10791731e-01,
            7.19035685e-01, 4.36949551e-01, 7.46459007e-01,
            7.57671773e-01, 4.17840272e-01, 8.34611356e-01,
            4.42311406e-01, 5.35333276e-01, 7.55565524e-01,
            4.46874410e-01, 6.74490869e-01, 8.05509031e-01,
            4.47139531e-01, 8.16434324e-01, 8.47702622e-01,
            5.87866962e-01, 5.37959456e-01, 7.05754220e-01,
            5.97278476e-01, 6.74446821e-01, 7.83733547e-01,
            5.97566962e-01, 8.13681662e-01, 8.22163582e-01,
            4.85960215e-01, 2.56850600e-01, 9.26599622e-01,
            5.29784858e-01, 2.59515107e-01, 8.46061945e-01,
            4.51960951e-01, 2.70375162e-01, 9.29757714e-01,
            5.63783109e-01, 2.70461142e-01, 9.42930341e-01 ]
    }
}
