{
    "pose_0": {
        "type_id": "opencv-matrix",
        "rows": 1,
        "cols": 18,
        "dt": "3f",
        "data": [ 4.80800003e-01, 2.29488045e-01, 9.62338090e-01,
            4.80923712e-01, 3.14162016e-01, 9.14712489e-01,
            3.59687716e-01, 3.14148843e-01, 8.40309739e-01,
            2.09122747e-01, 3.68714899e-01, 8.12848508e-01,
            7.81983361e-02, 3.68688613e-01, 7.24490285e-01,
            5.97666204e-01, 3.14179242e-01, 8.67864668e-01,
            7.52663791e-01, 3.79529297e-01, 8.46348763e-01,
            8.59751344e-01, 3.79536450e-01, 7.66518056e-01,
            4.08123910e-01, 5.05200326e-01, 7.51505911e-01,
            4.08413440e-01, 6.41643584e-01, 8.34568918e-01,
            4.13046151e-01, 7.78152049e-01, 8.21633756e-01,
            5.58528423e-01, 5.05209744e-01, 7.24308014e-01,
            5.58845162e-01, 6.41690075e-01, 8.43238831e-01,
            5.63505471e-01, 7.75328815e-01, 8.51809025e-01,
            4.47094291e-01, 2.15865463e-01, 9.10248458e-01,
            4.95528251e-01, 2.15872034e-01, 8.40274215e-01,
            4.13121402e-01, 2.26656765e-01, 8.93194556e-01,
            5.29493213e-01, 2.26705134e-01, 9.04455423e-01 ]
    }
}
