{
    "pose_0": {
        "type_id": "opencv-matrix",
        "rows": 1,
        "cols": 18,
        "dt": "3f",
        "data": [ 4.85849619e-01, 2.51267403e-01, 9.67905939e-01,
            4.86051977e-01, 3.35851043e-01, 9.42103744e-01,
            3.79137635e-01, 3.33239317e-01, 8.36175740e-01,
            2.86683977e-01, 4.20583755e-01, 8.24765801e-01,
            1.80070654e-01, 4.61505949e-01, 8.09196115e-01,
            5.97692132e-01, 3.35866213e-01, 8.98409605e-01,
            7.04288363e-01, 4.25943613e-01, 8.71960461e-01,
            7.96756804e-01, 4.58780766e-01, 8.34374309e-01,
            4.13186103e-01, 5.18884480e-01, 7.25427866e-01,
            4.13203359e-01, 6.58042431e-01, 7.77905524e-01,
            4.37175184e-01, 7.97327995e-01, 8.23009908e-01,
            5.63397825e-01, 5.24297595e-01, 7.50613213e-01,
            5.63606620e-01, 6.60758495e-01, 8.40882182e-01,
            5.68581164e-01, 7.94450164e-01, 8.17556262e-01,
            4.61576581e-01, 2.37722546e-01, 8.43822002e-01,
            5.14950454e-01, 2.37682298e-01, 8.64908874e-01,
            4.37278658e-01, 2.48554677e-01, 8.89034927e-01,
            5.48886359e-01, 2.48567149e-01, 8.73743534e-01 ]
    }
}
