{
    "pose_0": {
        "type_id": "opencv-matrix",
        "rows": 1,
        "cols": 18,
        "dt": "3f",
        "data": [ 5.15079975e-01, 2.73082823e-01, 9.53150451e-01,
            5.19876420e-01, 3.52302849e-01, 9.07471538e-01,
            4.08161402e-01, 3.52332115e-01, 8.36725831e-01,
            2.96561748e-01, 3.98721218e-01, 6.19691133e-01,
            2.91613698e-01, 3.98788869e-01, 6.32740915e-01,
            6.31571770e-01, 3.52301121e-01, 8.29367757e-01,
            7.43136883e-01, 4.28795278e-01, 7.42692113e-01,
            7.57867038e-01, 4.04311597e-01, 7.75259733e-01,
            4.42199498e-01, 5.37952185e-01, 7.47723043e-01,
            4.42427963e-01, 6.74397349e-01, 7.96886444e-01,
            4.47231859e-01, 8.16404521e-01, 8.50342274e-01,
            5.87816596e-01, 5.37970424e-01, 7.05172002e-01,
            5.92726707e-01, 6.69074178e-01, 7.84169197e-01,
            5.97595215e-01, 8.10889781e-01, 8.18359077e-01,
            4.85892504e-01, 2.56882757e-01, 9.23826993e-01,
            5.29658854e-01, 2.59516358e-01, 8.54616582e-01,
            4.51920480e-01, 2.70365000e-01, 9.24021542e-01,
            5.63734591e-01, 2.70408124e-01, 9.43403006e-01 ]
    }
}
