{
    "pose_0": {
        "type_id": "opencv-matrix",
        "rows": 1,
        "cols": 18,
        "dt": "3f",
        "data": [ 4.85834867e-01, 2.51373917e-01, 9.69106138e-01,
            4.86040324e-01, 3.35868865e-01, 9.47241545e-01,
            3.79129112e-01, 3.33240658e-01, 8.39306116e-01,
            2.86905497e-01, 4.23197180e-01, 8.36841643e-01,
            1.94602802e-01, 4.64189768e-01, 8.04316640e-01,
            5.97663224e-01, 3.35869342e-01, 9.04906869e-01,
            6.89734936e-01, 4.23411131e-01, 8.76826882e-01,
            7.91762471e-01, 4.64232385e-01, 8.77480805e-01,
            4.13083911e-01, 5.18907130e-01, 7.17917800e-01,
            4.13226664e-01, 6.60725057e-01, 7.84034848e-01,
            4.32515264e-01, 7.97281265e-01, 8.24827671e-01,
            5.58929086e-01, 5.24312496e-01, 7.46475101e-01,
            5.63556731e-01, 6.60760522e-01, 8.43922079e-01,
            5.68493724e-01, 7.91853309e-01, 8.20108235e-01,
            4.61565137e-01, 2.40485221e-01, 8.44571471e-01,
            5.14936447e-01, 2.40453333e-01, 8.62250030e-01,
            4.37291414e-01, 2.48588681e-01, 8.92105103e-01,
            5.48874915e-01, 2.48607650e-01, 8.84099424e-01 ]
    }
}
