{
    "pose_0": {
        "type_id": "opencv-matrix",
        "rows": 1,
        "cols": 18,
        "dt": "3f",
        "data": [ 5.10137558e-01, 2.70472676e-01, 9.28717554e-01,
            5.14916241e-01, 3.52292687e-01, 8.63675356e-01,
            4.03540015e-01, 3.52304399e-01, 8.71302009e-01,
            3.30630690e-01, 4.25985485e-01, 8.85306060e-01,
            2.91945189e-01, 4.77933794e-01, 8.64730477e-01,
            6.07382178e-01, 3.46913248e-01, 8.33688498e-01,
            6.84939444e-01, 4.26077396e-01, 8.79231393e-01,
            7.47849166e-01, 4.83343393e-01, 8.55690837e-01,
            4.42081213e-01, 5.35339355e-01, 7.45583117e-01,
            4.42290902e-01, 6.68968141e-01, 8.32303643e-01,
            4.47028488e-01, 8.13607335e-01, 8.08295846e-01,
            5.78136325e-01, 5.35325289e-01, 7.24341452e-01,
            5.87781608e-01, 6.66372597e-01, 7.82215476e-01,
            5.97439051e-01, 8.10859978e-01, 7.82416821e-01,
            4.81207579e-01, 2.54101843e-01, 9.65748727e-01,
            5.25000930e-01, 2.54108489e-01, 9.08370793e-01,
            4.47183102e-01, 2.67686129e-01, 9.25423384e-01,
            5.63469172e-01, 2.67682701e-01, 8.87801051e-01 ]
    }
}
