{
    "pose_0": {
        "type_id": "opencv-matrix",
        "rows": 1,
        "cols": 18,
        "dt": "3f",
        "data": [ 4.80782539e-01, 2.62242764e-01, 9.03511107e-01,
            4.95701969e-01, 3.38787377e-01, 8.89381468e-01,
            3.69454533e-01, 3.41412753e-01, 8.75643551e-01,
            3.20766717e-01, 4.39703792e-01, 8.10998857e-01,
            2.62532830e-01, 5.10632694e-01, 8.18548679e-01,
            6.36169136e-01, 3.38706404e-01, 8.20928514e-01,
            7.62769878e-01, 3.41518998e-01, 7.71920562e-01,
            8.69233131e-01, 2.81402767e-01, 8.02944124e-01,
            4.08307493e-01, 5.32444715e-01, 7.66526163e-01,
            4.08448339e-01, 6.68957531e-01, 8.16874743e-01,
            4.17885363e-01, 8.05474043e-01, 7.71227539e-01,
            5.58737636e-01, 5.32524288e-01, 7.78885007e-01,
            5.63370109e-01, 6.68957770e-01, 8.27599645e-01,
            5.63601673e-01, 7.99970090e-01, 8.46047997e-01,
            4.47126597e-01, 2.48672202e-01, 9.92626846e-01,
            4.90948826e-01, 2.48646811e-01, 9.04976666e-01,
            4.13234979e-01, 2.51468360e-01, 9.02298868e-01,
            5.29522717e-01, 2.51478583e-01, 9.23920393e-01 ]
    }
}
