{
    "pose_0": {
        "type_id": "opencv-matrix",
        "rows": 1,
        "cols": 18,
        "dt": "3f",
        "data": [ 5.05361855e-01, 2.67763197e-01, 8.99668157e-01,
            5.14913499e-01, 3.41404855e-01, 8.98660004e-01,
            4.03186888e-01, 3.44187319e-01, 8.47338974e-01,
            2.91596025e-01, 3.90614599e-01, 8.42236757e-01,
            3.01358581e-01, 4.07046437e-01, 8.50550652e-01,
            6.21801257e-01, 3.38773191e-01, 8.47805917e-01,
            7.09223986e-01, 4.04150546e-01, 6.75819993e-01,
            7.14111030e-01, 4.17901665e-01, 7.93023825e-01,
            4.42140877e-01, 5.32576084e-01, 7.54177213e-01,
            4.42293108e-01, 6.66301668e-01, 8.37905645e-01,
            4.47114557e-01, 8.10905695e-01, 8.03922534e-01,
            5.82893014e-01, 5.32567620e-01, 7.22748041e-01,
            5.87760508e-01, 6.66309059e-01, 7.86700368e-01,
            5.97416997e-01, 8.02722752e-01, 7.99080968e-01,
            4.81133193e-01, 2.51422644e-01, 1.01714385e+00,
            5.24866939e-01, 2.51413822e-01, 9.44911301e-01,
            4.47178364e-01, 2.64964193e-01, 9.21417177e-01,
            5.63379467e-01, 2.62290001e-01, 8.90421093e-01 ]
    }
}
