{
    "pose_0": {
        "type_id": "opencv-matrix",
        "rows": 1,
        "cols": 18,
        "dt": "3f",
        "data": [ 5.19860089e-01, 2.70598650e-01, 9.90544438e-01,
            5.24736822e-01, 3.41523707e-01, 9.17461932e-01,
            4.22769397e-01, 3.46956283e-01, 8.09512556e-01,
            4.03426051e-01, 4.42365319e-01, 7.14631200e-01,
            4.41993326e-01, 5.07979155e-01, 4.41029549e-01,
            6.36147857e-01, 3.38732600e-01, 8.97067070e-01,
            7.23786771e-01, 4.17893410e-01, 7.67678440e-01,
            7.18704224e-01, 3.98805887e-01, 8.05165291e-01,
            4.51918453e-01, 5.32455862e-01, 7.62280762e-01,
            4.80802834e-01, 6.52614415e-01, 7.91091442e-01,
            4.71293151e-01, 7.67211735e-01, 7.44091511e-01,
            5.97740352e-01, 5.35303235e-01, 7.64573097e-01,
            5.97579420e-01, 6.82669520e-01, 8.50151300e-01,
            5.63744485e-01, 8.30036163e-01, 7.32058227e-01,
            4.86154228e-01, 2.56830722e-01, 9.04263258e-01,
            5.39299905e-01, 2.56810546e-01, 8.49610984e-01,
            4.56885487e-01, 2.67719775e-01, 8.10085654e-01,
            5.73206246e-01, 2.67658144e-01, 8.45743537e-01 ]
    }
}
