{
    "pose_0": {
        "type_id": "opencv-matrix",
        "rows": 1,
        "cols": 18,
        "dt": "3f",
        "data": [ 4.86028284e-01, 2.70319641e-01, 9.40142214e-01,
            4.86102611e-01, 3.49665642e-01, 9.08648849e-01,
            3.74408841e-01, 3.41536254e-01, 8.45164537e-01,
            2.91894794e-01, 4.09720868e-01, 6.95423484e-01,
            2.86817878e-01, 4.37009603e-01, 7.42173076e-01,
            6.02267087e-01, 3.55008304e-01, 8.95263433e-01,
            6.50908172e-01, 4.48038965e-01, 8.18527162e-01,
            6.41381800e-01, 5.32440543e-01, 8.63274515e-01,
            4.13265824e-01, 5.40698886e-01, 7.31440663e-01,
            4.22833145e-01, 6.85261428e-01, 7.74622858e-01,
            4.71408516e-01, 8.27250957e-01, 7.57665753e-01,
            5.63653648e-01, 5.37958026e-01, 7.59186387e-01,
            5.24948955e-01, 6.66343391e-01, 8.61428916e-01,
            5.63644588e-01, 7.99974978e-01, 7.73051620e-01,
            4.66510266e-01, 2.51475066e-01, 8.87216628e-01,
            5.19730568e-01, 2.51480997e-01, 9.43552852e-01,
            4.37426269e-01, 2.65042514e-01, 9.07303989e-01,
            5.53880513e-01, 2.67648309e-01, 8.88512969e-01 ]
    }
}
