{
    "pose_0": {
        "type_id": "opencv-matrix",
        "rows": 1,
        "cols": 18,
        "dt": "3f",
        "data": [ 4.85902816e-01, 2.67793745e-01, 9.52149868e-01,
            4.85830694e-01, 3.46899927e-01, 9.21747148e-01,
            3.74386996e-01, 3.44169885e-01, 8.41045976e-01,
            2.96584666e-01, 4.31539208e-01, 8.01014721e-01,
            2.14317098e-01, 4.91558522e-01, 8.79069090e-01,
            5.97430885e-01, 3.49610329e-01, 8.71907651e-01,
            6.75380170e-01, 4.45104390e-01, 9.34681475e-01,
            7.67406106e-01, 4.80691463e-01, 8.09352875e-01,
            4.13004935e-01, 5.35197854e-01, 7.38843858e-01,
            4.13015306e-01, 6.71688020e-01, 7.96395123e-01,
            4.18040961e-01, 8.16247284e-01, 8.12392592e-01,
            5.58702767e-01, 5.35283864e-01, 7.77710319e-01,
            5.63411474e-01, 6.74481034e-01, 8.07776511e-01,
            5.63631773e-01, 8.08214009e-01, 8.24293613e-01,
            4.66388285e-01, 2.51477361e-01, 8.84651840e-01,
            5.15104771e-01, 2.51513541e-01, 9.16816890e-01,
            4.37361300e-01, 2.62324095e-01, 8.62073183e-01,
            5.48995256e-01, 2.67711580e-01, 8.59045506e-01 ]
    }
}
