{
    "pose_0": {
        "type_id": "opencv-matrix",
        "rows": 1,
        "cols": 18,
        "dt": "3f",
        "data": [ 4.81250346e-01, 2.70336837e-01, 9.71440077e-01,
            4.85714883e-01, 3.46869618e-01, 9.13234651e-01,
            3.69477689e-01, 3.38860691e-01, 8.79426658e-01,
            2.91806370e-01, 3.96032840e-01, 7.41530120e-01,
            2.86823601e-01, 4.23388600e-01, 8.58618021e-01,
            5.97511470e-01, 3.52319151e-01, 8.62825274e-01,
            6.31523848e-01, 4.45276499e-01, 8.29932094e-01,
            6.36343300e-01, 5.16176939e-01, 8.40374708e-01,
            4.08207864e-01, 5.40755332e-01, 7.72540987e-01,
            4.37434554e-01, 6.85314476e-01, 7.86260903e-01,
            4.71248657e-01, 8.29984188e-01, 7.38518536e-01,
            5.58543980e-01, 5.35279512e-01, 7.86059737e-01,
            5.24785399e-01, 6.58106089e-01, 8.26922476e-01,
            5.63756943e-01, 7.75348723e-01, 7.97261834e-01,
            4.51903105e-01, 2.51480132e-01, 9.25787091e-01,
            5.10117650e-01, 2.51421690e-01, 8.76479208e-01,
            4.22826916e-01, 2.65015572e-01, 8.43995392e-01,
            5.39231718e-01, 2.59558648e-01, 7.88351417e-01 ]
    }
}
