{
    "pose_0": {
        "type_id": "opencv-matrix",
        "rows": 1,
        "cols": 18,
        "dt": "3f",
        "data": [ 4.90945488e-01, 2.65018076e-01, 8.89726758e-01,
            5.00495553e-01, 3.49648237e-01, 8.45003128e-01,
            3.93730789e-01, 3.44143748e-01, 8.33962321e-01,
            3.06267172e-01, 4.01558965e-01, 6.57226086e-01,
            2.91983724e-01, 4.25972283e-01, 6.64799333e-01,
            6.07233822e-01, 3.54993343e-01, 8.55829954e-01,
            6.70198560e-01, 4.47845072e-01, 8.52807760e-01,
            6.55877352e-01, 5.32519996e-01, 8.05653334e-01,
            4.22777832e-01, 5.46173811e-01, 7.01483428e-01,
            4.41987038e-01, 6.90824509e-01, 7.96507001e-01,
            4.66468066e-01, 8.35466921e-01, 7.50038981e-01,
            5.68468392e-01, 5.48916280e-01, 7.08722174e-01,
            5.63701451e-01, 6.90870345e-01, 8.53280604e-01,
            5.68355441e-01, 8.19235206e-01, 7.90702879e-01,
            4.76177394e-01, 2.51311690e-01, 9.58247900e-01,
            5.24509788e-01, 2.51293808e-01, 9.65973437e-01,
            4.42268103e-01, 2.65033036e-01, 9.20267105e-01,
            5.58734775e-01, 2.65057176e-01, 9.14781928e-01 ]
    }
}
