{
    "pose_0": {
        "type_id": "opencv-matrix",
        "rows": 1,
        "cols": 18,
        "dt": "3f",
        "data": [ 5.20052969e-01, 2.81437784e-01, 9.17798281e-01,
            5.24517059e-01, 3.55138212e-01, 9.31913078e-01,
            4.13025200e-01, 3.57749015e-01, 8.59873056e-01,
            3.59553695e-01, 4.23243612e-01, 7.78010130e-01,
            3.25600773e-01, 3.93332154e-01, 8.24792385e-01,
            6.31606460e-01, 3.52386355e-01, 8.58291686e-01,
            7.14117289e-01, 4.15189207e-01, 7.41159678e-01,
            7.33566940e-01, 3.82428795e-01, 8.44717741e-01,
            4.47274774e-01, 5.43395936e-01, 7.38033175e-01,
            4.47270632e-01, 6.85250700e-01, 8.35886300e-01,
            4.51868564e-01, 8.21792603e-01, 8.25668216e-01,
            5.97482800e-01, 5.43460011e-01, 7.54326880e-01,
            6.02195740e-01, 6.85256124e-01, 8.50481331e-01,
            6.02361143e-01, 8.16443563e-01, 8.54910910e-01,
            4.90925044e-01, 2.70561010e-01, 9.29376423e-01,
            5.44163465e-01, 2.70545334e-01, 8.84371161e-01,
            4.71213430e-01, 2.75959849e-01, 8.35989594e-01,
            5.68574190e-01, 2.75960952e-01, 8.70904565e-01 ]
    }
}
