{
    "pose_0": {
        "type_id": "opencv-matrix",
        "rows": 1,
        "cols": 18,
        "dt": "3f",
        "data": [ 4.81183589e-01, 2.75952369e-01, 9.47609782e-01,
            4.80898768e-01, 3.57697845e-01, 9.25337732e-01,
            3.69605362e-01, 3.52348655e-01, 8.48946095e-01,
            2.91911781e-01, 4.23396647e-01, 8.65766883e-01,
            2.86792219e-01, 4.88900840e-01, 8.94843340e-01,
            5.73332250e-01, 3.57847542e-01, 8.78224909e-01,
            5.97546101e-01, 4.45113569e-01, 6.92824900e-01,
            5.63730419e-01, 5.10641634e-01, 2.23561227e-01,
            4.13011938e-01, 5.37971377e-01, 7.74837732e-01,
            4.42203581e-01, 6.85249209e-01, 7.66156852e-01,
            4.61622268e-01, 8.19218338e-01, 7.72147715e-01,
            5.53959727e-01, 5.32420993e-01, 7.91406810e-01,
            5.14957845e-01, 6.28012121e-01, 8.06900680e-01,
            5.58850467e-01, 7.48070180e-01, 8.12100768e-01,
            4.51977909e-01, 2.70320058e-01, 9.21290636e-01,
            5.05397558e-01, 2.67768770e-01, 8.62667143e-01,
            4.27593023e-01, 2.73250699e-01, 8.59354675e-01,
            5.34507513e-01, 2.73289263e-01, 8.91276062e-01 ]
    }
}
