{
    "pose_0": {
        "type_id": "opencv-matrix",
        "rows": 1,
        "cols": 18,
        "dt": "3f",
        "data": [ 5.20074010e-01, 2.76056617e-01, 9.34386492e-01,
            5.24784744e-01, 3.57797861e-01, 9.70541120e-01,
            4.18003678e-01, 3.57838631e-01, 8.30894470e-01,
            3.40250999e-01, 3.95983994e-01, 7.26562381e-01,
            2.96623915e-01, 4.04212803e-01, 8.05969656e-01,
            6.36356413e-01, 3.57793301e-01, 9.21680033e-01,
            7.19081342e-01, 4.23311591e-01, 7.76593149e-01,
            7.62595296e-01, 4.01585102e-01, 8.62451017e-01,
            4.51921165e-01, 5.43456256e-01, 7.18885124e-01,
            4.47314978e-01, 6.85281754e-01, 8.25624704e-01,
            4.51898426e-01, 8.21829736e-01, 8.16193759e-01,
            5.97520709e-01, 5.46137333e-01, 7.41456628e-01,
            6.02248788e-01, 6.85310543e-01, 8.61178160e-01,
            6.02399468e-01, 8.18998873e-01, 8.53043377e-01,
            4.90927815e-01, 2.70441920e-01, 9.36589122e-01,
            5.44241190e-01, 2.70411551e-01, 8.90494704e-01,
            4.71389532e-01, 2.75916904e-01, 8.25935483e-01,
            5.73357105e-01, 2.75944144e-01, 8.70928884e-01 ]
    }
}
