{
    "pose_0": {
        "type_id": "opencv-matrix",
        "rows": 1,
        "cols": 18,
        "dt": "3f",
        "data": [ 5.10246575e-01, 2.70498037e-01, 9.39679384e-01,
            5.15118778e-01, 3.38744670e-01, 9.24001276e-01,
            4.08377141e-01, 3.38770658e-01, 8.88314664e-01,
            3.59777600e-01, 4.04206872e-01, 8.16402197e-01,
            3.30689847e-01, 3.74167860e-01, 8.87612998e-01,
            6.07295573e-01, 3.38704854e-01, 8.85433435e-01,
            6.70319736e-01, 4.04154509e-01, 7.42323875e-01,
            6.99542701e-01, 3.76828820e-01, 8.33201408e-01,
            4.42357481e-01, 5.24316132e-01, 7.44067252e-01,
            4.42396462e-01, 6.63616002e-01, 8.26865554e-01,
            4.47028488e-01, 8.13574195e-01, 8.17909956e-01,
            5.82961977e-01, 5.27087808e-01, 7.04060018e-01,
            5.92485964e-01, 6.66159689e-01, 7.97259450e-01,
            5.97419262e-01, 8.02699983e-01, 7.97036827e-01,
            4.85675126e-01, 2.54174441e-01, 9.54022706e-01,
            5.25023937e-01, 2.54209280e-01, 8.89019966e-01,
            4.47253466e-01, 2.67727107e-01, 9.20987070e-01,
            5.63577056e-01, 2.67767459e-01, 9.25480902e-01 ]
    }
}
