{
    "pose_0": {
        "type_id": "opencv-matrix",
        "rows": 1,
        "cols": 18,
        "dt": "3f",
        "data": [ 5.24609804e-01, 2.75905222e-01, 9.45842862e-01,
            5.24912834e-01, 3.55036169e-01, 9.25519526e-01,
            4.27546382e-01, 3.57689917e-01, 8.47640514e-01,
            3.88712108e-01, 4.47886020e-01, 8.36131811e-01,
            4.03371900e-01, 5.16219318e-01, 7.69255698e-01,
            6.36423349e-01, 3.49602371e-01, 8.75853419e-01,
            7.09196925e-01, 4.04233783e-01, 8.60243499e-01,
            7.18738079e-01, 4.45094287e-01, 9.23522353e-01,
            4.52091962e-01, 5.35298586e-01, 7.48536170e-01,
            4.81168807e-01, 6.63621128e-01, 8.98908496e-01,
            4.80978638e-01, 7.69992828e-01, 8.14342618e-01,
            6.02400839e-01, 5.38042605e-01, 7.49489486e-01,
            6.02196634e-01, 6.85284853e-01, 8.75657320e-01,
            5.68574011e-01, 8.21786582e-01, 7.36897290e-01,
            4.95721936e-01, 2.67754704e-01, 8.79644394e-01,
            5.53682268e-01, 2.67681748e-01, 8.85575294e-01,
            4.76200193e-01, 2.73099691e-01, 8.46421063e-01,
            5.87830067e-01, 2.70573080e-01, 9.34416413e-01 ]
    }
}
