{
    "pose_0": {
        "type_id": "opencv-matrix",
        "rows": 1,
        "cols": 18,
        "dt": "3f",
        "data": [ 5.10118604e-01, 2.67742991e-01, 8.92507911e-01,
            5.10232925e-01, 3.44132632e-01, 8.64949524e-01,
            4.03302699e-01, 3.44153345e-01, 8.73748600e-01,
            3.20802689e-01, 4.09729630e-01, 8.21006715e-01,
            3.20739001e-01, 4.47851777e-01, 8.78170609e-01,
            6.12040222e-01, 3.41522515e-01, 8.39173257e-01,
            6.94643855e-01, 4.17901844e-01, 7.96547890e-01,
            7.13878453e-01, 4.47867662e-01, 9.64144409e-01,
            4.42058861e-01, 5.35279274e-01, 7.44702041e-01,
            4.42273408e-01, 6.68963671e-01, 8.25570226e-01,
            4.46908057e-01, 8.10949981e-01, 8.14482093e-01,
            5.78180611e-01, 5.35284996e-01, 7.33698428e-01,
            5.87782204e-01, 6.68933332e-01, 7.78822124e-01,
            5.97352087e-01, 8.05495203e-01, 7.87637353e-01,
            4.81199592e-01, 2.51391083e-01, 1.01162469e+00,
            5.24972856e-01, 2.51390010e-01, 9.24967527e-01,
            4.47227597e-01, 2.64956772e-01, 9.04932916e-01,
            5.63508272e-01, 2.62287080e-01, 8.85546923e-01 ]
    }
}
