{
    "pose_0": {
        "type_id": "opencv-matrix",
        "rows": 1,
        "cols": 18,
        "dt": "3f",
        "data": [ 5.14825284e-01, 2.70570606e-01, 9.33973551e-01,
            5.15083611e-01, 3.54988009e-01, 8.87737572e-01,
            4.08077806e-01, 3.52408320e-01, 8.65650833e-01,
            3.01429659e-01, 4.37005162e-01, 7.82791317e-01,
            2.09196433e-01, 4.72577035e-01, 8.65792632e-01,
            6.12141848e-01, 3.52364093e-01, 8.24411511e-01,
            6.94697440e-01, 4.45105404e-01, 8.15536022e-01,
            7.86830008e-01, 4.91499752e-01, 8.71754766e-01,
            4.42279309e-01, 5.35284340e-01, 7.51042843e-01,
            4.42285389e-01, 6.69013679e-01, 8.21531713e-01,
            4.46925253e-01, 8.13696086e-01, 8.46846521e-01,
            5.82941711e-01, 5.37945569e-01, 7.14336932e-01,
            5.87805986e-01, 6.69051707e-01, 7.60497630e-01,
            5.92788100e-01, 8.08167696e-01, 7.73204029e-01,
            4.85667884e-01, 2.56847769e-01, 9.37065184e-01,
            5.24985611e-01, 2.54219770e-01, 9.01803136e-01,
            4.47358966e-01, 2.70351350e-01, 8.92040849e-01,
            5.63520968e-01, 2.67748237e-01, 9.29216504e-01 ]
    }
}
