{
    "pose_0": {
        "type_id": "opencv-matrix",
        "rows": 1,
        "cols": 18,
        "dt": "3f",
        "data": [ 5.24534345e-01, 2.70517915e-01, 9.85610604e-01,
            5.24974108e-01, 3.44182789e-01, 8.97833109e-01,
            4.27718222e-01, 3.52302194e-01, 8.24339867e-01,
            3.98578256e-01, 4.45199847e-01, 7.97112703e-01,
            4.22765881e-01, 5.10596693e-01, 5.83771229e-01,
            6.36512220e-01, 3.38823527e-01, 9.19099808e-01,
            7.19060421e-01, 4.20573384e-01, 7.28735566e-01,
            7.23798752e-01, 4.01547283e-01, 8.49676669e-01,
            4.56795424e-01, 5.27081013e-01, 7.42854416e-01,
            4.86075550e-01, 6.25378430e-01, 8.27988863e-01,
            4.76025283e-01, 7.45430112e-01, 8.18718910e-01,
            6.02343202e-01, 5.35228848e-01, 7.97639370e-01,
            5.87705791e-01, 6.85296059e-01, 7.60707438e-01,
            5.68470061e-01, 8.27298105e-01, 7.20437944e-01,
            4.95559186e-01, 2.54200608e-01, 8.76745522e-01,
            5.49071193e-01, 2.54206896e-01, 8.70865822e-01,
            4.71319854e-01, 2.67727673e-01, 8.20892394e-01,
            5.82991064e-01, 2.67771930e-01, 8.38269055e-01 ]
    }
}
