{
    "pose_0": {
        "type_id": "opencv-matrix",
        "rows": 1,
        "cols": 18,
        "dt": "3f",
        "data": [ 5.14823198e-01, 2.70516455e-01, 9.38388050e-01,
            5.15104175e-01, 3.52384031e-01, 8.85279775e-01,
            4.08102155e-01, 3.52362663e-01, 8.61336410e-01,
            3.20873827e-01, 4.39668000e-01, 8.16500008e-01,
            2.23786429e-01, 4.91485745e-01, 8.92973840e-01,
            6.12107277e-01, 3.52320135e-01, 8.24345350e-01,
            7.04227328e-01, 4.45167929e-01, 8.26316774e-01,
            7.91543424e-01, 4.91586268e-01, 8.97264123e-01,
            4.42300171e-01, 5.35220444e-01, 7.53605485e-01,
            4.42268848e-01, 6.68979168e-01, 8.21688473e-01,
            4.46941793e-01, 8.16257417e-01, 8.53824973e-01,
            5.82901895e-01, 5.35331607e-01, 7.13572264e-01,
            5.87850213e-01, 6.71671212e-01, 7.62073278e-01,
            5.97276211e-01, 8.08185339e-01, 7.83399224e-01,
            4.85712856e-01, 2.54216105e-01, 9.46278691e-01,
            5.25031328e-01, 2.54193276e-01, 9.00102258e-01,
            4.51840907e-01, 2.70360738e-01, 8.82922709e-01,
            5.63570082e-01, 2.70316452e-01, 9.27335262e-01 ]
    }
}
