{
    "pose_0": {
        "type_id": "opencv-matrix",
        "rows": 1,
        "cols": 18,
        "dt": "3f",
        "data": [ 5.19595563e-01, 2.73099959e-01, 9.60816979e-01,
            5.19728541e-01, 3.55007797e-01, 9.10128295e-01,
            4.03531581e-01, 3.55061948e-01, 8.55147958e-01,
            3.16009581e-01, 3.95999432e-01, 6.86706424e-01,
            2.86988974e-01, 4.04201925e-01, 7.98189759e-01,
            6.31483853e-01, 3.54997575e-01, 8.30340981e-01,
            7.28644490e-01, 4.26141977e-01, 7.09118366e-01,
            7.57870197e-01, 4.15128082e-01, 8.02033782e-01,
            4.42346454e-01, 5.37952185e-01, 7.51640201e-01,
            4.46844131e-01, 6.74480498e-01, 8.05620849e-01,
            4.47204590e-01, 8.16409826e-01, 8.49166512e-01,
            5.87880850e-01, 5.37987590e-01, 7.00753331e-01,
            5.92679918e-01, 6.71773374e-01, 7.74714589e-01,
            5.97586453e-01, 8.13636839e-01, 8.23733568e-01,
            4.85961407e-01, 2.56904215e-01, 9.20446038e-01,
            5.29750288e-01, 2.59568542e-01, 8.46870065e-01,
            4.51983422e-01, 2.70390600e-01, 9.25572276e-01,
            5.63780785e-01, 2.70459324e-01, 9.46224928e-01 ]
    }
}
