{
    "pose_0": {
        "type_id": "opencv-matrix",
        "rows": 1,
        "cols": 18,
        "dt": "3f",
        "data": [ 4.85663086e-01, 2.54078209e-01, 9.50472057e-01,
            4.85881031e-01, 3.35986704e-01, 9.60433364e-01,
            3.74289900e-01, 3.35906327e-01, 8.75682831e-01,
            2.91607529e-01, 4.25974578e-01, 8.90377820e-01,
            2.04276830e-01, 4.66977209e-01, 8.85758996e-01,
            5.97574890e-01, 3.36020738e-01, 9.09599543e-01,
            7.09164143e-01, 4.23445523e-01, 9.04385924e-01,
            8.11135411e-01, 4.56104517e-01, 8.20327938e-01,
            4.13040012e-01, 5.21587670e-01, 7.28866458e-01,
            4.13180262e-01, 6.63411796e-01, 8.08228910e-01,
            4.22872424e-01, 7.99968779e-01, 7.82886207e-01,
            5.58817983e-01, 5.24335444e-01, 7.56916821e-01,
            5.63448310e-01, 6.63454056e-01, 8.67090344e-01,
            5.68450272e-01, 7.97219038e-01, 8.34579766e-01,
            4.52115655e-01, 2.45902821e-01, 8.96291614e-01,
            5.10136724e-01, 2.45870113e-01, 8.70270848e-01,
            4.27722394e-01, 2.51247257e-01, 8.67407739e-01,
            5.39228559e-01, 2.51291245e-01, 8.78212512e-01 ]
    }
}
