{
    "pose_0": {
        "type_id": "opencv-matrix",
        "rows": 1,
        "cols": 18,
        "dt": "3f",
        "data": [ 4.81078714e-01, 2.54201829e-01, 9.42277968e-01,
            4.80867088e-01, 3.38701218e-01, 9.22868490e-01,
            3.64579201e-01, 3.36026162e-01, 8.86172712e-01,
            2.96730846e-01, 3.96021277e-01, 7.10354865e-01,
            2.96710521e-01, 4.28809136e-01, 7.49501646e-01,
            5.92726707e-01, 3.38819265e-01, 8.86104882e-01,
            6.41333818e-01, 4.36944604e-01, 8.03230882e-01,
            6.46228909e-01, 5.16228378e-01, 8.41998875e-01,
            4.08105224e-01, 5.40727139e-01, 7.59380102e-01,
            4.22777265e-01, 6.88134253e-01, 7.86843002e-01,
            4.56692427e-01, 8.35401773e-01, 7.69704998e-01,
            5.58657289e-01, 5.37999213e-01, 7.69590735e-01,
            5.58451056e-01, 6.85428619e-01, 9.07463968e-01,
            5.82960486e-01, 8.13690484e-01, 7.58166671e-01,
            4.47356552e-01, 2.48509765e-01, 9.45546687e-01,
            5.05322695e-01, 2.48522460e-01, 8.66480291e-01,
            4.17929500e-01, 2.51460761e-01, 8.92563820e-01,
            5.34370422e-01, 2.54050940e-01, 8.80475521e-01 ]
    }
}
