{
    "pose_0": {
        "type_id": "opencv-matrix",
        "rows": 1,
        "cols": 18,
        "dt": "3f",
        "data": [ 5.19827902e-01, 2.84106791e-01, 9.00569022e-01,
            5.19999743e-01, 3.55128676e-01, 9.22220290e-01,
            4.13035840e-01, 3.57749939e-01, 8.57174754e-01,
            3.54860991e-01, 4.26011890e-01, 6.91217899e-01,
            3.30604851e-01, 3.96011263e-01, 8.62774134e-01,
            6.26611531e-01, 3.54987144e-01, 8.41696203e-01,
            7.04309583e-01, 4.20519203e-01, 7.40305424e-01,
            7.14181721e-01, 3.85080367e-01, 8.46795619e-01,
            4.47257966e-01, 5.40659487e-01, 7.29720712e-01,
            4.47222680e-01, 6.79896116e-01, 8.13266039e-01,
            4.47267205e-01, 8.27250957e-01, 7.89108992e-01,
            5.97356260e-01, 5.40740728e-01, 7.37029374e-01,
            5.97688377e-01, 6.85232520e-01, 8.43268931e-01,
            6.02188468e-01, 8.19141746e-01, 8.30857038e-01,
            4.86195475e-01, 2.70559728e-01, 9.50389385e-01,
            5.39267957e-01, 2.70580262e-01, 8.75327349e-01,
            4.56865251e-01, 2.75972456e-01, 8.53905559e-01,
            5.68427801e-01, 2.76048332e-01, 8.94805074e-01 ]
    }
}
