{
    "pose_0": {
        "type_id": "opencv-matrix",
        "rows": 1,
        "cols": 18,
        "dt": "3f",
        "data": [ 4.85795319e-01, 2.45946079e-01, 9.67799902e-01,
            4.85896081e-01, 3.25097859e-01, 8.95998061e-01,
            3.64665002e-01, 3.25058430e-01, 8.24596345e-01,
            2.18856826e-01, 3.74125749e-01, 7.86108434e-01,
            7.32325986e-02, 3.60594481e-01, 7.93373585e-01,
            6.07293546e-01, 3.25063199e-01, 8.10229957e-01,
            7.57582545e-01, 3.82407099e-01, 8.57227147e-01,
            8.93668711e-01, 3.79547089e-01, 7.04542875e-01,
            4.08503264e-01, 5.18830717e-01, 7.19494581e-01,
            4.13237840e-01, 6.55304968e-01, 7.68778086e-01,
            4.32499230e-01, 7.94550240e-01, 8.30166399e-01,
            5.58848023e-01, 5.18852949e-01, 7.31636167e-01,
            5.63562632e-01, 6.55379057e-01, 8.10324430e-01,
            5.68400323e-01, 7.86389112e-01, 8.17756474e-01,
            4.56820965e-01, 2.29565471e-01, 8.97139192e-01,
            5.14961541e-01, 2.29572415e-01, 9.15052831e-01,
            4.32408035e-01, 2.35023722e-01, 8.45208704e-01,
            5.48891544e-01, 2.37759367e-01, 8.15219820e-01 ]
    }
}
