{
    "pose_0": {
        "type_id": "opencv-matrix",
        "rows": 1,
        "cols": 18,
        "dt": "3f",
        "data": [ 4.90810782e-01, 2.70512968e-01, 9.14429009e-01,
            4.90742683e-01, 3.52392107e-01, 8.86443377e-01,
            3.83894861e-01, 3.49628985e-01, 8.24261189e-01,
            3.06314021e-01, 4.26056236e-01, 7.40597248e-01,
            2.87015498e-01, 4.72473949e-01, 7.86157846e-01,
            6.02377117e-01, 3.55004728e-01, 8.81202638e-01,
            6.60702229e-01, 4.45260823e-01, 8.25058341e-01,
            6.80134594e-01, 5.32500207e-01, 8.35006714e-01,
            4.22809243e-01, 5.51630676e-01, 7.05380440e-01,
            4.42170769e-01, 6.90900207e-01, 8.30622613e-01,
            4.76018399e-01, 8.30036759e-01, 7.50687599e-01,
            5.68459868e-01, 5.51649213e-01, 7.37200081e-01,
            5.58785856e-01, 6.88106775e-01, 9.10476565e-01,
            5.68485022e-01, 8.19094777e-01, 7.91974247e-01,
            4.76188034e-01, 2.54186541e-01, 8.82104814e-01,
            5.20011604e-01, 2.56790549e-01, 9.22469914e-01,
            4.42157298e-01, 2.67767310e-01, 9.68487740e-01,
            5.58592737e-01, 2.70338088e-01, 9.51996684e-01 ]
    }
}
