{
    "pose_0": {
        "type_id": "opencv-matrix",
        "rows": 1,
        "cols": 18,
        "dt": "3f",
        "data": [ 5.05397260e-01, 2.70464271e-01, 9.27203119e-01,
            4.90670890e-01, 3.44152689e-01, 9.00466383e-01,
            3.74417722e-01, 3.38737845e-01, 8.50698709e-01,
            2.14280784e-01, 3.41442555e-01, 8.27370584e-01,
            9.25544575e-02, 2.97757179e-01, 8.53311121e-01,
            6.02417409e-01, 3.55016261e-01, 8.84721994e-01,
            6.75037622e-01, 4.50600892e-01, 8.72356236e-01,
            7.52789497e-01, 5.07922411e-01, 7.90433407e-01,
            4.17963415e-01, 5.32499731e-01, 7.29078889e-01,
            4.27636623e-01, 6.66309237e-01, 7.74683297e-01,
            4.37251478e-01, 8.16242933e-01, 7.89312720e-01,
            5.63536465e-01, 5.35189211e-01, 7.51539648e-01,
            5.63630641e-01, 6.66328192e-01, 8.48713100e-01,
            5.68576753e-01, 8.05410504e-01, 8.00580978e-01,
            4.81251180e-01, 2.54081517e-01, 9.74650979e-01,
            5.24977326e-01, 2.54177868e-01, 8.97583127e-01,
            4.47199732e-01, 2.67628551e-01, 8.91883552e-01,
            5.63455820e-01, 2.67765671e-01, 9.27579701e-01 ]
    }
}
