{
    "pose_0": {
        "type_id": "opencv-matrix",
        "rows": 1,
        "cols": 18,
        "dt": "3f",
        "data": [ 5.10124385e-01, 2.70563483e-01, 9.25805390e-01,
            5.15039861e-01, 3.52349997e-01, 8.78787279e-01,
            4.08201844e-01, 3.49655479e-01, 8.58145714e-01,
            2.96661675e-01, 4.20553714e-01, 7.79862404e-01,
            1.84893161e-01, 4.47819918e-01, 8.70223522e-01,
            6.07302368e-01, 3.52392733e-01, 8.45414579e-01,
            6.84836447e-01, 4.45207030e-01, 8.85035157e-01,
            7.77184665e-01, 4.91700530e-01, 8.54580700e-01,
            4.42157954e-01, 5.35319626e-01, 7.54557371e-01,
            4.42180365e-01, 6.74450278e-01, 7.98936903e-01,
            4.42207932e-01, 8.16270649e-01, 8.40629101e-01,
            5.78177333e-01, 5.37950158e-01, 7.12576509e-01,
            5.82994461e-01, 6.74421787e-01, 7.60836959e-01,
            5.92596769e-01, 8.13663542e-01, 7.81623840e-01,
            4.81156498e-01, 2.56901234e-01, 9.31411922e-01,
            5.24883687e-01, 2.54224449e-01, 9.17848110e-01,
            4.47242588e-01, 2.70474732e-01, 9.29296732e-01,
            5.63416421e-01, 2.70331144e-01, 9.39673364e-01 ]
    }
}
