{
    "pose_0": {
        "type_id": "opencv-matrix",
        "rows": 1,
        "cols": 18,
        "dt": "3f",
        "data": [ 4.85847384e-01, 2.48735383e-01, 9.72728491e-01,
            4.86021072e-01, 3.33238721e-01, 9.23267603e-01,
            3.74407500e-01, 3.33220005e-01, 8.35668802e-01,
            2.52901375e-01, 4.06976730e-01, 7.86046684e-01,
            1.36509076e-01, 4.31567609e-01, 7.69396484e-01,
            5.97732723e-01, 3.33223283e-01, 8.71228576e-01,
            7.13894486e-01, 4.12434459e-01, 8.65039527e-01,
            8.35287452e-01, 4.42483455e-01, 8.82813156e-01,
            4.13124889e-01, 5.18894970e-01, 7.28157163e-01,
            4.13229257e-01, 6.58034801e-01, 7.75504529e-01,
            4.32523966e-01, 7.97188580e-01, 8.10149193e-01,
            5.58919072e-01, 5.21603048e-01, 7.42732406e-01,
            5.63544393e-01, 6.60719335e-01, 8.34986806e-01,
            5.68627954e-01, 7.91747928e-01, 8.06642234e-01,
            4.61559564e-01, 2.34984457e-01, 8.49448919e-01,
            5.14968574e-01, 2.34960258e-01, 8.68198454e-01,
            4.37246680e-01, 2.45884031e-01, 8.63326430e-01,
            5.48963606e-01, 2.45896861e-01, 8.36738586e-01 ]
    }
}
