{
    "pose_0": {
        "type_id": "opencv-matrix",
        "rows": 1,
        "cols": 18,
        "dt": "3f",
        "data": [ 4.95627463e-01, 2.70489454e-01, 9.25431490e-01,
            4.85856086e-01, 3.46904635e-01, 9.27459359e-01,
            3.69426876e-01, 3.41518700e-01, 8.54668915e-01,
            2.09312305e-01, 3.66015106e-01, 7.81916559e-01,
            8.77698809e-02, 3.41426671e-01, 7.97416568e-01,
            6.02222145e-01, 3.52366090e-01, 8.88871193e-01,
            6.74977243e-01, 4.48025048e-01, 8.51511717e-01,
            7.43147671e-01, 4.99795645e-01, 7.79229105e-01,
            4.13263410e-01, 5.35263360e-01, 7.36287832e-01,
            4.22838867e-01, 6.74445450e-01, 7.48111546e-01,
            4.32380259e-01, 8.13683271e-01, 7.82319307e-01,
            5.63441277e-01, 5.35313785e-01, 7.56040394e-01,
            5.63628137e-01, 6.77132964e-01, 8.24347198e-01,
            5.68512321e-01, 8.13575327e-01, 8.07196736e-01,
            4.80965734e-01, 2.54123569e-01, 9.39808667e-01,
            5.24635494e-01, 2.54214704e-01, 9.20611560e-01,
            4.47011590e-01, 2.65045583e-01, 9.10579145e-01,
            5.58761120e-01, 2.67745703e-01, 9.17903841e-01 ]
    }
}
