{
    "pose_0": {
        "type_id": "opencv-matrix",
        "rows": 1,
        "cols": 18,
        "dt": "3f",
        "data": [ 4.81213689e-01, 2.54195780e-01, 9.41025436e-01,
            4.86176819e-01, 3.38615179e-01, 9.29872453e-01,
            3.69643450e-01, 3.38629514e-01, 8.83129716e-01,
            2.91937947e-01, 4.26020473e-01, 8.52205098e-01,
            2.13978544e-01, 4.72535968e-01, 8.76065254e-01,
            6.07208252e-01, 3.36103827e-01, 8.68832529e-01,
            7.52740502e-01, 3.90601128e-01, 8.23513687e-01,
            8.69495928e-01, 3.85189384e-01, 7.80759931e-01,
            4.08455402e-01, 5.24316967e-01, 7.38106132e-01,
            4.13061231e-01, 6.63447320e-01, 8.09316397e-01,
            4.22716349e-01, 8.00034523e-01, 7.80972183e-01,
            5.58768034e-01, 5.29714406e-01, 7.51482069e-01,
            5.63423634e-01, 6.63620114e-01, 8.63547266e-01,
            5.63849449e-01, 7.97258258e-01, 8.36788416e-01,
            4.52042252e-01, 2.48522282e-01, 9.26462770e-01,
            5.05369484e-01, 2.48500660e-01, 8.77942085e-01,
            4.27609831e-01, 2.51346707e-01, 8.84527087e-01,
            5.34497917e-01, 2.51394898e-01, 9.06483650e-01 ]
    }
}
