{
    "pose_0": {
        "type_id": "opencv-matrix",
        "rows": 1,
        "cols": 18,
        "dt": "3f",
        "data": [ 4.85782951e-01, 2.81405449e-01, 9.41311300e-01,
            4.81266350e-01, 3.60467106e-01, 9.52923000e-01,
            3.69582593e-01, 3.57872784e-01, 9.05387163e-01,
            3.11046571e-01, 4.45064634e-01, 8.37326169e-01,
            2.91725010e-01, 5.13504922e-01, 8.97675157e-01,
            5.92773736e-01, 3.60531151e-01, 9.09167469e-01,
            6.36523664e-01, 4.50718671e-01, 8.58488560e-01,
            6.36594772e-01, 5.32563746e-01, 9.18837786e-01,
            4.08386528e-01, 5.48856199e-01, 7.64763832e-01,
            4.27563667e-01, 6.85350120e-01, 8.01884055e-01,
            4.52102065e-01, 8.19018781e-01, 8.19723248e-01,
            5.58559597e-01, 5.46183646e-01, 7.66992271e-01,
            5.58626711e-01, 6.74439192e-01, 8.66261899e-01,
            6.02368593e-01, 8.00075173e-01, 8.30094039e-01,
            4.56905931e-01, 2.70508528e-01, 9.14129615e-01,
            5.14884770e-01, 2.70492703e-01, 9.16794956e-01,
            4.37205344e-01, 2.75914133e-01, 8.73951197e-01,
            5.44156194e-01, 2.75961667e-01, 8.58015478e-01 ]
    }
}
