{
    "pose_0": {
        "type_id": "opencv-matrix",
        "rows": 1,
        "cols": 18,
        "dt": "3f",
        "data": [ 4.81217414e-01, 2.54201055e-01, 9.42681015e-01,
            4.80973095e-01, 3.38751644e-01, 9.22346532e-01,
            3.64725500e-01, 3.36106300e-01, 9.13700461e-01,
            2.96526015e-01, 4.04313624e-01, 8.00028682e-01,
            2.91713327e-01, 4.64188993e-01, 8.21581483e-01,
            5.92776418e-01, 3.38860065e-01, 8.91137660e-01,
            6.45999193e-01, 4.39736873e-01, 8.21308374e-01,
            6.75243437e-01, 5.29745102e-01, 8.77020597e-01,
            4.08207804e-01, 5.38024664e-01, 7.29029715e-01,
            4.22846407e-01, 6.88048303e-01, 7.76116133e-01,
            4.52045321e-01, 8.35429728e-01, 7.88657665e-01,
            5.58808148e-01, 5.37965357e-01, 7.65899897e-01,
            5.58933854e-01, 6.88003778e-01, 8.86904240e-01,
            5.83016634e-01, 8.21888089e-01, 7.60383129e-01,
            4.52021927e-01, 2.48520449e-01, 9.26981688e-01,
            5.10109305e-01, 2.48539299e-01, 8.79737377e-01,
            4.22818661e-01, 2.51438081e-01, 8.84961784e-01,
            5.34463704e-01, 2.54055321e-01, 8.69100749e-01 ]
    }
}
