{
    "pose_0": {
        "type_id": "opencv-matrix",
        "rows": 1,
        "cols": 18,
        "dt": "3f",
        "data": [ 5.10207653e-01, 2.70325631e-01, 9.02910113e-01,
            5.15003741e-01, 3.38664860e-01, 9.22045648e-01,
            4.08306867e-01, 3.38712960e-01, 8.88348341e-01,
            3.11101258e-01, 3.79599512e-01, 6.03131354e-01,
            3.25874239e-01, 3.76845777e-01, 8.58382285e-01,
            6.02567852e-01, 3.38627785e-01, 9.19228435e-01,
            6.65435493e-01, 4.04177040e-01, 7.35433757e-01,
            6.99469566e-01, 3.74158680e-01, 8.25633407e-01,
            4.42257404e-01, 5.27065456e-01, 7.54703522e-01,
            4.42341089e-01, 6.63565695e-01, 8.41952085e-01,
            4.47030127e-01, 8.08208168e-01, 8.08945119e-01,
            5.78075826e-01, 5.29741526e-01, 7.20496416e-01,
            5.87872922e-01, 6.66153789e-01, 7.93486536e-01,
            5.97416162e-01, 8.02748680e-01, 7.95220971e-01,
            4.81259435e-01, 2.51497209e-01, 9.94096458e-01,
            5.24997413e-01, 2.51501352e-01, 9.09451067e-01,
            4.47257429e-01, 2.67658621e-01, 9.25532460e-01,
            5.63526928e-01, 2.65003711e-01, 8.92247915e-01 ]
    }
}
