{
    "pose_0": {
        "type_id": "opencv-matrix",
        "rows": 1,
        "cols": 18,
        "dt": "3f",
        "data": [ 5.19677818e-01, 2.75992721e-01, 9.23222244e-01,
            5.19988060e-01, 3.57806057e-01, 9.52855825e-01,
            4.08345699e-01, 3.57821256e-01, 8.70366216e-01,
            3.25748831e-01, 4.01445121e-01, 7.80498743e-01,
            2.91786224e-01, 4.17850673e-01, 7.60549188e-01,
            6.31597638e-01, 3.57765555e-01, 8.71670365e-01,
            7.19059706e-01, 4.45046872e-01, 8.08607042e-01,
            7.57856846e-01, 4.23239321e-01, 8.86112392e-01,
            4.46938157e-01, 5.48860192e-01, 7.59161592e-01,
            4.47130084e-01, 6.85276985e-01, 8.32852721e-01,
            4.47251737e-01, 8.19215000e-01, 8.29596460e-01,
            5.92681468e-01, 5.48879445e-01, 7.27736056e-01,
            5.97531736e-01, 6.82661593e-01, 8.23352456e-01,
            5.97741783e-01, 8.16281557e-01, 8.50839972e-01,
            4.86098140e-01, 2.67796427e-01, 9.47050691e-01,
            5.34431100e-01, 2.70345628e-01, 8.81765723e-01,
            4.56719756e-01, 2.73116112e-01, 9.03514922e-01,
            5.63818336e-01, 2.73242384e-01, 9.34565783e-01 ]
    }
}
