{
    "pose_0": {
        "type_id": "opencv-matrix",
        "rows": 1,
        "cols": 18,
        "dt": "3f",
        "data": [ 4.80832517e-01, 2.29485929e-01, 9.68385816e-01,
            4.81002867e-01, 3.14103603e-01, 9.23845410e-01,
            3.64334732e-01, 3.14086318e-01, 8.55934024e-01,
            2.13902384e-01, 3.76890659e-01, 8.14857006e-01,
            9.24769044e-02, 3.79679650e-01, 8.06002080e-01,
            5.97694755e-01, 3.14113557e-01, 8.72702003e-01,
            7.28650451e-01, 3.79709423e-01, 8.54103804e-01,
            8.40225220e-01, 3.82287800e-01, 8.25547218e-01,
            4.08166677e-01, 5.05199075e-01, 7.42838264e-01,
            4.08422977e-01, 6.41716003e-01, 8.37929785e-01,
            4.13000464e-01, 7.78225958e-01, 8.31643283e-01,
            5.58599234e-01, 5.07882059e-01, 7.37368226e-01,
            5.58823109e-01, 6.41733527e-01, 8.48739743e-01,
            5.63432574e-01, 7.72812247e-01, 8.60773861e-01,
            4.47122395e-01, 2.15865299e-01, 9.09708321e-01,
            4.95551914e-01, 2.15871096e-01, 8.39546502e-01,
            4.13139641e-01, 2.26656571e-01, 8.93087506e-01,
            5.29498219e-01, 2.26691693e-01, 9.00312901e-01 ]
    }
}
