{
    "pose_0": {
        "type_id": "opencv-matrix",
        "rows": 1,
        "cols": 18,
        "dt": "3f",
        "data": [ 5.24569929e-01, 2.76007295e-01, 9.55147266e-01,
            5.24508059e-01, 3.57903898e-01, 9.42816913e-01,
            4.13046271e-01, 3.57824177e-01, 8.90626788e-01,
            3.59510511e-01, 4.39682305e-01, 8.18081141e-01,
            3.25654447e-01, 5.02497554e-01, 8.76896858e-01,
            6.31488621e-01, 3.60427290e-01, 8.82825375e-01,
            6.94639623e-01, 4.42450702e-01, 8.32767129e-01,
            7.52885640e-01, 4.91705209e-01, 8.88717055e-01,
            4.51918244e-01, 5.48919439e-01, 7.32676506e-01,
            4.51861978e-01, 6.85338795e-01, 8.35206747e-01,
            4.52014536e-01, 8.21829081e-01, 8.00143361e-01,
            5.97563207e-01, 5.48903406e-01, 7.68797636e-01,
            6.02272034e-01, 6.85442269e-01, 8.78837705e-01,
            6.02641284e-01, 8.19024742e-01, 8.46435249e-01,
            4.95684594e-01, 2.70361185e-01, 9.05203998e-01,
            5.49096823e-01, 2.70355344e-01, 8.97518098e-01,
            4.76058722e-01, 2.73255646e-01, 8.75212908e-01,
            5.78169346e-01, 2.73367107e-01, 8.73074651e-01 ]
    }
}
