{
    "pose_0": {
        "type_id": "opencv-matrix",
        "rows": 1,
        "cols": 18,
        "dt": "3f",
        "data": [ 5.24568856e-01, 2.75968969e-01, 9.54852045e-01,
            5.24524868e-01, 3.60450596e-01, 9.60028231e-01,
            4.13149863e-01, 3.57914507e-01, 8.79838347e-01,
            3.35591137e-01, 4.26094234e-01, 8.47863317e-01,
            3.01500767e-01, 4.72426265e-01, 8.46922457e-01,
            6.31511271e-01, 3.60505641e-01, 8.87959778e-01,
            7.13936388e-01, 4.42390144e-01, 8.81675959e-01,
            7.81982362e-01, 4.75181162e-01, 8.27129602e-01,
            4.51959014e-01, 5.48919439e-01, 7.42472112e-01,
            4.51878399e-01, 6.85329497e-01, 8.24917734e-01,
            4.51970756e-01, 8.21871221e-01, 7.96863437e-01,
            5.97608745e-01, 5.48922777e-01, 7.71164536e-01,
            6.02254450e-01, 6.85409665e-01, 8.77973080e-01,
            6.02564394e-01, 8.19030762e-01, 8.52584720e-01,
            4.95696723e-01, 2.70345241e-01, 9.02305245e-01,
            5.49090743e-01, 2.70342022e-01, 8.92661333e-01,
            4.76103514e-01, 2.73292810e-01, 8.83571029e-01,
            5.78127742e-01, 2.75912523e-01, 8.77674997e-01 ]
    }
}
