{
    "pose_0": {
        "type_id": "opencv-matrix",
        "rows": 1,
        "cols": 18,
        "dt": "3f",
        "data": [ 5.19910812e-01, 2.70357132e-01, 9.66291547e-01,
            5.24506807e-01, 3.44238609e-01, 9.07286286e-01,
            4.08297360e-01, 3.46855611e-01, 8.60234320e-01,
            3.59503657e-01, 4.34216052e-01, 7.95105934e-01,
            3.06383729e-01, 5.16163111e-01, 8.30247462e-01,
            6.36283100e-01, 3.41541290e-01, 8.76868427e-01,
            6.99568391e-01, 4.26196247e-01, 8.03035438e-01,
            7.18710721e-01, 5.02473116e-01, 8.32119763e-01,
            4.47061032e-01, 5.37978590e-01, 7.57954776e-01,
            4.56845105e-01, 6.82680190e-01, 7.95524657e-01,
            4.61686671e-01, 8.24553132e-01, 7.65124619e-01,
            5.97511649e-01, 5.40694475e-01, 7.49965966e-01,
            5.73231220e-01, 6.85413420e-01, 8.14912438e-01,
            5.63654423e-01, 8.29975069e-01, 7.69674301e-01,
            4.86200303e-01, 2.51470447e-01, 9.33322430e-01,
            5.44146836e-01, 2.51480520e-01, 8.68420601e-01,
            4.61635590e-01, 2.64976442e-01, 8.05143118e-01,
            5.73366344e-01, 2.62329608e-01, 8.16543698e-01 ]
    }
}
