{
    "pose_0": {
        "type_id": "opencv-matrix",
        "rows": 1,
        "cols": 18,
        "dt": "3f",
        "data": [ 5.24533153e-01, 2.70440340e-01, 9.89628196e-01,
            5.24915278e-01, 3.41459244e-01, 9.33593154e-01,
            4.22705680e-01, 3.46887052e-01, 8.19146395e-01,
            3.93709958e-01, 4.45211023e-01, 8.13189983e-01,
            3.88723075e-01, 5.13398468e-01, 7.36971915e-01,
            6.36540711e-01, 3.38703722e-01, 9.34490561e-01,
            7.18958735e-01, 4.01440322e-01, 6.85611308e-01,
            7.18963087e-01, 4.09717560e-01, 7.89987564e-01,
            4.51842546e-01, 5.29787719e-01, 7.73282290e-01,
            4.85991895e-01, 6.33525193e-01, 7.81612456e-01,
            4.56845760e-01, 7.48184621e-01, 8.19304466e-01,
            5.97702086e-01, 5.37932932e-01, 7.75861084e-01,
            5.68470895e-01, 6.88172162e-01, 7.91579843e-01,
            5.63594520e-01, 8.35522354e-01, 8.10576022e-01,
            4.95587826e-01, 2.54054397e-01, 8.90963137e-01,
            5.49089909e-01, 2.54084766e-01, 8.91007125e-01,
            4.71312255e-01, 2.62243629e-01, 7.78658450e-01,
            5.87828159e-01, 2.64947712e-01, 8.37356627e-01 ]
    }
}
