{
    "pose_0": {
        "type_id": "opencv-matrix",
        "rows": 1,
        "cols": 18,
        "dt": "3f",
        "data": [ 4.80941653e-01, 2.62263745e-01, 9.17185187e-01,
            5.00444591e-01, 3.38777155e-01, 8.85233760e-01,
            3.69545668e-01, 3.41411918e-01, 8.61726642e-01,
            3.20681483e-01, 4.34278667e-01, 8.04929078e-01,
            2.62628168e-01, 5.07832527e-01, 7.92915821e-01,
            6.36317611e-01, 3.38677526e-01, 8.46754253e-01,
            7.82018185e-01, 3.38692546e-01, 7.77740598e-01,
            8.69451344e-01, 2.86884993e-01, 7.74823189e-01,
            4.08355385e-01, 5.29820442e-01, 7.59011030e-01,
            4.08374399e-01, 6.66274309e-01, 8.34126711e-01,
            4.17918891e-01, 8.00038040e-01, 7.78427899e-01,
            5.58714569e-01, 5.32484591e-01, 7.77775407e-01,
            5.58942080e-01, 6.66285455e-01, 8.51455867e-01,
            5.63638568e-01, 7.97341526e-01, 8.49323273e-01,
            4.47256178e-01, 2.48674944e-01, 9.81129050e-01,
            4.95694846e-01, 2.48640031e-01, 8.91905606e-01,
            4.17928785e-01, 2.51457483e-01, 8.97918522e-01,
            5.29699445e-01, 2.51446635e-01, 9.33305264e-01 ]
    }
}
