{
    "pose_0": {
        "type_id": "opencv-matrix",
        "rows": 1,
        "cols": 18,
        "dt": "3f",
        "data": [ 4.80938196e-01, 2.29538053e-01, 9.79431510e-01,
            4.81126785e-01, 3.14115733e-01, 9.44504023e-01,
            3.69448543e-01, 3.14056903e-01, 8.86745811e-01,
            2.77111173e-01, 4.01360869e-01, 8.18898499e-01,
            1.70522675e-01, 4.42341059e-01, 8.74210775e-01,
            5.92633605e-01, 3.14121783e-01, 8.77866387e-01,
            6.84980512e-01, 4.01502520e-01, 8.89176726e-01,
            7.91813016e-01, 4.42400098e-01, 8.79643440e-01,
            4.08240944e-01, 5.02486110e-01, 7.31441498e-01,
            4.08458561e-01, 6.41641974e-01, 8.27171087e-01,
            4.13134158e-01, 7.78184474e-01, 7.91096985e-01,
            5.58565199e-01, 5.02521694e-01, 7.41283357e-01,
            5.58895111e-01, 6.41740203e-01, 8.57898712e-01,
            5.63575804e-01, 7.75539815e-01, 8.36970270e-01,
            4.47269261e-01, 2.18586877e-01, 9.08962786e-01,
            5.00397265e-01, 2.18623579e-01, 8.28368008e-01,
            4.17966455e-01, 2.26766646e-01, 8.60612214e-01,
            5.29595196e-01, 2.26864934e-01, 9.11855936e-01 ]
    }
}
