{
    "pose_0": {
        "type_id": "opencv-matrix",
        "rows": 1,
        "cols": 18,
        "dt": "3f",
        "data": [ 4.81229752e-01, 2.78639436e-01, 9.40899432e-01,
            4.80955899e-01, 3.57864350e-01, 9.40699637e-01,
            3.69327486e-01, 3.57753307e-01, 9.14339840e-01,
            2.91996717e-01, 4.36952025e-01, 8.23462844e-01,
            2.86923647e-01, 5.05193651e-01, 8.72599125e-01,
            5.87839127e-01, 3.60426933e-01, 8.85470092e-01,
            6.12167776e-01, 4.47977036e-01, 8.09383631e-01,
            6.02514505e-01, 5.13406456e-01, 7.29605913e-01,
            4.13098991e-01, 5.35360396e-01, 7.73221970e-01,
            4.27656770e-01, 6.74492180e-01, 7.62768388e-01,
            4.52116251e-01, 8.19102228e-01, 7.94434428e-01,
            5.58511972e-01, 5.32601237e-01, 7.99647450e-01,
            5.24990141e-01, 6.44533455e-01, 8.40796769e-01,
            5.92491090e-01, 7.69979656e-01, 7.77666807e-01,
            4.52056676e-01, 2.70415187e-01, 9.33492541e-01,
            5.10084212e-01, 2.70385981e-01, 8.83995950e-01,
            4.27685887e-01, 2.73330629e-01, 8.66306782e-01,
            5.34558117e-01, 2.73326814e-01, 8.78267467e-01 ]
    }
}
