{
    "pose_0": {
        "type_id": "opencv-matrix",
        "rows": 1,
        "cols": 18,
        "dt": "3f",
        "data": [ 4.85796183e-01, 2.51374990e-01, 9.69757259e-01,
            4.86005008e-01, 3.35883409e-01, 9.47606385e-01,
            3.79057348e-01, 3.33241999e-01, 8.42905402e-01,
            2.91780531e-01, 4.20625508e-01, 8.33107233e-01,
            2.04190627e-01, 4.66874242e-01, 8.49656403e-01,
            5.97608209e-01, 3.35906059e-01, 9.01395380e-01,
            6.85073316e-01, 4.23370183e-01, 8.72116208e-01,
            7.91558862e-01, 4.64250058e-01, 8.82307231e-01,
            4.13078874e-01, 5.21570444e-01, 7.11233139e-01,
            4.13215578e-01, 6.60777569e-01, 7.92974532e-01,
            4.32391286e-01, 7.97295988e-01, 8.07957053e-01,
            5.58854878e-01, 5.26999891e-01, 7.48330832e-01,
            5.63520133e-01, 6.60764515e-01, 8.44674110e-01,
            5.68442285e-01, 7.94398010e-01, 8.25564861e-01,
            4.56869006e-01, 2.40493730e-01, 8.50434124e-01,
            5.14887512e-01, 2.40453586e-01, 8.58561277e-01,
            4.37216640e-01, 2.48614967e-01, 8.84884477e-01,
            5.44158936e-01, 2.48640969e-01, 8.76493692e-01 ]
    }
}
