{
    "pose_0": {
        "type_id": "opencv-matrix",
        "rows": 1,
        "cols": 18,
        "dt": "3f",
        "data": [ 5.10119140e-01, 2.70397723e-01, 9.17105019e-01,
            5.14828086e-01, 3.46930951e-01, 8.51577580e-01,
            4.03350472e-01, 3.46934676e-01, 8.64915788e-01,
            3.25497419e-01, 4.23215717e-01, 8.32066536e-01,
            3.01517457e-01, 4.66882348e-01, 8.34969640e-01,
            6.12058759e-01, 3.44219536e-01, 8.17975104e-01,
            6.99387074e-01, 4.23276573e-01, 8.57168913e-01,
            7.19107568e-01, 4.66871023e-01, 9.29878950e-01,
            4.42039311e-01, 5.35237193e-01, 7.49215543e-01,
            4.42285478e-01, 6.66353047e-01, 8.43546093e-01,
            4.47031796e-01, 8.13632727e-01, 8.25965762e-01,
            5.78149378e-01, 5.35246432e-01, 7.39290178e-01,
            5.87803364e-01, 6.66320086e-01, 7.93094337e-01,
            5.97510040e-01, 8.08192611e-01, 7.92070925e-01,
            4.81183469e-01, 2.51537591e-01, 9.83641267e-01,
            5.24990857e-01, 2.51521468e-01, 9.12065804e-01,
            4.47169900e-01, 2.67681003e-01, 9.33472633e-01,
            5.63556910e-01, 2.65060008e-01, 9.10344422e-01 ]
    }
}
