{
    "pose_0": {
        "type_id": "opencv-matrix",
        "rows": 1,
        "cols": 18,
        "dt": "3f",
        "data": [ 5.14830768e-01, 2.70608097e-01, 9.36159372e-01,
            5.15091419e-01, 3.54984939e-01, 8.84110332e-01,
            4.08020079e-01, 3.54996115e-01, 8.73929501e-01,
            3.30666274e-01, 4.36997801e-01, 8.42394590e-01,
            2.72265166e-01, 4.97061759e-01, 8.03036034e-01,
            6.12158954e-01, 3.52298439e-01, 8.21583450e-01,
            6.99385405e-01, 4.45047230e-01, 8.26310635e-01,
            7.81920552e-01, 4.94353592e-01, 8.35914373e-01,
            4.42306399e-01, 5.35269856e-01, 7.41616488e-01,
            4.42386091e-01, 6.69075847e-01, 8.20648432e-01,
            4.46937948e-01, 8.16361308e-01, 8.59502494e-01,
            5.82992613e-01, 5.35316348e-01, 7.10505068e-01,
            5.92521131e-01, 6.71676517e-01, 7.66616821e-01,
            5.97420990e-01, 8.13564777e-01, 8.03060472e-01,
            4.85662907e-01, 2.56893128e-01, 9.27822530e-01,
            5.24989843e-01, 2.56840408e-01, 8.93929183e-01,
            4.47305530e-01, 2.70376146e-01, 9.36338902e-01,
            5.63447535e-01, 2.67791659e-01, 9.18989658e-01 ]
    }
}
