{
    "pose_0": {
        "type_id": "opencv-matrix",
        "rows": 1,
        "cols": 18,
        "dt": "3f",
        "data": [ 5.10215640e-01, 2.70569026e-01, 9.33568358e-01,
            5.19593775e-01, 3.52384239e-01, 8.89960051e-01,
            4.08167690e-01, 3.52309734e-01, 8.61020982e-01,
            2.91896373e-01, 4.26010609e-01, 8.32850933e-01,
            1.89827770e-01, 4.58826005e-01, 7.77831972e-01,
            6.12077534e-01, 3.52389902e-01, 8.29625249e-01,
            6.89781368e-01, 4.45214123e-01, 8.62472057e-01,
            7.86856115e-01, 4.91632700e-01, 8.68870258e-01,
            4.42278981e-01, 5.35268307e-01, 7.46250212e-01,
            4.42241371e-01, 6.69040680e-01, 8.12888205e-01,
            4.46907312e-01, 8.16277087e-01, 8.49606514e-01,
            5.82917750e-01, 5.37935436e-01, 7.17015445e-01,
            5.87743878e-01, 6.71727180e-01, 7.51885891e-01,
            5.92774093e-01, 8.13607752e-01, 7.79439807e-01,
            4.81206447e-01, 2.56873399e-01, 9.35384452e-01,
            5.24953544e-01, 2.54185855e-01, 9.15856719e-01,
            4.47323024e-01, 2.70416677e-01, 8.91751170e-01,
            5.63549638e-01, 2.67726302e-01, 9.23829794e-01 ]
    }
}
