{
    "pose_0": {
        "type_id": "opencv-matrix",
        "rows": 1,
        "cols": 18,
        "dt": "3f",
        "data": [ 4.81001049e-01, 2.62250751e-01, 9.11526561e-01,
            4.81202304e-01, 3.38834584e-01, 9.33171391e-01,
            3.69375348e-01, 3.41418654e-01, 8.81478846e-01,
            2.96525598e-01, 4.34228987e-01, 8.19620311e-01,
            2.38202989e-01, 4.94359434e-01, 8.24295938e-01,
            5.97382545e-01, 3.38735253e-01, 8.92634392e-01,
            7.18852162e-01, 3.95971805e-01, 8.55029941e-01,
            8.40188503e-01, 3.74153197e-01, 7.13107407e-01,
            4.08280641e-01, 5.32411575e-01, 7.49310434e-01,
            4.08367485e-01, 6.66273177e-01, 8.22499990e-01,
            4.13224816e-01, 8.10914099e-01, 7.91038036e-01,
            5.58561504e-01, 5.29793441e-01, 7.47042775e-01,
            5.58881700e-01, 6.66347504e-01, 8.44781280e-01,
            5.63519299e-01, 7.97385156e-01, 8.44128430e-01,
            4.47338283e-01, 2.48684779e-01, 9.65064049e-01,
            5.00448823e-01, 2.48687550e-01, 8.86782408e-01,
            4.17980880e-01, 2.54065901e-01, 8.71919870e-01,
            5.29581189e-01, 2.54129171e-01, 8.91976297e-01 ]
    }
}
