{
    "pose_0": {
        "type_id": "opencv-matrix",
        "rows": 1,
        "cols": 18,
        "dt": "3f",
        "data": [ 5.10236502e-01, 2.70567179e-01, 9.46420193e-01,
            4.95718539e-01, 3.49675536e-01, 8.56847286e-01,
            3.93680960e-01, 3.44206184e-01, 8.29019189e-01,
            2.48180494e-01, 3.79647315e-01, 8.45957637e-01,
            1.31568432e-01, 3.63331258e-01, 7.86401391e-01,
            6.02613926e-01, 3.55037272e-01, 8.78429174e-01,
            6.80042684e-01, 4.47998881e-01, 8.86953533e-01,
            7.62674749e-01, 4.97000903e-01, 8.14292789e-01,
            4.32489127e-01, 5.37986100e-01, 7.17827380e-01,
            4.37364161e-01, 6.82591379e-01, 8.02409410e-01,
            4.41954195e-01, 8.16396177e-01, 8.20897698e-01,
            5.68450272e-01, 5.40737391e-01, 7.16754377e-01,
            5.68507135e-01, 6.82566941e-01, 8.17890286e-01,
            5.83004177e-01, 8.13602507e-01, 7.84689069e-01,
            4.85726088e-01, 2.54219204e-01, 9.45291877e-01,
            5.29500425e-01, 2.56845891e-01, 8.80439878e-01,
            4.47281718e-01, 2.67750740e-01, 9.30718184e-01,
            5.63521743e-01, 2.70324945e-01, 9.31096196e-01 ]
    }
}
