{
    "pose_0": {
        "type_id": "opencv-matrix",
        "rows": 1,
        "cols": 18,
        "dt": "3f",
        "data": [ 4.85673100e-01, 2.54120827e-01, 9.46763515e-01,
            4.85965937e-01, 3.36046845e-01, 9.50876594e-01,
            3.74185383e-01, 3.36002946e-01, 8.79489243e-01,
            2.91534960e-01, 4.26049650e-01, 8.85456383e-01,
            2.09321886e-01, 4.67028648e-01, 9.07261848e-01,
            6.02236748e-01, 3.36057514e-01, 8.96330476e-01,
            7.18871593e-01, 4.06906486e-01, 8.86427581e-01,
            8.54825139e-01, 4.28846568e-01, 8.11625302e-01,
            4.08452183e-01, 5.27009249e-01, 7.31986761e-01,
            4.13146049e-01, 6.63513362e-01, 8.14760625e-01,
            4.22787696e-01, 7.99990177e-01, 7.89087772e-01,
            5.58750153e-01, 5.29711723e-01, 7.54216909e-01,
            5.63479960e-01, 6.63632333e-01, 8.70737016e-01,
            5.68390131e-01, 7.94646323e-01, 8.34165692e-01,
            4.56704646e-01, 2.48474196e-01, 9.00368750e-01,
            5.10130823e-01, 2.45923549e-01, 8.75060439e-01,
            4.32378709e-01, 2.51324922e-01, 8.74374092e-01,
            5.39243340e-01, 2.51350969e-01, 8.89220476e-01 ]
    }
}
