{
    "pose_0": {
        "type_id": "opencv-matrix",
        "rows": 1,
        "cols": 18,
        "dt": "3f",
        "data": [ 4.81253326e-01, 2.70342052e-01, 9.66506004e-01,
            4.81240362e-01, 3.46947283e-01, 9.06352103e-01,
            3.69347304e-01, 3.44171852e-01, 8.71714771e-01,
            2.91858405e-01, 4.23311293e-01, 8.14642191e-01,
            2.81963795e-01, 4.77962703e-01, 8.04593921e-01,
            5.97465932e-01, 3.49610716e-01, 8.65722775e-01,
            6.50952458e-01, 4.45159495e-01, 8.36018682e-01,
            6.79953754e-01, 5.35158038e-01, 8.92603457e-01,
            4.08303171e-01, 5.43421447e-01, 7.53516316e-01,
            4.37367409e-01, 6.88201845e-01, 7.98487604e-01,
            4.61635262e-01, 8.32728386e-01, 7.48878300e-01,
            5.58803022e-01, 5.40687680e-01, 7.55233407e-01,
            5.58935523e-01, 6.85343921e-01, 8.88247073e-01,
            5.68597496e-01, 8.13605726e-01, 7.72120714e-01,
            4.51960295e-01, 2.51473039e-01, 9.21572626e-01,
            5.10180891e-01, 2.51463741e-01, 8.80965412e-01,
            4.22822356e-01, 2.64998853e-01, 8.40011418e-01,
            5.39300501e-01, 2.64949918e-01, 7.99927592e-01 ]
    }
}
