{
    "pose_0": {
        "type_id": "opencv-matrix",
        "rows": 1,
        "cols": 18,
        "dt": "3f",
        "data": [ 4.85668689e-01, 2.54079819e-01, 9.50754821e-01,
            4.85890478e-01, 3.36004317e-01, 9.58335757e-01,
            3.74285161e-01, 3.35922271e-01, 8.74459863e-01,
            2.91575164e-01, 4.26024735e-01, 8.88174832e-01,
            2.04324216e-01, 4.66996878e-01, 8.89842868e-01,
            5.97592771e-01, 3.36033106e-01, 9.12146688e-01,
            7.13840485e-01, 4.23186719e-01, 8.89202476e-01,
            8.30345929e-01, 4.50610936e-01, 8.50399196e-01,
            4.08499777e-01, 5.24318755e-01, 7.29295790e-01,
            4.13194269e-01, 6.63428485e-01, 8.14548790e-01,
            4.22813267e-01, 7.99975216e-01, 7.88956404e-01,
            5.58790088e-01, 5.27025938e-01, 7.60091484e-01,
            5.63439906e-01, 6.63554609e-01, 8.72785568e-01,
            5.68429053e-01, 7.94591248e-01, 8.40698242e-01,
            4.56717342e-01, 2.45927066e-01, 8.95965457e-01,
            5.10131955e-01, 2.45890468e-01, 8.72992039e-01,
            4.32458341e-01, 2.51291096e-01, 8.78859580e-01,
            5.39206803e-01, 2.51333237e-01, 8.91259849e-01 ]
    }
}
