{
    "pose_0": {
        "type_id": "opencv-matrix",
        "rows": 1,
        "cols": 18,
        "dt": "3f",
        "data": [ 4.86102551e-01, 2.70404637e-01, 9.47383344e-01,
            4.85964000e-01, 3.46930891e-01, 9.16607261e-01,
            3.79124194e-01, 3.44225764e-01, 8.13672066e-01,
            2.48163089e-01, 4.06965017e-01, 8.26981246e-01,
            1.36381701e-01, 4.31515723e-01, 8.59050691e-01,
            5.97580314e-01, 3.49655181e-01, 8.75204682e-01,
            6.75199270e-01, 4.47931290e-01, 8.73341203e-01,
            7.53008664e-01, 4.97027814e-01, 8.31094861e-01,
            4.13184851e-01, 5.35308003e-01, 7.41063118e-01,
            4.13276106e-01, 6.69057727e-01, 7.86119819e-01,
            4.27546650e-01, 8.13634455e-01, 7.93119371e-01,
            5.58896244e-01, 5.35334647e-01, 7.50324547e-01,
            5.63519061e-01, 6.71690285e-01, 8.16021085e-01,
            5.63753486e-01, 8.08224022e-01, 8.18653226e-01,
            4.75988358e-01, 2.51536489e-01, 8.92234623e-01,
            5.19785881e-01, 2.54109859e-01, 9.29819763e-01,
            4.42169666e-01, 2.62309462e-01, 8.61899436e-01,
            5.53865314e-01, 2.67696291e-01, 8.88947248e-01 ]
    }
}
