{
    "pose_0": {
        "type_id": "opencv-matrix",
        "rows": 1,
        "cols": 18,
        "dt": "3f",
        "data": [ 5.19746184e-01, 2.81396389e-01, 8.99402142e-01,
            5.20043433e-01, 3.57755184e-01, 9.56342101e-01,
            4.08349752e-01, 3.57827455e-01, 8.47870231e-01,
            3.25749427e-01, 3.87905031e-01, 6.92744732e-01,
            3.06342959e-01, 4.04169381e-01, 7.60452151e-01,
            6.36147261e-01, 3.57684821e-01, 8.87938857e-01,
            7.14126050e-01, 4.28844422e-01, 7.98317254e-01,
            7.52686024e-01, 4.04300690e-01, 7.91492164e-01,
            4.47034627e-01, 5.43437064e-01, 7.37582326e-01,
            4.47114170e-01, 6.82574272e-01, 8.28538775e-01,
            4.47214901e-01, 8.21921706e-01, 8.11820209e-01,
            5.92739820e-01, 5.43468356e-01, 7.24649966e-01,
            5.97580314e-01, 6.82598889e-01, 8.30081522e-01,
            5.97765684e-01, 8.19032073e-01, 8.25056791e-01,
            4.86139357e-01, 2.70498395e-01, 9.65994358e-01,
            5.34457862e-01, 2.70503670e-01, 8.92624617e-01,
            4.56800878e-01, 2.73319691e-01, 8.87548387e-01,
            5.63844740e-01, 2.73339301e-01, 9.19809520e-01 ]
    }
}
