{
    "pose_0": {
        "type_id": "opencv-matrix",
        "rows": 1,
        "cols": 18,
        "dt": "3f",
        "data": [ 5.24575710e-01, 2.75949150e-01, 9.58379924e-01,
            5.24623573e-01, 3.57911319e-01, 9.76451218e-01,
            4.13175136e-01, 3.57911468e-01, 8.76456559e-01,
            3.30769539e-01, 4.09708470e-01, 8.35146308e-01,
            2.91595250e-01, 4.45030540e-01, 8.93876493e-01,
            6.36220872e-01, 3.57897073e-01, 8.87477934e-01,
            7.18721032e-01, 4.23279852e-01, 8.44761670e-01,
            7.86833405e-01, 4.45107162e-01, 8.72385621e-01,
            4.51954007e-01, 5.48897862e-01, 7.33746648e-01,
            4.51844603e-01, 6.85384572e-01, 8.26203465e-01,
            4.51966077e-01, 8.21913779e-01, 7.99260855e-01,
            5.97597003e-01, 5.48901260e-01, 7.73207724e-01,
            6.02238476e-01, 6.85475051e-01, 8.75187695e-01,
            6.02541983e-01, 8.19081843e-01, 8.56782436e-01,
            4.95696545e-01, 2.70348221e-01, 9.05914009e-01,
            5.49075544e-01, 2.70339876e-01, 8.91707599e-01,
            4.76113468e-01, 2.73338437e-01, 8.83012950e-01,
            5.78065336e-01, 2.75928438e-01, 8.65565777e-01 ]
    }
}
