{
    "pose_0": {
        "type_id": "opencv-matrix",
        "rows": 1,
        "cols": 18,
        "dt": "3f",
        "data": [ 5.14873385e-01, 2.70423263e-01, 9.39008951e-01,
            5.19809544e-01, 3.38726819e-01, 9.34093595e-01,
            4.13172752e-01, 3.38659018e-01, 8.57799053e-01,
            3.59630018e-01, 4.01371300e-01, 7.09287345e-01,
            3.30714673e-01, 3.68753374e-01, 8.42760682e-01,
            6.07377231e-01, 3.38760316e-01, 8.68048549e-01,
            6.80110812e-01, 3.90591800e-01, 6.60740376e-01,
            6.99444294e-01, 3.63257825e-01, 8.04841876e-01,
            4.42174196e-01, 5.27034104e-01, 7.48160660e-01,
            4.42236692e-01, 6.66158855e-01, 8.31293106e-01,
            4.47074115e-01, 8.13556194e-01, 8.08262229e-01,
            5.78151107e-01, 5.29801786e-01, 7.12858796e-01,
            5.87858737e-01, 6.66193604e-01, 8.05302739e-01,
            5.97459137e-01, 8.02740335e-01, 8.05132389e-01,
            4.85703737e-01, 2.54060775e-01, 9.67438459e-01,
            5.29556990e-01, 2.54100353e-01, 8.86704624e-01,
            4.47306782e-01, 2.65038013e-01, 8.79729569e-01,
            5.63568175e-01, 2.67635047e-01, 8.65620136e-01 ]
    }
}
