{
    "pose_0": {
        "type_id": "opencv-matrix",
        "rows": 1,
        "cols": 18,
        "dt": "3f",
        "data": [ 4.85943705e-01, 2.70327657e-01, 9.57254767e-01,
            4.86079633e-01, 3.46944064e-01, 9.07412767e-01,
            3.74427140e-01, 3.41477096e-01, 8.40946615e-01,
            2.91838497e-01, 4.04134125e-01, 7.13326812e-01,
            2.86951602e-01, 4.23421174e-01, 7.65335679e-01,
            6.02248013e-01, 3.52370381e-01, 8.87174308e-01,
            6.31521225e-01, 4.47878927e-01, 8.23693454e-01,
            6.07334852e-01, 5.10751128e-01, 5.12628615e-01,
            4.17981595e-01, 5.37989080e-01, 7.37983108e-01,
            4.18020576e-01, 6.79918647e-01, 7.75941253e-01,
            4.71397310e-01, 8.27276587e-01, 7.61765659e-01,
            5.63678026e-01, 5.32593369e-01, 7.93602109e-01,
            5.19815743e-01, 6.52615964e-01, 8.22202206e-01,
            5.63429475e-01, 7.91716456e-01, 7.39317298e-01,
            4.61637318e-01, 2.51485944e-01, 8.90191019e-01,
            5.19605517e-01, 2.51455694e-01, 9.28584874e-01,
            4.37322408e-01, 2.65023202e-01, 8.76869142e-01,
            5.53758919e-01, 2.64971703e-01, 8.48650813e-01 ]
    }
}
