{
    "pose_0": {
        "type_id": "opencv-matrix",
        "rows": 1,
        "cols": 18,
        "dt": "3f",
        "data": [ 5.14819980e-01, 2.70481378e-01, 9.37897801e-01,
            4.90858316e-01, 3.46914440e-01, 8.71890485e-01,
            3.79054308e-01, 3.38825464e-01, 8.42159092e-01,
            2.19040424e-01, 3.38833898e-01, 8.33165348e-01,
            9.77031291e-02, 2.94937491e-01, 8.95331681e-01,
            6.02611065e-01, 3.57663631e-01, 8.86418462e-01,
            6.79860651e-01, 4.53381747e-01, 8.39630544e-01,
            7.52766788e-01, 5.05248904e-01, 7.59522140e-01,
            4.22810555e-01, 5.35248637e-01, 7.31145740e-01,
            4.32457715e-01, 6.77195251e-01, 7.53171921e-01,
            4.37201530e-01, 8.16338837e-01, 8.13438296e-01,
            5.63733518e-01, 5.37988901e-01, 7.35561550e-01,
            5.63767076e-01, 6.79908752e-01, 8.22289169e-01,
            5.73393762e-01, 8.10936332e-01, 7.89377749e-01,
            4.85759139e-01, 2.54120648e-01, 9.57664967e-01,
            5.29589415e-01, 2.54210144e-01, 8.71525228e-01,
            4.47249353e-01, 2.67696500e-01, 9.10546780e-01,
            5.63653767e-01, 2.70315468e-01, 9.38409328e-01 ]
    }
}
