{
    "pose_0": {
        "type_id": "opencv-matrix",
        "rows": 1,
        "cols": 18,
        "dt": "3f",
        "data": [ 4.81059432e-01, 2.29559198e-01, 9.80177462e-01,
            4.85675246e-01, 3.14129800e-01, 9.49106932e-01,
            3.69485795e-01, 3.14035386e-01, 8.80026400e-01,
            2.53003776e-01, 3.87797594e-01, 8.06677401e-01,
            1.36335284e-01, 4.23240244e-01, 8.44254673e-01,
            5.97467601e-01, 3.14156264e-01, 8.98352385e-01,
            7.09158242e-01, 3.98750395e-01, 8.66846263e-01,
            8.25641572e-01, 4.31466341e-01, 8.25338542e-01,
            4.08327579e-01, 5.02474964e-01, 7.34100103e-01,
            4.08437461e-01, 6.44339442e-01, 8.31347108e-01,
            4.13253069e-01, 7.83613861e-01, 7.82931328e-01,
            5.58623314e-01, 5.07871211e-01, 7.50299275e-01,
            5.63356340e-01, 6.44365966e-01, 8.68100643e-01,
            5.63617945e-01, 7.78174639e-01, 8.40406418e-01,
            4.51840699e-01, 2.18656018e-01, 8.98286998e-01,
            5.05304396e-01, 2.21277580e-01, 8.33228290e-01,
            4.22872186e-01, 2.26895720e-01, 8.39245141e-01,
            5.29765844e-01, 2.29450360e-01, 8.85313749e-01 ]
    }
}
