{
    "pose_0": {
        "type_id": "opencv-matrix",
        "rows": 1,
        "cols": 18,
        "dt": "3f",
        "data": [ 5.10140419e-01, 2.70509362e-01, 9.26400661e-01,
            5.14975488e-01, 3.52373898e-01, 8.77154350e-01,
            4.03575152e-01, 3.52352411e-01, 8.73208046e-01,
            3.30715537e-01, 4.31527585e-01, 8.37908626e-01,
            2.81917006e-01, 4.91618723e-01, 8.59317183e-01,
            6.07377172e-01, 3.52303267e-01, 8.36059451e-01,
            6.89879537e-01, 4.45035398e-01, 8.33711207e-01,
            7.81913459e-01, 4.94282752e-01, 8.17328632e-01,
            4.42306519e-01, 5.35252094e-01, 7.63170004e-01,
            4.42332596e-01, 6.71706498e-01, 8.10468554e-01,
            4.47055370e-01, 8.16255927e-01, 8.40791047e-01,
            5.82977474e-01, 5.35278261e-01, 7.20775008e-01,
            5.87864578e-01, 6.69081688e-01, 7.73176074e-01,
            5.97392619e-01, 8.10865879e-01, 7.93556452e-01,
            4.81216550e-01, 2.54201084e-01, 9.49358106e-01,
            5.24942338e-01, 2.54152089e-01, 9.17247534e-01,
            4.47227925e-01, 2.70319760e-01, 9.41361547e-01,
            5.63503206e-01, 2.67749935e-01, 9.40406322e-01 ]
    }
}
