{
    "pose_0": {
        "type_id": "opencv-matrix",
        "rows": 1,
        "cols": 18,
        "dt": "3f",
        "data": [ 4.85739768e-01, 2.67757118e-01, 9.67482924e-01,
            4.81237322e-01, 3.44233245e-01, 9.21174169e-01,
            3.74218166e-01, 3.44241679e-01, 8.41583252e-01,
            3.06375414e-01, 4.36937213e-01, 7.96047390e-01,
            2.47977048e-01, 4.94402111e-01, 8.53497326e-01,
            5.92612445e-01, 3.44183266e-01, 8.49973023e-01,
            6.70406580e-01, 4.28809285e-01, 8.90772343e-01,
            7.67526388e-01, 4.66893941e-01, 8.48907113e-01,
            4.08367068e-01, 5.32576382e-01, 7.54292548e-01,
            4.08483982e-01, 6.68940961e-01, 8.09172273e-01,
            4.17974383e-01, 8.10929835e-01, 7.70990133e-01,
            5.58593273e-01, 5.35194099e-01, 7.71365047e-01,
            5.58894992e-01, 6.68975294e-01, 8.38227749e-01,
            5.63672960e-01, 8.02764356e-01, 8.15794766e-01,
            4.56820667e-01, 2.51417696e-01, 9.05946910e-01,
            5.14860094e-01, 2.51433998e-01, 9.01643217e-01,
            4.37197953e-01, 2.59531379e-01, 8.36531401e-01,
            5.44060886e-01, 2.64950722e-01, 8.31919312e-01 ]
    }
}
