{
    "pose_0": {
        "type_id": "opencv-matrix",
        "rows": 1,
        "cols": 18,
        "dt": "3f",
        "data": [ 4.81169105e-01, 2.76017338e-01, 9.42621469e-01,
            4.80885088e-01, 3.57748359e-01, 9.27410245e-01,
            3.69484067e-01, 3.54994923e-01, 8.63321781e-01,
            2.91847348e-01, 4.28759336e-01, 8.52893054e-01,
            2.86960125e-01, 4.91676152e-01, 9.06221449e-01,
            5.78070879e-01, 3.57883334e-01, 8.74501109e-01,
            5.97723484e-01, 4.45165902e-01, 7.20661998e-01,
            5.68404675e-01, 5.10583699e-01, 3.57404381e-01,
            4.08408493e-01, 5.38016260e-01, 7.75300324e-01,
            4.42102909e-01, 6.85385823e-01, 7.55297303e-01,
            4.61664766e-01, 8.19198847e-01, 7.72627771e-01,
            5.53872466e-01, 5.32416701e-01, 7.79961884e-01,
            5.10140955e-01, 6.22678876e-01, 8.16296697e-01,
            5.63478589e-01, 7.37253129e-01, 7.96435595e-01,
            4.51981813e-01, 2.70358145e-01, 9.31782722e-01,
            5.05371153e-01, 2.70336628e-01, 8.69924545e-01,
            4.27584082e-01, 2.73249358e-01, 8.56668413e-01,
            5.34514546e-01, 2.73290515e-01, 8.90198469e-01 ]
    }
}
