{
    "pose_0": {
        "type_id": "opencv-matrix",
        "rows": 1,
        "cols": 18,
        "dt": "3f",
        "data": [ 5.05335510e-01, 2.67746896e-01, 8.97644997e-01,
            5.14826596e-01, 3.41515630e-01, 8.82443547e-01,
            4.03178632e-01, 3.44206899e-01, 8.46430421e-01,
            2.86934465e-01, 4.01511878e-01, 8.79684687e-01,
            2.91973084e-01, 4.23250467e-01, 8.78955662e-01,
            6.17063820e-01, 3.41459483e-01, 8.26652586e-01,
            7.18980551e-01, 4.01373565e-01, 8.32702458e-01,
            7.13958502e-01, 4.23243582e-01, 9.17184591e-01,
            4.42193538e-01, 5.32486379e-01, 7.59801388e-01,
            4.42310452e-01, 6.66240275e-01, 8.46127868e-01,
            4.47090089e-01, 8.10918272e-01, 8.04634452e-01,
            5.82911909e-01, 5.32555103e-01, 7.17153788e-01,
            5.87803483e-01, 6.66283250e-01, 7.97098398e-01,
            5.97485662e-01, 8.02695334e-01, 8.07182491e-01,
            4.81108904e-01, 2.51406491e-01, 1.01420879e+00,
            5.24860322e-01, 2.51393884e-01, 9.47320879e-01,
            4.47183996e-01, 2.64958113e-01, 9.03018653e-01,
            5.63398361e-01, 2.62295097e-01, 8.85738194e-01 ]
    }
}
