{
    "pose_0": {
        "type_id": "opencv-matrix",
        "rows": 1,
        "cols": 18,
        "dt": "3f",
        "data": [ 5.14822781e-01, 2.70587564e-01, 9.35386240e-01,
            5.19620538e-01, 3.52409869e-01, 8.92186224e-01,
            4.08161223e-01, 3.52402329e-01, 8.60131025e-01,
            2.96700746e-01, 4.28734809e-01, 8.00157070e-01,
            1.94607362e-01, 4.66976315e-01, 8.66721272e-01,
            6.12155080e-01, 3.52357239e-01, 8.22601557e-01,
            6.89805567e-01, 4.45126325e-01, 8.44183326e-01,
            7.86737263e-01, 4.91567284e-01, 8.77653062e-01,
            4.42325741e-01, 5.35248637e-01, 7.49429345e-01,
            4.42281008e-01, 6.68970168e-01, 8.29335511e-01,
            4.46908206e-01, 8.16243708e-01, 8.45639467e-01,
            5.82990706e-01, 5.35345495e-01, 7.16074467e-01,
            5.87728858e-01, 6.69067442e-01, 7.57432699e-01,
            5.92759073e-01, 8.13576937e-01, 7.84960628e-01,
            4.81250346e-01, 2.56881654e-01, 9.33710456e-01,
            5.24966955e-01, 2.54209727e-01, 9.07730758e-01,
            4.47327316e-01, 2.70382255e-01, 8.99828792e-01,
            5.63537657e-01, 2.67711431e-01, 9.24702406e-01 ]
    }
}
