{
    "pose_0": {
        "type_id": "opencv-matrix",
        "rows": 1,
        "cols": 18,
        "dt": "3f",
        "data": [ 5.24604321e-01, 2.73139358e-01, 9.68540907e-01,
            5.24940431e-01, 3.46919686e-01, 8.97259891e-01,
            4.32408035e-01, 3.52366358e-01, 8.38330805e-01,
            4.03355509e-01, 4.36998695e-01, 7.73524225e-01,
            4.17972833e-01, 4.97003645e-01, 6.41996443e-01,
            6.36451483e-01, 3.41475248e-01, 9.12001073e-01,
            7.23703861e-01, 4.15136129e-01, 6.51772201e-01,
            7.18861997e-01, 4.12433118e-01, 7.76483238e-01,
            4.56815511e-01, 5.27024448e-01, 7.47990131e-01,
            4.86168772e-01, 6.28050983e-01, 8.35032225e-01,
            4.80941087e-01, 7.39914298e-01, 8.48037422e-01,
            6.02254093e-01, 5.32592535e-01, 7.91939020e-01,
            5.97315431e-01, 6.82679713e-01, 7.93892324e-01,
            5.68514764e-01, 8.27295125e-01, 7.07568228e-01,
            4.95740384e-01, 2.62242347e-01, 8.40723038e-01,
            5.53708613e-01, 2.62260586e-01, 8.66357267e-01,
            4.76121575e-01, 2.70406365e-01, 8.66364479e-01,
            5.83012044e-01, 2.70485789e-01, 9.10645843e-01 ]
    }
}
