{
    "pose_0": {
        "type_id": "opencv-matrix",
        "rows": 1,
        "cols": 18,
        "dt": "3f",
        "data": [ 4.85834688e-01, 2.48620480e-01, 9.80520368e-01,
            4.85926837e-01, 3.30548078e-01, 9.05110717e-01,
            3.69539529e-01, 3.33151460e-01, 8.35404277e-01,
            2.28684664e-01, 4.01350021e-01, 7.85193682e-01,
            9.26470533e-02, 4.04193074e-01, 8.11516106e-01,
            6.02354527e-01, 3.30541492e-01, 8.48855257e-01,
            7.28643477e-01, 4.01415825e-01, 8.51951838e-01,
            8.64402890e-01, 4.09677953e-01, 7.81769633e-01,
            4.13060486e-01, 5.18903077e-01, 7.09137499e-01,
            4.13191259e-01, 6.55349612e-01, 7.77746439e-01,
            4.32470113e-01, 7.94582784e-01, 8.32104206e-01,
            5.58849096e-01, 5.18901169e-01, 7.38148749e-01,
            5.63573956e-01, 6.58042490e-01, 8.19594026e-01,
            5.68488598e-01, 7.91777790e-01, 8.22965801e-01,
            4.56806004e-01, 2.32233018e-01, 8.75574887e-01,
            5.14975607e-01, 2.29695588e-01, 8.90935898e-01,
            4.32413310e-01, 2.40483567e-01, 8.25246572e-01,
            5.49029231e-01, 2.40473196e-01, 7.97422945e-01 ]
    }
}
