{
    "pose_0": {
        "type_id": "opencv-matrix",
        "rows": 1,
        "cols": 18,
        "dt": "3f",
        "data": [ 4.80872869e-01, 2.29506463e-01, 9.77224112e-01,
            4.81129438e-01, 3.14097822e-01, 9.43010628e-01,
            3.69349688e-01, 3.14017892e-01, 8.85915697e-01,
            2.52811104e-01, 3.87899458e-01, 7.92389452e-01,
            1.46117628e-01, 4.23251659e-01, 8.12054634e-01,
            5.97298682e-01, 3.14125270e-01, 8.73299360e-01,
            7.09043205e-01, 3.96045476e-01, 8.31847787e-01,
            8.25711727e-01, 4.23361629e-01, 8.73721957e-01,
            4.08263952e-01, 5.02472579e-01, 7.33090162e-01,
            4.08417761e-01, 6.41567230e-01, 8.33486974e-01,
            4.13164616e-01, 7.80907869e-01, 7.94938385e-01,
            5.58618784e-01, 5.02513289e-01, 7.33633697e-01,
            5.58878124e-01, 6.41665161e-01, 8.50756168e-01,
            5.63490212e-01, 7.75450706e-01, 8.51303518e-01,
            4.47189540e-01, 2.15899900e-01, 9.07952130e-01,
            4.95632857e-01, 2.15911731e-01, 8.32133651e-01,
            4.13245767e-01, 2.26657823e-01, 8.71732295e-01,
            5.29568672e-01, 2.26729304e-01, 8.98218632e-01 ]
    }
}
