{
    "pose_0": {
        "type_id": "opencv-matrix",
        "rows": 1,
        "cols": 18,
        "dt": "3f",
        "data": [ 4.85788941e-01, 2.70319343e-01, 9.64444876e-01,
            4.85826492e-01, 3.41525167e-01, 9.40261304e-01,
            3.74388844e-01, 3.38676870e-01, 8.75343680e-01,
            2.86718845e-01, 3.82300794e-01, 7.52075672e-01,
            2.82088548e-01, 3.93278152e-01, 7.79758155e-01,
            5.97329021e-01, 3.49652559e-01, 8.52272630e-01,
            6.02327883e-01, 4.47815269e-01, 7.75222957e-01,
            5.63831866e-01, 5.07879198e-01, 1.85878664e-01,
            4.08113837e-01, 5.43400347e-01, 7.69580185e-01,
            4.46966588e-01, 6.85336947e-01, 8.19764376e-01,
            4.76188093e-01, 8.35378885e-01, 7.90000319e-01,
            5.53703785e-01, 5.29715478e-01, 7.67803848e-01,
            4.90705967e-01, 6.00686491e-01, 8.42832386e-01,
            5.39345086e-01, 7.20797062e-01, 7.69602001e-01,
            4.56713855e-01, 2.51492202e-01, 9.00837660e-01,
            5.14848530e-01, 2.51459986e-01, 8.87707591e-01,
            4.32436883e-01, 2.65035570e-01, 8.68869424e-01,
            5.44118404e-01, 2.64953375e-01, 8.19252074e-01 ]
    }
}
