{
    "pose_0": {
        "type_id": "opencv-matrix",
        "rows": 1,
        "cols": 18,
        "dt": "3f",
        "data": [ 5.24591446e-01, 2.70543277e-01, 9.74011719e-01,
            5.24974406e-01, 3.44228983e-01, 8.99846017e-01,
            4.32378173e-01, 3.52334917e-01, 8.31814528e-01,
            4.03301716e-01, 4.42466676e-01, 7.72884011e-01,
            4.37253118e-01, 5.07845163e-01, 5.35023630e-01,
            6.36491835e-01, 3.38847935e-01, 9.19598222e-01,
            7.13961482e-01, 4.23230410e-01, 7.74073362e-01,
            7.18964219e-01, 4.04144406e-01, 8.15620899e-01,
            4.56827074e-01, 5.24314940e-01, 7.45538473e-01,
            5.00391901e-01, 6.22586191e-01, 8.34504247e-01,
            4.80782479e-01, 7.34454095e-01, 8.77497673e-01,
            6.02286279e-01, 5.35165846e-01, 8.00848246e-01,
            5.82945108e-01, 6.88143492e-01, 7.85643160e-01,
            5.68475187e-01, 8.30066085e-01, 7.27785468e-01,
            4.95696723e-01, 2.56838024e-01, 8.56197476e-01,
            5.53708732e-01, 2.56879240e-01, 8.72271299e-01,
            4.76039052e-01, 2.70348579e-01, 8.61917198e-01,
            5.82982183e-01, 2.70444602e-01, 8.99196506e-01 ]
    }
}
