{
    "pose_0": {
        "type_id": "opencv-matrix",
        "rows": 1,
        "cols": 18,
        "dt": "3f",
        "data": [ 5.10113418e-01, 2.70336062e-01, 9.06562209e-01,
            5.10209143e-01, 3.44188154e-01, 8.59954178e-01,
            4.03375834e-01, 3.44244629e-01, 8.75533521e-01,
            3.20864737e-01, 4.15165603e-01, 8.19243729e-01,
            3.20765823e-01, 4.53315288e-01, 8.23867798e-01,
            6.07388496e-01, 3.41535568e-01, 8.45626116e-01,
            7.04346299e-01, 4.23378080e-01, 8.31239641e-01,
            7.18714893e-01, 4.56069231e-01, 8.90212953e-01,
            4.42070812e-01, 5.35207033e-01, 7.43065953e-01,
            4.42308128e-01, 6.66289985e-01, 8.38503063e-01,
            4.47062343e-01, 8.13585997e-01, 8.23180676e-01,
            5.78112483e-01, 5.35199225e-01, 7.37354934e-01,
            5.87783515e-01, 6.66280210e-01, 7.92765319e-01,
            5.97416639e-01, 8.02747190e-01, 8.03291261e-01,
            4.81219560e-01, 2.51474380e-01, 9.95485187e-01,
            5.24983704e-01, 2.51469553e-01, 9.19292033e-01,
            4.47193146e-01, 2.67628521e-01, 9.31452334e-01,
            5.63518584e-01, 2.64977187e-01, 9.01625454e-01 ]
    }
}
