{
    "pose_0": {
        "type_id": "opencv-matrix",
        "rows": 1,
        "cols": 18,
        "dt": "3f",
        "data": [ 5.19640923e-01, 2.70598769e-01, 9.71400857e-01,
            5.20077884e-01, 3.46865892e-01, 9.05506015e-01,
            4.13041562e-01, 3.52334529e-01, 8.37431967e-01,
            3.83961797e-01, 4.47826445e-01, 7.44685054e-01,
            4.08410400e-01, 5.07912755e-01, 4.84674335e-01,
            6.31496727e-01, 3.41414899e-01, 8.74048412e-01,
            7.18836963e-01, 4.23261166e-01, 6.65231943e-01,
            7.18757868e-01, 4.17818129e-01, 7.71260083e-01,
            4.47193980e-01, 5.35339296e-01, 7.60956407e-01,
            4.52117831e-01, 6.71719313e-01, 8.07093501e-01,
            4.66432363e-01, 7.97170043e-01, 7.97645926e-01,
            5.97531021e-01, 5.40661871e-01, 7.44620800e-01,
            5.92782915e-01, 6.85251355e-01, 8.36162269e-01,
            5.68387926e-01, 8.27273369e-01, 7.29925871e-01,
            4.85946864e-01, 2.56801456e-01, 9.26976562e-01,
            5.34420013e-01, 2.56835431e-01, 8.58004570e-01,
            4.52043384e-01, 2.67701834e-01, 8.56071591e-01,
            5.68473518e-01, 2.67714709e-01, 8.80902469e-01 ]
    }
}
