{
    "pose_0": {
        "type_id": "opencv-matrix",
        "rows": 1,
        "cols": 18,
        "dt": "3f",
        "data": [ 5.14850557e-01, 2.70577788e-01, 9.37397301e-01,
            5.15118480e-01, 3.52403432e-01, 8.82963359e-01,
            4.08115178e-01, 3.55009764e-01, 8.66350949e-01,
            3.35347295e-01, 4.36989576e-01, 8.10002804e-01,
            2.67510384e-01, 4.99782205e-01, 7.89876819e-01,
            6.12105608e-01, 3.49658221e-01, 8.20107043e-01,
            7.04222202e-01, 4.45037097e-01, 8.16498637e-01,
            7.91508019e-01, 4.96972144e-01, 8.63806546e-01,
            4.42318231e-01, 5.35254657e-01, 7.43093312e-01,
            4.42315131e-01, 6.68993056e-01, 8.21498632e-01,
            4.46963012e-01, 8.16331625e-01, 8.59686732e-01,
            5.82957506e-01, 5.35321414e-01, 7.08996177e-01,
            5.87825119e-01, 6.69044971e-01, 7.60228693e-01,
            5.97390890e-01, 8.13561261e-01, 8.00003409e-01,
            4.85704720e-01, 2.56813437e-01, 9.38328981e-01,
            5.29493153e-01, 2.56817281e-01, 8.90445530e-01,
            4.47273403e-01, 2.70322204e-01, 9.25476015e-01,
            5.63544869e-01, 2.70325154e-01, 9.31820214e-01 ]
    }
}
