{
    "pose_0": {
        "type_id": "opencv-matrix",
        "rows": 1,
        "cols": 18,
        "dt": "3f",
        "data": [ 4.90814924e-01, 2.70441353e-01, 9.44636345e-01,
            4.86057907e-01, 3.46905142e-01, 9.14257765e-01,
            3.79126459e-01, 3.44177514e-01, 8.21023941e-01,
            2.28593320e-01, 3.87867838e-01, 7.79247999e-01,
            1.02458343e-01, 4.01563704e-01, 8.32316458e-01,
            5.97716570e-01, 3.49655062e-01, 8.83040905e-01,
            6.70430779e-01, 4.47913021e-01, 8.67672622e-01,
            7.48084068e-01, 4.99774754e-01, 8.00778210e-01,
            4.13134545e-01, 5.32590270e-01, 7.37334132e-01,
            4.17876303e-01, 6.68959677e-01, 7.90388048e-01,
            4.27622408e-01, 8.13611627e-01, 7.77598739e-01,
            5.58878064e-01, 5.35209000e-01, 7.58259296e-01,
            5.63514113e-01, 6.66378975e-01, 8.43616545e-01,
            5.63850522e-01, 8.02717984e-01, 8.06212127e-01,
            4.76235449e-01, 2.54090816e-01, 9.11675930e-01,
            5.20005941e-01, 2.54129499e-01, 9.36029255e-01,
            4.42401737e-01, 2.65058130e-01, 9.05896127e-01,
            5.58537781e-01, 2.67710388e-01, 8.99604499e-01 ]
    }
}
