{
    "pose_0": {
        "type_id": "opencv-matrix",
        "rows": 1,
        "cols": 18,
        "dt": "3f",
        "data": [ 4.95568991e-01, 2.70462632e-01, 9.29805636e-01,
            4.85819548e-01, 3.46898377e-01, 9.30850923e-01,
            3.69418293e-01, 3.41555178e-01, 8.47329140e-01,
            2.14074105e-01, 3.71423423e-01, 7.82981575e-01,
            8.77293274e-02, 3.57804328e-01, 8.17172647e-01,
            5.97736835e-01, 3.52317423e-01, 8.86562169e-01,
            6.74983978e-01, 4.47926551e-01, 8.67632568e-01,
            7.38380551e-01, 4.97058362e-01, 7.78301835e-01,
            4.13238585e-01, 5.35278618e-01, 7.38958597e-01,
            4.27560598e-01, 6.71761870e-01, 7.53151894e-01,
            4.27679628e-01, 8.13659251e-01, 7.80802965e-01,
            5.63410997e-01, 5.35326004e-01, 7.58125961e-01,
            5.63623667e-01, 6.77136719e-01, 8.24472189e-01,
            5.68446577e-01, 8.10906768e-01, 8.03000331e-01,
            4.80885774e-01, 2.54079729e-01, 9.40144718e-01,
            5.24622321e-01, 2.54146844e-01, 9.35138464e-01,
            4.46923047e-01, 2.65021831e-01, 8.83429766e-01,
            5.58769941e-01, 2.67707348e-01, 8.94632995e-01 ]
    }
}
