{
    "pose_0": {
        "type_id": "opencv-matrix",
        "rows": 1,
        "cols": 18,
        "dt": "3f",
        "data": [ 5.10101378e-01, 2.70452529e-01, 9.33590174e-01,
            4.86155480e-01, 3.44196171e-01, 9.02812481e-01,
            3.74260664e-01, 3.38732958e-01, 8.62657607e-01,
            2.18823195e-01, 3.38785440e-01, 8.67791235e-01,
            9.28338468e-02, 2.92210937e-01, 8.96838665e-01,
            6.02489531e-01, 3.55057448e-01, 8.88048828e-01,
            6.75439239e-01, 4.58792329e-01, 8.61873984e-01,
            7.57613182e-01, 5.10580420e-01, 7.99382329e-01,
            4.17971522e-01, 5.35165846e-01, 7.40422606e-01,
            4.27727640e-01, 6.69012308e-01, 7.58515358e-01,
            4.37274486e-01, 8.16254914e-01, 8.03325832e-01,
            5.63638091e-01, 5.35341859e-01, 7.45905042e-01,
            5.63703001e-01, 6.69082820e-01, 8.23170066e-01,
            5.73353469e-01, 8.10853541e-01, 7.87285089e-01,
            4.85682070e-01, 2.54062176e-01, 9.71299350e-01,
            5.29491365e-01, 2.54167169e-01, 8.86610568e-01,
            4.47267085e-01, 2.65028983e-01, 8.89492214e-01,
            5.63561618e-01, 2.67764211e-01, 9.34869945e-01 ]
    }
}
