{
    "pose_0": {
        "type_id": "opencv-matrix",
        "rows": 1,
        "cols": 18,
        "dt": "3f",
        "data": [ 5.19942045e-01, 2.75890499e-01, 9.52105463e-01,
            5.24502277e-01, 3.57700944e-01, 9.35138643e-01,
            4.08443183e-01, 3.57719123e-01, 8.81782353e-01,
            3.69233400e-01, 4.47823346e-01, 8.88505340e-01,
            3.49985361e-01, 5.32614172e-01, 8.59484494e-01,
            6.36118770e-01, 3.55041206e-01, 8.63020122e-01,
            6.89832091e-01, 4.36954051e-01, 8.12604427e-01,
            7.14193225e-01, 5.13335288e-01, 9.23964500e-01,
            4.47318792e-01, 5.54242909e-01, 7.55323708e-01,
            4.66494977e-01, 6.90834522e-01, 8.28570664e-01,
            4.71223891e-01, 8.10891926e-01, 7.84606934e-01,
            5.97680092e-01, 5.51580131e-01, 7.84549832e-01,
            5.92683971e-01, 6.90810859e-01, 8.18137228e-01,
            5.68561077e-01, 8.24517846e-01, 7.86747396e-01,
            4.90753710e-01, 2.67743587e-01, 9.13478673e-01,
            5.44106960e-01, 2.67704546e-01, 8.54337752e-01,
            4.66422886e-01, 2.73147792e-01, 8.63907456e-01,
            5.73192358e-01, 2.73145646e-01, 9.18479443e-01 ]
    }
}
