{
    "pose_0": {
        "type_id": "opencv-matrix",
        "rows": 1,
        "cols": 18,
        "dt": "3f",
        "data": [ 5.24604678e-01, 2.51528919e-01, 9.33817327e-01,
            5.29553711e-01, 3.33271623e-01, 9.20891702e-01,
            4.22836989e-01, 3.35878134e-01, 8.52919579e-01,
            3.93646479e-01, 4.26003635e-01, 7.81592906e-01,
            4.13089871e-01, 4.88730431e-01, 6.21017992e-01,
            6.41187310e-01, 3.27846229e-01, 8.70676279e-01,
            7.13855445e-01, 3.93312544e-01, 6.52395129e-01,
            6.99527800e-01, 3.79644245e-01, 8.66180301e-01,
            4.52044368e-01, 5.24337828e-01, 7.19879329e-01,
            4.81215715e-01, 6.47249222e-01, 8.66110921e-01,
            4.51958627e-01, 7.70018995e-01, 8.08714151e-01,
            6.02359176e-01, 5.32468319e-01, 7.91051269e-01,
            5.97499251e-01, 6.82585776e-01, 8.19731474e-01,
            5.68404377e-01, 8.19214702e-01, 7.28393674e-01,
            4.95663226e-01, 2.45842591e-01, 8.66385996e-01,
            5.53775370e-01, 2.43208990e-01, 8.76931369e-01,
            4.76072967e-01, 2.48722255e-01, 8.50961506e-01,
            5.92649877e-01, 2.48697266e-01, 9.70931172e-01 ]
    }
}
