{
    "pose_0": {
        "type_id": "opencv-matrix",
        "rows": 1,
        "cols": 18,
        "dt": "3f",
        "data": [ 5.05230546e-01, 2.70445317e-01, 9.10816431e-01,
            5.10179698e-01, 3.52352798e-01, 8.54581535e-01,
            4.03205723e-01, 3.55018079e-01, 8.73645306e-01,
            3.59644562e-01, 4.53378946e-01, 8.25522542e-01,
            3.35546196e-01, 5.37975252e-01, 8.38571668e-01,
            6.12177551e-01, 3.46859306e-01, 8.16423297e-01,
            6.80335701e-01, 4.23414379e-01, 8.10205340e-01,
            7.14243054e-01, 4.69741881e-01, 8.77999365e-01,
            4.42019105e-01, 5.51557243e-01, 7.28546202e-01,
            4.47277397e-01, 6.90886319e-01, 8.38991523e-01,
            4.61584181e-01, 8.32700968e-01, 7.84826636e-01,
            5.83010018e-01, 5.51570177e-01, 7.08880961e-01,
            5.68566382e-01, 6.90882266e-01, 7.82446921e-01,
            5.68401575e-01, 8.32741261e-01, 8.00360918e-01,
            4.81025308e-01, 2.54079044e-01, 9.60106909e-01,
            5.24878323e-01, 2.54110754e-01, 9.23214674e-01,
            4.46969688e-01, 2.67716318e-01, 9.67374086e-01,
            5.63415468e-01, 2.67785996e-01, 9.21568036e-01 ]
    }
}
