{
    "pose_0": {
        "type_id": "opencv-matrix",
        "rows": 1,
        "cols": 18,
        "dt": "3f",
        "data": [ 5.10231733e-01, 2.70533651e-01, 9.38680053e-01,
            4.90733802e-01, 3.49595845e-01, 8.84502709e-01,
            3.74270260e-01, 3.41407835e-01, 8.38081181e-01,
            2.18992934e-01, 3.44226778e-01, 7.97850370e-01,
            9.77950469e-02, 2.95180678e-01, 8.54203224e-01,
            6.02614045e-01, 3.57665539e-01, 8.90786171e-01,
            6.75425410e-01, 4.56052810e-01, 8.31905782e-01,
            7.52778590e-01, 5.07842183e-01, 7.62807012e-01,
            4.22870517e-01, 5.35351753e-01, 7.24009752e-01,
            4.32449162e-01, 6.79888606e-01, 7.54634261e-01,
            4.37294602e-01, 8.16280127e-01, 8.17204893e-01,
            5.63794613e-01, 5.40702939e-01, 7.26342201e-01,
            5.63785553e-01, 6.82546198e-01, 8.24813664e-01,
            5.73370159e-01, 8.10893655e-01, 7.87516117e-01,
            4.85711724e-01, 2.54153371e-01, 9.55001116e-01,
            5.29572725e-01, 2.56800234e-01, 8.72510195e-01,
            4.47259188e-01, 2.67684937e-01, 8.78349185e-01,
            5.63734055e-01, 2.67793804e-01, 9.26015198e-01 ]
    }
}
