{
    "pose_0": {
        "type_id": "opencv-matrix",
        "rows": 1,
        "cols": 18,
        "dt": "3f",
        "data": [ 4.81046408e-01, 2.62312382e-01, 9.15412664e-01,
            4.81247455e-01, 3.38813841e-01, 9.38762307e-01,
            3.69546264e-01, 3.41392666e-01, 8.66402626e-01,
            2.96496689e-01, 4.31537777e-01, 8.25638413e-01,
            2.38224775e-01, 4.94350195e-01, 8.22779238e-01,
            5.97342670e-01, 3.38734955e-01, 8.94283354e-01,
            7.18963027e-01, 4.01473284e-01, 9.10357237e-01,
            8.59602571e-01, 3.79751533e-01, 8.02936435e-01,
            4.08319443e-01, 5.29805124e-01, 7.43845224e-01,
            4.08411235e-01, 6.66298985e-01, 8.22585881e-01,
            4.17872816e-01, 8.10887694e-01, 7.80850232e-01,
            5.58556437e-01, 5.29806376e-01, 7.44487286e-01,
            5.58882236e-01, 6.68947756e-01, 8.40731204e-01,
            5.63529789e-01, 7.99962521e-01, 8.39896321e-01,
            4.51829612e-01, 2.48736396e-01, 9.58722472e-01,
            5.00488222e-01, 2.48725325e-01, 8.84213686e-01,
            4.22742873e-01, 2.54141867e-01, 8.46217275e-01,
            5.29657245e-01, 2.54182637e-01, 8.93663645e-01 ]
    }
}
