{
    "pose_0": {
        "type_id": "opencv-matrix",
        "rows": 1,
        "cols": 18,
        "dt": "3f",
        "data": [ 5.24578094e-01, 2.75986612e-01, 9.56080973e-01,
            5.24510920e-01, 3.57928514e-01, 9.44784522e-01,
            4.13040340e-01, 3.57866079e-01, 8.91301394e-01,
            3.49929273e-01, 4.34226483e-01, 8.00613880e-01,
            3.20697635e-01, 4.91606236e-01, 8.95903885e-01,
            6.31512046e-01, 3.60447913e-01, 8.86711717e-01,
            7.04270124e-01, 4.45057720e-01, 8.31951082e-01,
            7.57989228e-01, 4.88947928e-01, 8.83808255e-01,
            4.51903939e-01, 5.51550567e-01, 7.42792010e-01,
            4.51872289e-01, 6.85322106e-01, 8.32040846e-01,
            4.52007741e-01, 8.21861804e-01, 7.91922987e-01,
            5.97601652e-01, 5.51530719e-01, 7.73774564e-01,
            6.02303386e-01, 6.85441196e-01, 8.80305469e-01,
            6.02618992e-01, 8.19012344e-01, 8.49140167e-01,
            4.95703667e-01, 2.70345271e-01, 9.01290536e-01,
            5.53664386e-01, 2.70341545e-01, 8.95687461e-01,
            4.76070136e-01, 2.73253947e-01, 8.78576219e-01,
            5.78164458e-01, 2.75881678e-01, 8.69465351e-01 ]
    }
}
