{
    "pose_0": {
        "type_id": "opencv-matrix",
        "rows": 1,
        "cols": 18,
        "dt": "3f",
        "data": [ 5.10050476e-01, 2.70455152e-01, 9.25500870e-01,
            4.86140341e-01, 3.44192684e-01, 9.09454286e-01,
            3.74325424e-01, 3.38768482e-01, 8.58241916e-01,
            2.14171961e-01, 3.38810951e-01, 8.72421026e-01,
            9.25453454e-02, 2.94939250e-01, 8.55800331e-01,
            6.02419078e-01, 3.55019420e-01, 8.88633788e-01,
            6.75017715e-01, 4.50620264e-01, 8.74050379e-01,
            7.52827585e-01, 5.07939756e-01, 7.88253665e-01,
            4.17952478e-01, 5.32575011e-01, 7.33765483e-01,
            4.27642077e-01, 6.66334867e-01, 7.74331212e-01,
            4.37250495e-01, 8.13679993e-01, 7.89134502e-01,
            5.63556314e-01, 5.35235763e-01, 7.50085175e-01,
            5.63637137e-01, 6.66370034e-01, 8.41382325e-01,
            5.68600774e-01, 8.05479050e-01, 7.95690417e-01,
            4.81271595e-01, 2.54062325e-01, 9.75028038e-01,
            5.25008142e-01, 2.54176021e-01, 8.90377522e-01,
            4.47189510e-01, 2.65043437e-01, 8.98425043e-01,
            5.63503742e-01, 2.67783463e-01, 9.39201593e-01 ]
    }
}
