{
    "pose_0": {
        "type_id": "opencv-matrix",
        "rows": 1,
        "cols": 18,
        "dt": "3f",
        "data": [ 5.20004928e-01, 2.84082979e-01, 9.18002963e-01,
            5.24514914e-01, 3.55107635e-01, 9.31788325e-01,
            4.13186789e-01, 3.57684612e-01, 8.39255154e-01,
            3.59730601e-01, 4.23283488e-01, 8.18021953e-01,
            3.30566734e-01, 3.87901813e-01, 8.64969194e-01,
            6.31442666e-01, 3.52373958e-01, 8.61488283e-01,
            7.13887811e-01, 4.06928986e-01, 6.31793380e-01,
            7.23832667e-01, 3.79731089e-01, 8.50409567e-01,
            4.47312355e-01, 5.40713608e-01, 7.35565543e-01,
            4.47281837e-01, 6.85269296e-01, 8.42510164e-01,
            4.51877296e-01, 8.19183886e-01, 8.34369361e-01,
            5.97466767e-01, 5.43413877e-01, 7.53861964e-01,
            6.02183461e-01, 6.85243070e-01, 8.49935949e-01,
            6.02365673e-01, 8.16445351e-01, 8.56860995e-01,
            4.90876645e-01, 2.70580620e-01, 9.32621539e-01,
            5.44117808e-01, 2.70570248e-01, 8.81610572e-01,
            4.66558903e-01, 2.75989383e-01, 8.33017349e-01,
            5.68557322e-01, 2.76018023e-01, 8.85496259e-01 ]
    }
}
