{
    "pose_0": {
        "type_id": "opencv-matrix",
        "rows": 1,
        "cols": 18,
        "dt": "3f",
        "data": [ 4.86080706e-01, 2.62262791e-01, 9.06286240e-01,
            4.86187965e-01, 3.38813722e-01, 9.33269441e-01,
            3.93613577e-01, 3.35907668e-01, 8.35284889e-01,
            3.15883905e-01, 3.93268228e-01, 6.23963475e-01,
            3.06252718e-01, 3.74171704e-01, 8.15303206e-01,
            5.97508252e-01, 3.49591970e-01, 8.57085884e-01,
            6.21724069e-01, 4.47813451e-01, 7.56625116e-01,
            5.92695296e-01, 5.16178966e-01, 4.61265028e-01,
            4.08465803e-01, 5.35186708e-01, 7.55462468e-01,
            4.17971998e-01, 6.82633877e-01, 7.87179828e-01,
            4.66407180e-01, 8.32744300e-01, 7.19284892e-01,
            5.58897436e-01, 5.32595634e-01, 7.79076099e-01,
            5.44119239e-01, 6.60816908e-01, 7.86824822e-01,
            5.63666165e-01, 7.91762292e-01, 7.47361243e-01,
            4.66503680e-01, 2.48764142e-01, 9.11760211e-01,
            5.19708812e-01, 2.48702541e-01, 9.42412972e-01,
            4.37408447e-01, 2.62274474e-01, 8.83606136e-01,
            5.53921640e-01, 2.59552270e-01, 8.87741268e-01 ]
    }
}
