{
    "pose_0": {
        "type_id": "opencv-matrix",
        "rows": 1,
        "cols": 18,
        "dt": "3f",
        "data": [ 4.85704094e-01, 2.43176252e-01, 9.31966245e-01,
            4.81224924e-01, 3.22351009e-01, 8.93641293e-01,
            3.59587282e-01, 3.22307795e-01, 7.93149948e-01,
            2.09083602e-01, 3.63229841e-01, 8.04258585e-01,
            5.87067232e-02, 3.38823199e-01, 7.60803282e-01,
            6.02639496e-01, 3.22322190e-01, 8.07895362e-01,
            7.62507737e-01, 3.74219000e-01, 8.01343203e-01,
            8.88871074e-01, 3.57682884e-01, 7.57191658e-01,
            4.08478558e-01, 5.13352871e-01, 7.39189208e-01,
            4.13143605e-01, 6.47204459e-01, 7.84508944e-01,
            4.27575380e-01, 7.91843295e-01, 7.89758503e-01,
            5.58782041e-01, 5.13375461e-01, 7.26558685e-01,
            5.63511610e-01, 6.47243202e-01, 8.18243504e-01,
            5.68492830e-01, 7.89070666e-01, 8.02593231e-01,
            4.52117801e-01, 2.29423165e-01, 9.18120146e-01,
            5.10232568e-01, 2.26918161e-01, 8.99475634e-01,
            4.27735358e-01, 2.32366309e-01, 8.39555681e-01,
            5.39307952e-01, 2.32361481e-01, 8.41138244e-01 ]
    }
}
