{
    "pose_0": {
        "type_id": "opencv-matrix",
        "rows": 1,
        "cols": 18,
        "dt": "3f",
        "data": [ 5.10201991e-01, 2.70471096e-01, 9.31990266e-01,
            5.19686580e-01, 3.38757455e-01, 9.27005768e-01,
            4.13016409e-01, 3.38724285e-01, 8.71978998e-01,
            3.64348799e-01, 4.01489824e-01, 8.07257056e-01,
            3.35363269e-01, 3.71477276e-01, 8.34787607e-01,
            6.07319236e-01, 3.38764191e-01, 8.71132016e-01,
            6.70310318e-01, 4.01545793e-01, 7.36358881e-01,
            6.94578230e-01, 3.71443182e-01, 8.11300576e-01,
            4.42288965e-01, 5.21590054e-01, 7.41904140e-01,
            4.42346692e-01, 6.63543761e-01, 8.20150375e-01,
            4.47063178e-01, 8.13575506e-01, 8.12366247e-01,
            5.78122675e-01, 5.26998639e-01, 6.95847273e-01,
            5.87895930e-01, 6.63532794e-01, 7.98507452e-01,
            5.97468078e-01, 8.02758813e-01, 7.78256178e-01,
            4.85687912e-01, 2.54150748e-01, 9.58992362e-01,
            5.25003433e-01, 2.54186928e-01, 8.91302705e-01,
            4.47299898e-01, 2.67705828e-01, 9.11419749e-01,
            5.63563883e-01, 2.67768294e-01, 9.35156822e-01 ]
    }
}
