{
    "pose_0": {
        "type_id": "opencv-matrix",
        "rows": 1,
        "cols": 18,
        "dt": "3f",
        "data": [ 4.90672708e-01, 2.70422101e-01, 9.41562712e-01,
            4.85971242e-01, 3.46948862e-01, 9.16994452e-01,
            3.79029751e-01, 3.44199061e-01, 8.22692573e-01,
            2.47908399e-01, 4.01359856e-01, 8.34473073e-01,
            1.31325394e-01, 4.20572668e-01, 8.51360679e-01,
            5.97650886e-01, 3.52318227e-01, 8.81165564e-01,
            6.70421779e-01, 4.47945625e-01, 8.65926623e-01,
            7.52657294e-01, 4.97037828e-01, 8.08678329e-01,
            4.13142204e-01, 5.35306215e-01, 7.35019624e-01,
            4.17888552e-01, 6.69078827e-01, 7.80261695e-01,
            4.22849745e-01, 8.13588679e-01, 7.87715375e-01,
            5.58872938e-01, 5.35323381e-01, 7.45696366e-01,
            5.63518822e-01, 6.71688974e-01, 8.20555747e-01,
            5.63790977e-01, 8.08172107e-01, 8.07316780e-01,
            4.76123393e-01, 2.54067153e-01, 9.03186679e-01,
            5.19887388e-01, 2.54127949e-01, 9.32981372e-01,
            4.42283273e-01, 2.64988422e-01, 8.77690613e-01,
            5.53954482e-01, 2.67718762e-01, 8.90295982e-01 ]
    }
}
