{
    "pose_0": {
        "type_id": "opencv-matrix",
        "rows": 1,
        "cols": 18,
        "dt": "3f",
        "data": [ 4.85768229e-01, 2.67780632e-01, 9.74654198e-01,
            4.85666484e-01, 3.44186544e-01, 9.28309023e-01,
            3.74257922e-01, 3.44217837e-01, 8.46916556e-01,
            3.06214094e-01, 4.36955422e-01, 7.89217949e-01,
            2.47851387e-01, 4.97021765e-01, 8.44166994e-01,
            5.92661023e-01, 3.44143748e-01, 8.58977497e-01,
            6.74957037e-01, 4.28818136e-01, 8.77119899e-01,
            7.67463982e-01, 4.66896981e-01, 8.54700327e-01,
            4.08413202e-01, 5.32449961e-01, 7.44953990e-01,
            4.08414990e-01, 6.68941915e-01, 8.09571803e-01,
            4.13255066e-01, 8.13552678e-01, 7.86830306e-01,
            5.58502078e-01, 5.32531023e-01, 7.58770883e-01,
            5.58856308e-01, 6.68959260e-01, 8.37797821e-01,
            5.63588262e-01, 8.05488050e-01, 8.14738870e-01,
            4.56862628e-01, 2.51442194e-01, 9.03016329e-01,
            5.14883816e-01, 2.51456171e-01, 9.07162189e-01,
            4.37225610e-01, 2.59554595e-01, 8.37541223e-01,
            5.44055760e-01, 2.64961243e-01, 8.26420188e-01 ]
    }
}
