{
    "pose_0": {
        "type_id": "opencv-matrix",
        "rows": 1,
        "cols": 18,
        "dt": "3f",
        "data": [ 5.14896333e-01, 2.70578444e-01, 9.46114004e-01,
            5.15119910e-01, 3.52401257e-01, 8.84458780e-01,
            4.08123761e-01, 3.54992121e-01, 8.66114795e-01,
            3.30712527e-01, 4.39649373e-01, 8.20475459e-01,
            2.53139287e-01, 4.99755442e-01, 8.26490581e-01,
            6.12084210e-01, 3.49676251e-01, 8.22659075e-01,
            6.99468076e-01, 4.42483842e-01, 8.22298408e-01,
            7.91562319e-01, 4.94339138e-01, 8.79173040e-01,
            4.42276359e-01, 5.35249114e-01, 7.41760790e-01,
            4.42286372e-01, 6.68982267e-01, 8.26284528e-01,
            4.46990192e-01, 8.16302538e-01, 8.54292154e-01,
            5.78231573e-01, 5.35315096e-01, 7.13347197e-01,
            5.87834239e-01, 6.69058800e-01, 7.58558512e-01,
            5.97408473e-01, 8.10952604e-01, 7.99476862e-01,
            4.85724688e-01, 2.56823480e-01, 9.37906027e-01,
            5.29524505e-01, 2.56805331e-01, 8.89134765e-01,
            4.47326243e-01, 2.70342082e-01, 9.07083094e-01,
            5.63563526e-01, 2.70320654e-01, 9.20961559e-01 ]
    }
}
