{
    "pose_0": {
        "type_id": "opencv-matrix",
        "rows": 1,
        "cols": 18,
        "dt": "3f",
        "data": [ 5.19853413e-01, 2.70575613e-01, 9.94872928e-01,
            5.24855077e-01, 3.41393918e-01, 9.25334036e-01,
            4.27699298e-01, 3.46867651e-01, 8.18298280e-01,
            4.08471555e-01, 4.42470640e-01, 6.41624212e-01,
            4.47215438e-01, 5.05152225e-01, 2.34062940e-01,
            6.36207581e-01, 3.38599354e-01, 9.13682640e-01,
            7.28647172e-01, 4.01490003e-01, 7.23643661e-01,
            7.18827248e-01, 3.93350661e-01, 8.56880128e-01,
            4.51870680e-01, 5.29733479e-01, 7.71937013e-01,
            4.81201738e-01, 6.41793728e-01, 8.73721480e-01,
            4.66479003e-01, 7.59061337e-01, 7.79643238e-01,
            5.97705305e-01, 5.35270095e-01, 7.93872833e-01,
            5.97295046e-01, 6.87997043e-01, 8.58150661e-01,
            5.63702762e-01, 8.35498273e-01, 7.70933449e-01,
            4.86151457e-01, 2.54216760e-01, 9.09817100e-01,
            5.39342821e-01, 2.56790966e-01, 8.51875067e-01,
            4.56908405e-01, 2.67670870e-01, 7.79049039e-01,
            5.73272049e-01, 2.67651260e-01, 8.37709486e-01 ]
    }
}
