{
    "pose_0": {
        "type_id": "opencv-matrix",
        "rows": 1,
        "cols": 18,
        "dt": "3f",
        "data": [ 4.86007571e-01, 2.70421952e-01, 9.59357381e-01,
            4.85973686e-01, 3.46920580e-01, 9.12768841e-01,
            3.79205078e-01, 3.44163746e-01, 8.16037118e-01,
            2.62523323e-01, 4.12370116e-01, 7.67239094e-01,
            1.50881812e-01, 4.47816551e-01, 8.56246829e-01,
            5.97546458e-01, 3.49664837e-01, 8.74005735e-01,
            6.75334454e-01, 4.47932303e-01, 8.85959387e-01,
            7.57975757e-01, 4.94357198e-01, 8.12794685e-01,
            4.13135827e-01, 5.35268247e-01, 7.45514274e-01,
            4.13197100e-01, 6.69024527e-01, 7.86836922e-01,
            4.22871649e-01, 8.16237271e-01, 8.07059467e-01,
            5.58806777e-01, 5.37958384e-01, 7.63351321e-01,
            5.63489437e-01, 6.71755016e-01, 8.15194428e-01,
            5.63698173e-01, 8.10852885e-01, 8.28724742e-01,
            4.71239626e-01, 2.54072815e-01, 8.77260387e-01,
            5.19686997e-01, 2.54111528e-01, 9.20015514e-01,
            4.42041039e-01, 2.64969170e-01, 8.51387441e-01,
            5.53796291e-01, 2.67687589e-01, 8.76008272e-01 ]
    }
}
