{
    "pose_0": {
        "type_id": "opencv-matrix",
        "rows": 1,
        "cols": 18,
        "dt": "3f",
        "data": [ 5.10205388e-01, 2.70572037e-01, 9.31551695e-01,
            5.19610822e-01, 3.52406502e-01, 8.94055903e-01,
            4.08175349e-01, 3.52366239e-01, 8.61792326e-01,
            2.96555549e-01, 4.26166177e-01, 8.31471741e-01,
            1.89711273e-01, 4.64283764e-01, 8.26766133e-01,
            6.12098515e-01, 3.52386594e-01, 8.27961504e-01,
            6.89843714e-01, 4.45127726e-01, 8.47483158e-01,
            7.86849737e-01, 4.91667181e-01, 8.77811074e-01,
            4.42327440e-01, 5.35274446e-01, 7.46992528e-01,
            4.42271411e-01, 6.69041753e-01, 8.17490697e-01,
            4.46942985e-01, 8.16270113e-01, 8.50400150e-01,
            5.82923532e-01, 5.37946522e-01, 7.11405456e-01,
            5.87774336e-01, 6.71701372e-01, 7.56073952e-01,
            5.92751861e-01, 8.13574493e-01, 7.78425694e-01,
            4.81220245e-01, 2.56869763e-01, 9.38177466e-01,
            5.24939477e-01, 2.54197001e-01, 9.15727675e-01,
            4.47352141e-01, 2.70388395e-01, 8.76937389e-01,
            5.63526273e-01, 2.67719686e-01, 9.21637714e-01 ]
    }
}
