{
    "pose_0": {
        "type_id": "opencv-matrix",
        "rows": 1,
        "cols": 18,
        "dt": "3f",
        "data": [ 4.80962127e-01, 2.29509979e-01, 9.81269896e-01,
            4.81184661e-01, 3.14121813e-01, 9.46910024e-01,
            3.69510412e-01, 3.14060628e-01, 8.85205984e-01,
            2.81960398e-01, 4.01380420e-01, 8.33443522e-01,
            1.70505062e-01, 4.42381829e-01, 8.80507112e-01,
            5.92678428e-01, 3.14131230e-01, 8.79417300e-01,
            6.80171251e-01, 4.01460886e-01, 9.10381317e-01,
            7.86866307e-01, 4.42413688e-01, 8.64652693e-01,
            4.08311009e-01, 5.02439380e-01, 7.31883228e-01,
            4.08467114e-01, 6.41701758e-01, 8.22758675e-01,
            4.13137138e-01, 7.78195560e-01, 7.93065906e-01,
            5.58609664e-01, 5.02521336e-01, 7.40630627e-01,
            5.58864653e-01, 6.41762793e-01, 8.54728103e-01,
            5.63582301e-01, 7.75433719e-01, 8.50453556e-01,
            4.47269589e-01, 2.15945527e-01, 9.09464478e-01,
            5.00461519e-01, 2.18571484e-01, 8.26523185e-01,
            4.18041646e-01, 2.26814196e-01, 8.36863875e-01,
            5.29657900e-01, 2.26885155e-01, 9.00193989e-01 ]
    }
}
