{
    "pose_0": {
        "type_id": "opencv-matrix",
        "rows": 1,
        "cols": 18,
        "dt": "3f",
        "data": [ 4.90931451e-01, 2.70444900e-01, 9.30864930e-01,
            4.85851496e-01, 3.46918881e-01, 9.28381145e-01,
            3.69483888e-01, 3.44211102e-01, 8.41173053e-01,
            2.18839779e-01, 3.79556656e-01, 7.97154546e-01,
            9.25021693e-02, 3.76828283e-01, 7.59781361e-01,
            5.97701192e-01, 3.49669427e-01, 8.82049680e-01,
            6.70389891e-01, 4.47844803e-01, 8.56112480e-01,
            7.33476877e-01, 4.94395107e-01, 7.83799469e-01,
            4.13177729e-01, 5.35244465e-01, 7.39078045e-01,
            4.22778845e-01, 6.71731889e-01, 7.57564366e-01,
            4.27663743e-01, 8.13613653e-01, 7.79966950e-01,
            5.63396454e-01, 5.35278499e-01, 7.64933705e-01,
            5.63615799e-01, 6.74412370e-01, 8.23701084e-01,
            5.68470538e-01, 8.10852766e-01, 7.98157454e-01,
            4.80838418e-01, 2.54075229e-01, 9.31584299e-01,
            5.24533272e-01, 2.54154950e-01, 9.32103634e-01,
            4.46895510e-01, 2.65030682e-01, 8.89884770e-01,
            5.58671892e-01, 2.67739177e-01, 9.06511784e-01 ]
    }
}
