{
    "pose_0": {
        "type_id": "opencv-matrix",
        "rows": 1,
        "cols": 18,
        "dt": "3f",
        "data": [ 4.85722005e-01, 2.67733574e-01, 9.63340759e-01,
            4.81219798e-01, 3.44221532e-01, 9.19648945e-01,
            3.74178529e-01, 3.44212055e-01, 8.43504906e-01,
            3.11181426e-01, 4.36946183e-01, 7.95047462e-01,
            2.48044387e-01, 4.94322568e-01, 8.63105297e-01,
            5.92607975e-01, 3.44191521e-01, 8.46501291e-01,
            6.75010562e-01, 4.28871274e-01, 8.79555047e-01,
            7.77188897e-01, 4.66919929e-01, 8.56673658e-01,
            4.08407211e-01, 5.32571912e-01, 7.48596251e-01,
            4.08466458e-01, 6.68943882e-01, 8.10745239e-01,
            4.17891562e-01, 8.10905397e-01, 7.79591680e-01,
            5.58629215e-01, 5.35198152e-01, 7.67208755e-01,
            5.58906794e-01, 6.68963850e-01, 8.34013402e-01,
            5.63683689e-01, 8.02788317e-01, 8.13365936e-01,
            4.56790686e-01, 2.51410991e-01, 9.07039821e-01,
            5.14832079e-01, 2.51427561e-01, 8.97022247e-01,
            4.37177211e-01, 2.59577870e-01, 8.42295706e-01,
            5.39347172e-01, 2.64983386e-01, 8.37711453e-01 ]
    }
}
