{
    "pose_0": {
        "type_id": "opencv-matrix",
        "rows": 1,
        "cols": 18,
        "dt": "3f",
        "data": [ 5.10124505e-01, 2.73345947e-01, 9.16377187e-01,
            5.14890790e-01, 3.57780337e-01, 9.03989911e-01,
            4.03294861e-01, 3.57724816e-01, 9.01169300e-01,
            3.40290666e-01, 4.45183396e-01, 8.66860092e-01,
            3.25511903e-01, 5.32453537e-01, 9.14624453e-01,
            6.16888523e-01, 3.57762307e-01, 8.57783437e-01,
            6.79906726e-01, 4.47819114e-01, 8.86602104e-01,
            7.09034085e-01, 5.35289347e-01, 8.64060998e-01,
            4.42344815e-01, 5.51564157e-01, 7.53172994e-01,
            4.47310954e-01, 6.88001812e-01, 8.61985028e-01,
            4.66556728e-01, 8.16347957e-01, 8.11349869e-01,
            5.92530489e-01, 5.51616311e-01, 7.33177781e-01,
            5.68545103e-01, 6.88005805e-01, 8.28119457e-01,
            5.68504572e-01, 8.19205046e-01, 8.02960753e-01,
            4.81158137e-01, 2.67726094e-01, 9.59763408e-01,
            5.24885178e-01, 2.67655253e-01, 9.08675671e-01,
            4.47265148e-01, 2.73240745e-01, 9.30175602e-01,
            5.63468874e-01, 2.73172051e-01, 9.54664111e-01 ]
    }
}
