{
    "pose_0": {
        "type_id": "opencv-matrix",
        "rows": 1,
        "cols": 18,
        "dt": "3f",
        "data": [ 5.00528336e-01, 2.70473033e-01, 9.22451138e-01,
            4.85975772e-01, 3.44195276e-01, 9.18148458e-01,
            3.69611323e-01, 3.38808298e-01, 8.58841360e-01,
            2.13908970e-01, 3.52366239e-01, 8.27976227e-01,
            8.76756683e-02, 3.14059317e-01, 7.94613063e-01,
            6.02219760e-01, 3.54985237e-01, 8.79078150e-01,
            6.75175130e-01, 4.50678766e-01, 8.56710315e-01,
            7.52965093e-01, 5.10541856e-01, 7.96673179e-01,
            4.17939693e-01, 5.35249293e-01, 7.32072473e-01,
            4.22868222e-01, 6.71688378e-01, 7.53898323e-01,
            4.32534426e-01, 8.16255033e-01, 7.89092600e-01,
            5.63549578e-01, 5.37924290e-01, 7.43306160e-01,
            5.63669622e-01, 6.71725869e-01, 8.11147392e-01,
            5.68506241e-01, 8.08148146e-01, 7.93832183e-01,
            4.81102854e-01, 2.54076183e-01, 9.64903176e-01,
            5.24847209e-01, 2.54171938e-01, 9.20868039e-01,
            4.47043926e-01, 2.64962435e-01, 8.84760678e-01,
            5.58924913e-01, 2.67751217e-01, 9.12275910e-01 ]
    }
}
