{
    "pose_0": {
        "type_id": "opencv-matrix",
        "rows": 1,
        "cols": 18,
        "dt": "3f",
        "data": [ 5.24664044e-01, 2.73328036e-01, 9.49664414e-01,
            5.24960518e-01, 3.52378577e-01, 9.09331024e-01,
            4.27721947e-01, 3.55086178e-01, 8.39861572e-01,
            3.93692106e-01, 4.45200950e-01, 8.10274720e-01,
            4.08435166e-01, 5.05231380e-01, 6.41014755e-01,
            6.36453509e-01, 3.44247639e-01, 8.78654778e-01,
            7.13922977e-01, 4.01458740e-01, 8.41558218e-01,
            7.18892455e-01, 4.26082581e-01, 9.32008564e-01,
            4.56740528e-01, 5.32434106e-01, 7.57275343e-01,
            4.85709220e-01, 6.49876058e-01, 8.41838539e-01,
            4.80999351e-01, 7.56324470e-01, 8.44512045e-01,
            6.02315009e-01, 5.35298586e-01, 7.68651724e-01,
            5.97709239e-01, 6.85268342e-01, 8.69459331e-01,
            5.68587780e-01, 8.21824968e-01, 7.29817450e-01,
            5.00413358e-01, 2.67668754e-01, 8.62389088e-01,
            5.53732991e-01, 2.65065551e-01, 8.81145477e-01,
            4.76129472e-01, 2.70520389e-01, 8.69003356e-01,
            5.87784708e-01, 2.70547956e-01, 9.20285106e-01 ]
    }
}
