{
    "pose_0": {
        "type_id": "opencv-matrix",
        "rows": 1,
        "cols": 18,
        "dt": "3f",
        "data": [ 5.10063529e-01, 2.70321161e-01, 8.99294436e-01,
            5.14983892e-01, 3.49602938e-01, 8.65866601e-01,
            4.03260231e-01, 3.44226211e-01, 8.70418727e-01,
            3.20784628e-01, 4.23421711e-01, 8.07681680e-01,
            2.91677058e-01, 4.69742030e-01, 8.71867955e-01,
            6.21820509e-01, 3.49605560e-01, 8.12724352e-01,
            6.75180197e-01, 4.47899371e-01, 8.74265671e-01,
            6.85099602e-01, 5.35268784e-01, 8.66712213e-01,
            4.37334955e-01, 5.51561654e-01, 7.17774391e-01,
            4.47326630e-01, 6.90811038e-01, 8.02995503e-01,
            4.71220136e-01, 8.35486472e-01, 7.83491135e-01,
            5.87736368e-01, 5.51620901e-01, 7.06449986e-01,
            5.68473220e-01, 6.88143492e-01, 7.88899004e-01,
            5.63794017e-01, 8.27286005e-01, 7.79922605e-01,
            4.81083751e-01, 2.51466423e-01, 9.96028543e-01,
            5.24981916e-01, 2.51451880e-01, 9.18219566e-01,
            4.47082877e-01, 2.67687380e-01, 9.27514195e-01,
            5.63631356e-01, 2.65038192e-01, 8.93206775e-01 ]
    }
}
