{
    "pose_0": {
        "type_id": "opencv-matrix",
        "rows": 1,
        "cols": 18,
        "dt": "3f",
        "data": [ 4.81239408e-01, 2.32373655e-01, 9.33933079e-01,
            4.85780001e-01, 3.16892654e-01, 9.26368952e-01,
            3.64384443e-01, 3.16806674e-01, 8.32454503e-01,
            2.09181443e-01, 3.60550404e-01, 8.10096383e-01,
            5.40319644e-02, 3.52365464e-01, 7.75140882e-01,
            6.07256174e-01, 3.16971123e-01, 8.35458934e-01,
            7.57658184e-01, 3.76885861e-01, 8.37697029e-01,
            8.69395316e-01, 3.60466242e-01, 7.56262839e-01,
            4.08470482e-01, 5.10656536e-01, 7.42169619e-01,
            4.13049608e-01, 6.44504845e-01, 7.93578029e-01,
            4.22727972e-01, 7.89096177e-01, 7.83553898e-01,
            5.58805704e-01, 5.10720253e-01, 7.40250409e-01,
            5.63463807e-01, 6.44541681e-01, 8.29055071e-01,
            5.63725352e-01, 7.78209627e-01, 8.22975516e-01,
            4.52047229e-01, 2.26686016e-01, 9.23590541e-01,
            5.10088384e-01, 2.26666853e-01, 8.77822042e-01,
            4.27642614e-01, 2.29578450e-01, 8.75763416e-01,
            5.39207578e-01, 2.29614124e-01, 8.93371582e-01 ]
    }
}
