{
    "pose_0": {
        "type_id": "opencv-matrix",
        "rows": 1,
        "cols": 18,
        "dt": "3f",
        "data": [ 5.10172844e-01, 2.70532966e-01, 9.27943468e-01,
            5.15000880e-01, 3.52361798e-01, 8.79058480e-01,
            4.08052832e-01, 3.52343529e-01, 8.73765826e-01,
            3.30703795e-01, 4.31576431e-01, 8.41794193e-01,
            2.72290289e-01, 4.91686672e-01, 8.44917297e-01,
            6.07377112e-01, 3.49680960e-01, 8.34824443e-01,
            6.94615781e-01, 4.45032477e-01, 8.24930549e-01,
            7.81971037e-01, 4.94330913e-01, 8.29034567e-01,
            4.42285180e-01, 5.35236895e-01, 7.57539809e-01,
            4.42310333e-01, 6.71762466e-01, 8.03810298e-01,
            4.47022110e-01, 8.16305935e-01, 8.45941901e-01,
            5.82945645e-01, 5.35275817e-01, 7.15583861e-01,
            5.87898731e-01, 6.71678543e-01, 7.75719583e-01,
            5.97395360e-01, 8.10920238e-01, 7.98818529e-01,
            4.81215775e-01, 2.56792903e-01, 9.42725837e-01,
            5.24944901e-01, 2.54168421e-01, 9.19049799e-01,
            4.47230458e-01, 2.70330548e-01, 9.41715717e-01,
            5.63504994e-01, 2.67742276e-01, 9.40147281e-01 ]
    }
}
