{
    "pose_0": {
        "type_id": "opencv-matrix",
        "rows": 1,
        "cols": 18,
        "dt": "3f",
        "data": [ 5.00390053e-01, 2.70468950e-01, 9.23353910e-01,
            4.86013860e-01, 3.44203293e-01, 9.23605740e-01,
            3.74195725e-01, 3.38814437e-01, 8.64175439e-01,
            2.19004363e-01, 3.55103821e-01, 7.61043310e-01,
            1.02423377e-01, 3.30572039e-01, 7.48337686e-01,
            6.02248967e-01, 3.54999572e-01, 8.83930087e-01,
            6.75063729e-01, 4.53315914e-01, 8.36916864e-01,
            7.48096049e-01, 5.05221188e-01, 7.89654315e-01,
            4.17929262e-01, 5.35296738e-01, 7.26712227e-01,
            4.22800571e-01, 6.77118421e-01, 7.53480375e-01,
            4.32515472e-01, 8.16273749e-01, 7.90547252e-01,
            5.63574851e-01, 5.37950635e-01, 7.40178287e-01,
            5.63673615e-01, 6.74479663e-01, 8.04549754e-01,
            5.68438768e-01, 8.08221519e-01, 7.99192250e-01,
            4.81058866e-01, 2.54081160e-01, 9.59299207e-01,
            5.24746954e-01, 2.54185945e-01, 9.24193263e-01,
            4.47074503e-01, 2.64964461e-01, 8.88298333e-01,
            5.58844090e-01, 2.67767549e-01, 9.20357704e-01 ]
    }
}
