{
    "pose_0": {
        "type_id": "opencv-matrix",
        "rows": 1,
        "cols": 18,
        "dt": "3f",
        "data": [ 5.10158718e-01, 2.70313770e-01, 8.99603903e-01,
            5.14929593e-01, 3.38693678e-01, 9.17363942e-01,
            4.08047915e-01, 3.38768959e-01, 8.95474970e-01,
            3.16078454e-01, 3.96044105e-01, 5.68777442e-01,
            3.25661629e-01, 3.85099888e-01, 8.38265181e-01,
            6.07191145e-01, 3.38642180e-01, 9.09719169e-01,
            6.70326471e-01, 4.12380695e-01, 7.14325011e-01,
            6.99569345e-01, 3.79636705e-01, 8.39523196e-01,
            4.42280501e-01, 5.27085066e-01, 7.59504855e-01,
            4.42300737e-01, 6.63621783e-01, 8.42461467e-01,
            4.47037220e-01, 8.08214426e-01, 8.07804823e-01,
            5.78159273e-01, 5.32413244e-01, 7.30290771e-01,
            5.87775707e-01, 6.66213393e-01, 7.89962530e-01,
            5.97464681e-01, 8.02716136e-01, 8.05729270e-01,
            4.81221825e-01, 2.51479715e-01, 9.98241782e-01,
            5.24970412e-01, 2.51490146e-01, 9.15020168e-01,
            4.47211176e-01, 2.65051812e-01, 9.33160722e-01,
            5.63469589e-01, 2.64997900e-01, 8.95622492e-01 ]
    }
}
