{
    "pose_0": {
        "type_id": "opencv-matrix",
        "rows": 1,
        "cols": 18,
        "dt": "3f",
        "data": [ 4.80867535e-01, 2.29493290e-01, 9.78192866e-01,
            4.81025696e-01, 3.14084768e-01, 9.34561729e-01,
            3.64723951e-01, 3.14053744e-01, 8.89198065e-01,
            2.38285020e-01, 3.87870312e-01, 7.76921809e-01,
            1.21712372e-01, 4.09701973e-01, 7.68846631e-01,
            5.97307742e-01, 3.14097285e-01, 8.67813468e-01,
            7.14075685e-01, 3.90539736e-01, 8.60691607e-01,
            8.30719471e-01, 4.12452579e-01, 8.15506041e-01,
            4.08271641e-01, 5.05189419e-01, 7.30184376e-01,
            4.08454806e-01, 6.41586542e-01, 8.37022960e-01,
            4.13164675e-01, 7.80954778e-01, 7.94973195e-01,
            5.58650672e-01, 5.05234122e-01, 7.26789594e-01,
            5.58870256e-01, 6.41682923e-01, 8.57047558e-01,
            5.63477159e-01, 7.75434971e-01, 8.51495743e-01,
            4.47178364e-01, 2.15864763e-01, 9.09928620e-01,
            4.95639652e-01, 2.15888128e-01, 8.34462464e-01,
            4.13209796e-01, 2.24111483e-01, 8.81192863e-01,
            5.29574752e-01, 2.26702809e-01, 9.00658369e-01 ]
    }
}
