{
    "pose_0": {
        "type_id": "opencv-matrix",
        "rows": 1,
        "cols": 18,
        "dt": "3f",
        "data": [ 5.05372643e-01, 2.70470470e-01, 9.26320255e-01,
            4.90654171e-01, 3.44207495e-01, 8.99932384e-01,
            3.74290287e-01, 3.38788271e-01, 8.49251807e-01,
            2.13884920e-01, 3.41553181e-01, 8.21406305e-01,
            9.25350115e-02, 3.03261191e-01, 8.08398068e-01,
            6.02395415e-01, 3.55033904e-01, 8.83786917e-01,
            6.75043344e-01, 4.50647473e-01, 8.73242438e-01,
            7.52961040e-01, 5.10575891e-01, 8.04801106e-01,
            4.17996258e-01, 5.32586753e-01, 7.29801238e-01,
            4.27552700e-01, 6.66368902e-01, 7.68034220e-01,
            4.37201172e-01, 8.16261888e-01, 7.95962811e-01,
            5.63549042e-01, 5.35238087e-01, 7.55509377e-01,
            5.63614428e-01, 6.66393459e-01, 8.40502262e-01,
            5.68560719e-01, 8.05430949e-01, 8.06664228e-01,
            4.81247455e-01, 2.54104793e-01, 9.71485794e-01,
            5.24940431e-01, 2.54180342e-01, 9.06416774e-01,
            4.47210968e-01, 2.67676592e-01, 8.94012690e-01,
            5.63423395e-01, 2.67760783e-01, 9.28040326e-01 ]
    }
}
