{
    "pose_0": {
        "type_id": "opencv-matrix",
        "rows": 1,
        "cols": 18,
        "dt": "3f",
        "data": [ 5.24517119e-01, 2.70362198e-01, 9.75893617e-01,
            5.24842083e-01, 3.46855521e-01, 9.10323143e-01,
            4.17853922e-01, 3.46916944e-01, 8.22456121e-01,
            3.64489049e-01, 4.47924405e-01, 8.62608194e-01,
            3.30470532e-01, 5.35287261e-01, 8.94695401e-01,
            6.36536837e-01, 3.41517806e-01, 8.96323025e-01,
            7.09092200e-01, 4.25977409e-01, 8.14203322e-01,
            7.19016671e-01, 4.69658077e-01, 7.74886310e-01,
            4.47280347e-01, 5.37965000e-01, 7.57358611e-01,
            4.76106465e-01, 6.74465120e-01, 7.86786616e-01,
            4.56794888e-01, 8.00044894e-01, 8.13655853e-01,
            5.97700179e-01, 5.43458104e-01, 7.54028618e-01,
            5.73224306e-01, 6.85404897e-01, 8.32913458e-01,
            5.63684642e-01, 8.29973757e-01, 7.83833027e-01,
            4.90913451e-01, 2.51488835e-01, 9.09592032e-01,
            5.49057424e-01, 2.51467198e-01, 8.91439259e-01,
            4.71294701e-01, 2.62325168e-01, 8.03714871e-01,
            5.83050847e-01, 2.62278497e-01, 8.13296556e-01 ]
    }
}
