{
    "pose_0": {
        "type_id": "opencv-matrix",
        "rows": 1,
        "cols": 18,
        "dt": "3f",
        "data": [ 5.19654453e-01, 2.73100138e-01, 9.68793035e-01,
            5.19670546e-01, 3.55073094e-01, 9.11729217e-01,
            4.08163249e-01, 3.55131894e-01, 8.77196550e-01,
            3.25660527e-01, 4.04128820e-01, 8.48073423e-01,
            2.91570485e-01, 4.26160812e-01, 8.67612004e-01,
            6.21830821e-01, 3.55006188e-01, 8.14846992e-01,
            7.04372764e-01, 4.17825073e-01, 7.14567959e-01,
            7.43130088e-01, 4.26163673e-01, 8.53622496e-01,
            4.46886390e-01, 5.37997842e-01, 7.42562175e-01,
            4.46945846e-01, 6.79837942e-01, 8.14541936e-01,
            4.47233021e-01, 8.19105268e-01, 8.38608325e-01,
            5.92626154e-01, 5.40657580e-01, 7.26377785e-01,
            5.97329974e-01, 6.79913819e-01, 7.92891145e-01,
            5.97656071e-01, 8.16260755e-01, 8.20656180e-01,
            4.86021250e-01, 2.56889552e-01, 9.19516563e-01,
            5.34432590e-01, 2.59582400e-01, 8.44845533e-01,
            4.51993406e-01, 2.70369500e-01, 9.18451071e-01,
            5.63814640e-01, 2.70509154e-01, 9.31048036e-01 ]
    }
}
