{
    "pose_0": {
        "type_id": "opencv-matrix",
        "rows": 1,
        "cols": 18,
        "dt": "3f",
        "data": [ 5.14891446e-01, 2.70581722e-01, 9.44072723e-01,
            5.19594431e-01, 3.54983091e-01, 8.85060668e-01,
            4.08111453e-01, 3.52409154e-01, 8.62872541e-01,
            3.25837523e-01, 4.39740419e-01, 8.30069304e-01,
            2.47777656e-01, 4.94398773e-01, 8.54535401e-01,
            6.12133145e-01, 3.52356255e-01, 8.20475757e-01,
            7.04247355e-01, 4.45119888e-01, 8.35251212e-01,
            7.91710556e-01, 4.94255453e-01, 8.77895296e-01,
            4.42284852e-01, 5.35330832e-01, 7.40811825e-01,
            4.42293912e-01, 6.68995261e-01, 8.20138454e-01,
            4.46947098e-01, 8.16273630e-01, 8.50903213e-01,
            5.82908690e-01, 5.37950039e-01, 7.10640311e-01,
            5.87855935e-01, 6.71674967e-01, 7.58620858e-01,
            5.97352445e-01, 8.10885489e-01, 7.90291071e-01,
            4.85724449e-01, 2.56830543e-01, 9.36836362e-01,
            5.29517889e-01, 2.56807178e-01, 8.86565804e-01,
            4.51826423e-01, 2.70341247e-01, 8.87142122e-01,
            5.63592732e-01, 2.70320892e-01, 9.22287047e-01 ]
    }
}
