{
    "pose_0": {
        "type_id": "opencv-matrix",
        "rows": 1,
        "cols": 18,
        "dt": "3f",
        "data": [ 4.81213719e-01, 2.32375398e-01, 9.36858118e-01,
            4.85705912e-01, 3.16916049e-01, 9.24176693e-01,
            3.64324749e-01, 3.16863418e-01, 8.24936390e-01,
            2.09089771e-01, 3.63310933e-01, 7.93887973e-01,
            5.40857725e-02, 3.57681334e-01, 7.48703122e-01,
            6.07178807e-01, 3.16960156e-01, 8.44248891e-01,
            7.53076017e-01, 3.76958102e-01, 8.44737351e-01,
            8.74060154e-01, 3.71454269e-01, 7.67757416e-01,
            4.08400983e-01, 5.10673702e-01, 7.44275570e-01,
            4.13006306e-01, 6.44492149e-01, 8.03606451e-01,
            4.18022513e-01, 7.86382973e-01, 7.68816888e-01,
            5.58750868e-01, 5.10740340e-01, 7.38279700e-01,
            5.63445568e-01, 6.47105813e-01, 8.28361690e-01,
            5.63617051e-01, 7.78143346e-01, 8.34671140e-01,
            4.51978505e-01, 2.26655886e-01, 9.22881663e-01,
            5.10082960e-01, 2.24130392e-01, 8.74579489e-01,
            4.22869295e-01, 2.29481757e-01, 8.52470934e-01,
            5.39263725e-01, 2.29553789e-01, 8.87676895e-01 ]
    }
}
