{
    "pose_0": {
        "type_id": "opencv-matrix",
        "rows": 1,
        "cols": 18,
        "dt": "3f",
        "data": [ 4.81054723e-01, 2.59541839e-01, 9.19109821e-01,
            5.00409424e-01, 3.38749290e-01, 8.72587919e-01,
            3.69596004e-01, 3.38807374e-01, 8.66631091e-01,
            3.11165661e-01, 4.34223443e-01, 7.77502060e-01,
            2.48075098e-01, 4.97004032e-01, 8.55430007e-01,
            6.31578684e-01, 3.38729411e-01, 8.08460832e-01,
            7.62652695e-01, 3.55132431e-01, 7.92006373e-01,
            8.74192417e-01, 3.11340392e-01, 7.29895413e-01,
            4.08365816e-01, 5.32472193e-01, 7.59305477e-01,
            4.08394545e-01, 6.66238725e-01, 8.27479601e-01,
            4.17878538e-01, 7.99968362e-01, 7.86784470e-01,
            5.58763623e-01, 5.32508135e-01, 7.76809454e-01,
            5.58920205e-01, 6.66294277e-01, 8.56344819e-01,
            5.63708246e-01, 7.97248304e-01, 8.50249648e-01,
            4.51823533e-01, 2.48624340e-01, 9.64704812e-01,
            5.00533998e-01, 2.48588592e-01, 8.86654079e-01,
            4.22776937e-01, 2.51503497e-01, 8.62780333e-01,
            5.34466386e-01, 2.51477271e-01, 9.15272772e-01 ]
    }
}
