{
    "pose_0": {
        "type_id": "opencv-matrix",
        "rows": 1,
        "cols": 18,
        "dt": "3f",
        "data": [ 4.81059313e-01, 2.54205108e-01, 9.34709251e-01,
            4.80882525e-01, 3.38615000e-01, 9.38006759e-01,
            3.64668012e-01, 3.35865349e-01, 8.66787910e-01,
            2.86839813e-01, 3.82482439e-01, 6.79209471e-01,
            2.91852683e-01, 4.04191345e-01, 7.66108751e-01,
            5.87919652e-01, 3.38816315e-01, 8.71334732e-01,
            6.31358027e-01, 4.31474745e-01, 7.90548205e-01,
            6.26707196e-01, 5.10694623e-01, 8.00064921e-01,
            4.08099741e-01, 5.35247386e-01, 7.81679988e-01,
            4.22832459e-01, 6.85401380e-01, 7.97463357e-01,
            4.52067345e-01, 8.35492373e-01, 7.69717455e-01,
            5.58585525e-01, 5.32543719e-01, 7.77660370e-01,
            5.39355516e-01, 6.66269720e-01, 8.53867829e-01,
            5.73308945e-01, 7.83658385e-01, 7.07088232e-01,
            4.51816261e-01, 2.48553470e-01, 9.50444341e-01,
            5.05245566e-01, 2.48537123e-01, 8.72693062e-01,
            4.17926490e-01, 2.54086226e-01, 8.93897176e-01,
            5.29709458e-01, 2.54092813e-01, 9.03061152e-01 ]
    }
}
