{
    "pose_0": {
        "type_id": "opencv-matrix",
        "rows": 1,
        "cols": 18,
        "dt": "3f",
        "data": [ 4.85757709e-01, 2.48487636e-01, 9.75043654e-01,
            4.85754550e-01, 3.25092822e-01, 8.90955448e-01,
            3.64348769e-01, 3.25034022e-01, 8.05315733e-01,
            2.14119598e-01, 3.66033554e-01, 7.90215731e-01,
            6.84791356e-02, 3.57809424e-01, 7.75961161e-01,
            6.07331038e-01, 3.25046003e-01, 8.00912261e-01,
            7.57902324e-01, 3.79653275e-01, 8.60799909e-01,
            8.84013832e-01, 3.63229454e-01, 7.46035993e-01,
            4.08442944e-01, 5.16114175e-01, 7.32973874e-01,
            4.13141936e-01, 6.52630687e-01, 7.69050837e-01,
            4.32425559e-01, 7.94550598e-01, 8.34619880e-01,
            5.63361883e-01, 5.16182899e-01, 7.43717909e-01,
            5.63586712e-01, 6.55352592e-01, 8.13059568e-01,
            5.68424344e-01, 7.89071739e-01, 8.17822814e-01,
            4.56784844e-01, 2.29574502e-01, 8.99033964e-01,
            5.14901280e-01, 2.29591966e-01, 9.07270968e-01,
            4.27720070e-01, 2.32377574e-01, 8.33212852e-01,
            5.44176698e-01, 2.35065043e-01, 8.03936183e-01 ]
    }
}
