{
    "pose_0": {
        "type_id": "opencv-matrix",
        "rows": 1,
        "cols": 18,
        "dt": "3f",
        "data": [ 5.05354881e-01, 2.67747998e-01, 8.96727145e-01,
            5.14959157e-01, 3.38833362e-01, 9.07197773e-01,
            4.03361410e-01, 3.41516733e-01, 8.61445487e-01,
            2.91668802e-01, 3.87798280e-01, 8.06725621e-01,
            2.96487778e-01, 4.04227227e-01, 8.74343038e-01,
            6.17046535e-01, 3.38765949e-01, 8.52479339e-01,
            7.18832135e-01, 3.96015346e-01, 7.35878348e-01,
            7.13842571e-01, 4.12419915e-01, 8.02907228e-01,
            4.42103028e-01, 5.32506108e-01, 7.58252084e-01,
            4.42303449e-01, 6.66299045e-01, 8.42714608e-01,
            4.47108597e-01, 8.10921669e-01, 8.05510521e-01,
            5.78136325e-01, 5.32503307e-01, 7.22015560e-01,
            5.87737918e-01, 6.66321099e-01, 7.86144495e-01,
            5.97419143e-01, 8.02756011e-01, 7.97683179e-01,
            4.81129229e-01, 2.51416653e-01, 1.01816702e+00,
            5.24842978e-01, 2.51413822e-01, 9.46009338e-01,
            4.47161853e-01, 2.64959842e-01, 9.31653082e-01,
            5.63370645e-01, 2.62308151e-01, 8.93106341e-01 ]
    }
}
