{
    "pose_0": {
        "type_id": "opencv-matrix",
        "rows": 1,
        "cols": 18,
        "dt": "3f",
        "data": [ 5.20022869e-01, 2.70368963e-01, 9.75360036e-01,
            5.24716914e-01, 3.46936196e-01, 9.05342758e-01,
            4.13078874e-01, 3.49586010e-01, 8.27323198e-01,
            3.64450961e-01, 4.45141226e-01, 8.66094887e-01,
            3.25526029e-01, 5.32393754e-01, 8.86636972e-01,
            6.36458755e-01, 3.44191909e-01, 8.78165483e-01,
            7.09071517e-01, 4.26153809e-01, 8.08376968e-01,
            7.18936324e-01, 4.88723308e-01, 8.39660287e-01,
            4.47194517e-01, 5.40666521e-01, 7.41396368e-01,
            4.66461450e-01, 6.85273767e-01, 7.85481453e-01,
            4.56745714e-01, 8.16390693e-01, 8.27392697e-01,
            5.97568095e-01, 5.43462992e-01, 7.34511435e-01,
            5.73283553e-01, 6.87999368e-01, 8.10275972e-01,
            5.63647687e-01, 8.27331245e-01, 7.85322309e-01,
            4.90741372e-01, 2.51479179e-01, 9.24688101e-01,
            5.48931777e-01, 2.51453400e-01, 8.81914020e-01,
            4.66405958e-01, 2.62325794e-01, 7.88103998e-01,
            5.78196406e-01, 2.62243688e-01, 7.92439699e-01 ]
    }
}
