{
    "pose_0": {
        "type_id": "opencv-matrix",
        "rows": 1,
        "cols": 18,
        "dt": "3f",
        "data": [ 5.14913440e-01, 2.70561099e-01, 9.63307738e-01,
            4.95580971e-01, 3.52301121e-01, 8.65613937e-01,
            3.83908540e-01, 3.44135791e-01, 8.19765508e-01,
            2.38272116e-01, 3.60441297e-01, 8.13457549e-01,
            9.75683182e-02, 3.25093448e-01, 7.89953828e-01,
            6.07208192e-01, 3.57713461e-01, 8.87357354e-01,
            6.79915369e-01, 4.53372031e-01, 8.73071313e-01,
            7.57868111e-01, 5.07957220e-01, 8.41622710e-01,
            4.27654445e-01, 5.35321772e-01, 7.12845623e-01,
            4.37315673e-01, 6.77178919e-01, 7.77170360e-01,
            4.37366724e-01, 8.16302419e-01, 8.09561729e-01,
            5.68433225e-01, 5.40745318e-01, 7.13338375e-01,
            5.68500936e-01, 6.79909825e-01, 8.02628219e-01,
            5.82961857e-01, 8.13606441e-01, 7.79533625e-01,
            4.85785365e-01, 2.54174381e-01, 9.52752113e-01,
            5.29668450e-01, 2.56826550e-01, 8.62922549e-01,
            4.47330952e-01, 2.67697871e-01, 8.82619083e-01,
            5.63761115e-01, 2.67794430e-01, 9.11536455e-01 ]
    }
}
