{
    "pose_0": {
        "type_id": "opencv-matrix",
        "rows": 1,
        "cols": 18,
        "dt": "3f",
        "data": [ 5.10090470e-01, 2.70565063e-01, 9.18066800e-01,
            5.14883578e-01, 3.52409869e-01, 8.72019291e-01,
            4.03528899e-01, 3.52373123e-01, 8.66184354e-01,
            2.86808521e-01, 4.20531422e-01, 8.01724553e-01,
            1.75139591e-01, 4.45090622e-01, 8.87545347e-01,
            6.07306063e-01, 3.54996651e-01, 8.50017071e-01,
            6.84842288e-01, 4.47831988e-01, 8.81938636e-01,
            7.77135074e-01, 4.99709010e-01, 8.08054090e-01,
            4.42081779e-01, 5.35337687e-01, 7.39282787e-01,
            4.42116290e-01, 6.74475908e-01, 7.95823395e-01,
            4.42294061e-01, 8.16292048e-01, 8.44314694e-01,
            5.78100801e-01, 5.38045228e-01, 6.98560536e-01,
            5.78130126e-01, 6.74462318e-01, 7.64898419e-01,
            5.87879360e-01, 8.13597560e-01, 7.78716683e-01,
            4.81208354e-01, 2.56881684e-01, 9.34499085e-01,
            5.24868011e-01, 2.56816000e-01, 9.08751726e-01,
            4.47334588e-01, 2.70415008e-01, 9.09295559e-01,
            5.63389063e-01, 2.70345658e-01, 9.46737170e-01 ]
    }
}
