{
    "pose_0": {
        "type_id": "opencv-matrix",
        "rows": 1,
        "cols": 18,
        "dt": "3f",
        "data": [ 5.19819677e-01, 2.84075707e-01, 8.99354696e-01,
            5.20029008e-01, 3.55132431e-01, 9.31282222e-01,
            4.08447117e-01, 3.57742697e-01, 8.48346710e-01,
            3.25586587e-01, 4.17869091e-01, 4.87038374e-01,
            3.25749755e-01, 3.96076232e-01, 8.14522207e-01,
            6.31395042e-01, 3.52400750e-01, 8.49850416e-01,
            7.09143400e-01, 4.20622170e-01, 6.81180775e-01,
            7.23942041e-01, 3.90576661e-01, 8.13139558e-01,
            4.47208911e-01, 5.43417573e-01, 7.30256319e-01,
            4.47181135e-01, 6.82576299e-01, 8.22127521e-01,
            4.47243661e-01, 8.24567795e-01, 7.99701810e-01,
            5.97386658e-01, 5.43425322e-01, 7.48327255e-01,
            5.97680986e-01, 6.85309350e-01, 8.56351614e-01,
            5.97774148e-01, 8.19110930e-01, 8.27247024e-01,
            4.86196339e-01, 2.70565718e-01, 9.55464005e-01,
            5.34568846e-01, 2.70565987e-01, 8.79664421e-01,
            4.56906468e-01, 2.76005328e-01, 8.51676762e-01,
            5.68390131e-01, 2.76006669e-01, 9.03156877e-01 ]
    }
}
