{
    "pose_0": {
        "type_id": "opencv-matrix",
        "rows": 1,
        "cols": 18,
        "dt": "3f",
        "data": [ 4.85707819e-01, 2.54106402e-01, 9.51100767e-01,
            4.85903829e-01, 3.35944593e-01, 9.60906804e-01,
            3.74438822e-01, 3.35858345e-01, 8.58533025e-01,
            2.91770369e-01, 4.23351586e-01, 8.79414320e-01,
            2.04405978e-01, 4.67045397e-01, 8.83742809e-01,
            5.97478747e-01, 3.35969925e-01, 9.00626898e-01,
            6.99446082e-01, 4.26010996e-01, 8.76820683e-01,
            7.96561301e-01, 4.64248717e-01, 9.05305982e-01,
            4.13085788e-01, 5.21609187e-01, 7.17614949e-01,
            4.13175195e-01, 6.63397670e-01, 8.11685264e-01,
            4.22889292e-01, 7.99997330e-01, 7.80183136e-01,
            5.58863997e-01, 5.26993155e-01, 7.54130065e-01,
            5.63522816e-01, 6.63438261e-01, 8.62614751e-01,
            5.68522692e-01, 7.97176838e-01, 8.35225701e-01,
            4.56784070e-01, 2.45918825e-01, 8.89845610e-01,
            5.10147333e-01, 2.45883361e-01, 8.74004960e-01,
            4.32485461e-01, 2.48683989e-01, 8.68098140e-01,
            5.39326906e-01, 2.48733446e-01, 8.79991651e-01 ]
    }
}
