{
    "pose_0": {
        "type_id": "opencv-matrix",
        "rows": 1,
        "cols": 18,
        "dt": "3f",
        "data": [ 4.81217057e-01, 2.70337403e-01, 9.67642605e-01,
            4.81263727e-01, 3.46937060e-01, 9.11423802e-01,
            3.69430721e-01, 3.41553956e-01, 8.73041570e-01,
            2.86992133e-01, 4.20634419e-01, 7.62725711e-01,
            2.77105182e-01, 4.56089407e-01, 6.82401836e-01,
            5.97434580e-01, 3.49635959e-01, 8.61613750e-01,
            6.41268432e-01, 4.45201457e-01, 8.69265616e-01,
            6.55887425e-01, 5.32424331e-01, 8.10558558e-01,
            4.08265680e-01, 5.40706515e-01, 7.48291194e-01,
            4.37185645e-01, 6.88212276e-01, 7.91931808e-01,
            4.61703688e-01, 8.35390985e-01, 7.56420851e-01,
            5.58706343e-01, 5.37975430e-01, 7.67021239e-01,
            5.53870618e-01, 6.79877400e-01, 8.30825686e-01,
            5.68560719e-01, 7.97215998e-01, 7.94046164e-01,
            4.51857507e-01, 2.51472950e-01, 9.35610175e-01,
            5.10112464e-01, 2.51413465e-01, 8.81517351e-01,
            4.22803611e-01, 2.65024692e-01, 8.24337840e-01,
            5.39300501e-01, 2.59580225e-01, 7.99212158e-01 ]
    }
}
