{
    "pose_0": {
        "type_id": "opencv-matrix",
        "rows": 1,
        "cols": 18,
        "dt": "3f",
        "data": [ 4.95729417e-01, 2.78681338e-01, 8.75118375e-01,
            5.00501394e-01, 3.57902110e-01, 8.89881670e-01,
            4.03149307e-01, 3.57855856e-01, 8.92467618e-01,
            3.35344732e-01, 4.47829455e-01, 8.82404685e-01,
            3.25690418e-01, 5.29688179e-01, 9.06449318e-01,
            6.02526963e-01, 3.57900888e-01, 9.06277895e-01,
            6.65485561e-01, 4.47826713e-01, 8.68915915e-01,
            6.75275087e-01, 5.32433391e-01, 9.28372979e-01,
            4.27600026e-01, 5.46147346e-01, 7.06774533e-01,
            4.42231119e-01, 6.82663798e-01, 8.35475624e-01,
            4.52052236e-01, 8.19126070e-01, 8.16438496e-01,
            5.68402767e-01, 5.46116531e-01, 7.33476281e-01,
            5.92597544e-01, 6.77183867e-01, 7.80424297e-01,
            6.02523685e-01, 8.16375434e-01, 8.51857066e-01,
            4.80958343e-01, 2.70425707e-01, 9.74998355e-01,
            5.24597645e-01, 2.70443529e-01, 9.72906053e-01,
            4.46983904e-01, 2.73350567e-01, 9.27396595e-01,
            5.58719337e-01, 2.75959730e-01, 9.12503123e-01 ]
    }
}
