{
    "pose_0": {
        "type_id": "opencv-matrix",
        "rows": 1,
        "cols": 18,
        "dt": "3f",
        "data": [ 5.10203660e-01, 2.70569146e-01, 9.32013571e-01,
            5.19606769e-01, 3.52365971e-01, 8.93117309e-01,
            4.08231676e-01, 3.49640518e-01, 8.64827335e-01,
            3.01511288e-01, 4.20630753e-01, 7.81129420e-01,
            1.99465588e-01, 4.50674772e-01, 8.39575946e-01,
            6.12041950e-01, 3.52408022e-01, 8.32643032e-01,
            6.85072303e-01, 4.45197940e-01, 8.64483118e-01,
            7.86702693e-01, 4.91628110e-01, 8.42199564e-01,
            4.42291111e-01, 5.35238743e-01, 7.57123113e-01,
            4.42254066e-01, 6.69070482e-01, 8.09042573e-01,
            4.46900636e-01, 8.16288710e-01, 8.52746487e-01,
            5.82905233e-01, 5.35340428e-01, 7.21039653e-01,
            5.83057404e-01, 6.71736062e-01, 7.51002252e-01,
            5.92751384e-01, 8.13615441e-01, 7.76932895e-01,
            4.81180519e-01, 2.56866664e-01, 9.36751902e-01,
            5.24947226e-01, 2.54186332e-01, 9.17104244e-01,
            4.47249562e-01, 2.70411760e-01, 9.12625730e-01,
            5.63528597e-01, 2.67737329e-01, 9.23296213e-01 ]
    }
}
