{
    "pose_0": {
        "type_id": "opencv-matrix",
        "rows": 1,
        "cols": 18,
        "dt": "3f",
        "data": [ 4.85879093e-01, 2.54159898e-01, 9.64074373e-01,
            4.85692143e-01, 3.35982621e-01, 9.70985532e-01,
            3.88770729e-01, 3.27764004e-01, 7.76654959e-01,
            3.01386923e-01, 3.55010539e-01, 7.35169351e-01,
            3.06236297e-01, 3.66039574e-01, 8.61039937e-01,
            5.78229010e-01, 3.38820100e-01, 8.52417529e-01,
            6.02197826e-01, 4.31491911e-01, 7.21929312e-01,
            5.63674748e-01, 4.91651773e-01, 4.86413896e-01,
            4.08273041e-01, 5.32559872e-01, 7.88266540e-01,
            4.42104220e-01, 6.85343981e-01, 7.75583863e-01,
            4.56855386e-01, 8.38190615e-01, 7.84723759e-01,
            5.53741515e-01, 5.21608829e-01, 7.57897437e-01,
            5.19745588e-01, 6.17033839e-01, 8.07010889e-01,
            5.58629572e-01, 7.31819987e-01, 7.64253974e-01,
            4.61634636e-01, 2.48492792e-01, 8.96862209e-01,
            5.15053868e-01, 2.48576418e-01, 9.25133228e-01,
            4.32536513e-01, 2.51502126e-01, 8.98427188e-01,
            5.48890710e-01, 2.56810933e-01, 8.31782162e-01 ]
    }
}
