{
    "pose_0": {
        "type_id": "opencv-matrix",
        "rows": 1,
        "cols": 18,
        "dt": "3f",
        "data": [ 4.85829055e-01, 2.67788678e-01, 9.65826213e-01,
            4.85884875e-01, 3.41489822e-01, 9.41137493e-01,
            3.79021376e-01, 3.38636935e-01, 8.64789605e-01,
            2.86712021e-01, 3.85096103e-01, 7.18417287e-01,
            2.86631405e-01, 3.98662657e-01, 7.83638597e-01,
            5.97396553e-01, 3.49645436e-01, 8.52462649e-01,
            6.02323174e-01, 4.45275366e-01, 7.91805089e-01,
            5.73208392e-01, 5.13368905e-01, 3.36715013e-01,
            4.08258229e-01, 5.40715873e-01, 7.66481221e-01,
            4.46853489e-01, 6.88131750e-01, 8.08945239e-01,
            4.76223439e-01, 8.35397780e-01, 7.96682835e-01,
            5.58518469e-01, 5.27048171e-01, 7.52700031e-01,
            4.86052871e-01, 6.00882292e-01, 8.53832424e-01,
            5.44055521e-01, 7.18139827e-01, 7.55792797e-01,
            4.56798881e-01, 2.51473725e-01, 9.02919114e-01,
            5.14923811e-01, 2.51438379e-01, 9.02929425e-01,
            4.32528615e-01, 2.64999837e-01, 8.63229990e-01,
            5.48874974e-01, 2.62326509e-01, 8.21279764e-01 ]
    }
}
