{
    "pose_0": {
        "type_id": "opencv-matrix",
        "rows": 1,
        "cols": 18,
        "dt": "3f",
        "data": [ 5.19842029e-01, 2.84139454e-01, 9.00985599e-01,
            5.20024180e-01, 3.55105042e-01, 9.18733299e-01,
            4.17944491e-01, 3.57694983e-01, 8.22965562e-01,
            3.40222150e-01, 4.01481986e-01, 5.29142797e-01,
            3.35463464e-01, 3.93255442e-01, 8.49124789e-01,
            6.17015123e-01, 3.54989171e-01, 8.36576223e-01,
            6.84911370e-01, 4.17827219e-01, 7.52273142e-01,
            7.04339206e-01, 3.82342368e-01, 8.19960713e-01,
            4.47266221e-01, 5.37940264e-01, 7.38277793e-01,
            4.47194248e-01, 6.79849684e-01, 8.10690343e-01,
            4.47292417e-01, 8.27258527e-01, 7.86833644e-01,
            5.97332954e-01, 5.40674150e-01, 7.43858755e-01,
            5.97701609e-01, 6.82641625e-01, 8.30696344e-01,
            6.02201998e-01, 8.19127500e-01, 8.31163943e-01,
            4.86190677e-01, 2.70569950e-01, 9.43087339e-01,
            5.39278448e-01, 2.70593286e-01, 8.72218311e-01,
            4.56907183e-01, 2.75971144e-01, 8.40682864e-01,
            5.68460524e-01, 2.76043624e-01, 8.92523408e-01 ]
    }
}
