{
    "pose_0": {
        "type_id": "opencv-matrix",
        "rows": 1,
        "cols": 18,
        "dt": "3f",
        "data": [ 4.85687047e-01, 2.81350613e-01, 9.35919046e-01,
            4.81211811e-01, 3.60446006e-01, 9.50212538e-01,
            3.69543910e-01, 3.57822835e-01, 9.06408548e-01,
            2.96645671e-01, 4.39721197e-01, 8.32703114e-01,
            2.91701734e-01, 5.13335049e-01, 9.24842358e-01,
            5.92679739e-01, 3.60516310e-01, 9.03861642e-01,
            6.31587327e-01, 4.53353107e-01, 8.27648222e-01,
            6.31442010e-01, 5.32485187e-01, 8.57019782e-01,
            4.08486187e-01, 5.46122193e-01, 7.65592456e-01,
            4.27722901e-01, 6.82669163e-01, 7.93602645e-01,
            4.56750989e-01, 8.19008589e-01, 8.02906632e-01,
            5.58660865e-01, 5.40717840e-01, 8.01620007e-01,
            5.53910196e-01, 6.66248918e-01, 9.24227297e-01,
            5.97655118e-01, 7.91816592e-01, 8.13892186e-01,
            4.56778526e-01, 2.70481259e-01, 9.22399640e-01,
            5.10168612e-01, 2.70450443e-01, 8.96875322e-01,
            4.32529479e-01, 2.73346126e-01, 8.72098446e-01,
            5.39374828e-01, 2.73365229e-01, 8.78062069e-01 ]
    }
}
