{
    "pose_0": {
        "type_id": "opencv-matrix",
        "rows": 1,
        "cols": 18,
        "dt": "3f",
        "data": [ 5.10153651e-01, 2.70315409e-01, 9.02704358e-01,
            5.14822185e-01, 3.38719189e-01, 9.03989136e-01,
            4.03537035e-01, 3.38777781e-01, 8.91620040e-01,
            3.25810820e-01, 4.06996518e-01, 7.10030198e-01,
            3.25484127e-01, 3.79654676e-01, 8.64576578e-01,
            6.07182086e-01, 3.38688403e-01, 8.95701230e-01,
            6.65581286e-01, 4.04354542e-01, 7.14315474e-01,
            7.04355001e-01, 3.76877874e-01, 8.50279093e-01,
            4.42267627e-01, 5.29776156e-01, 7.58838296e-01,
            4.42276746e-01, 6.63629472e-01, 8.42693865e-01,
            4.47026223e-01, 8.08160365e-01, 8.10520053e-01,
            5.78157783e-01, 5.32440782e-01, 7.32031643e-01,
            5.87713599e-01, 6.66230381e-01, 7.84290016e-01,
            5.97451568e-01, 8.02727222e-01, 8.10275972e-01,
            4.81212139e-01, 2.51472563e-01, 1.00002933e+00,
            5.24982214e-01, 2.51488626e-01, 9.12475765e-01,
            4.47192401e-01, 2.65028268e-01, 9.24443305e-01,
            5.63478291e-01, 2.64999419e-01, 8.84503901e-01 ]
    }
}
