{
    "pose_0": {
        "type_id": "opencv-matrix",
        "rows": 1,
        "cols": 18,
        "dt": "3f",
        "data": [ 5.10242641e-01, 2.70353884e-01, 9.11086679e-01,
            5.14980018e-01, 3.38678062e-01, 9.16710854e-01,
            4.08225447e-01, 3.38749170e-01, 8.97551477e-01,
            3.40303093e-01, 4.04183328e-01, 6.98015034e-01,
            3.30469847e-01, 3.76909643e-01, 9.11466837e-01,
            6.02661788e-01, 3.38619411e-01, 8.97195101e-01,
            6.55805051e-01, 4.01547194e-01, 7.06061244e-01,
            6.94589496e-01, 3.71424288e-01, 8.17466021e-01,
            4.42242742e-01, 5.26996732e-01, 7.47544467e-01,
            4.42311049e-01, 6.63595796e-01, 8.40236187e-01,
            4.47045922e-01, 8.10870945e-01, 8.11027646e-01,
            5.78103840e-01, 5.29717922e-01, 7.15404928e-01,
            5.87823570e-01, 6.66209757e-01, 7.91209102e-01,
            5.97398281e-01, 8.02691400e-01, 7.97778130e-01,
            4.81274545e-01, 2.51515627e-01, 9.82067704e-01,
            5.25033116e-01, 2.51527011e-01, 8.99361074e-01,
            4.47258353e-01, 2.67645359e-01, 9.19067860e-01,
            5.63543797e-01, 2.65053838e-01, 9.01389480e-01 ]
    }
}
