{
    "pose_0": {
        "type_id": "opencv-matrix",
        "rows": 1,
        "cols": 18,
        "dt": "3f",
        "data": [ 4.90929633e-01, 2.76000768e-01, 9.04484868e-01,
            4.95599598e-01, 3.57822955e-01, 9.05068576e-01,
            3.98330897e-01, 3.57711941e-01, 8.61911178e-01,
            3.25746834e-01, 4.45083797e-01, 8.93783987e-01,
            3.01438451e-01, 5.18876672e-01, 8.29495668e-01,
            6.02455378e-01, 3.57891679e-01, 9.17175353e-01,
            6.60662472e-01, 4.50607181e-01, 8.11513305e-01,
            6.70353353e-01, 5.37935555e-01, 7.94732332e-01,
            4.37157035e-01, 5.48889518e-01, 7.06784546e-01,
            4.46883380e-01, 6.88078642e-01, 8.38530183e-01,
            4.61678654e-01, 8.19212973e-01, 7.98401773e-01,
            5.73303819e-01, 5.51535785e-01, 7.10787237e-01,
            5.63589990e-01, 6.88000023e-01, 8.50328863e-01,
            5.68490624e-01, 8.19231033e-01, 8.05983305e-01,
            4.80749935e-01, 2.67800778e-01, 9.33359861e-01,
            5.20051956e-01, 2.70317346e-01, 9.59544957e-01,
            4.42374825e-01, 2.73220181e-01, 9.56990421e-01,
            5.58594406e-01, 2.73269475e-01, 9.47904170e-01 ]
    }
}
