{
    "pose_0": {
        "type_id": "opencv-matrix",
        "rows": 1,
        "cols": 18,
        "dt": "3f",
        "data": [ 4.85803545e-01, 2.51386821e-01, 9.73530531e-01,
            4.85967398e-01, 3.35881859e-01, 9.51960206e-01,
            3.74423087e-01, 3.33274573e-01, 8.51251960e-01,
            2.91523099e-01, 4.23373520e-01, 8.74453843e-01,
            1.99457705e-01, 4.67008710e-01, 8.53732705e-01,
            5.97577274e-01, 3.35887223e-01, 9.04167533e-01,
            6.85045719e-01, 4.23444480e-01, 8.82067800e-01,
            7.91598976e-01, 4.64309782e-01, 8.98820341e-01,
            4.13142830e-01, 5.21576881e-01, 7.09468305e-01,
            4.13219392e-01, 6.60748422e-01, 7.88452744e-01,
            4.27620530e-01, 7.97180176e-01, 8.07371438e-01,
            5.58893025e-01, 5.27022183e-01, 7.49086916e-01,
            5.63558877e-01, 6.60772681e-01, 8.42734456e-01,
            5.68369925e-01, 7.94457734e-01, 8.32665861e-01,
            4.56878066e-01, 2.43137136e-01, 8.53624344e-01,
            5.14878035e-01, 2.40474612e-01, 8.59546959e-01,
            4.37213004e-01, 2.48656571e-01, 8.91948342e-01,
            5.44090927e-01, 2.48653948e-01, 8.68646085e-01 ]
    }
}
