{
    "pose_0": {
        "type_id": "opencv-matrix",
        "rows": 1,
        "cols": 18,
        "dt": "3f",
        "data": [ 4.80893224e-01, 2.59613901e-01, 9.15452302e-01,
            5.00442207e-01, 3.38765711e-01, 8.81075442e-01,
            3.69513303e-01, 3.38862598e-01, 8.70252848e-01,
            3.20736855e-01, 4.34296608e-01, 8.04845333e-01,
            2.62637943e-01, 5.07951736e-01, 8.00129890e-01,
            6.36330485e-01, 3.38672936e-01, 8.30616593e-01,
            7.77197003e-01, 3.38617206e-01, 7.87018538e-01,
            8.74167979e-01, 2.78642744e-01, 8.18891525e-01,
            4.08289999e-01, 5.32414138e-01, 7.64143705e-01,
            4.08368498e-01, 6.66352391e-01, 8.29411924e-01,
            4.17883307e-01, 8.02736938e-01, 7.69582152e-01,
            5.58688760e-01, 5.32482088e-01, 7.78704822e-01,
            5.58933258e-01, 6.66328788e-01, 8.42831552e-01,
            5.63614011e-01, 7.97345996e-01, 8.44168425e-01,
            4.47221369e-01, 2.48652607e-01, 9.84723389e-01,
            4.95630205e-01, 2.48627886e-01, 8.97616982e-01,
            4.13288951e-01, 2.51436979e-01, 9.12624836e-01,
            5.29616952e-01, 2.51421034e-01, 9.32474732e-01 ]
    }
}
