{
    "pose_0": {
        "type_id": "opencv-matrix",
        "rows": 1,
        "cols": 18,
        "dt": "3f",
        "data": [ 4.81267691e-01, 2.32305646e-01, 9.39384520e-01,
            4.81186926e-01, 3.16861540e-01, 9.32292998e-01,
            3.64353180e-01, 3.16812932e-01, 8.38606417e-01,
            2.09041238e-01, 3.66042554e-01, 7.87038565e-01,
            5.87873831e-02, 3.60689849e-01, 7.88946509e-01,
            6.02444232e-01, 3.16897839e-01, 8.73720050e-01,
            7.52727270e-01, 3.79550517e-01, 8.51499796e-01,
            8.64551425e-01, 3.79595697e-01, 7.85175204e-01,
            4.08310980e-01, 5.10700405e-01, 7.44581103e-01,
            4.08475727e-01, 6.44533753e-01, 8.08604121e-01,
            4.18017834e-01, 7.86358178e-01, 7.73885727e-01,
            5.58615029e-01, 5.10734200e-01, 7.40676343e-01,
            5.63413203e-01, 6.47126198e-01, 8.26333225e-01,
            5.63593268e-01, 7.78150439e-01, 8.40357244e-01,
            4.52063978e-01, 2.24115625e-01, 9.03743207e-01,
            5.10105371e-01, 2.24076673e-01, 8.69638443e-01,
            4.27608043e-01, 2.29454920e-01, 8.74040127e-01,
            5.39224625e-01, 2.29499951e-01, 9.02569234e-01 ]
    }
}
