{
    "pose_0": {
        "type_id": "opencv-matrix",
        "rows": 1,
        "cols": 18,
        "dt": "3f",
        "data": [ 5.14871597e-01, 2.70576030e-01, 9.41312313e-01,
            5.19596815e-01, 3.52387220e-01, 8.84544015e-01,
            4.08129156e-01, 3.54998440e-01, 8.67183089e-01,
            3.30749959e-01, 4.36955839e-01, 8.13574553e-01,
            2.62663633e-01, 4.99802530e-01, 7.97867954e-01,
            6.12102985e-01, 3.49651992e-01, 8.23746979e-01,
            6.99401140e-01, 4.45055634e-01, 8.26584041e-01,
            7.91516662e-01, 4.97021049e-01, 8.72230530e-01,
            4.42328960e-01, 5.35212576e-01, 7.43454933e-01,
            4.42338586e-01, 6.68991804e-01, 8.20748508e-01,
            4.46989089e-01, 8.16341639e-01, 8.61251116e-01,
            5.82900643e-01, 5.35283923e-01, 7.11181104e-01,
            5.87863743e-01, 6.69025481e-01, 7.64436901e-01,
            5.97415328e-01, 8.13567758e-01, 7.97914326e-01,
            4.85717833e-01, 2.56824434e-01, 9.37924445e-01,
            5.29507160e-01, 2.56815612e-01, 8.90352309e-01,
            4.47323442e-01, 2.70346761e-01, 9.12169993e-01,
            5.63570976e-01, 2.70333052e-01, 9.36037719e-01 ]
    }
}
