{
    "pose_0": {
        "type_id": "opencv-matrix",
        "rows": 1,
        "cols": 18,
        "dt": "3f",
        "data": [ 5.19843578e-01, 2.75965065e-01, 9.48790550e-01,
            5.19948602e-01, 3.57855022e-01, 9.39978063e-01,
            4.08369780e-01, 3.57833385e-01, 9.06787992e-01,
            3.64285141e-01, 4.47884351e-01, 8.72311592e-01,
            3.40404123e-01, 5.32416284e-01, 8.76026094e-01,
            6.26734793e-01, 3.57782423e-01, 8.70704412e-01,
            6.80044949e-01, 4.47823673e-01, 8.84242952e-01,
            7.09237874e-01, 5.24320066e-01, 8.49124253e-01,
            4.46965367e-01, 5.48869908e-01, 7.57451415e-01,
            4.47121531e-01, 6.85316324e-01, 8.50698233e-01,
            4.52006161e-01, 8.19135904e-01, 8.28924477e-01,
            5.97427905e-01, 5.48897505e-01, 7.59903669e-01,
            6.02212489e-01, 6.85344338e-01, 8.69852066e-01,
            6.02600396e-01, 8.19028080e-01, 8.46268058e-01,
            4.86190736e-01, 2.67796397e-01, 9.37155604e-01,
            5.39389908e-01, 2.70322889e-01, 8.63995075e-01,
            4.61627454e-01, 2.73201197e-01, 8.61536980e-01,
            5.68477631e-01, 2.73332953e-01, 8.93421412e-01 ]
    }
}
