{
    "pose_0": {
        "type_id": "opencv-matrix",
        "rows": 1,
        "cols": 18,
        "dt": "3f",
        "data": [ 5.10117650e-01, 2.70308614e-01, 8.96600604e-01,
            5.15034854e-01, 3.38694334e-01, 9.27008212e-01,
            4.08106834e-01, 3.38759869e-01, 8.82152379e-01,
            3.25553864e-01, 3.71476084e-01, 6.71913028e-01,
            3.25535238e-01, 3.85103285e-01, 8.69431973e-01,
            6.07320189e-01, 3.38665128e-01, 8.94825876e-01,
            6.75282419e-01, 4.12449509e-01, 7.50917077e-01,
            6.99569225e-01, 3.82315248e-01, 8.25017691e-01,
            4.42217916e-01, 5.27049303e-01, 7.50551879e-01,
            4.42306697e-01, 6.63593769e-01, 8.44979286e-01,
            4.47044075e-01, 8.08227003e-01, 8.03790689e-01,
            5.78124940e-01, 5.32405376e-01, 7.22484887e-01,
            5.87745428e-01, 6.66206002e-01, 7.87144005e-01,
            5.97437203e-01, 8.02764714e-01, 7.98140943e-01,
            4.81205374e-01, 2.51473039e-01, 9.99588132e-01,
            5.24942517e-01, 2.51490623e-01, 9.20192957e-01,
            4.47193384e-01, 2.65028536e-01, 9.40869391e-01,
            5.63459039e-01, 2.65001565e-01, 9.04359758e-01 ]
    }
}
