{
    "pose_0": {
        "type_id": "opencv-matrix",
        "rows": 1,
        "cols": 18,
        "dt": "3f",
        "data": [ 4.85875368e-01, 2.70401180e-01, 9.51991200e-01,
            4.86152768e-01, 3.52360576e-01, 8.88475358e-01,
            3.79122466e-01, 3.52369636e-01, 8.28705072e-01,
            3.20881814e-01, 4.47917223e-01, 8.19247723e-01,
            2.96551794e-01, 5.32373369e-01, 8.58717978e-01,
            6.02229297e-01, 3.46959651e-01, 8.70011628e-01,
            6.75031722e-01, 4.39741611e-01, 8.24781418e-01,
            7.14022756e-01, 5.21550894e-01, 8.50697994e-01,
            4.13238049e-01, 5.48829913e-01, 7.10755885e-01,
            4.42274392e-01, 6.90889239e-01, 8.12182844e-01,
            4.66513157e-01, 8.29996645e-01, 7.58044481e-01,
            5.63766718e-01, 5.48894286e-01, 7.49857247e-01,
            5.63495636e-01, 6.88083112e-01, 8.63413572e-01,
            5.68385482e-01, 8.24574947e-01, 8.07121098e-01,
            4.61668760e-01, 2.51520604e-01, 8.71547401e-01,
            5.19626081e-01, 2.54058152e-01, 9.17526603e-01,
            4.37374741e-01, 2.64992118e-01, 8.47702980e-01,
            5.53898215e-01, 2.67730296e-01, 9.06150103e-01 ]
    }
}
