{
    "pose_0": {
        "type_id": "opencv-matrix",
        "rows": 1,
        "cols": 18,
        "dt": "3f",
        "data": [ 5.00548422e-01, 2.70600230e-01, 9.00330544e-01,
            5.05316138e-01, 3.52395505e-01, 8.39746237e-01,
            3.98506820e-01, 3.52294028e-01, 8.48458529e-01,
            3.25905144e-01, 4.39705968e-01, 8.16804051e-01,
            2.91568041e-01, 5.07888854e-01, 8.21469724e-01,
            6.07389927e-01, 3.52347642e-01, 8.26137960e-01,
            6.79876447e-01, 4.45192665e-01, 8.67600322e-01,
            7.14067817e-01, 5.32521665e-01, 8.64785790e-01,
            4.32371825e-01, 5.43412149e-01, 6.86941266e-01,
            4.47072864e-01, 6.88141823e-01, 8.41579258e-01,
            4.76047516e-01, 8.30051959e-01, 7.69404352e-01,
            5.68478048e-01, 5.46137571e-01, 7.02775776e-01,
            5.68526983e-01, 6.87986076e-01, 7.94240236e-01,
            5.73313713e-01, 8.27252567e-01, 7.43737161e-01,
            4.81024235e-01, 2.56810874e-01, 9.28241551e-01,
            5.24835587e-01, 2.56817788e-01, 9.17540848e-01,
            4.46983367e-01, 2.67735541e-01, 9.49524641e-01,
            5.63398957e-01, 2.67776132e-01, 9.24196124e-01 ]
    }
}
