{
    "pose_0": {
        "type_id": "opencv-matrix",
        "rows": 1,
        "cols": 18,
        "dt": "3f",
        "data": [ 5.14882267e-01, 2.70597637e-01, 9.42048669e-01,
            5.19589365e-01, 3.54978889e-01, 8.84243429e-01,
            4.08098221e-01, 3.55023861e-01, 8.68544519e-01,
            3.30811113e-01, 4.36963737e-01, 8.16197157e-01,
            2.77226925e-01, 4.99745548e-01, 8.00530791e-01,
            6.12173796e-01, 3.49665701e-01, 8.17283392e-01,
            6.99398100e-01, 4.42462623e-01, 8.23516726e-01,
            7.91467130e-01, 4.97003257e-01, 8.54913592e-01,
            4.42301542e-01, 5.35238445e-01, 7.46831477e-01,
            4.42323208e-01, 6.68996692e-01, 8.17760289e-01,
            4.46951717e-01, 8.16324711e-01, 8.60455513e-01,
            5.82949162e-01, 5.35307109e-01, 7.10271120e-01,
            5.87823451e-01, 6.69027627e-01, 7.61870682e-01,
            5.97404957e-01, 8.13552380e-01, 7.98223972e-01,
            4.85714614e-01, 2.56835401e-01, 9.32389915e-01,
            5.29499829e-01, 2.56831139e-01, 8.87254000e-01,
            4.47261095e-01, 2.70317107e-01, 9.34853792e-01,
            5.63491702e-01, 2.67783672e-01, 9.09040868e-01 ]
    }
}
