{
    "pose_0": {
        "type_id": "opencv-matrix",
        "rows": 1,
        "cols": 18,
        "dt": "3f",
        "data": [ 4.85871583e-01, 2.48722926e-01, 9.66186702e-01,
            4.86076981e-01, 3.33261669e-01, 9.24507499e-01,
            3.79165262e-01, 3.33152354e-01, 8.19879651e-01,
            2.77096540e-01, 4.07043457e-01, 7.80462921e-01,
            1.60577208e-01, 4.45172489e-01, 8.45787883e-01,
            5.97731173e-01, 3.35834801e-01, 8.83078098e-01,
            7.13885844e-01, 4.20575440e-01, 8.76117051e-01,
            8.30335021e-01, 4.47835416e-01, 8.85985017e-01,
            4.13149655e-01, 5.18839359e-01, 7.28214443e-01,
            4.13236558e-01, 6.58015490e-01, 7.72313774e-01,
            4.32478756e-01, 7.97226310e-01, 8.13009918e-01,
            5.58896184e-01, 5.21546006e-01, 7.53760457e-01,
            5.63564837e-01, 6.60714984e-01, 8.35334718e-01,
            5.68624377e-01, 7.91847229e-01, 8.08607459e-01,
            4.61619884e-01, 2.35014766e-01, 8.49731266e-01,
            5.14972925e-01, 2.34985963e-01, 8.71569633e-01,
            4.37286824e-01, 2.48507366e-01, 8.84428561e-01,
            5.48921287e-01, 2.45967761e-01, 8.47102523e-01 ]
    }
}
