{
    "pose_0": {
        "type_id": "opencv-matrix",
        "rows": 1,
        "cols": 18,
        "dt": "3f",
        "data": [ 4.81230885e-01, 2.34980047e-01, 9.25570846e-01,
            4.85795736e-01, 3.16939265e-01, 9.24917877e-01,
            3.64314944e-01, 3.16855282e-01, 8.24655414e-01,
            2.04382107e-01, 3.57866317e-01, 7.74783194e-01,
            5.38504086e-02, 3.41546714e-01, 7.19063878e-01,
            6.07296288e-01, 3.17027003e-01, 8.19994330e-01,
            7.57667184e-01, 3.74239028e-01, 8.35624933e-01,
            8.74288619e-01, 3.57755303e-01, 7.74202049e-01,
            4.08425152e-01, 5.10714173e-01, 7.54631042e-01,
            4.13096637e-01, 6.44455016e-01, 7.91511297e-01,
            4.18051153e-01, 7.86386609e-01, 7.82357037e-01,
            5.58832943e-01, 5.10750771e-01, 7.47880876e-01,
            5.63446701e-01, 6.44526839e-01, 8.33213151e-01,
            5.63788831e-01, 7.78205872e-01, 8.19785118e-01,
            4.52062666e-01, 2.26724997e-01, 9.28104341e-01,
            5.10082006e-01, 2.26708323e-01, 8.84794474e-01,
            4.27660197e-01, 2.29641497e-01, 8.61532629e-01,
            5.39227545e-01, 2.29658589e-01, 8.95321727e-01 ]
    }
}
