{
    "pose_0": {
        "type_id": "opencv-matrix",
        "rows": 1,
        "cols": 18,
        "dt": "3f",
        "data": [ 5.20053327e-01, 2.70420671e-01, 9.84854817e-01,
            5.24959326e-01, 3.38814914e-01, 9.39438939e-01,
            4.27718818e-01, 3.44165266e-01, 8.39808464e-01,
            4.08319414e-01, 4.31480080e-01, 6.15524113e-01,
            4.42218155e-01, 4.91582960e-01, 3.05277824e-01,
            6.36360407e-01, 3.36105466e-01, 9.28922296e-01,
            7.33554721e-01, 3.93269956e-01, 7.10045755e-01,
            7.18965113e-01, 3.96036804e-01, 8.62647653e-01,
            4.56748128e-01, 5.18901646e-01, 7.38864779e-01,
            4.85980630e-01, 6.14357352e-01, 8.02770555e-01,
            4.56818134e-01, 7.34464049e-01, 8.11201036e-01,
            6.02248728e-01, 5.35165608e-01, 7.78698921e-01,
            5.68385124e-01, 6.85293734e-01, 8.14519644e-01,
            5.63591838e-01, 8.35468173e-01, 8.09531093e-01,
            4.90881264e-01, 2.54059285e-01, 9.05921519e-01,
            5.48950613e-01, 2.54110694e-01, 8.76496851e-01,
            4.66504753e-01, 2.64978051e-01, 8.08061123e-01,
            5.78194141e-01, 2.67656684e-01, 8.43613982e-01 ]
    }
}
