{
    "pose_0": {
        "type_id": "opencv-matrix",
        "rows": 1,
        "cols": 18,
        "dt": "3f",
        "data": [ 4.81189638e-01, 2.76029855e-01, 9.45681989e-01,
            4.80863810e-01, 3.57806057e-01, 9.34522271e-01,
            3.69353563e-01, 3.55094075e-01, 8.90737057e-01,
            2.91647077e-01, 4.31576908e-01, 8.42710137e-01,
            2.86734492e-01, 4.97066349e-01, 8.78532529e-01,
            5.78197062e-01, 3.57934833e-01, 8.74029756e-01,
            6.02639854e-01, 4.47912157e-01, 8.00607860e-01,
            5.92602491e-01, 5.13435364e-01, 5.62906086e-01,
            4.08440351e-01, 5.40658176e-01, 7.72432804e-01,
            4.27683145e-01, 6.82593882e-01, 7.13586867e-01,
            4.56844091e-01, 8.19157481e-01, 7.89900899e-01,
            5.53908169e-01, 5.32573938e-01, 7.91353822e-01,
            5.19884408e-01, 6.41550481e-01, 8.23093295e-01,
            5.68500400e-01, 7.50803649e-01, 8.09637964e-01,
            4.52010959e-01, 2.70393521e-01, 9.35665131e-01,
            5.05390465e-01, 2.70360619e-01, 8.73045802e-01,
            4.27695483e-01, 2.73322880e-01, 8.65507662e-01,
            5.34441769e-01, 2.73322105e-01, 8.84717464e-01 ]
    }
}
