{
    "pose_0": {
        "type_id": "opencv-matrix",
        "rows": 1,
        "cols": 18,
        "dt": "3f",
        "data": [ 4.81189311e-01, 2.67639875e-01, 9.49584663e-01,
            4.81101066e-01, 3.41457546e-01, 9.26219702e-01,
            3.69548708e-01, 3.41506153e-01, 8.68564546e-01,
            3.06216121e-01, 4.34258193e-01, 7.85189033e-01,
            2.43151173e-01, 4.94327754e-01, 8.25060606e-01,
            5.92526853e-01, 3.41414571e-01, 8.54471087e-01,
            6.80036902e-01, 4.23280597e-01, 9.33847070e-01,
            8.01560163e-01, 4.45185840e-01, 8.90590310e-01,
            4.08463359e-01, 5.32497823e-01, 7.47379243e-01,
            4.08407778e-01, 6.68973386e-01, 8.20781112e-01,
            4.17889386e-01, 8.10914099e-01, 7.67825603e-01,
            5.58576286e-01, 5.32558382e-01, 7.74825871e-01,
            5.58841765e-01, 6.69074714e-01, 8.27042758e-01,
            5.63490152e-01, 8.02747846e-01, 8.17780495e-01,
            4.51996773e-01, 2.51310438e-01, 9.47581112e-01,
            5.05392075e-01, 2.51308858e-01, 8.91805172e-01,
            4.27687943e-01, 2.54219115e-01, 8.17765117e-01,
            5.29757321e-01, 2.56851733e-01, 8.36954296e-01 ]
    }
}
