{
    "pose_0": {
        "type_id": "opencv-matrix",
        "rows": 1,
        "cols": 18,
        "dt": "3f",
        "data": [ 5.19970298e-01, 2.54186392e-01, 9.30580974e-01,
            5.24679244e-01, 3.33225042e-01, 9.30807948e-01,
            4.17909056e-01, 3.35941613e-01, 8.66736889e-01,
            3.83906454e-01, 4.26047653e-01, 7.07370341e-01,
            4.18022841e-01, 4.75169361e-01, 4.97372657e-01,
            6.36325538e-01, 3.25030059e-01, 8.63880396e-01,
            6.89740837e-01, 3.98756981e-01, 7.39059210e-01,
            7.04225600e-01, 3.68741274e-01, 7.81074226e-01,
            4.51854855e-01, 5.29712260e-01, 7.47242093e-01,
            4.76276785e-01, 6.63407087e-01, 8.35947275e-01,
            4.61635560e-01, 7.75455177e-01, 7.72992671e-01,
            6.02333248e-01, 5.32497227e-01, 7.77911901e-01,
            6.02264106e-01, 6.85233176e-01, 8.47875535e-01,
            5.73289633e-01, 8.19210529e-01, 7.22460330e-01,
            4.90781605e-01, 2.45943889e-01, 9.10948813e-01,
            5.48942566e-01, 2.45922863e-01, 8.75607610e-01,
            4.66399729e-01, 2.48714373e-01, 8.13846409e-01,
            5.87713718e-01, 2.48754486e-01, 9.05789733e-01 ]
    }
}
