{
    "pose_0": {
        "type_id": "opencv-matrix",
        "rows": 1,
        "cols": 18,
        "dt": "3f",
        "data": [ 5.19870341e-01, 2.84095109e-01, 9.03656125e-01,
            5.20076632e-01, 3.55098397e-01, 9.19934571e-01,
            4.22791958e-01, 3.55119020e-01, 8.10959101e-01,
            3.25514376e-01, 3.82357150e-01, 7.31784880e-01,
            3.35555285e-01, 3.90558153e-01, 8.26699376e-01,
            6.16944075e-01, 3.55033576e-01, 8.40196490e-01,
            6.84963584e-01, 4.09749538e-01, 7.57257521e-01,
            7.04422891e-01, 3.79606038e-01, 8.53556037e-01,
            4.47194189e-01, 5.37963629e-01, 7.43201733e-01,
            4.47205305e-01, 6.79865777e-01, 8.07861030e-01,
            4.47253883e-01, 8.24610174e-01, 7.95288980e-01,
            5.92768490e-01, 5.40672898e-01, 7.38355041e-01,
            5.97694457e-01, 6.82632327e-01, 8.31021607e-01,
            6.02237105e-01, 8.19104493e-01, 8.33452284e-01,
            4.90688771e-01, 2.70553261e-01, 9.40786064e-01,
            5.39303601e-01, 2.70578980e-01, 8.74427319e-01,
            4.61646616e-01, 2.75952935e-01, 8.38110268e-01,
            5.68481028e-01, 2.76041865e-01, 8.89837503e-01 ]
    }
}
