{
    "pose_0": {
        "type_id": "opencv-matrix",
        "rows": 1,
        "cols": 18,
        "dt": "3f",
        "data": [ 4.76260662e-01, 2.62251943e-01, 8.96658421e-01,
            4.95637149e-01, 3.38822335e-01, 8.79623413e-01,
            3.69486004e-01, 3.41434449e-01, 8.62051129e-01,
            3.20669889e-01, 4.39639568e-01, 8.03986013e-01,
            2.52979934e-01, 5.07968009e-01, 8.47359478e-01,
            6.31520450e-01, 3.38758618e-01, 8.16611171e-01,
            7.67469823e-01, 3.52296561e-01, 7.65422106e-01,
            8.69565547e-01, 2.92378753e-01, 8.30056489e-01,
            4.08442855e-01, 5.32422423e-01, 7.49163866e-01,
            4.08445209e-01, 6.68941200e-01, 8.12269390e-01,
            4.17966515e-01, 8.08168650e-01, 7.68634319e-01,
            5.58754683e-01, 5.32515168e-01, 7.67233908e-01,
            5.63359916e-01, 6.66349173e-01, 8.40282321e-01,
            5.63544631e-01, 7.99994946e-01, 8.42232227e-01,
            4.47046787e-01, 2.48676881e-01, 9.94553208e-01,
            4.90925968e-01, 2.48633206e-01, 9.07681346e-01,
            4.13226008e-01, 2.51513839e-01, 8.75567198e-01,
            5.29568255e-01, 2.51494378e-01, 9.25656676e-01 ]
    }
}
