{
    "pose_0": {
        "type_id": "opencv-matrix",
        "rows": 1,
        "cols": 18,
        "dt": "3f",
        "data": [ 5.10061622e-01, 2.67745346e-01, 8.95853698e-01,
            5.14855444e-01, 3.41542751e-01, 8.74034643e-01,
            4.03376967e-01, 3.44184935e-01, 8.68346751e-01,
            3.01504135e-01, 4.12399679e-01, 7.75566220e-01,
            3.15947890e-01, 4.42406982e-01, 8.57766509e-01,
            6.12146616e-01, 3.41491848e-01, 8.29511583e-01,
            6.99526429e-01, 4.09707487e-01, 7.96395242e-01,
            7.09272087e-01, 4.42404211e-01, 9.17950392e-01,
            4.42135483e-01, 5.35164297e-01, 7.35916793e-01,
            4.42291319e-01, 6.66302025e-01, 8.37374330e-01,
            4.47097749e-01, 8.13568830e-01, 8.25125098e-01,
            5.78185678e-01, 5.35191894e-01, 7.22191870e-01,
            5.87781787e-01, 6.66300952e-01, 7.88255990e-01,
            5.97475648e-01, 8.02786887e-01, 7.88198173e-01,
            4.81146753e-01, 2.51386613e-01, 1.01824582e+00,
            5.24947762e-01, 2.51388580e-01, 9.38080192e-01,
            4.47172433e-01, 2.64946878e-01, 9.08753574e-01,
            5.63506484e-01, 2.62274593e-01, 8.88945580e-01 ]
    }
}
