{
    "pose_0": {
        "type_id": "opencv-matrix",
        "rows": 1,
        "cols": 18,
        "dt": "3f",
        "data": [ 5.15026450e-01, 2.70563781e-01, 9.63958979e-01,
            5.19876957e-01, 3.44237387e-01, 9.08369482e-01,
            4.08146530e-01, 3.44211757e-01, 8.45038354e-01,
            3.15897554e-01, 4.23383057e-01, 7.31257975e-01,
            3.06305528e-01, 3.93299013e-01, 7.34631002e-01,
            6.31516933e-01, 3.44183058e-01, 8.40195239e-01,
            7.19070256e-01, 4.20638829e-01, 7.76430249e-01,
            7.48039961e-01, 3.98715049e-01, 8.02708745e-01,
            4.42291379e-01, 5.35214663e-01, 7.56955564e-01,
            4.42394167e-01, 6.69013262e-01, 8.12013030e-01,
            4.47197735e-01, 8.16307247e-01, 8.24273705e-01,
            5.87776661e-01, 5.35259783e-01, 7.21675038e-01,
            5.92679620e-01, 6.69057548e-01, 7.76637495e-01,
            5.97585201e-01, 8.10886919e-01, 8.10968399e-01,
            4.85778749e-01, 2.56805837e-01, 9.41816270e-01,
            5.29618800e-01, 2.56804496e-01, 8.79188359e-01,
            4.47326899e-01, 2.70353407e-01, 9.27301288e-01,
            5.63700318e-01, 2.67778397e-01, 9.11378026e-01 ]
    }
}
