{
    "pose_0": {
        "type_id": "opencv-matrix",
        "rows": 1,
        "cols": 18,
        "dt": "3f",
        "data": [ 4.81131762e-01, 2.65016168e-01, 9.39817727e-01,
            4.81088430e-01, 3.41463059e-01, 9.20920134e-01,
            3.69496435e-01, 3.41486454e-01, 8.73352647e-01,
            2.96742439e-01, 4.37013745e-01, 8.07342291e-01,
            2.43058234e-01, 4.94372219e-01, 8.18448126e-01,
            5.92567086e-01, 3.41444463e-01, 8.55693758e-01,
            6.89733267e-01, 4.20586228e-01, 8.75798523e-01,
            8.25750947e-01, 4.36987877e-01, 8.42830777e-01,
            4.08420801e-01, 5.32514930e-01, 7.52000749e-01,
            4.08403516e-01, 6.68972433e-01, 8.18347514e-01,
            4.17881727e-01, 8.10949028e-01, 7.77494669e-01,
            5.58622420e-01, 5.32552004e-01, 7.73683608e-01,
            5.58872461e-01, 6.71678603e-01, 8.23119640e-01,
            5.63505709e-01, 8.02741766e-01, 8.17489147e-01,
            4.51948196e-01, 2.51256704e-01, 9.52396512e-01,
            5.05300462e-01, 2.51266867e-01, 8.92050326e-01,
            4.22862470e-01, 2.54125446e-01, 8.36472929e-01,
            5.29719114e-01, 2.56803095e-01, 8.58044624e-01 ]
    }
}
