{
    "pose_0": {
        "type_id": "opencv-matrix",
        "rows": 1,
        "cols": 18,
        "dt": "3f",
        "data": [ 5.14893472e-01, 2.70576060e-01, 9.59786654e-01,
            4.95595455e-01, 3.52324098e-01, 8.66553128e-01,
            3.84046137e-01, 3.44165802e-01, 8.11657250e-01,
            2.38329753e-01, 3.60655099e-01, 8.09932292e-01,
            9.75706577e-02, 3.33287686e-01, 8.00292015e-01,
            6.07205629e-01, 3.57707947e-01, 8.87119532e-01,
            6.79975331e-01, 4.50691700e-01, 8.83714914e-01,
            7.57925689e-01, 5.07846832e-01, 8.50505829e-01,
            4.27697688e-01, 5.38015485e-01, 6.94778264e-01,
            4.37351733e-01, 6.77216470e-01, 7.83916712e-01,
            4.37397242e-01, 8.16354573e-01, 8.16360950e-01,
            5.68416595e-01, 5.43437839e-01, 7.10459948e-01,
            5.68513155e-01, 6.82562590e-01, 8.10358405e-01,
            5.82959414e-01, 8.13639402e-01, 7.84850657e-01,
            4.85791206e-01, 2.54193157e-01, 9.48757350e-01,
            5.29630303e-01, 2.56854832e-01, 8.63628983e-01,
            4.47312772e-01, 2.67685622e-01, 8.84414375e-01,
            5.63706815e-01, 2.70328701e-01, 9.17664230e-01 ]
    }
}
