{
    "pose_0": {
        "type_id": "opencv-matrix",
        "rows": 1,
        "cols": 18,
        "dt": "3f",
        "data": [ 5.19649923e-01, 2.70605087e-01, 9.63233232e-01,
            5.19681990e-01, 3.55061740e-01, 9.10290718e-01,
            4.08113867e-01, 3.55133772e-01, 8.63133907e-01,
            3.20811778e-01, 4.01496977e-01, 8.18731308e-01,
            2.86891103e-01, 4.23430741e-01, 8.43475223e-01,
            6.26558065e-01, 3.55010599e-01, 8.08367729e-01,
            7.14131057e-01, 4.42416817e-01, 7.81323910e-01,
            7.52819657e-01, 4.26049620e-01, 8.61969888e-01,
            4.42431748e-01, 5.40743589e-01, 7.32765555e-01,
            4.46906149e-01, 6.82581723e-01, 8.23274851e-01,
            4.47192371e-01, 8.19053531e-01, 8.41062784e-01,
            5.92626989e-01, 5.43388247e-01, 7.19186187e-01,
            5.97303867e-01, 6.79902911e-01, 7.83783019e-01,
            5.97574234e-01, 8.13683987e-01, 8.16771448e-01,
            4.86039400e-01, 2.56869495e-01, 9.19259131e-01,
            5.34414649e-01, 2.59546846e-01, 8.45669091e-01,
            4.52073157e-01, 2.70362109e-01, 9.05100584e-01,
            5.63798308e-01, 2.70476043e-01, 9.41743374e-01 ]
    }
}
