{
    "pose_0": {
        "type_id": "opencv-matrix",
        "rows": 1,
        "cols": 18,
        "dt": "3f",
        "data": [ 5.10049403e-01, 2.67745376e-01, 8.95128548e-01,
            5.10217309e-01, 3.44128013e-01, 8.65023911e-01,
            4.03243244e-01, 3.44242662e-01, 8.57705891e-01,
            2.91903079e-01, 4.09686774e-01, 8.26377869e-01,
            3.01357538e-01, 4.39693987e-01, 8.49066854e-01,
            6.12221360e-01, 3.41482788e-01, 8.27396989e-01,
            7.13872790e-01, 4.06933367e-01, 8.39553118e-01,
            7.13808060e-01, 4.34224933e-01, 8.80798399e-01,
            4.42050129e-01, 5.35213590e-01, 7.37119436e-01,
            4.42296416e-01, 6.66348219e-01, 8.36389840e-01,
            4.47028041e-01, 8.13563466e-01, 8.27725649e-01,
            5.78112662e-01, 5.35258651e-01, 7.23944068e-01,
            5.87717831e-01, 6.66335821e-01, 7.87564099e-01,
            5.97380638e-01, 8.05504501e-01, 7.85396159e-01,
            4.81153876e-01, 2.51389116e-01, 1.01526546e+00,
            5.24932504e-01, 2.51399130e-01, 9.36974645e-01,
            4.47152108e-01, 2.64959633e-01, 9.20821786e-01,
            5.63466072e-01, 2.62320876e-01, 8.86805415e-01 ]
    }
}
