{
    "pose_0": {
        "type_id": "opencv-matrix",
        "rows": 1,
        "cols": 18,
        "dt": "3f",
        "data": [ 5.10085642e-01, 2.70377398e-01, 9.14859295e-01,
            5.10195196e-01, 3.46877575e-01, 8.52879882e-01,
            4.03343201e-01, 3.46915573e-01, 8.67910802e-01,
            3.20956051e-01, 4.20642018e-01, 8.17302465e-01,
            3.11151445e-01, 4.61575896e-01, 7.93509007e-01,
            6.07398868e-01, 3.44148457e-01, 8.38954806e-01,
            6.94635034e-01, 4.20636415e-01, 8.21136773e-01,
            7.18886137e-01, 4.61545050e-01, 9.12573576e-01,
            4.42078561e-01, 5.35183430e-01, 7.46237695e-01,
            4.42291021e-01, 6.66296124e-01, 8.45221758e-01,
            4.47050214e-01, 8.13612938e-01, 8.19466352e-01,
            5.78175426e-01, 5.35150707e-01, 7.37915099e-01,
            5.87839007e-01, 6.66248441e-01, 8.03869784e-01,
            5.97501814e-01, 8.08197737e-01, 7.96898484e-01,
            4.81175274e-01, 2.51523733e-01, 9.90188122e-01,
            5.24969101e-01, 2.51500905e-01, 9.17935610e-01,
            4.47178125e-01, 2.67690212e-01, 9.30079043e-01,
            5.63559592e-01, 2.65027940e-01, 9.07912135e-01 ]
    }
}
