{
    "pose_0": {
        "type_id": "opencv-matrix",
        "rows": 1,
        "cols": 18,
        "dt": "3f",
        "data": [ 4.90684479e-01, 2.70436227e-01, 9.31728840e-01,
            4.90949094e-01, 3.52371663e-01, 8.67717266e-01,
            3.88824433e-01, 3.52365196e-01, 8.21646273e-01,
            3.30542237e-01, 4.50575143e-01, 8.48993003e-01,
            3.15947771e-01, 5.35279751e-01, 8.65816593e-01,
            6.02570951e-01, 3.49586040e-01, 8.55314255e-01,
            6.75267100e-01, 4.28865224e-01, 8.36077750e-01,
            7.14059770e-01, 5.07899463e-01, 8.83254528e-01,
            4.18008149e-01, 5.43453872e-01, 7.01041996e-01,
            4.42397267e-01, 6.88215792e-01, 8.32678437e-01,
            4.71219808e-01, 8.27306330e-01, 7.65207291e-01,
            5.68437457e-01, 5.48865378e-01, 7.32165992e-01,
            5.63663661e-01, 6.88102484e-01, 8.46543372e-01,
            5.68342268e-01, 8.24599743e-01, 8.04731667e-01,
            4.76082206e-01, 2.51543671e-01, 9.02024686e-01,
            5.19962788e-01, 2.54120946e-01, 9.34163332e-01,
            4.42064136e-01, 2.65020013e-01, 9.19687212e-01,
            5.58559537e-01, 2.67798603e-01, 9.34728086e-01 ]
    }
}
