{
    "pose_0": {
        "type_id": "opencv-matrix",
        "rows": 1,
        "cols": 18,
        "dt": "3f",
        "data": [ 5.10061502e-01, 2.67777264e-01, 8.96914005e-01,
            5.19637108e-01, 3.38700086e-01, 9.40765262e-01,
            4.08209354e-01, 3.38767856e-01, 8.89991879e-01,
            3.11180353e-01, 3.79589438e-01, 7.10631490e-01,
            3.20663273e-01, 3.93268108e-01, 7.91674554e-01,
            6.12157464e-01, 3.38655442e-01, 8.83904934e-01,
            6.80226445e-01, 4.20580834e-01, 7.40591347e-01,
            7.13816404e-01, 3.93334180e-01, 8.10404539e-01,
            4.42154974e-01, 5.29740572e-01, 7.46806085e-01,
            4.42310810e-01, 6.66185260e-01, 8.40592802e-01,
            4.47106808e-01, 8.10903311e-01, 8.10579896e-01,
            5.78183115e-01, 5.32438219e-01, 7.24696159e-01,
            5.87770462e-01, 6.66258216e-01, 7.81611204e-01,
            5.97396493e-01, 8.05443227e-01, 7.83823967e-01,
            4.81153667e-01, 2.51444906e-01, 1.01396012e+00,
            5.24884939e-01, 2.51447529e-01, 9.41624105e-01,
            4.47148710e-01, 2.65002877e-01, 9.37348962e-01,
            5.63410759e-01, 2.64947653e-01, 9.04177427e-01 ]
    }
}
