{
    "pose_0": {
        "type_id": "opencv-matrix",
        "rows": 1,
        "cols": 18,
        "dt": "3f",
        "data": [ 5.05394042e-01, 2.67757267e-01, 8.98879409e-01,
            5.10184765e-01, 3.41530979e-01, 8.76596093e-01,
            4.03129578e-01, 3.46856534e-01, 8.52239609e-01,
            2.91714519e-01, 4.07036394e-01, 8.63083363e-01,
            3.01502109e-01, 4.36954945e-01, 8.48332882e-01,
            6.16953611e-01, 3.41473252e-01, 8.24130416e-01,
            7.14120924e-01, 4.06907678e-01, 8.63597453e-01,
            7.09257782e-01, 4.31522161e-01, 9.04858351e-01,
            4.42115307e-01, 5.32510757e-01, 7.36098588e-01,
            4.42264318e-01, 6.66249156e-01, 8.36728275e-01,
            4.47122157e-01, 8.13577712e-01, 8.18641543e-01,
            5.78191519e-01, 5.32571137e-01, 7.14291692e-01,
            5.87775707e-01, 6.66247487e-01, 7.94174671e-01,
            5.97468257e-01, 8.02736580e-01, 7.99110591e-01,
            4.81125504e-01, 2.51401901e-01, 1.01475596e+00,
            5.24912238e-01, 2.51402587e-01, 9.42784309e-01,
            4.47132289e-01, 2.64953941e-01, 9.21965122e-01,
            5.63450575e-01, 2.62290180e-01, 8.90651703e-01 ]
    }
}
