{
    "pose_0": {
        "type_id": "opencv-matrix",
        "rows": 1,
        "cols": 18,
        "dt": "3f",
        "data": [ 5.19794643e-01, 2.84085184e-01, 8.96711469e-01,
            5.20000815e-01, 3.57724726e-01, 9.32518363e-01,
            4.08309996e-01, 3.57825279e-01, 8.45310330e-01,
            3.30539137e-01, 3.90576303e-01, 5.62200844e-01,
            3.20705920e-01, 4.01518136e-01, 7.64472902e-01,
            6.31507277e-01, 3.55048656e-01, 8.57468426e-01,
            7.14035451e-01, 4.23379987e-01, 7.86102176e-01,
            7.43123889e-01, 4.01477039e-01, 8.05847466e-01,
            4.47161674e-01, 5.40755391e-01, 7.32747972e-01,
            4.47106004e-01, 6.82541788e-01, 8.20777416e-01,
            4.47243422e-01, 8.24564695e-01, 7.97241688e-01,
            5.97372770e-01, 5.43386579e-01, 7.47692645e-01,
            5.97637177e-01, 6.82666302e-01, 8.36748838e-01,
            6.02179766e-01, 8.19084704e-01, 8.29023361e-01,
            4.86189425e-01, 2.70564139e-01, 9.57758904e-01,
            5.34518540e-01, 2.70566463e-01, 8.84183168e-01,
            4.56894666e-01, 2.75967151e-01, 8.55881512e-01,
            5.68345249e-01, 2.75973231e-01, 9.09208834e-01 ]
    }
}
