{
    "pose_0": {
        "type_id": "opencv-matrix",
        "rows": 1,
        "cols": 18,
        "dt": "3f",
        "data": [ 5.10085166e-01, 2.70482749e-01, 9.25959110e-01,
            5.15033662e-01, 3.52360040e-01, 8.82616401e-01,
            4.08017874e-01, 3.52331012e-01, 8.76377285e-01,
            3.30552548e-01, 4.28803772e-01, 8.69414806e-01,
            2.82104760e-01, 4.91502851e-01, 8.93070042e-01,
            6.07457280e-01, 3.52293313e-01, 8.28101575e-01,
            6.89752519e-01, 4.42462146e-01, 8.36328626e-01,
            7.67548859e-01, 4.91661817e-01, 8.34266365e-01,
            4.42277253e-01, 5.35268903e-01, 7.59755909e-01,
            4.42354381e-01, 6.71676755e-01, 8.13759148e-01,
            4.47066396e-01, 8.16249728e-01, 8.39254498e-01,
            5.78227758e-01, 5.35302937e-01, 7.18137681e-01,
            5.87842584e-01, 6.69075429e-01, 7.69905448e-01,
            5.97405493e-01, 8.10903788e-01, 7.94450521e-01,
            4.81207579e-01, 2.54151523e-01, 9.61748600e-01,
            5.24925947e-01, 2.54129201e-01, 9.15101111e-01,
            4.47270989e-01, 2.67759442e-01, 9.26924825e-01,
            5.63462734e-01, 2.67718256e-01, 9.17719603e-01 ]
    }
}
