{
    "pose_0": {
        "type_id": "opencv-matrix",
        "rows": 1,
        "cols": 18,
        "dt": "3f",
        "data": [ 4.85849530e-01, 2.67752349e-01, 9.69244361e-01,
            4.85713363e-01, 3.44189078e-01, 9.27370012e-01,
            3.74276936e-01, 3.44199389e-01, 8.43280256e-01,
            3.06347936e-01, 4.34272379e-01, 7.87669778e-01,
            2.43265465e-01, 4.94370937e-01, 8.30677509e-01,
            5.97278535e-01, 3.44175190e-01, 8.62690628e-01,
            6.75050080e-01, 4.34289813e-01, 8.67273986e-01,
            7.81931043e-01, 4.69678402e-01, 8.85046482e-01,
            4.08416897e-01, 5.35169899e-01, 7.42881596e-01,
            4.08444971e-01, 6.71693385e-01, 8.04868221e-01,
            4.17959094e-01, 8.13619137e-01, 7.88537025e-01,
            5.58637559e-01, 5.35240650e-01, 7.66836822e-01,
            5.58929324e-01, 6.71725869e-01, 8.24656069e-01,
            5.63691378e-01, 8.10859382e-01, 8.19807947e-01,
            4.61633563e-01, 2.51437157e-01, 9.03312027e-01,
            5.15013337e-01, 2.51452714e-01, 9.30989027e-01,
            4.37320381e-01, 2.59583890e-01, 8.36629450e-01,
            5.44211090e-01, 2.65013456e-01, 8.19962263e-01 ]
    }
}
