{
    "pose_0": {
        "type_id": "opencv-matrix",
        "rows": 1,
        "cols": 18,
        "dt": "3f",
        "data": [ 5.19893646e-01, 2.84095258e-01, 9.03260708e-01,
            5.20088613e-01, 3.57671142e-01, 9.24573839e-01,
            4.22858655e-01, 3.57680112e-01, 8.22099626e-01,
            3.59682560e-01, 4.15157676e-01, 6.46230221e-01,
            3.40221554e-01, 3.82479161e-01, 8.27388167e-01,
            6.17019475e-01, 3.55078250e-01, 8.39567363e-01,
            6.84939265e-01, 4.09691989e-01, 7.84735084e-01,
            7.09099352e-01, 3.79596621e-01, 8.58707607e-01,
            4.47204381e-01, 5.35313845e-01, 7.45664239e-01,
            4.47216988e-01, 6.82582796e-01, 8.24581325e-01,
            4.47307438e-01, 8.21909904e-01, 8.14502180e-01,
            5.97290039e-01, 5.40656686e-01, 7.44957387e-01,
            5.97716570e-01, 6.82648659e-01, 8.42793345e-01,
            6.02257907e-01, 8.19100678e-01, 8.36817026e-01,
            4.90733981e-01, 2.70559907e-01, 9.35642123e-01,
            5.39335847e-01, 2.70578831e-01, 8.68744612e-01,
            4.61718261e-01, 2.75966853e-01, 8.32648039e-01,
            5.68514049e-01, 2.78633863e-01, 8.93699408e-01 ]
    }
}
