{
    "pose_0": {
        "type_id": "opencv-matrix",
        "rows": 1,
        "cols": 18,
        "dt": "3f",
        "data": [ 4.90759134e-01, 2.64978796e-01, 9.03077900e-01,
            4.95529324e-01, 3.49580824e-01, 8.61830831e-01,
            3.88750404e-01, 3.41457933e-01, 8.42375278e-01,
            2.86665469e-01, 4.17867452e-01, 6.69297636e-01,
            3.01466852e-01, 4.17887419e-01, 6.10323548e-01,
            6.02549314e-01, 3.55058670e-01, 8.77379537e-01,
            6.55791342e-01, 4.47901130e-01, 8.27278852e-01,
            6.41227424e-01, 5.32421410e-01, 8.52787912e-01,
            4.13161576e-01, 5.48866868e-01, 7.31100976e-01,
            4.32531744e-01, 6.88132048e-01, 7.85594881e-01,
            4.61659372e-01, 8.38095784e-01, 7.47076571e-01,
            5.63681483e-01, 5.48877656e-01, 7.35477865e-01,
            5.63631892e-01, 6.88190818e-01, 8.72875392e-01,
            5.68459034e-01, 8.19115520e-01, 7.92836905e-01,
            4.75991577e-01, 2.51289219e-01, 9.37195063e-01,
            5.19948542e-01, 2.51258135e-01, 9.63845909e-01,
            4.42109734e-01, 2.64978677e-01, 9.12483871e-01,
            5.58622181e-01, 2.65016615e-01, 9.18867588e-01 ]
    }
}
