{
    "pose_0": {
        "type_id": "opencv-matrix",
        "rows": 1,
        "cols": 18,
        "dt": "3f",
        "data": [ 4.90867406e-01, 2.70446420e-01, 9.34316933e-01,
            4.85973686e-01, 3.46939892e-01, 9.17867184e-01,
            3.74338925e-01, 3.44224066e-01, 8.12078893e-01,
            2.19061717e-01, 3.82463098e-01, 8.04795146e-01,
            9.28509384e-02, 3.85080576e-01, 8.52442205e-01,
            5.97686231e-01, 3.52305830e-01, 8.80741239e-01,
            6.65390730e-01, 4.47855711e-01, 8.50110769e-01,
            7.38341689e-01, 4.94340062e-01, 8.05997610e-01,
            4.13166970e-01, 5.35220742e-01, 7.33157456e-01,
            4.13266629e-01, 6.68989420e-01, 7.86229670e-01,
            4.27654237e-01, 8.13666999e-01, 7.88937926e-01,
            5.58900118e-01, 5.35278976e-01, 7.60241032e-01,
            5.63553452e-01, 6.69034421e-01, 8.27869356e-01,
            5.63875556e-01, 8.05467606e-01, 7.99756646e-01,
            4.80769753e-01, 2.54096299e-01, 9.16124165e-01,
            5.20066738e-01, 2.54162699e-01, 9.31464255e-01,
            4.46844876e-01, 2.67638475e-01, 9.10889745e-01,
            5.58570385e-01, 2.67760783e-01, 9.15093541e-01 ]
    }
}
