{
    "pose_0": {
        "type_id": "opencv-matrix",
        "rows": 1,
        "cols": 18,
        "dt": "3f",
        "data": [ 4.81038898e-01, 2.54183829e-01, 9.40869689e-01,
            4.80794460e-01, 3.38672251e-01, 9.20093656e-01,
            3.64599019e-01, 3.35971266e-01, 8.85360956e-01,
            2.91662276e-01, 3.90539348e-01, 6.19427681e-01,
            2.91979194e-01, 4.20528054e-01, 6.93678379e-01,
            5.87895632e-01, 3.38822544e-01, 8.72104645e-01,
            6.36501431e-01, 4.36942190e-01, 8.21687102e-01,
            6.41171753e-01, 5.13531744e-01, 8.80217433e-01,
            4.08046037e-01, 5.37985861e-01, 7.66694784e-01,
            4.22730565e-01, 6.85389400e-01, 7.91101575e-01,
            4.52098638e-01, 8.35453451e-01, 7.69250929e-01,
            5.58552802e-01, 5.35292208e-01, 7.67645895e-01,
            5.53918302e-01, 6.82542086e-01, 8.46509457e-01,
            5.83051443e-01, 8.05484414e-01, 7.40419149e-01,
            4.47342485e-01, 2.48523474e-01, 9.50425565e-01,
            5.05251765e-01, 2.48523518e-01, 8.67516875e-01,
            4.17925417e-01, 2.54048795e-01, 8.89301956e-01,
            5.29702425e-01, 2.54086077e-01, 8.98012221e-01 ]
    }
}
