{
    "pose_0": {
        "type_id": "opencv-matrix",
        "rows": 1,
        "cols": 18,
        "dt": "3f",
        "data": [ 5.10231555e-01, 2.59565026e-01, 8.74089658e-01,
            5.05355239e-01, 3.38721752e-01, 8.96885276e-01,
            3.98432016e-01, 3.38741779e-01, 8.76304805e-01,
            3.59551311e-01, 4.42357779e-01, 8.38217735e-01,
            3.35339665e-01, 5.18893778e-01, 8.35676253e-01,
            6.12178266e-01, 3.38659555e-01, 8.70261490e-01,
            6.89712405e-01, 4.01586443e-01, 7.73663521e-01,
            7.09146500e-01, 4.34237093e-01, 8.22393537e-01,
            4.41980362e-01, 5.37971973e-01, 7.15018511e-01,
            4.46959257e-01, 6.88073993e-01, 8.21958482e-01,
            4.52045739e-01, 8.35483670e-01, 7.92673230e-01,
            5.87811172e-01, 5.37990093e-01, 7.05467224e-01,
            5.68590105e-01, 6.87999427e-01, 7.97588170e-01,
            5.78047156e-01, 8.30032945e-01, 7.44044662e-01,
            4.81264412e-01, 2.48596370e-01, 9.94646013e-01,
            5.29549956e-01, 2.48645514e-01, 9.38871682e-01,
            4.47166294e-01, 2.51454920e-01, 9.25750136e-01,
            5.63654602e-01, 2.54098058e-01, 9.19348061e-01 ]
    }
}
