{
    "pose_0": {
        "type_id": "opencv-matrix",
        "rows": 1,
        "cols": 18,
        "dt": "3f",
        "data": [ 5.19985378e-01, 2.70498753e-01, 9.96602356e-01,
            5.24981856e-01, 3.38847995e-01, 9.23503280e-01,
            4.32430387e-01, 3.44208509e-01, 8.28088701e-01,
            4.13006961e-01, 4.45036888e-01, 6.09716654e-01,
            4.42306459e-01, 4.99720037e-01, 1.52517468e-01,
            6.36377275e-01, 3.36099118e-01, 9.21759129e-01,
            7.28551984e-01, 4.01580304e-01, 7.37636209e-01,
            7.19088018e-01, 3.87817383e-01, 8.85071635e-01,
            4.52006787e-01, 5.27064323e-01, 7.60145366e-01,
            4.85915810e-01, 6.22478306e-01, 8.50647807e-01,
            4.66383100e-01, 7.39952326e-01, 7.75806248e-01,
            6.02352977e-01, 5.35309970e-01, 7.90780962e-01,
            5.92596531e-01, 6.90787315e-01, 7.83758879e-01,
            5.63703358e-01, 8.35500836e-01, 7.81144500e-01,
            4.90814626e-01, 2.54144788e-01, 9.00753498e-01,
            5.44194102e-01, 2.54180461e-01, 8.59175682e-01,
            4.66469824e-01, 2.65035689e-01, 7.96630323e-01,
            5.73396087e-01, 2.67648309e-01, 8.31345260e-01 ]
    }
}
