{
    "pose_0": {
        "type_id": "opencv-matrix",
        "rows": 1,
        "cols": 18,
        "dt": "3f",
        "data": [ 4.85835999e-01, 2.67748475e-01, 9.70275998e-01,
            4.85695660e-01, 3.44182998e-01, 9.27408934e-01,
            3.74297410e-01, 3.44201326e-01, 8.41918170e-01,
            3.06242108e-01, 4.36953306e-01, 7.90216804e-01,
            2.47926280e-01, 4.94376540e-01, 8.50726485e-01,
            5.92726052e-01, 3.44160646e-01, 8.56622756e-01,
            6.75016999e-01, 4.31473166e-01, 8.82386327e-01,
            7.77116895e-01, 4.67022538e-01, 8.70849431e-01,
            4.08390462e-01, 5.32597423e-01, 7.48150945e-01,
            4.08436269e-01, 6.69037819e-01, 8.09992969e-01,
            4.18032289e-01, 8.13567698e-01, 7.76409507e-01,
            5.58605194e-01, 5.35221517e-01, 7.72437871e-01,
            5.58895171e-01, 6.69016659e-01, 8.36516559e-01,
            5.63700914e-01, 8.05478811e-01, 8.05636823e-01,
            4.61590022e-01, 2.51442045e-01, 9.01953995e-01,
            5.14981866e-01, 2.51436293e-01, 9.26045060e-01,
            4.37299430e-01, 2.59595901e-01, 8.34485114e-01,
            5.44134855e-01, 2.64967233e-01, 8.08580279e-01 ]
    }
}
