{
    "pose_0": {
        "type_id": "opencv-matrix",
        "rows": 1,
        "cols": 18,
        "dt": "3f",
        "data": [ 5.19921362e-01, 2.70549655e-01, 9.88132000e-01,
            5.20070851e-01, 3.52303684e-01, 9.08140361e-01,
            4.08345878e-01, 3.54984730e-01, 8.57414424e-01,
            3.64680737e-01, 4.50667381e-01, 8.34861696e-01,
            3.35602641e-01, 5.37931979e-01, 8.35208178e-01,
            6.31628394e-01, 3.44224155e-01, 8.37479472e-01,
            7.09013402e-01, 4.17831182e-01, 7.83261657e-01,
            7.18942285e-01, 4.58773106e-01, 8.07849824e-01,
            4.46877539e-01, 5.46190679e-01, 7.53453314e-01,
            4.66479838e-01, 6.85315549e-01, 8.05732727e-01,
            4.71304893e-01, 8.24546576e-01, 7.34623253e-01,
            5.97454548e-01, 5.48858821e-01, 7.43721962e-01,
            5.83025455e-01, 6.85450673e-01, 7.89253831e-01,
            5.73220730e-01, 8.19177210e-01, 7.63554394e-01,
            4.90721077e-01, 2.54210979e-01, 8.99500608e-01,
            5.44151604e-01, 2.54208595e-01, 8.46776187e-01,
            4.61704582e-01, 2.67724037e-01, 8.06614399e-01,
            5.73395431e-01, 2.67741084e-01, 8.30580831e-01 ]
    }
}
