{
    "pose_0": {
        "type_id": "opencv-matrix",
        "rows": 1,
        "cols": 18,
        "dt": "3f",
        "data": [ 4.90704268e-01, 2.59589612e-01, 8.98718894e-01,
            4.85947043e-01, 3.38638157e-01, 9.61969137e-01,
            3.98389995e-01, 3.33231598e-01, 8.10971737e-01,
            3.20907772e-01, 3.82492840e-01, 6.86722457e-01,
            3.20861936e-01, 3.57881814e-01, 8.63246679e-01,
            5.87925732e-01, 3.41485351e-01, 8.45897913e-01,
            5.97293139e-01, 4.28788304e-01, 5.49383581e-01,
            5.58871686e-01, 4.91618425e-01, 1.59095958e-01,
            4.12992269e-01, 5.35190046e-01, 7.65736222e-01,
            4.37167794e-01, 6.85322940e-01, 7.58137167e-01,
            4.56728876e-01, 8.35428655e-01, 7.24868596e-01,
            5.58706820e-01, 5.24290979e-01, 8.03134024e-01,
            5.19909203e-01, 6.17148876e-01, 8.14638615e-01,
            5.53942025e-01, 7.42679656e-01, 7.25832403e-01,
            4.71392155e-01, 2.48698413e-01, 9.32130158e-01,
            5.19868493e-01, 2.48702392e-01, 9.59377408e-01,
            4.37452376e-01, 2.56907374e-01, 9.09386396e-01,
            5.53872705e-01, 2.59550810e-01, 8.37742388e-01 ]
    }
}
