{
    "pose_0": {
        "type_id": "opencv-matrix",
        "rows": 1,
        "cols": 18,
        "dt": "3f",
        "data": [ 4.90687430e-01, 2.56850839e-01, 9.07460093e-01,
            4.85814631e-01, 3.36070031e-01, 9.73195910e-01,
            3.88878167e-01, 3.30486000e-01, 7.79941082e-01,
            2.91860700e-01, 3.63251925e-01, 7.06372440e-01,
            3.15972865e-01, 3.65980685e-01, 8.32980394e-01,
            5.87753654e-01, 3.41468722e-01, 8.30222905e-01,
            5.92594683e-01, 4.34291899e-01, 6.47826195e-01,
            5.53889990e-01, 4.94294763e-01, 1.89043537e-01,
            4.08177406e-01, 5.35208642e-01, 7.73275673e-01,
            4.42072421e-01, 6.85366571e-01, 7.80634284e-01,
            4.56850708e-01, 8.38292778e-01, 7.79931784e-01,
            5.53861916e-01, 5.21595359e-01, 7.64873981e-01,
            5.19662857e-01, 6.03493452e-01, 8.31244409e-01,
            5.53948462e-01, 7.31678188e-01, 7.98079252e-01,
            4.71399426e-01, 2.48593748e-01, 9.26850736e-01,
            5.19855917e-01, 2.48640239e-01, 9.57161069e-01,
            4.37378228e-01, 2.54214793e-01, 9.05368745e-01,
            5.53792059e-01, 2.59527206e-01, 8.08366954e-01 ]
    }
}
