{
    "pose_0": {
        "type_id": "opencv-matrix",
        "rows": 1,
        "cols": 18,
        "dt": "3f",
        "data": [ 4.86046493e-01, 2.75962234e-01, 9.46410179e-01,
            4.86041218e-01, 3.57867867e-01, 9.56972003e-01,
            3.74393225e-01, 3.57680261e-01, 8.72867763e-01,
            3.06362420e-01, 4.39671755e-01, 8.14891458e-01,
            2.96500742e-01, 5.10633528e-01, 8.82747293e-01,
            6.02201879e-01, 3.60480905e-01, 9.29327965e-01,
            6.36441946e-01, 4.50728297e-01, 8.38346004e-01,
            6.36466265e-01, 5.29821634e-01, 8.41593027e-01,
            4.17893231e-01, 5.48835635e-01, 7.26349413e-01,
            4.42151278e-01, 6.88043654e-01, 8.22105706e-01,
            4.56819475e-01, 8.19192648e-01, 8.00472677e-01,
            5.63430667e-01, 5.43451905e-01, 7.77240753e-01,
            5.63477337e-01, 6.85270965e-01, 8.32241297e-01,
            5.68635941e-01, 8.24588358e-01, 7.72755444e-01,
            4.66533989e-01, 2.70332515e-01, 8.84675622e-01,
            5.19614398e-01, 2.67765731e-01, 9.22533751e-01,
            4.37451899e-01, 2.73280382e-01, 9.29882646e-01,
            5.53737402e-01, 2.73241162e-01, 9.19983387e-01 ]
    }
}
