{
    "pose_0": {
        "type_id": "opencv-matrix",
        "rows": 1,
        "cols": 18,
        "dt": "3f",
        "data": [ 5.19975603e-01, 2.76012599e-01, 9.46681738e-01,
            5.20090938e-01, 3.57895285e-01, 9.37409520e-01,
            4.13059026e-01, 3.57902646e-01, 8.85666490e-01,
            3.64364088e-01, 4.47965592e-01, 8.84250104e-01,
            3.35437387e-01, 5.29834688e-01, 8.72982383e-01,
            6.31372273e-01, 3.57829332e-01, 8.81083608e-01,
            6.80205405e-01, 4.45171326e-01, 8.71533036e-01,
            7.18704522e-01, 5.10770321e-01, 9.46022093e-01,
            4.47080821e-01, 5.46133816e-01, 7.46535301e-01,
            4.47196811e-01, 6.85417652e-01, 8.52602303e-01,
            4.51961905e-01, 8.21817100e-01, 8.15027595e-01,
            5.97440779e-01, 5.46179831e-01, 7.53336966e-01,
            6.02186799e-01, 6.85354710e-01, 8.71155441e-01,
            6.02593303e-01, 8.19070458e-01, 8.53665292e-01,
            4.90846723e-01, 2.70357400e-01, 9.27821279e-01,
            5.44162989e-01, 2.70371705e-01, 8.79455566e-01,
            4.71239686e-01, 2.73217410e-01, 8.52224946e-01,
            5.68603158e-01, 2.73355633e-01, 8.89378786e-01 ]
    }
}
