{
    "pose_0": {
        "type_id": "opencv-matrix",
        "rows": 1,
        "cols": 18,
        "dt": "3f",
        "data": [ 5.20060480e-01, 2.81384856e-01, 9.19584513e-01,
            5.24520159e-01, 3.57699096e-01, 9.44117546e-01,
            4.13090527e-01, 3.57822716e-01, 8.63484263e-01,
            3.49912554e-01, 4.23403800e-01, 7.70174861e-01,
            3.25793147e-01, 3.98727655e-01, 8.52137327e-01,
            6.31488740e-01, 3.55054647e-01, 8.65653157e-01,
            7.14045584e-01, 4.23346817e-01, 8.12618971e-01,
            7.47933745e-01, 3.90571773e-01, 8.40621710e-01,
            4.47317243e-01, 5.46126366e-01, 7.30073214e-01,
            4.47270185e-01, 6.85314298e-01, 8.43834519e-01,
            4.51892734e-01, 8.21823001e-01, 8.21645796e-01,
            5.97476602e-01, 5.46164095e-01, 7.49155164e-01,
            6.02197886e-01, 6.85332835e-01, 8.67245793e-01,
            6.02389872e-01, 8.16434264e-01, 8.61563742e-01,
            4.90912497e-01, 2.70524025e-01, 9.36078906e-01,
            5.44177353e-01, 2.70506799e-01, 8.86299729e-01,
            4.66557145e-01, 2.75922477e-01, 8.40243757e-01,
            5.68608761e-01, 2.75938809e-01, 8.66548777e-01 ]
    }
}
