{
    "pose_0": {
        "type_id": "opencv-matrix",
        "rows": 1,
        "cols": 18,
        "dt": "3f",
        "data": [ 5.24584532e-01, 2.75977582e-01, 9.53687608e-01,
            5.24519622e-01, 3.60473603e-01, 9.54651415e-01,
            4.13026333e-01, 3.60428691e-01, 8.94125104e-01,
            3.45077962e-01, 4.31543946e-01, 7.99873173e-01,
            3.11181307e-01, 4.86125052e-01, 8.43093455e-01,
            6.31576896e-01, 3.60490918e-01, 8.87504637e-01,
            7.09050238e-01, 4.45069879e-01, 8.53259921e-01,
            7.72300780e-01, 4.83360678e-01, 8.20432305e-01,
            4.51842159e-01, 5.51541507e-01, 7.52221704e-01,
            4.51870918e-01, 6.85304582e-01, 8.25849891e-01,
            4.52015549e-01, 8.21893334e-01, 7.85017312e-01,
            5.97568631e-01, 5.48919320e-01, 7.71645725e-01,
            6.02279544e-01, 6.85424566e-01, 8.75317037e-01,
            6.02627933e-01, 8.19046915e-01, 8.48523319e-01,
            4.95709449e-01, 2.70333380e-01, 8.98534298e-01,
            5.53683281e-01, 2.70336181e-01, 8.96137834e-01,
            4.76069421e-01, 2.73257494e-01, 8.82236838e-01,
            5.78218043e-01, 2.75888205e-01, 8.74284208e-01 ]
    }
}
