{
    "pose_0": {
        "type_id": "opencv-matrix",
        "rows": 1,
        "cols": 18,
        "dt": "3f",
        "data": [ 5.19986451e-01, 2.84073412e-01, 9.12458837e-01,
            5.24560094e-01, 3.55091900e-01, 9.32682395e-01,
            4.17972714e-01, 3.57675493e-01, 8.23645711e-01,
            3.59653056e-01, 4.23226923e-01, 7.75072873e-01,
            3.35409969e-01, 3.90546262e-01, 8.19056034e-01,
            6.31390989e-01, 3.52362931e-01, 8.58680964e-01,
            7.09033728e-01, 4.09725517e-01, 7.30190873e-01,
            7.14059472e-01, 3.79631937e-01, 8.89238477e-01,
            4.47294146e-01, 5.40699780e-01, 7.39773095e-01,
            4.47254539e-01, 6.82663023e-01, 8.36152732e-01,
            4.51824367e-01, 8.19218278e-01, 8.30038249e-01,
            5.97454786e-01, 5.43447137e-01, 7.57989049e-01,
            5.97723484e-01, 6.82615638e-01, 8.34368646e-01,
            6.02298439e-01, 8.16462755e-01, 8.45028102e-01,
            4.90870357e-01, 2.70569056e-01, 9.28976238e-01,
            5.44083714e-01, 2.70568460e-01, 8.74493957e-01,
            4.66548473e-01, 2.75986493e-01, 8.42488348e-01,
            5.68533599e-01, 2.76021272e-01, 8.92079532e-01 ]
    }
}
