{
    "pose_0": {
        "type_id": "opencv-matrix",
        "rows": 1,
        "cols": 18,
        "dt": "3f",
        "data": [ 5.10095179e-01, 2.70532250e-01, 9.22908783e-01,
            5.14937699e-01, 3.52353573e-01, 8.73853743e-01,
            4.08037066e-01, 3.49676341e-01, 8.62055123e-01,
            2.91791618e-01, 4.20497447e-01, 8.00107598e-01,
            1.80075839e-01, 4.45278198e-01, 8.82854581e-01,
            6.07318342e-01, 3.52380008e-01, 8.44062269e-01,
            6.80117846e-01, 4.45151836e-01, 9.08702552e-01,
            7.67384350e-01, 4.91678119e-01, 8.57013285e-01,
            4.42052990e-01, 5.35330534e-01, 7.39828944e-01,
            4.42136049e-01, 6.74486935e-01, 7.94354975e-01,
            4.42309856e-01, 8.16310525e-01, 8.41769159e-01,
            5.78111768e-01, 5.38003445e-01, 7.05578446e-01,
            5.82936883e-01, 6.74439371e-01, 7.64507651e-01,
            5.87916791e-01, 8.13582897e-01, 7.77339578e-01,
            4.81177539e-01, 2.56840229e-01, 9.36806500e-01,
            5.24886250e-01, 2.54194140e-01, 9.18349981e-01,
            4.47275937e-01, 2.70417303e-01, 9.12258267e-01,
            5.63401699e-01, 2.67789006e-01, 9.28565681e-01 ]
    }
}
