{
    "pose_0": {
        "type_id": "opencv-matrix",
        "rows": 1,
        "cols": 18,
        "dt": "3f",
        "data": [ 4.85687345e-01, 2.67698973e-01, 9.62298751e-01,
            4.81197268e-01, 3.41496855e-01, 9.35644090e-01,
            3.69650722e-01, 3.44130456e-01, 8.55482578e-01,
            3.11063081e-01, 4.36939061e-01, 7.93675959e-01,
            2.47860834e-01, 4.94407117e-01, 8.44007432e-01,
            5.92613280e-01, 3.41434568e-01, 8.68839681e-01,
            6.75179839e-01, 4.26027179e-01, 9.65400219e-01,
            7.91730464e-01, 4.61507887e-01, 8.74109566e-01,
            4.08456147e-01, 5.32474637e-01, 7.46019125e-01,
            4.08414841e-01, 6.69013202e-01, 8.12034130e-01,
            4.17904943e-01, 8.13551903e-01, 7.83085525e-01,
            5.58630347e-01, 5.32538056e-01, 7.71694064e-01,
            5.58889270e-01, 6.68977022e-01, 8.26996624e-01,
            5.63537538e-01, 8.02698433e-01, 8.22544336e-01,
            4.52134550e-01, 2.51383930e-01, 9.22566533e-01,
            5.10177374e-01, 2.51378715e-01, 8.98830175e-01,
            4.32476014e-01, 2.59538800e-01, 8.26834440e-01,
            5.34516156e-01, 2.62242854e-01, 8.24918807e-01 ]
    }
}
