{
    "pose_0": {
        "type_id": "opencv-matrix",
        "rows": 1,
        "cols": 18,
        "dt": "3f",
        "data": [ 5.10076284e-01, 2.67733276e-01, 8.93104553e-01,
            5.14832914e-01, 3.41551691e-01, 8.71905923e-01,
            4.03362960e-01, 3.44165683e-01, 8.78001034e-01,
            3.11211914e-01, 4.12395298e-01, 7.92583823e-01,
            3.16044331e-01, 4.45116729e-01, 8.77369285e-01,
            6.12119198e-01, 3.41515630e-01, 8.29838753e-01,
            7.04297602e-01, 4.15155053e-01, 7.93844879e-01,
            7.13973522e-01, 4.45103616e-01, 9.59359527e-01,
            4.42041636e-01, 5.35238266e-01, 7.34077275e-01,
            4.42285150e-01, 6.66372836e-01, 8.31693888e-01,
            4.47047383e-01, 8.10936153e-01, 8.19880486e-01,
            5.78113616e-01, 5.35249829e-01, 7.27617145e-01,
            5.87842703e-01, 6.66365921e-01, 7.88262546e-01,
            5.97454846e-01, 8.05410087e-01, 7.85298228e-01,
            4.81146991e-01, 2.51369178e-01, 1.01732957e+00,
            5.24970889e-01, 2.51378417e-01, 9.34014380e-01,
            4.47169453e-01, 2.62302637e-01, 9.04854059e-01,
            5.63532710e-01, 2.62278527e-01, 8.89109612e-01 ]
    }
}
