{
    "pose_0": {
        "type_id": "opencv-matrix",
        "rows": 1,
        "cols": 18,
        "dt": "3f",
        "data": [ 5.10164142e-01, 2.70490885e-01, 9.32987928e-01,
            5.14876008e-01, 3.49683046e-01, 8.59224021e-01,
            4.03500676e-01, 3.52316469e-01, 8.70854676e-01,
            3.30475509e-01, 4.26083833e-01, 8.75405848e-01,
            2.91895539e-01, 4.83370602e-01, 8.49924862e-01,
            6.07328057e-01, 3.46918643e-01, 8.39069903e-01,
            6.84889913e-01, 4.26100254e-01, 8.73365879e-01,
            7.52736270e-01, 4.86084044e-01, 8.87476981e-01,
            4.42124784e-01, 5.37970781e-01, 7.36858726e-01,
            4.42334086e-01, 6.69077456e-01, 8.20585847e-01,
            4.47068989e-01, 8.13628912e-01, 8.09451699e-01,
            5.78132391e-01, 5.37945390e-01, 7.21398354e-01,
            5.87822974e-01, 6.69041514e-01, 7.74794579e-01,
            5.97407520e-01, 8.10926676e-01, 7.84412563e-01,
            4.81231481e-01, 2.54123092e-01, 9.61788416e-01,
            5.25004864e-01, 2.54124522e-01, 9.05386448e-01,
            4.47193742e-01, 2.67693341e-01, 9.32567656e-01,
            5.63462555e-01, 2.67674774e-01, 8.86453986e-01 ]
    }
}
