{
    "pose_0": {
        "type_id": "opencv-matrix",
        "rows": 1,
        "cols": 18,
        "dt": "3f",
        "data": [ 5.24632156e-01, 2.75884777e-01, 9.45556343e-01,
            5.24873018e-01, 3.55056047e-01, 9.20503914e-01,
            4.22848016e-01, 3.57672960e-01, 8.43119681e-01,
            3.74413222e-01, 4.47871834e-01, 8.69027793e-01,
            3.83889347e-01, 5.27023971e-01, 7.84148455e-01,
            6.36409223e-01, 3.49659592e-01, 8.76170158e-01,
            7.13834286e-01, 4.15155709e-01, 8.27151775e-01,
            7.18770444e-01, 4.61508721e-01, 8.82917106e-01,
            4.56699878e-01, 5.40757477e-01, 7.15554178e-01,
            4.80988324e-01, 6.74410343e-01, 8.45542192e-01,
            4.80803907e-01, 7.80883789e-01, 7.90270209e-01,
            6.02346957e-01, 5.43448210e-01, 7.51737833e-01,
            5.97739935e-01, 6.85456395e-01, 8.82130623e-01,
            5.68600833e-01, 8.19204926e-01, 7.70467639e-01,
            4.95743155e-01, 2.67754734e-01, 8.74607563e-01,
            5.53693235e-01, 2.67669827e-01, 8.82193804e-01,
            4.76173043e-01, 2.73156077e-01, 8.78017962e-01,
            5.87760508e-01, 2.70602942e-01, 9.24797654e-01 ]
    }
}
