{
    "pose_0": {
        "type_id": "opencv-matrix",
        "rows": 1,
        "cols": 18,
        "dt": "3f",
        "data": [ 4.95725960e-01, 2.67744452e-01, 8.97119582e-01,
            5.10064065e-01, 3.49617869e-01, 8.41877997e-01,
            4.03108686e-01, 3.41552258e-01, 8.66104782e-01,
            3.20879221e-01, 4.06976759e-01, 7.13984191e-01,
            2.91747212e-01, 4.42474186e-01, 7.62133539e-01,
            6.12056077e-01, 3.52366507e-01, 8.26864719e-01,
            6.75009668e-01, 4.47873980e-01, 8.69520307e-01,
            6.75316393e-01, 5.35232842e-01, 8.73371959e-01,
            4.27680671e-01, 5.48883259e-01, 6.96393788e-01,
            4.42373157e-01, 6.96258485e-01, 8.30856085e-01,
            4.66485918e-01, 8.38113964e-01, 7.89534271e-01,
            5.78106165e-01, 5.54235995e-01, 7.00533628e-01,
            5.63757658e-01, 6.90792024e-01, 8.59514236e-01,
            5.68478823e-01, 8.27290952e-01, 7.76650190e-01,
            4.80827540e-01, 2.51411855e-01, 9.74516451e-01,
            5.24707556e-01, 2.51403332e-01, 9.54066455e-01,
            4.42436606e-01, 2.65062004e-01, 9.00794089e-01,
            5.63351870e-01, 2.65046030e-01, 8.87931645e-01 ]
    }
}
