{
    "pose_0": {
        "type_id": "opencv-matrix",
        "rows": 1,
        "cols": 18,
        "dt": "3f",
        "data": [ 4.86089259e-01, 2.62233526e-01, 9.07644749e-01,
            4.86133248e-01, 3.38642776e-01, 9.52422321e-01,
            3.98322582e-01, 3.30567658e-01, 8.06558132e-01,
            2.96589196e-01, 3.71489942e-01, 6.56312943e-01,
            3.15988928e-01, 3.66009384e-01, 8.68099868e-01,
            5.97332239e-01, 3.44172031e-01, 8.56279135e-01,
            6.02603495e-01, 4.42382723e-01, 7.03380108e-01,
            5.73363364e-01, 5.02450287e-01, 2.82253921e-01,
            4.13083822e-01, 5.35156369e-01, 7.56053090e-01,
            4.27578449e-01, 6.85293853e-01, 7.49034166e-01,
            4.56881285e-01, 8.32734406e-01, 7.14682996e-01,
            5.58910787e-01, 5.29780746e-01, 7.97171772e-01,
            5.25004268e-01, 6.44338310e-01, 8.37246120e-01,
            5.58877409e-01, 7.72794008e-01, 7.77847588e-01,
            4.66507137e-01, 2.48747677e-01, 9.14375782e-01,
            5.19722939e-01, 2.48695403e-01, 9.41206396e-01,
            4.37390298e-01, 2.62292534e-01, 8.95110071e-01,
            5.53926528e-01, 2.59569257e-01, 8.79661918e-01 ]
    }
}
