{
    "pose_0": {
        "type_id": "opencv-matrix",
        "rows": 1,
        "cols": 18,
        "dt": "3f",
        "data": [ 4.81247723e-01, 2.75922447e-01, 9.51628149e-01,
            4.81007099e-01, 3.57682854e-01, 9.33312416e-01,
            3.74159873e-01, 3.52347285e-01, 8.43490124e-01,
            2.91844070e-01, 4.25946295e-01, 8.77278864e-01,
            2.86889613e-01, 4.88814384e-01, 8.82432103e-01,
            5.78112543e-01, 3.57839316e-01, 8.76783133e-01,
            5.97712576e-01, 4.45180416e-01, 7.12460697e-01,
            5.73269188e-01, 5.07943094e-01, 2.11319625e-01,
            4.08493578e-01, 5.37995517e-01, 7.77495801e-01,
            4.41937566e-01, 6.71715856e-01, 7.59829700e-01,
            4.61572677e-01, 8.19026053e-01, 7.84029365e-01,
            5.53933978e-01, 5.32562256e-01, 7.93864965e-01,
            5.19792259e-01, 6.41716301e-01, 8.64147902e-01,
            5.63570142e-01, 7.69981921e-01, 8.08581114e-01,
            4.52068985e-01, 2.67792881e-01, 9.08221662e-01,
            5.10100067e-01, 2.67756313e-01, 8.65988493e-01,
            4.27725583e-01, 2.73231179e-01, 8.77437830e-01,
            5.34518480e-01, 2.73264974e-01, 8.90895844e-01 ]
    }
}
