{
    "pose_0": {
        "type_id": "opencv-matrix",
        "rows": 1,
        "cols": 18,
        "dt": "3f",
        "data": [ 5.14867187e-01, 2.70528585e-01, 9.47986245e-01,
            5.15058577e-01, 3.38829041e-01, 9.09086823e-01,
            4.08188015e-01, 3.38838756e-01, 8.84780705e-01,
            3.54900688e-01, 4.09638643e-01, 7.56633699e-01,
            3.25857341e-01, 3.79571259e-01, 8.98412347e-01,
            6.07460082e-01, 3.38799596e-01, 8.64198983e-01,
            6.75244629e-01, 4.07052904e-01, 7.64451861e-01,
            6.99485719e-01, 3.74199301e-01, 8.18665624e-01,
            4.42313850e-01, 5.27019262e-01, 7.46913791e-01,
            4.42361534e-01, 6.63613558e-01, 8.26663911e-01,
            4.47114646e-01, 8.13630462e-01, 8.19701135e-01,
            5.82970560e-01, 5.29784083e-01, 7.17078567e-01,
            5.92554569e-01, 6.66157722e-01, 8.08760047e-01,
            5.97454548e-01, 8.05444717e-01, 7.98001051e-01,
            4.85691696e-01, 2.54199326e-01, 9.49844122e-01,
            5.29510081e-01, 2.56784856e-01, 8.81801009e-01,
            4.47249472e-01, 2.67763525e-01, 9.28953409e-01,
            5.63622415e-01, 2.67758191e-01, 9.19215620e-01 ]
    }
}
