{
    "pose_0": {
        "type_id": "opencv-matrix",
        "rows": 1,
        "cols": 18,
        "dt": "3f",
        "data": [ 4.81039047e-01, 2.29535043e-01, 9.80557561e-01,
            4.81265366e-01, 3.14151943e-01, 9.52664554e-01,
            3.69463891e-01, 3.14072609e-01, 8.91645074e-01,
            2.57717520e-01, 3.98662299e-01, 7.76951671e-01,
            1.46045804e-01, 4.26191032e-01, 8.38559568e-01,
            5.97391844e-01, 3.14166248e-01, 8.89618218e-01,
            6.89897895e-01, 4.01471674e-01, 8.62945795e-01,
            7.96758235e-01, 4.31566894e-01, 8.25984061e-01,
            4.08315241e-01, 5.02513289e-01, 7.37497509e-01,
            4.08425659e-01, 6.44353569e-01, 8.26025844e-01,
            4.13241297e-01, 7.80935705e-01, 7.86184251e-01,
            5.58609903e-01, 5.07867515e-01, 7.45046020e-01,
            5.63353777e-01, 6.44385278e-01, 8.66535306e-01,
            5.63681960e-01, 7.78118253e-01, 8.37371826e-01,
            4.47355688e-01, 2.18612850e-01, 9.00559843e-01,
            5.05268514e-01, 2.18617186e-01, 8.27773392e-01,
            4.22845632e-01, 2.26880729e-01, 8.32568049e-01,
            5.29769659e-01, 2.29415461e-01, 8.81925762e-01 ]
    }
}
