{
    "pose_0": {
        "type_id": "opencv-matrix",
        "rows": 1,
        "cols": 18,
        "dt": "3f",
        "data": [ 5.14832437e-01, 2.70385623e-01, 9.23879504e-01,
            5.15051126e-01, 3.38701755e-01, 9.09333408e-01,
            4.08341587e-01, 3.38720232e-01, 8.95820558e-01,
            3.59722704e-01, 4.04192328e-01, 7.56417036e-01,
            3.30689341e-01, 3.76853973e-01, 8.58289659e-01,
            6.02658272e-01, 3.38682771e-01, 8.93595994e-01,
            6.80126965e-01, 3.87833923e-01, 6.24266863e-01,
            7.04259992e-01, 3.63361716e-01, 7.97381759e-01,
            4.42207515e-01, 5.27006388e-01, 7.45998323e-01,
            4.42298949e-01, 6.63626254e-01, 8.35373998e-01,
            4.47083741e-01, 8.10912251e-01, 8.07770908e-01,
            5.78129590e-01, 5.29770553e-01, 7.14737713e-01,
            5.87886512e-01, 6.66173458e-01, 8.09351027e-01,
            5.97478449e-01, 8.02688360e-01, 8.04586112e-01,
            4.81283754e-01, 2.51530826e-01, 9.77877855e-01,
            5.29520869e-01, 2.54053384e-01, 8.94448280e-01,
            4.47253466e-01, 2.65047222e-01, 8.91691387e-01,
            5.63526452e-01, 2.65028596e-01, 8.64386320e-01 ]
    }
}
