{
    "pose_0": {
        "type_id": "opencv-matrix",
        "rows": 1,
        "cols": 18,
        "dt": "3f",
        "data": [ 5.10107934e-01, 2.70553380e-01, 9.24952328e-01,
            5.15044987e-01, 3.52330685e-01, 8.79513860e-01,
            4.08217788e-01, 3.49624366e-01, 8.61375391e-01,
            2.96733886e-01, 4.20578390e-01, 7.87390411e-01,
            1.80255741e-01, 4.47937518e-01, 8.84107530e-01,
            6.07298136e-01, 3.52382630e-01, 8.48006129e-01,
            6.84968650e-01, 4.45274025e-01, 8.82943869e-01,
            7.82081127e-01, 4.94290203e-01, 8.43231142e-01,
            4.42231655e-01, 5.35248339e-01, 7.62124181e-01,
            4.42258149e-01, 6.74397528e-01, 8.01265121e-01,
            4.42253679e-01, 8.16260338e-01, 8.41784358e-01,
            5.78187406e-01, 5.35321712e-01, 7.16421485e-01,
            5.82939208e-01, 6.74408019e-01, 7.60107994e-01,
            5.92642188e-01, 8.13660681e-01, 7.85001814e-01,
            4.81144607e-01, 2.56883264e-01, 9.33385015e-01,
            5.24881363e-01, 2.54211903e-01, 9.20951664e-01,
            4.47224081e-01, 2.70470858e-01, 9.28446233e-01,
            5.63410521e-01, 2.70321190e-01, 9.33876991e-01 ]
    }
}
