{
    "pose_0": {
        "type_id": "opencv-matrix",
        "rows": 1,
        "cols": 18,
        "dt": "3f",
        "data": [ 4.85802919e-01, 2.70323396e-01, 9.66633677e-01,
            4.85825092e-01, 3.41493875e-01, 9.43733037e-01,
            3.74404997e-01, 3.38630319e-01, 8.71695936e-01,
            2.81991392e-01, 3.82341504e-01, 7.44238794e-01,
            2.86630005e-01, 3.93338472e-01, 7.94337988e-01,
            5.97304702e-01, 3.49654317e-01, 8.46124649e-01,
            6.02320135e-01, 4.45252299e-01, 7.86842108e-01,
            5.63524842e-01, 4.99701798e-01, 2.65749067e-01,
            4.08209622e-01, 5.40683448e-01, 7.77914762e-01,
            4.46962535e-01, 6.88167810e-01, 8.14035714e-01,
            4.76148367e-01, 8.35488856e-01, 8.14993560e-01,
            5.53864241e-01, 5.27054846e-01, 7.65568614e-01,
            4.90665525e-01, 6.00684822e-01, 8.60830665e-01,
            5.34467757e-01, 7.18128800e-01, 8.03525805e-01,
            4.56780672e-01, 2.51495451e-01, 8.98480892e-01,
            5.14871240e-01, 2.51471400e-01, 8.93360615e-01,
            4.32527691e-01, 2.65003860e-01, 8.60245705e-01,
            5.44193745e-01, 2.64969081e-01, 8.28309536e-01 ]
    }
}
