{
    "pose_0": {
        "type_id": "opencv-matrix",
        "rows": 1,
        "cols": 18,
        "dt": "3f",
        "data": [ 4.80998397e-01, 2.59609997e-01, 9.19823766e-01,
            5.00522852e-01, 3.38782698e-01, 8.77450824e-01,
            3.69565487e-01, 3.38852763e-01, 8.61987591e-01,
            3.20741475e-01, 4.34286088e-01, 7.99202681e-01,
            2.57660836e-01, 5.05210698e-01, 8.21299195e-01,
            6.36361599e-01, 3.38726580e-01, 8.36972952e-01,
            7.91506171e-01, 3.38757843e-01, 7.83290446e-01,
            8.74456465e-01, 2.89597869e-01, 7.20312595e-01,
            4.08399373e-01, 5.32459259e-01, 7.59583235e-01,
            4.08372223e-01, 6.66295171e-01, 8.30842018e-01,
            4.17890161e-01, 8.00002694e-01, 7.87211955e-01,
            5.58725834e-01, 5.32520473e-01, 7.77433932e-01,
            5.58942020e-01, 6.66307211e-01, 8.47453594e-01,
            5.63654661e-01, 7.97285557e-01, 8.53811800e-01,
            4.47299540e-01, 2.48660013e-01, 9.74298000e-01,
            5.00393748e-01, 2.48611465e-01, 8.89216185e-01,
            4.17992741e-01, 2.51486480e-01, 8.83252680e-01,
            5.34361780e-01, 2.51444012e-01, 9.24748957e-01 ]
    }
}
