{
    "pose_0": {
        "type_id": "opencv-matrix",
        "rows": 1,
        "cols": 18,
        "dt": "3f",
        "data": [ 4.76279438e-01, 2.62252450e-01, 8.96559775e-01,
            5.00407875e-01, 3.38849902e-01, 8.70737672e-01,
            3.69465709e-01, 3.41422230e-01, 8.68218720e-01,
            3.20705742e-01, 4.36936915e-01, 7.96789408e-01,
            2.57729024e-01, 5.07919252e-01, 8.05289149e-01,
            6.36295378e-01, 3.38836044e-01, 8.17014158e-01,
            7.82081723e-01, 3.38768750e-01, 7.76621997e-01,
            8.74263823e-01, 2.84087956e-01, 7.95515776e-01,
            4.08369482e-01, 5.32468975e-01, 7.56769776e-01,
            4.08445030e-01, 6.68966889e-01, 8.11848342e-01,
            4.17865753e-01, 8.08148146e-01, 7.73215830e-01,
            5.58683038e-01, 5.32548606e-01, 7.67430067e-01,
            5.63357949e-01, 6.66396081e-01, 8.32194090e-01,
            5.63563287e-01, 8.00001025e-01, 8.43194366e-01,
            4.47063982e-01, 2.48678505e-01, 9.89969790e-01,
            4.90934938e-01, 2.48639405e-01, 9.07413065e-01,
            4.13228750e-01, 2.51522362e-01, 8.80673349e-01,
            5.29585242e-01, 2.51503974e-01, 9.23372209e-01 ]
    }
}
