{
    "pose_0": {
        "type_id": "opencv-matrix",
        "rows": 1,
        "cols": 18,
        "dt": "3f",
        "data": [ 5.10158241e-01, 2.70597011e-01, 9.29745078e-01,
            5.15091836e-01, 3.52397352e-01, 8.86765003e-01,
            4.08072382e-01, 3.52375627e-01, 8.72019410e-01,
            3.30650032e-01, 4.36946332e-01, 8.35074186e-01,
            2.72354454e-01, 4.94352639e-01, 8.31730545e-01,
            6.12088859e-01, 3.52304488e-01, 8.30732167e-01,
            6.94624186e-01, 4.42460030e-01, 8.23170543e-01,
            7.77250469e-01, 4.94263530e-01, 8.42116952e-01,
            4.42298144e-01, 5.35224378e-01, 7.44983673e-01,
            4.42345500e-01, 6.69075131e-01, 8.17210317e-01,
            4.46935952e-01, 8.16326916e-01, 8.52349639e-01,
            5.82980812e-01, 5.35298169e-01, 7.14665949e-01,
            5.87898910e-01, 6.71689749e-01, 7.68747330e-01,
            5.97395062e-01, 8.10934007e-01, 7.94266343e-01,
            4.81222570e-01, 2.56889373e-01, 9.35281813e-01,
            5.24924934e-01, 2.56814808e-01, 9.08102989e-01,
            4.47318733e-01, 2.70374238e-01, 9.05529857e-01,
            5.63441515e-01, 2.67788023e-01, 9.21148360e-01 ]
    }
}
