{
    "pose_0": {
        "type_id": "opencv-matrix",
        "rows": 1,
        "cols": 18,
        "dt": "3f",
        "data": [ 5.10214686e-01, 2.70588070e-01, 9.32749689e-01,
            5.15057743e-01, 3.52391154e-01, 8.83236587e-01,
            4.08088207e-01, 3.52375031e-01, 8.71430516e-01,
            3.30695331e-01, 4.34209228e-01, 8.36313963e-01,
            2.62691945e-01, 4.94328409e-01, 8.28010321e-01,
            6.07436061e-01, 3.52303982e-01, 8.31526279e-01,
            6.94571078e-01, 4.42479253e-01, 8.28776598e-01,
            7.81959295e-01, 4.94278550e-01, 8.35534096e-01,
            4.42286491e-01, 5.35242975e-01, 7.47233033e-01,
            4.42330003e-01, 6.71719611e-01, 8.14912736e-01,
            4.46978509e-01, 8.16342711e-01, 8.47860336e-01,
            5.82957506e-01, 5.35301089e-01, 7.13894963e-01,
            5.87894559e-01, 6.71705544e-01, 7.72569716e-01,
            5.97405493e-01, 8.10915947e-01, 7.92970419e-01,
            4.81215328e-01, 2.56864905e-01, 9.36522424e-01,
            5.24962544e-01, 2.54222989e-01, 9.07635570e-01,
            4.47259307e-01, 2.70354629e-01, 9.25337315e-01,
            5.63512802e-01, 2.67764628e-01, 9.32688534e-01 ]
    }
}
