{
    "pose_0": {
        "type_id": "opencv-matrix",
        "rows": 1,
        "cols": 18,
        "dt": "3f",
        "data": [ 5.14818847e-01, 2.70594507e-01, 9.36169624e-01,
            5.19601941e-01, 3.52388650e-01, 8.86911690e-01,
            4.08115655e-01, 3.52347106e-01, 8.64165783e-01,
            3.30719173e-01, 4.34297472e-01, 8.30894828e-01,
            2.67514676e-01, 4.97012377e-01, 8.12480509e-01,
            6.12153530e-01, 3.52304339e-01, 8.22353959e-01,
            6.94706202e-01, 4.45067465e-01, 8.32151949e-01,
            7.81921625e-01, 4.94342119e-01, 8.37490499e-01,
            4.42315727e-01, 5.35255194e-01, 7.37750351e-01,
            4.42386538e-01, 6.71686053e-01, 8.17161083e-01,
            4.46951985e-01, 8.16370845e-01, 8.58348966e-01,
            5.82992494e-01, 5.35311341e-01, 7.12097585e-01,
            5.92513025e-01, 6.71709359e-01, 7.64972985e-01,
            5.97412407e-01, 8.13571930e-01, 7.98567355e-01,
            4.81276572e-01, 2.56880701e-01, 9.32405591e-01,
            5.24974227e-01, 2.56814301e-01, 8.99773180e-01,
            4.47298110e-01, 2.70371377e-01, 9.34027970e-01,
            5.63469410e-01, 2.67766148e-01, 9.23353016e-01 ]
    }
}
