{
    "pose_0": {
        "type_id": "opencv-matrix",
        "rows": 1,
        "cols": 18,
        "dt": "3f",
        "data": [ 4.85681802e-01, 2.43187979e-01, 9.34289932e-01,
            4.81143981e-01, 3.22299808e-01, 8.93412590e-01,
            3.54897678e-01, 3.19652319e-01, 7.88231492e-01,
            1.99397266e-01, 3.60648960e-01, 7.54882276e-01,
            5.86584657e-02, 3.38738203e-01, 7.64493465e-01,
            6.02512956e-01, 3.22336167e-01, 8.07884216e-01,
            7.62508929e-01, 3.71497184e-01, 8.10931206e-01,
            8.83884788e-01, 3.46880764e-01, 7.57079542e-01,
            4.08358365e-01, 5.13394892e-01, 7.47324824e-01,
            4.13224936e-01, 6.47192597e-01, 7.71564126e-01,
            4.27703142e-01, 7.91832864e-01, 7.82155931e-01,
            5.58799088e-01, 5.13387382e-01, 7.25835502e-01,
            5.63471556e-01, 6.47193730e-01, 8.20294619e-01,
            5.68495214e-01, 7.89027095e-01, 7.84999967e-01,
            4.52135533e-01, 2.29419634e-01, 9.19814467e-01,
            5.10184646e-01, 2.26925969e-01, 8.99412394e-01,
            4.32391375e-01, 2.32291207e-01, 8.40796232e-01,
            5.39257169e-01, 2.32338414e-01, 8.57440293e-01 ]
    }
}
