{
    "pose_0": {
        "type_id": "opencv-matrix",
        "rows": 1,
        "cols": 18,
        "dt": "3f",
        "data": [ 5.10111570e-01, 2.70348072e-01, 9.10716176e-01,
            5.14883816e-01, 3.44207972e-01, 8.62388134e-01,
            4.03479934e-01, 3.44228476e-01, 8.81343663e-01,
            3.25438559e-01, 4.17883217e-01, 8.12774003e-01,
            3.20793658e-01, 4.56088215e-01, 8.12365949e-01,
            6.07432961e-01, 3.44152421e-01, 8.37267995e-01,
            7.09032238e-01, 4.25947130e-01, 8.46792281e-01,
            7.19114780e-01, 4.64200467e-01, 8.83037984e-01,
            4.42105412e-01, 5.35265028e-01, 7.40471661e-01,
            4.42301244e-01, 6.66338682e-01, 8.37423861e-01,
            4.47113305e-01, 8.13636005e-01, 8.29913676e-01,
            5.78177929e-01, 5.35251439e-01, 7.34186351e-01,
            5.87823093e-01, 6.66340172e-01, 7.85991549e-01,
            5.97515166e-01, 8.08165848e-01, 8.00581813e-01,
            4.81210619e-01, 2.51492977e-01, 9.94244933e-01,
            5.24980366e-01, 2.51475573e-01, 9.18995976e-01,
            4.47203994e-01, 2.67658502e-01, 9.34546828e-01,
            5.63550830e-01, 2.64986783e-01, 9.04962301e-01 ]
    }
}
