{
    "pose_0": {
        "type_id": "opencv-matrix",
        "rows": 1,
        "cols": 18,
        "dt": "3f",
        "data": [ 5.14866352e-01, 2.70547807e-01, 9.43345368e-01,
            5.19616544e-01, 3.52363080e-01, 8.88714910e-01,
            4.08144355e-01, 3.52349967e-01, 8.65356266e-01,
            3.30506891e-01, 4.39749181e-01, 8.34341645e-01,
            2.52769321e-01, 4.97075915e-01, 8.65663588e-01,
            6.12119794e-01, 3.52290720e-01, 8.21226537e-01,
            6.99408114e-01, 4.45063651e-01, 8.18684101e-01,
            7.91557610e-01, 4.94315445e-01, 8.72800112e-01,
            4.42293197e-01, 5.35264730e-01, 7.44056582e-01,
            4.42281216e-01, 6.68958962e-01, 8.27755392e-01,
            4.46965575e-01, 8.16273928e-01, 8.52973342e-01,
            5.82903028e-01, 5.35334110e-01, 7.13003814e-01,
            5.87815762e-01, 6.69055998e-01, 7.60573447e-01,
            5.97366869e-01, 8.10914338e-01, 7.98356593e-01,
            4.85714167e-01, 2.56798863e-01, 9.40650105e-01,
            5.29511213e-01, 2.54221708e-01, 8.91561866e-01,
            4.47338909e-01, 2.70363450e-01, 9.11608160e-01,
            5.63586891e-01, 2.70322055e-01, 9.27636743e-01 ]
    }
}
