{
    "pose_0": {
        "type_id": "opencv-matrix",
        "rows": 1,
        "cols": 18,
        "dt": "3f",
        "data": [ 4.81277257e-01, 2.75921315e-01, 9.52480137e-01,
            4.81037915e-01, 3.57693255e-01, 9.37555373e-01,
            3.69650543e-01, 3.52382630e-01, 8.51532042e-01,
            2.96593904e-01, 4.26047683e-01, 8.51140141e-01,
            2.91572213e-01, 4.91629362e-01, 8.99471641e-01,
            5.82893968e-01, 3.57839257e-01, 8.67180467e-01,
            6.02492094e-01, 4.45062220e-01, 7.74886847e-01,
            5.78170061e-01, 5.10628521e-01, 3.81079257e-01,
            4.08439487e-01, 5.40710688e-01, 7.56391108e-01,
            4.37233001e-01, 6.79882705e-01, 7.89062858e-01,
            4.56857145e-01, 8.19090128e-01, 7.95999467e-01,
            5.58465183e-01, 5.35286963e-01, 7.76558161e-01,
            5.24997473e-01, 6.63504422e-01, 8.53373766e-01,
            5.63656807e-01, 7.94439673e-01, 7.98795104e-01,
            4.52127844e-01, 2.67790586e-01, 9.02398944e-01,
            5.10149360e-01, 2.67752171e-01, 8.71979654e-01,
            4.32541430e-01, 2.73255944e-01, 8.67235124e-01,
            5.39266765e-01, 2.73263186e-01, 8.92167389e-01 ]
    }
}
