{
    "pose_0": {
        "type_id": "opencv-matrix",
        "rows": 1,
        "cols": 18,
        "dt": "3f",
        "data": [ 4.85816151e-01, 2.48585165e-01, 9.74462271e-01,
            4.85910267e-01, 3.33145410e-01, 9.04804349e-01,
            3.69408756e-01, 3.33171695e-01, 8.37499917e-01,
            2.18855366e-01, 3.95981967e-01, 7.75499225e-01,
            7.81863630e-02, 3.90552998e-01, 6.98983550e-01,
            6.02500558e-01, 3.33162159e-01, 8.48783851e-01,
            7.43236065e-01, 3.98768157e-01, 8.33946586e-01,
            8.69207978e-01, 4.01505589e-01, 8.22297692e-01,
            4.13024783e-01, 5.18921077e-01, 7.09174454e-01,
            4.13274527e-01, 6.55364871e-01, 7.66632438e-01,
            4.32463229e-01, 7.94508815e-01, 8.31900299e-01,
            5.58877707e-01, 5.21561384e-01, 7.33731329e-01,
            5.63530982e-01, 6.55368984e-01, 8.22189927e-01,
            5.68441451e-01, 7.89046288e-01, 8.14112484e-01,
            4.56825107e-01, 2.29697406e-01, 8.75512540e-01,
            5.14960468e-01, 2.29684457e-01, 8.91678870e-01,
            4.32477504e-01, 2.40441039e-01, 8.20898354e-01,
            5.48982561e-01, 2.40501866e-01, 7.99286664e-01 ]
    }
}
