{
    "pose_0": {
        "type_id": "opencv-matrix",
        "rows": 1,
        "cols": 18,
        "dt": "3f",
        "data": [ 5.19751728e-01, 2.75994688e-01, 9.34339464e-01,
            5.19779384e-01, 3.57856840e-01, 9.29387271e-01,
            4.08206969e-01, 3.57872903e-01, 9.13819432e-01,
            3.59769285e-01, 4.50587779e-01, 8.63985598e-01,
            3.40368539e-01, 5.32461703e-01, 8.88746738e-01,
            6.21905982e-01, 3.57750893e-01, 8.64884734e-01,
            6.79868937e-01, 4.48002905e-01, 8.67944419e-01,
            7.04319894e-01, 5.29692471e-01, 8.46372724e-01,
            4.42399979e-01, 5.48855722e-01, 7.57704496e-01,
            4.47082430e-01, 6.85356736e-01, 8.47695351e-01,
            4.56718653e-01, 8.19088936e-01, 8.19451630e-01,
            5.92746854e-01, 5.48838019e-01, 7.39714563e-01,
            5.97728491e-01, 6.85393095e-01, 8.67077112e-01,
            6.02607489e-01, 8.19009960e-01, 8.46799850e-01,
            4.86124545e-01, 2.70333380e-01, 9.48250473e-01,
            5.34540117e-01, 2.70341814e-01, 8.71820927e-01,
            4.56816733e-01, 2.73214161e-01, 8.84402692e-01,
            5.63825727e-01, 2.73284644e-01, 9.19638395e-01 ]
    }
}
