{
    "pose_0": {
        "type_id": "opencv-matrix",
        "rows": 1,
        "cols": 18,
        "dt": "3f",
        "data": [ 5.10051847e-01, 2.67767221e-01, 8.96318197e-01,
            5.19606292e-01, 3.38720053e-01, 9.32109952e-01,
            4.08138752e-01, 3.38798434e-01, 8.86815608e-01,
            3.20799500e-01, 3.76968324e-01, 7.52754211e-01,
            3.11169326e-01, 3.95968258e-01, 8.07056308e-01,
            6.16904199e-01, 3.38692784e-01, 8.72255862e-01,
            7.04368174e-01, 4.15129840e-01, 6.55331194e-01,
            7.14099824e-01, 3.98704499e-01, 8.20983589e-01,
            4.42130446e-01, 5.29785037e-01, 7.50162363e-01,
            4.42317873e-01, 6.66256547e-01, 8.42167318e-01,
            4.47096705e-01, 8.10922325e-01, 8.10860634e-01,
            5.78172803e-01, 5.32486558e-01, 7.22428501e-01,
            5.87758839e-01, 6.66313767e-01, 7.77689755e-01,
            5.97378910e-01, 8.05454910e-01, 7.86165774e-01,
            4.81156319e-01, 2.51429975e-01, 1.01378071e+00,
            5.24876475e-01, 2.51438975e-01, 9.41990733e-01,
            4.47140336e-01, 2.64979839e-01, 9.38738048e-01,
            5.63414812e-01, 2.62335062e-01, 9.01916802e-01 ]
    }
}
