{
    "pose_0": {
        "type_id": "opencv-matrix",
        "rows": 1,
        "cols": 18,
        "dt": "3f",
        "data": [ 4.85695332e-01, 2.70349592e-01, 9.74675655e-01,
            4.85776365e-01, 3.44222397e-01, 9.23245549e-01,
            3.74199480e-01, 3.38837653e-01, 8.66597414e-01,
            2.91898221e-01, 3.87895226e-01, 7.29737282e-01,
            2.86943823e-01, 4.07044023e-01, 8.09063196e-01,
            5.97400904e-01, 3.52296680e-01, 8.55786264e-01,
            6.21787965e-01, 4.47816432e-01, 7.72936702e-01,
            5.97456753e-01, 5.13490558e-01, 6.22901082e-01,
            4.08248574e-01, 5.37950873e-01, 7.83835113e-01,
            4.41972852e-01, 6.82670474e-01, 7.62710571e-01,
            4.71211582e-01, 8.30051005e-01, 7.30033875e-01,
            5.58486044e-01, 5.32515824e-01, 7.75705099e-01,
            5.19938946e-01, 6.41629457e-01, 8.29734802e-01,
            5.63398123e-01, 7.53640294e-01, 7.67951965e-01,
            4.51964647e-01, 2.51504928e-01, 9.18251276e-01,
            5.10148525e-01, 2.51453549e-01, 8.78239512e-01,
            4.22840178e-01, 2.65054464e-01, 8.54769111e-01,
            5.39213300e-01, 2.62263507e-01, 7.77774990e-01 ]
    }
}
