{
    "pose_0": {
        "type_id": "opencv-matrix",
        "rows": 1,
        "cols": 18,
        "dt": "3f",
        "data": [ 4.80963022e-01, 2.59608746e-01, 9.05379117e-01,
            4.85956758e-01, 3.41457903e-01, 9.21569288e-01,
            3.69429350e-01, 3.41467917e-01, 8.68024647e-01,
            2.96660632e-01, 4.36927378e-01, 7.89937317e-01,
            2.43245378e-01, 4.97058690e-01, 8.14948022e-01,
            6.02459967e-01, 3.38856488e-01, 8.66571784e-01,
            7.52830327e-01, 3.76979768e-01, 8.21051717e-01,
            8.74181449e-01, 3.36038768e-01, 8.22947145e-01,
            4.08378750e-01, 5.32506645e-01, 7.46485233e-01,
            4.08420801e-01, 6.66379035e-01, 8.03055763e-01,
            4.13261384e-01, 8.08153510e-01, 7.69767165e-01,
            5.58666468e-01, 5.32583117e-01, 7.58173823e-01,
            5.58931708e-01, 6.69023514e-01, 8.27928603e-01,
            5.63543618e-01, 7.99959064e-01, 8.43521953e-01,
            4.47303981e-01, 2.48671174e-01, 9.69247460e-01,
            5.00380754e-01, 2.48666555e-01, 8.85259926e-01,
            4.17968422e-01, 2.54074544e-01, 8.77666533e-01,
            5.29593825e-01, 2.54108399e-01, 9.04157698e-01 ]
    }
}
