{
    "pose_0": {
        "type_id": "opencv-matrix",
        "rows": 1,
        "cols": 18,
        "dt": "3f",
        "data": [ 5.05395114e-01, 2.70460606e-01, 9.21099663e-01,
            4.86129284e-01, 3.44219655e-01, 9.06340480e-01,
            3.74272943e-01, 3.38762760e-01, 8.57844234e-01,
            2.14266121e-01, 3.38848919e-01, 8.60018253e-01,
            9.27010402e-02, 2.92268127e-01, 8.89963210e-01,
            6.02441728e-01, 3.55051666e-01, 8.92525256e-01,
            6.75187469e-01, 4.53360975e-01, 8.63767445e-01,
            7.53051043e-01, 5.10538518e-01, 7.91458726e-01,
            4.17914152e-01, 5.35143793e-01, 7.39012659e-01,
            4.27625090e-01, 6.66365445e-01, 7.65716553e-01,
            4.37274039e-01, 8.13677907e-01, 7.89793491e-01,
            5.63591659e-01, 5.35275102e-01, 7.49453247e-01,
            5.63641489e-01, 6.66383922e-01, 8.38829100e-01,
            5.73194802e-01, 8.05463016e-01, 7.92387784e-01,
            4.81278211e-01, 2.54085481e-01, 9.68056619e-01,
            5.24982452e-01, 2.54193783e-01, 8.91249299e-01,
            4.47177112e-01, 2.67647028e-01, 9.10884976e-01,
            5.63496649e-01, 2.70312905e-01, 9.53177273e-01 ]
    }
}
