{
    "pose_0": {
        "type_id": "opencv-matrix",
        "rows": 1,
        "cols": 18,
        "dt": "3f",
        "data": [ 5.19835591e-01, 2.84129411e-01, 9.05628145e-01,
            5.19952595e-01, 3.57707441e-01, 9.36455488e-01,
            4.08393532e-01, 3.57816577e-01, 8.73608768e-01,
            3.35459173e-01, 4.26116943e-01, 6.13059342e-01,
            3.25838804e-01, 3.96060020e-01, 8.61679196e-01,
            6.26680374e-01, 3.55037689e-01, 8.47375631e-01,
            6.85043156e-01, 4.23395723e-01, 7.51154602e-01,
            7.18989134e-01, 3.90628040e-01, 8.26171875e-01,
            4.47231323e-01, 5.43387294e-01, 7.30950117e-01,
            4.47170585e-01, 6.79940581e-01, 8.22297871e-01,
            4.47241068e-01, 8.24618816e-01, 7.91720688e-01,
            5.97371876e-01, 5.43418705e-01, 7.48760223e-01,
            5.97702086e-01, 6.85279965e-01, 8.49191189e-01,
            6.02188885e-01, 8.19142997e-01, 8.25467587e-01,
            4.86190617e-01, 2.70560533e-01, 9.55467522e-01,
            5.39272308e-01, 2.70575583e-01, 8.79550576e-01,
            4.56832945e-01, 2.75942624e-01, 8.57706428e-01,
            5.68429649e-01, 2.75997430e-01, 8.91216218e-01 ]
    }
}
