{
    "pose_0": {
        "type_id": "opencv-matrix",
        "rows": 1,
        "cols": 18,
        "dt": "3f",
        "data": [ 4.87427734e+02, 2.34026718e+02, 3.40929359e-01,
            4.12945862e+02, 4.17827972e+02, 4.88749146e-01,
            3.73176300e+02, 4.23069305e+02, 5.91367006e-01,
            3.43404297e+02, 6.96137573e+02, 6.94026470e-01,
            3.78367920e+02, 9.19845703e+02, 7.48973548e-01,
            4.42787231e+02, 4.02957336e+02, 3.43515664e-01, 0.0, 0.0,
            0.0, 0.0, 0.0, 0.0, 4.18004059e+02, 9.24834473e+02,
            4.82615530e-01, 3.38734802e+02, 1.32235815e+03,
            6.98411524e-01, 2.38967682e+02, 1.62067798e+03,
            7.11790323e-01, 5.12376587e+02, 9.24850403e+02,
            4.56054211e-01, 5.27151001e+02, 1.32734607e+03,
            6.81976974e-01, 5.22416809e+02, 1.63553503e+03,
            6.92489862e-01, 4.57775055e+02, 2.14112961e+02,
            4.85418230e-01, 4.82525543e+02, 2.04320221e+02,
            1.55978262e-01, 4.07858215e+02, 2.24237274e+02,
            3.12153131e-01, 0.0, 0.0, 0.0 ]
    }
}
