{
    "pose_0": {
        "type_id": "opencv-matrix",
        "rows": 1,
        "cols": 18,
        "dt": "3f",
        "data": [ 0.0, 0.0, 0.0, 4.45801971e+02, 8.12191589e+02,
            8.71678054e-01, 5.97638123e+02, 7.59980530e+02,
            8.03376615e-01, 7.75527405e+02, 6.76127319e+02,
            8.75239372e-01, 8.12331299e+02, 5.13651978e+02,
            8.92317414e-01, 3.04374268e+02, 8.59311279e+02,
            8.58390212e-01, 2.46672256e+02, 1.09000574e+03,
            6.33254349e-01, 0.0, 0.0, 0.0, 6.50194336e+02,
            1.30995605e+03, 5.57431638e-01, 6.70961609e+02,
            1.18426538e+03, 1.28592953e-01, 6.55403259e+02,
            1.44102466e+03, 6.91078663e-01, 4.40619476e+02,
            1.32573718e+03, 6.81024432e-01, 2.25898483e+02,
            1.15300818e+03, 7.88833916e-01, 3.25187164e+02,
            1.48262512e+03, 8.09133530e-01, 0.0, 0.0, 0.0, 0.0, 0.0, 0.0,
            5.08470520e+02, 6.39346558e+02, 6.27049088e-01,
            3.56824249e+02, 6.55257874e+02, 6.05583370e-01 ]
    }
}
