{
    "pose_0": {
        "type_id": "opencv-matrix",
        "rows": 1,
        "cols": 18,
        "dt": "3f",
        "data": [ 0.0, 0.0, 0.0, 4.45893127e+02, 8.12182251e+02,
            8.72076690e-01, 6.02633118e+02, 7.59959778e+02,
            8.12793732e-01, 7.70584839e+02, 6.81312378e+02,
            8.78256500e-01, 8.49079285e+02, 5.18907837e+02,
            9.06550765e-01, 3.09304596e+02, 8.54464844e+02,
            8.67720962e-01, 2.41459503e+02, 1.08993359e+03,
            6.60718262e-01, 0.0, 0.0, 0.0, 6.55229187e+02,
            1.30471326e+03, 5.93232512e-01, 6.70870911e+02,
            1.22090051e+03, 1.15317814e-01, 6.55314148e+02,
            1.44611133e+03, 6.97560966e-01, 4.40694122e+02,
            1.32580969e+03, 6.77153945e-01, 2.25793945e+02,
            1.15299951e+03, 7.96217024e-01, 3.20074890e+02,
            1.47762134e+03, 8.07520568e-01, 0.0, 0.0, 0.0, 0.0, 0.0, 0.0,
            5.03359833e+02, 6.34341187e+02, 6.21882737e-01,
            3.56791351e+02, 6.55153687e+02, 6.14217877e-01 ]
    }
}
