{
    "pose_0": {
        "type_id": "opencv-matrix",
        "rows": 1,
        "cols": 18,
        "dt": "3f",
        "data": [ 0.0, 0.0, 0.0, 3.93224792e+02, 8.17791382e+02,
            8.92638326e-01, 5.29474426e+02, 7.70277161e+02,
            8.26434135e-01, 6.50001282e+02, 6.44729126e+02,
            9.09932613e-01, 6.02867737e+02, 4.87585785e+02,
            9.32625711e-01, 2.36230820e+02, 8.75189270e+02,
            7.88814723e-01, 1.83785812e+02, 1.11105981e+03,
            7.39383876e-01, 0.0, 0.0, 0.0, 5.87161682e+02,
            1.32568811e+03, 5.67048609e-01, 5.97626221e+02,
            1.23140344e+03, 8.39228481e-02, 5.92333496e+02,
            1.46183020e+03, 6.42395377e-01, 3.82858246e+02,
            1.35690125e+03, 6.79112613e-01, 1.52353317e+02,
            1.17377234e+03, 7.49903679e-01, 2.57033936e+02,
            1.49850134e+03, 7.52446771e-01, 0.0, 0.0, 0.0, 0.0, 0.0, 0.0,
            4.45860901e+02, 6.50076538e+02, 6.91434085e-01,
            3.04261719e+02, 6.81248779e+02, 5.85280001e-01 ]
    }
}
