{
    "pose_0": {
        "type_id": "opencv-matrix",
        "rows": 1,
        "cols": 18,
        "dt": "3f",
        "data": [ 0.0, 0.0, 0.0, 4.45900543e+02, 8.12174927e+02,
            8.69889855e-01, 6.02670593e+02, 7.54732910e+02,
            8.00967455e-01, 7.70692383e+02, 6.65755127e+02,
            8.71603727e-01, 7.75497803e+02, 5.13717651e+02,
            8.87447894e-01, 3.04382446e+02, 8.59328613e+02,
            8.56085837e-01, 2.46778931e+02, 1.08991895e+03,
            6.45493448e-01, 0.0, 0.0, 0.0, 6.55219971e+02,
            1.30985852e+03, 5.66497743e-01, 6.60352600e+02,
            1.18955566e+03, 9.46560353e-02, 6.60445496e+02,
            1.44092383e+03, 6.87636375e-01, 4.45671997e+02,
            1.33091406e+03, 6.75189435e-01, 2.30955948e+02,
            1.15279639e+03, 8.01698744e-01, 3.30411072e+02,
            1.48272302e+03, 8.02457929e-01, 0.0, 0.0, 0.0, 0.0, 0.0, 0.0,
            5.03364075e+02, 6.34303711e+02, 6.28187120e-01,
            3.56784485e+02, 6.55187439e+02, 6.23007774e-01 ]
    }
}
