{
    "pose_0": {
        "type_id": "opencv-matrix",
        "rows": 1,
        "cols": 18,
        "dt": "3f",
        "data": [ 0.0, 0.0, 0.0, 4.77247040e+02, 7.39193787e+02,
            8.96455407e-01, 6.13330933e+02, 6.91990173e+02,
            8.49617302e-01, 8.17691650e+02, 6.50164673e+02,
            9.11440551e-01, 8.85751160e+02, 4.82350037e+02,
            8.87168348e-01, 3.30406738e+02, 7.86258789e+02,
            8.08120966e-01, 2.67734314e+02, 1.03234131e+03,
            6.97158039e-01, 0.0, 0.0, 0.0, 6.86544067e+02,
            1.23659131e+03, 5.58990598e-01, 6.81425903e+02,
            1.13179395e+03, 8.55434835e-02, 6.86839294e+02,
            1.35192273e+03, 6.90738022e-01, 4.82344360e+02,
            1.26810071e+03, 6.97372079e-01, 2.57246674e+02,
            1.08473621e+03, 7.32256711e-01, 3.56767120e+02,
            1.40408655e+03, 8.41825724e-01, 0.0, 0.0, 0.0, 0.0, 0.0, 0.0,
            5.24182922e+02, 5.61063599e+02, 6.80937767e-01,
            3.77685303e+02, 5.87202148e+02, 6.55159891e-01 ]
    }
}
