{
    "pose_0": {
        "type_id": "opencv-matrix",
        "rows": 1,
        "cols": 18,
        "dt": "3f",
        "data": [ 0.0, 0.0, 0.0, 3.93528351e+02, 8.28021667e+02,
            8.84526730e-01, 5.34756226e+02, 7.75634277e+02,
            8.47303510e-01, 7.28672058e+02, 6.97114807e+02,
            8.49179029e-01, 9.17028564e+02, 6.49746826e+02,
            8.74508321e-01, 2.41433578e+02, 8.80432922e+02,
            7.91302919e-01, 1.88946320e+02, 1.11606995e+03,
            7.34185457e-01, 0.0, 0.0, 0.0, 6.02805664e+02,
            1.32573254e+03, 5.74516833e-01, 6.07926819e+02,
            1.21035254e+03, 6.83547333e-02, 6.02742004e+02,
            1.44612463e+03, 6.50688052e-01, 3.93198364e+02,
            1.35727515e+03, 6.93408847e-01, 1.57662750e+02,
            1.18408887e+03, 7.51841664e-01, 2.67470947e+02,
            1.49341211e+03, 8.11256289e-01, 0.0, 0.0, 0.0, 0.0, 0.0, 0.0,
            4.35169373e+02, 6.49946289e+02, 6.13811255e-01,
            2.93829987e+02, 6.86553101e+02, 6.50605738e-01 ]
    }
}
