{
    "pose_0": {
        "type_id": "opencv-matrix",
        "rows": 1,
        "cols": 18,
        "dt": "3f",
        "data": [ 0.0, 0.0, 0.0, 4.50876465e+02, 8.12379883e+02,
            8.83165956e-01, 6.02752563e+02, 7.60038330e+02,
            8.08585107e-01, 7.75720276e+02, 6.70872986e+02,
            8.29340100e-01, 9.43561951e+02, 6.02545959e+02,
            8.85515571e-01, 3.04252838e+02, 8.59427124e+02,
            8.61415148e-01, 2.36237289e+02, 1.10053748e+03,
            6.90705717e-01, 0.0, 0.0, 0.0, 6.49910522e+02,
            1.30992322e+03, 5.81568599e-01, 6.44859436e+02,
            1.22076550e+03, 5.94992116e-02, 6.50032593e+02,
            1.43044678e+03, 7.09441245e-01, 4.35332428e+02,
            1.33097217e+03, 6.73529863e-01, 2.25637848e+02,
            1.15306567e+03, 7.81394958e-01, 3.14877167e+02,
            1.48263489e+03, 8.32167566e-01, 0.0, 0.0, 0.0, 0.0, 0.0, 0.0,
            4.87794312e+02, 6.34317200e+02, 6.18324697e-01,
            3.56579407e+02, 6.55306213e+02, 6.45022213e-01 ]
    }
}
