{
    "pose_0": {
        "type_id": "opencv-matrix",
        "rows": 1,
        "cols": 18,
        "dt": "3f",
        "data": [ 0.0, 0.0, 0.0, 4.03975861e+02, 8.12514465e+02,
            8.71421337e-01, 5.55638000e+02, 7.49427124e+02,
            7.76364088e-01, 6.81508484e+02, 6.34151550e+02,
            8.52894247e-01, 5.60719177e+02, 5.24423218e+02,
            9.00791824e-01, 2.67448090e+02, 8.64947754e+02,
            8.11695933e-01, 2.10065033e+02, 1.11107861e+03,
            6.41464472e-01, 0.0, 0.0, 0.0, 6.13432007e+02,
            1.31528577e+03, 5.46319366e-01, 6.08330261e+02,
            1.21556555e+03, 7.42634460e-02, 6.18683777e+02,
            1.44104126e+03, 6.62780702e-01, 4.09108276e+02,
            1.35178711e+03, 6.75971210e-01, 1.89062012e+02,
            1.17370447e+03, 7.49260485e-01, 2.83461365e+02,
            1.48815564e+03, 8.01399350e-01, 0.0, 0.0, 0.0, 0.0, 0.0, 0.0,
            4.71888672e+02, 6.39601440e+02, 7.14463353e-01,
            3.20085022e+02, 6.60581177e+02, 5.53705692e-01 ]
    }
}
