{
    "pose_0": {
        "type_id": "opencv-matrix",
        "rows": 1,
        "cols": 18,
        "dt": "3f",
        "data": [ 0.0, 0.0, 0.0, 4.45872681e+02, 8.12398438e+02,
            8.72771740e-01, 5.97669067e+02, 7.65066956e+02,
            8.15599799e-01, 7.70504944e+02, 6.86782227e+02,
            8.86763811e-01, 9.69376587e+02, 5.97479919e+02,
            8.27342868e-01, 3.04362427e+02, 8.59492859e+02,
            8.55780542e-01, 2.36202179e+02, 1.10040710e+03,
            6.84515238e-01, 0.0, 0.0, 0.0, 6.50111816e+02,
            1.30996765e+03, 5.89260876e-01, 6.55369995e+02,
            1.22090759e+03, 9.25558284e-02, 6.55167175e+02,
            1.44084814e+03, 6.86308920e-01, 4.40574799e+02,
            1.33092371e+03, 6.76125348e-01, 2.25669815e+02,
            1.15798853e+03, 7.94326067e-01, 3.14995056e+02,
            1.47749768e+03, 8.28104496e-01, 0.0, 0.0, 0.0, 0.0, 0.0, 0.0,
            4.98147400e+02, 6.39542664e+02, 6.46250606e-01,
            3.56609619e+02, 6.60558044e+02, 6.50204897e-01 ]
    }
}
