{
    "pose_0": {
        "type_id": "opencv-matrix",
        "rows": 1,
        "cols": 18,
        "dt": "3f",
        "data": [ 0.0, 0.0, 0.0, 4.61421570e+02, 7.75871582e+02,
            8.62623155e-01, 6.08041626e+02, 7.28508911e+02,
            8.06406915e-01, 7.39150085e+02, 6.23732849e+02,
            8.41962934e-01, 6.02554749e+02, 5.45221863e+02,
            8.16399217e-01, 3.09438354e+02, 8.22972229e+02,
            8.52901816e-01, 2.52000397e+02, 1.06916455e+03,
            6.29870415e-01, 0.0, 0.0, 0.0, 6.55151184e+02,
            1.28378967e+03, 5.42352438e-01, 6.50073181e+02,
            1.13701831e+03, 6.95565119e-02, 6.65635132e+02,
            1.39895691e+03, 6.87837243e-01, 4.50906067e+02,
            1.31509863e+03, 6.77589655e-01, 2.30993057e+02,
            1.12662354e+03, 7.46967256e-01, 3.20099579e+02,
            1.44599829e+03, 8.20681334e-01, 0.0, 0.0, 0.0, 0.0, 0.0, 0.0,
            5.19004700e+02, 6.08106384e+02, 6.40596628e-01,
            3.67154572e+02, 6.34214905e+02, 5.34695268e-01 ]
    }
}
