{
    "pose_0": {
        "type_id": "opencv-matrix",
        "rows": 1,
        "cols": 18,
        "dt": "3f",
        "data": [ 0.0, 0.0, 0.0, 3.98810089e+02, 8.22782166e+02,
            8.99958909e-01, 5.50550110e+02, 7.70303772e+02,
            8.26175451e-01, 7.17986816e+02, 6.49991089e+02,
            8.27656806e-01, 7.28383057e+02, 4.98052246e+02,
            8.17732453e-01, 2.51975693e+02, 8.75306396e+02,
            7.72769034e-01, 1.89268173e+02, 1.12149878e+03,
            6.65226161e-01, 0.0, 0.0, 0.0, 6.08076294e+02,
            1.32044543e+03, 5.64942658e-01, 6.08228088e+02,
            1.22602869e+03, 5.79855032e-02, 6.08195557e+02,
            1.45146326e+03, 6.70696080e-01, 3.98563812e+02,
            1.35695093e+03, 7.07913101e-01, 1.83634064e+02,
            1.17900403e+03, 7.16678441e-01, 2.78108032e+02,
            1.49346338e+03, 8.02276611e-01, 0.0, 0.0, 0.0, 0.0, 0.0, 0.0,
            4.45858459e+02, 6.44840454e+02, 6.48937941e-01,
            3.09581299e+02, 6.81304504e+02, 6.70803726e-01 ]
    }
}
