{
    "pose_0": {
        "type_id": "opencv-matrix",
        "rows": 1,
        "cols": 18,
        "dt": "3f",
        "data": [ 0.0, 0.0, 0.0, 4.56266113e+02, 7.96567078e+02,
            8.33761513e-01, 6.03032654e+02, 7.33822205e+02,
            8.37417841e-01, 7.59990784e+02, 6.44980408e+02,
            8.79289806e-01, 6.39405457e+02, 5.34659058e+02,
            8.48607659e-01, 3.09291779e+02, 8.49039795e+02,
            8.41680884e-01, 2.51975586e+02, 1.09002026e+03,
            6.32719338e-01, 0.0, 0.0, 0.0, 6.60450256e+02,
            1.29423901e+03, 5.79125881e-01, 6.60417908e+02,
            1.20519165e+03, 6.22795559e-02, 6.60486511e+02,
            1.41472852e+03, 6.87966824e-01, 4.50900787e+02,
            1.32571509e+03, 6.91787481e-01, 2.30944626e+02,
            1.14763562e+03, 8.07653010e-01, 3.35635956e+02,
            1.47223218e+03, 7.77246475e-01, 0.0, 0.0, 0.0, 0.0, 0.0, 0.0,
            5.13878479e+02, 6.13413879e+02, 6.73867464e-01,
            3.62078064e+02, 6.44832581e+02, 6.27841711e-01 ]
    }
}
