{
    "pose_0": {
        "type_id": "opencv-matrix",
        "rows": 1,
        "cols": 18,
        "dt": "3f",
        "data": [ 0.0, 0.0, 0.0, 4.56246094e+02, 7.86281494e+02,
            8.34711671e-01, 6.07936035e+02, 7.33723267e+02,
            8.25765133e-01, 7.54723755e+02, 6.44575867e+02,
            8.63493204e-01, 6.08397644e+02, 5.50351563e+02,
            8.62050653e-01, 3.09267761e+02, 8.43699341e+02,
            8.25413227e-01, 2.57226593e+02, 1.07430884e+03,
            6.48948789e-01, 0.0, 0.0, 0.0, 6.50062500e+02,
            1.29424451e+03, 5.45711398e-01, 0.0, 0.0, 0.0, 0.0, 0.0, 0.0,
            4.50939606e+02, 1.32046509e+03, 6.80390716e-01,
            2.30883331e+02, 1.14743774e+03, 8.13702822e-01,
            3.30435577e+02, 1.45156494e+03, 7.97729313e-01, 0.0, 0.0,
            0.0, 0.0, 0.0, 0.0, 5.13892700e+02, 6.13387024e+02,
            6.54829264e-01, 3.72321564e+02, 6.44767151e+02,
            6.40592694e-01 ]
    }
}
