{
    "pose_0": {
        "type_id": "opencv-matrix",
        "rows": 1,
        "cols": 18,
        "dt": "3f",
        "data": [ 0.0, 0.0, 0.0, 4.66687988e+02, 7.49419067e+02,
            8.32741737e-01, 6.07916199e+02, 6.92179321e+02,
            8.26466858e-01, 8.12171204e+02, 6.55195007e+02,
            8.71735930e-01, 8.59435364e+02, 4.82186829e+02,
            8.95173967e-01, 3.14752106e+02, 7.96715576e+02,
            8.33425999e-01, 2.67471985e+02, 1.03241345e+03,
            7.18327105e-01, 0.0, 0.0, 0.0, 6.76154785e+02,
            1.23671460e+03, 5.54654896e-01, 6.60453857e+02,
            1.11105078e+03, 6.75464496e-02, 6.81211975e+02,
            1.35701892e+03, 6.70308709e-01, 4.66721924e+02,
            1.27319580e+03, 7.09130645e-01, 2.36266541e+02,
            1.10048755e+03, 7.89658308e-01, 3.46227875e+02,
            1.40424231e+03, 8.38009357e-01, 0.0, 0.0, 0.0, 0.0, 0.0, 0.0,
            5.18895020e+02, 5.66238037e+02, 6.38297796e-01,
            3.72457642e+02, 5.92444702e+02, 5.65938771e-01 ]
    }
}
