{
    "pose_0": {
        "type_id": "opencv-matrix",
        "rows": 1,
        "cols": 18,
        "dt": "3f",
        "data": [ 0.0, 0.0, 0.0, 4.56287689e+02, 7.96701111e+02,
            8.35540533e-01, 6.03040527e+02, 7.39002197e+02,
            8.21761608e-01, 7.65200195e+02, 6.49935425e+02,
            9.34397340e-01, 6.50087463e+02, 5.24274292e+02,
            9.34406281e-01, 3.09388672e+02, 8.49018921e+02,
            8.54787707e-01, 2.57077881e+02, 1.08466980e+03,
            6.58930182e-01, 0.0, 0.0, 0.0, 6.55205627e+02,
            1.29947180e+03, 5.53097308e-01, 0.0, 0.0, 0.0, 0.0, 0.0, 0.0,
            4.50902313e+02, 1.32565820e+03, 6.91020310e-01,
            2.30814270e+02, 1.15269153e+03, 8.34630311e-01,
            3.35678375e+02, 1.47241760e+03, 7.77036190e-01, 0.0, 0.0,
            0.0, 0.0, 0.0, 0.0, 5.13822449e+02, 6.18556152e+02,
            6.74637794e-01, 3.61999695e+02, 6.49818848e+02,
            5.79506218e-01 ]
    }
}
