{
    "pose_0": {
        "type_id": "opencv-matrix",
        "rows": 1,
        "cols": 18,
        "dt": "3f",
        "data": [ 0.0, 0.0, 0.0, 3.98764038e+02, 8.17633789e+02,
            8.73977482e-01, 5.45270569e+02, 7.65090149e+02,
            7.62038231e-01, 6.86872375e+02, 6.39327637e+02,
            8.84565353e-01, 6.02652832e+02, 5.18797607e+02,
            8.81091952e-01, 2.57165436e+02, 8.75326660e+02,
            7.71387100e-01, 2.04701706e+02, 1.11610156e+03,
            6.36350632e-01, 0.0, 0.0, 0.0, 6.08149902e+02,
            1.32039502e+03, 5.54988265e-01, 6.13397949e+02,
            1.21564417e+03, 6.49954230e-02, 6.18649963e+02,
            1.44080481e+03, 7.01913834e-01, 4.03726807e+02,
            1.35186902e+03, 6.80612504e-01, 1.83764847e+02,
            1.17377332e+03, 7.33218789e-01, 2.83345490e+02,
            1.48816479e+03, 7.86943853e-01, 0.0, 0.0, 0.0, 0.0, 0.0, 0.0,
            4.71998230e+02, 6.44676819e+02, 6.97548568e-01,
            3.19997131e+02, 6.65698303e+02, 5.49012125e-01 ]
    }
}
