{
    "pose_0": {
        "type_id": "opencv-matrix",
        "rows": 1,
        "cols": 18,
        "dt": "3f",
        "data": [ 0.0, 0.0, 0.0, 4.35155914e+02, 8.12190369e+02,
            9.01023030e-01, 5.71439087e+02, 7.44266846e+02,
            8.00567865e-01, 7.07543396e+02, 6.23849548e+02,
            8.03463042e-01, 6.70929504e+02, 4.77236542e+02,
            9.06355560e-01, 2.78176544e+02, 8.59481323e+02,
            8.45097721e-01, 2.25762726e+02, 1.10034631e+03,
            7.59930849e-01, 0.0, 0.0, 0.0, 6.39528076e+02,
            1.31511865e+03, 5.67227364e-01, 6.49905518e+02,
            1.21043860e+03, 8.96157622e-02, 6.44783630e+02,
            1.42001587e+03, 7.28307366e-01, 4.35080505e+02,
            1.33623364e+03, 6.57369196e-01, 1.99569885e+02,
            1.15814111e+03, 7.77666688e-01, 3.09490967e+02,
            1.48297205e+03, 8.49405646e-01, 0.0, 0.0, 0.0, 0.0, 0.0, 0.0,
            4.82430328e+02, 6.39489502e+02, 6.37854099e-01,
            3.40951019e+02, 6.65646790e+02, 5.99167347e-01 ]
    }
}
