{
    "pose_0": {
        "type_id": "opencv-matrix",
        "rows": 1,
        "cols": 18,
        "dt": "3f",
        "data": [ 0.0, 0.0, 0.0, 3.98723480e+02, 8.17870056e+02,
            9.05195177e-01, 5.50566650e+02, 7.70357727e+02,
            8.30142200e-01, 6.97117371e+02, 6.86567017e+02,
            8.39137316e-01, 8.38483887e+02, 5.19118042e+02,
            8.32695425e-01, 2.51862610e+02, 8.75147278e+02,
            7.79508591e-01, 1.89134125e+02, 1.11624622e+03,
            7.11300075e-01, 0.0, 0.0, 0.0, 6.07992981e+02,
            1.32049548e+03, 5.54417729e-01, 6.08264954e+02,
            1.22084595e+03, 9.10936594e-02, 6.07905029e+02,
            1.45139063e+03, 6.60669386e-01, 3.98485077e+02,
            1.35699597e+03, 7.08942235e-01, 1.73359848e+02,
            1.17906372e+03, 7.20794618e-01, 2.72943817e+02,
            1.49335620e+03, 8.23964179e-01, 0.0, 0.0, 0.0, 0.0, 0.0, 0.0,
            4.40520020e+02, 6.44767822e+02, 6.73555970e-01,
            3.04317169e+02, 6.81297058e+02, 6.40771627e-01 ]
    }
}
