{
    "pose_0": {
        "type_id": "opencv-matrix",
        "rows": 1,
        "cols": 18,
        "dt": "3f",
        "data": [ 0.0, 0.0, 0.0, 4.82216583e+02, 7.49428528e+02,
            8.78481805e-01, 6.18563904e+02, 6.97134094e+02,
            8.09432685e-01, 8.17675537e+02, 6.55390564e+02,
            8.85178924e-01, 8.85747925e+02, 4.87731964e+02,
            8.56539071e-01, 3.35703888e+02, 7.91451050e+02,
            7.92612195e-01, 2.72818970e+02, 1.03227246e+03,
            7.29436874e-01, 0.0, 0.0, 0.0, 6.86725220e+02,
            1.24190344e+03, 5.48034430e-01, 6.91759155e+02,
            1.13191016e+03, 1.00903407e-01, 6.91749817e+02,
            1.36231458e+03, 7.00268269e-01, 4.82461945e+02,
            1.27335632e+03, 6.79048896e-01, 2.62394501e+02,
            1.09528162e+03, 7.38412857e-01, 3.61987030e+02,
            1.41482178e+03, 7.92667508e-01, 0.0, 0.0, 0.0, 0.0, 0.0, 0.0,
            5.24180908e+02, 5.66025269e+02, 6.96550965e-01,
            3.88124451e+02, 5.92271484e+02, 6.65858865e-01 ]
    }
}
