{
    "pose_0": {
        "type_id": "opencv-matrix",
        "rows": 1,
        "cols": 18,
        "dt": "3f",
        "data": [ 0.0, 0.0, 0.0, 3.93441345e+02, 8.28131165e+02,
            8.88094604e-01, 5.29703430e+02, 7.75733154e+02,
            8.48716080e-01, 7.33659180e+02, 7.23122925e+02,
            8.33686173e-01, 9.22439331e+02, 6.86562622e+02,
            8.67849708e-01, 2.41386276e+02, 8.80376221e+02,
            7.95952797e-01, 1.83655807e+02, 1.11087524e+03,
            7.49014497e-01, 0.0, 0.0, 0.0, 5.97656860e+02,
            1.32567834e+03, 5.73773026e-01, 6.02778320e+02,
            1.20521338e+03, 7.41291940e-02, 5.97484131e+02,
            1.44607153e+03, 6.59718037e-01, 3.82865967e+02,
            1.35715393e+03, 6.79231882e-01, 1.57673172e+02,
            1.17385010e+03, 7.40024984e-01, 2.62397247e+02,
            1.49341431e+03, 8.23665798e-01, 0.0, 0.0, 0.0, 0.0, 0.0, 0.0,
            4.30063354e+02, 6.49906738e+02, 6.15431130e-01,
            2.93875763e+02, 6.81437744e+02, 6.03247106e-01 ]
    }
}
