{
    "pose_0": {
        "type_id": "opencv-matrix",
        "rows": 1,
        "cols": 18,
        "dt": "3f",
        "data": [ 0.0, 0.0, 0.0, 4.66710663e+02, 7.39155579e+02,
            8.45225573e-01, 6.07908752e+02, 6.91964966e+02,
            8.53496134e-01, 8.12321350e+02, 6.50169983e+02,
            9.14934456e-01, 8.64899902e+02, 4.82163940e+02,
            8.65408659e-01, 3.14804779e+02, 7.86271912e+02,
            8.33219528e-01, 2.67727905e+02, 1.02728931e+03,
            7.26456821e-01, 0.0, 0.0, 0.0, 6.81255737e+02,
            1.23672217e+03, 5.64564526e-01, 6.60493469e+02,
            1.10579858e+03, 8.45696330e-02, 6.81257019e+02,
            1.35715295e+03, 6.50207400e-01, 4.71858795e+02,
            1.27314001e+03, 6.91152871e-01, 2.36293549e+02,
            1.10047498e+03, 7.97114074e-01, 3.51254700e+02,
            1.40948523e+03, 8.36912513e-01, 0.0, 0.0, 0.0, 0.0, 0.0, 0.0,
            5.18838501e+02, 5.61159424e+02, 6.61381245e-01,
            3.67253632e+02, 5.92254089e+02, 5.97153664e-01 ]
    }
}
