{
    "pose_0": {
        "type_id": "opencv-matrix",
        "rows": 1,
        "cols": 18,
        "dt": "3f",
        "data": [ 0.0, 0.0, 0.0, 4.45871338e+02, 8.12479370e+02,
            8.75962257e-01, 5.97586426e+02, 7.70193054e+02,
            8.27141464e-01, 7.80855652e+02, 6.91929443e+02,
            8.63020122e-01, 9.85003296e+02, 6.44653748e+02,
            8.95829558e-01, 3.04370209e+02, 8.59466797e+02,
            8.56275618e-01, 2.36171478e+02, 1.10052075e+03,
            7.01905489e-01, 0.0, 0.0, 0.0, 6.50146729e+02,
            1.30997693e+03, 6.03055954e-01, 6.55248535e+02,
            1.22603674e+03, 8.22190493e-02, 6.55187683e+02,
            1.44098853e+03, 6.34596288e-01, 4.40631866e+02,
            1.33084119e+03, 6.75356865e-01, 2.25591980e+02,
            1.15812976e+03, 7.76986480e-01, 3.14844208e+02,
            1.47235803e+03, 8.26812088e-01, 0.0, 0.0, 0.0, 0.0, 0.0, 0.0,
            4.98087463e+02, 6.39541565e+02, 6.36819243e-01,
            3.56577637e+02, 6.60500122e+02, 6.01642072e-01 ]
    }
}
