{
    "pose_0": {
        "type_id": "opencv-matrix",
        "rows": 1,
        "cols": 18,
        "dt": "3f",
        "data": [ 0.0, 0.0, 0.0, 3.88028198e+02, 8.12534607e+02,
            8.86201739e-01, 5.24183350e+02, 7.70171326e+02,
            8.38657498e-01, 6.86903870e+02, 6.70867004e+02,
            8.47475410e-01, 6.13550049e+02, 5.24371460e+02,
            8.77777517e-01, 2.31094421e+02, 8.59585938e+02,
            8.47750425e-01, 1.78643982e+02, 1.11082178e+03,
            6.97547317e-01, 0.0, 0.0, 0.0, 5.71549133e+02,
            1.32050073e+03, 5.41784167e-01, 5.71379883e+02,
            1.22081262e+03, 5.13118692e-02, 5.81876343e+02,
            1.44080090e+03, 6.85021341e-01, 3.72417328e+02,
            1.35173730e+03, 6.56256378e-01, 1.47095581e+02,
            1.17382275e+03, 7.63888717e-01, 2.46666901e+02,
            1.48833521e+03, 7.91802943e-01, 0.0, 0.0, 0.0, 0.0, 0.0, 0.0,
            4.35409546e+02, 6.44951233e+02, 6.70003057e-01,
            2.93864075e+02, 6.70976807e+02, 5.99649668e-01 ]
    }
}
