{
    "pose_0": {
        "type_id": "opencv-matrix",
        "rows": 1,
        "cols": 18,
        "dt": "3f",
        "data": [ 0.0, 0.0, 0.0, 3.93390747e+02, 8.22791443e+02,
            8.99070621e-01, 5.34794739e+02, 7.70315063e+02,
            8.18432987e-01, 6.86589294e+02, 6.55146790e+02,
            8.79762352e-01, 7.28341370e+02, 5.03364197e+02,
            8.71946692e-01, 2.36151047e+02, 8.80404663e+02,
            8.01112950e-01, 1.83703537e+02, 1.11108752e+03,
            7.32893884e-01, 0.0, 0.0, 0.0, 5.92384216e+02,
            1.32567529e+03, 5.46895921e-01, 5.81877747e+02,
            1.21043689e+03, 5.42678982e-02, 5.92431580e+02,
            1.44611597e+03, 6.33963168e-01, 3.82777557e+02,
            1.35708459e+03, 6.80045962e-01, 1.52414764e+02,
            1.17909814e+03, 7.58701801e-01, 2.57123138e+02,
            1.50892139e+03, 7.56257653e-01, 0.0, 0.0, 0.0, 0.0, 0.0, 0.0,
            4.40473358e+02, 6.49790344e+02, 7.13430226e-01,
            3.04195282e+02, 6.81334717e+02, 6.05343938e-01 ]
    }
}
