{
    "pose_0": {
        "type_id": "opencv-matrix",
        "rows": 1,
        "cols": 18,
        "dt": "3f",
        "data": [ 0.0, 0.0, 0.0, 4.61385681e+02, 7.75639221e+02,
            8.78555954e-01, 6.07970276e+02, 7.28291382e+02,
            8.14656079e-01, 7.49429688e+02, 6.23803223e+02,
            8.27873468e-01, 6.07928833e+02, 5.29621277e+02,
            8.79968047e-01, 3.09437683e+02, 8.22752808e+02,
            8.67249727e-01, 2.46737747e+02, 1.06888293e+03,
            6.75266504e-01, 0.0, 0.0, 0.0, 6.50004150e+02,
            1.27852649e+03, 5.39953709e-01, 6.60513550e+02,
            1.17896606e+03, 7.23715127e-02, 6.60425659e+02,
            1.39894666e+03, 6.80080473e-01, 4.45683624e+02,
            1.30994702e+03, 6.96404219e-01, 2.30952057e+02,
            1.12141394e+03, 7.48965383e-01, 3.25296112e+02,
            1.44111096e+03, 8.18093181e-01, 0.0, 0.0, 0.0, 0.0, 0.0, 0.0,
            5.13902466e+02, 6.07918396e+02, 6.43753827e-01,
            3.62084015e+02, 6.28947632e+02, 5.78596711e-01 ]
    }
}
