{
    "pose_0": {
        "type_id": "opencv-matrix",
        "rows": 1,
        "cols": 18,
        "dt": "3f",
        "data": [ 0.0, 0.0, 0.0, 4.45689362e+02, 8.12305481e+02,
            8.98928642e-01, 5.97712585e+02, 7.54735046e+02,
            8.06084633e-01, 7.33939941e+02, 6.65624207e+02,
            8.21151078e-01, 8.95934448e+02, 5.18810303e+02,
            8.40070486e-01, 2.99115540e+02, 8.59320190e+02,
            8.58266413e-01, 2.31046417e+02, 1.10547839e+03,
            7.33403742e-01, 0.0, 0.0, 0.0, 6.50054199e+02,
            1.30992224e+03, 5.71154892e-01, 6.49975525e+02,
            1.22619849e+03, 9.92007777e-02, 6.50085999e+02,
            1.43046179e+03, 7.03257978e-01, 4.40584534e+02,
            1.33099377e+03, 6.56595111e-01, 2.20325500e+02,
            1.15810632e+03, 7.40593195e-01, 3.14774353e+02,
            1.48289795e+03, 8.44248772e-01, 0.0, 0.0, 0.0, 0.0, 0.0, 0.0,
            4.87524170e+02, 6.34286011e+02, 6.47871912e-01,
            3.51433685e+02, 6.50245056e+02, 6.47028208e-01 ]
    }
}
