{
    "pose_0": {
        "type_id": "opencv-matrix",
        "rows": 1,
        "cols": 18,
        "dt": "3f",
        "data": [ 0.0, 0.0, 0.0, 4.24758026e+02, 8.12153992e+02,
            8.59219670e-01, 5.66259949e+02, 7.38988892e+02,
            7.97273517e-01, 6.65763123e+02, 6.18561646e+02,
            8.48060071e-01, 5.19210510e+02, 5.24552734e+02,
            9.15982485e-01, 2.72793976e+02, 8.59664490e+02,
            8.51560652e-01, 2.25772491e+02, 1.10555273e+03,
            6.87700927e-01, 0.0, 0.0, 0.0, 6.29019165e+02,
            1.32039771e+03, 5.28113604e-01, 0.0, 0.0, 0.0, 0.0, 0.0, 0.0,
            4.29954712e+02, 1.35189685e+03, 6.68071985e-01,
            1.89335464e+02, 1.16340320e+03, 7.95773208e-01,
            2.99027466e+02, 1.48277319e+03, 7.81711102e-01, 0.0, 0.0,
            0.0, 0.0, 0.0, 0.0, 4.87563782e+02, 6.44778198e+02,
            6.70560420e-01, 3.41046112e+02, 6.60458984e+02,
            5.28845191e-01 ]
    }
}
