{
    "pose_0": {
        "type_id": "opencv-matrix",
        "rows": 1,
        "cols": 18,
        "dt": "3f",
        "data": [ 0.0, 0.0, 0.0, 4.40268250e+02, 8.12298340e+02,
            9.10759687e-01, 5.81893372e+02, 7.49449829e+02,
            7.75051057e-01, 7.28741516e+02, 6.34303345e+02,
            8.68201613e-01, 7.49513855e+02, 4.82299408e+02,
            8.81647050e-01, 2.83407318e+02, 8.59523682e+02,
            8.37074220e-01, 2.30837204e+02, 1.10049292e+03,
            7.34808803e-01, 0.0, 0.0, 0.0, 6.44638245e+02,
            1.31003174e+03, 5.43036759e-01, 0.0, 0.0, 0.0, 0.0, 0.0, 0.0,
            4.35314819e+02, 1.33620715e+03, 6.63143814e-01,
            2.09965546e+02, 1.15815674e+03, 7.29714394e-01,
            3.14524902e+02, 1.48294727e+03, 8.60902309e-01, 0.0, 0.0,
            0.0, 0.0, 0.0, 0.0, 4.82368622e+02, 6.34318420e+02,
            6.49083674e-01, 3.46266968e+02, 6.60455994e+02,
            6.23057008e-01 ]
    }
}
