{
    "pose_0": {
        "type_id": "opencv-matrix",
        "rows": 1,
        "cols": 18,
        "dt": "3f",
        "data": [ 0.0, 0.0, 0.0, 3.98635651e+02, 8.22884705e+02,
            9.05196309e-01, 5.50530273e+02, 7.70581177e+02,
            8.34257960e-01, 6.97204102e+02, 6.86563477e+02,
            8.15301776e-01, 8.85666748e+02, 5.34716309e+02,
            7.84493804e-01, 2.46756958e+02, 8.70114502e+02,
            7.86343277e-01, 1.88941116e+02, 1.11613794e+03,
            7.24304318e-01, 0.0, 0.0, 0.0, 6.02906616e+02,
            1.32571619e+03, 5.59630275e-01, 6.02861877e+02,
            1.22618311e+03, 7.20825121e-02, 6.03089539e+02,
            1.45145911e+03, 6.39943182e-01, 3.98419983e+02,
            1.35703516e+03, 7.15266347e-01, 1.73317398e+02,
            1.17382947e+03, 7.15072572e-01, 2.72686432e+02,
            1.49339685e+03, 8.39775622e-01, 0.0, 0.0, 0.0, 0.0, 0.0, 0.0,
            4.40307068e+02, 6.44832214e+02, 6.37875795e-01,
            3.09296143e+02, 6.81235596e+02, 6.43509448e-01 ]
    }
}
