{
    "pose_0": {
        "type_id": "opencv-matrix",
        "rows": 1,
        "cols": 18,
        "dt": "3f",
        "data": [ 0.0, 0.0, 0.0, 4.29802917e+02, 8.12319641e+02,
            8.75589192e-01, 5.66263367e+02, 7.49397705e+02,
            7.78112233e-01, 6.81266724e+02, 6.18551636e+02,
            8.52878034e-01, 5.55591492e+02, 5.13689636e+02,
            8.39138269e-01, 2.72904358e+02, 8.59657227e+02,
            8.62747014e-01, 2.25854370e+02, 1.10551758e+03,
            7.43025780e-01, 0.0, 0.0, 0.0, 6.29035828e+02,
            1.32035754e+03, 5.67372322e-01, 0.0, 0.0, 0.0, 0.0, 0.0, 0.0,
            4.19536987e+02, 1.34660706e+03, 6.81850135e-01,
            1.94367920e+02, 1.16326477e+03, 7.95170248e-01,
            2.99112152e+02, 1.48294019e+03, 8.21976662e-01, 0.0, 0.0,
            0.0, 0.0, 0.0, 0.0, 4.82411987e+02, 6.39484741e+02,
            7.40516424e-01, 3.46031860e+02, 6.55390747e+02,
            5.61244428e-01 ]
    }
}
