{
    "pose_0": {
        "type_id": "opencv-matrix",
        "rows": 1,
        "cols": 18,
        "dt": "3f",
        "data": [ 0.0, 0.0, 0.0, 3.98815247e+02, 8.22762817e+02,
            8.95249188e-01, 5.55602356e+02, 7.70284973e+02,
            8.22240174e-01, 7.23205688e+02, 6.50225098e+02,
            8.45352590e-01, 7.65259338e+02, 5.08489929e+02,
            8.64342749e-01, 2.51990341e+02, 8.75169739e+02,
            7.76887774e-01, 1.94250656e+02, 1.12135522e+03,
            6.62127733e-01, 0.0, 0.0, 0.0, 6.07974976e+02,
            1.31524170e+03, 5.64362943e-01, 6.02947632e+02,
            1.22079407e+03, 8.08002353e-02, 6.07982788e+02,
            1.44096765e+03, 7.03573763e-01, 3.98563507e+02,
            1.35688330e+03, 7.00194538e-01, 1.78625305e+02,
            1.17898376e+03, 7.19004273e-01, 2.72899872e+02,
            1.48827649e+03, 8.25539649e-01, 0.0, 0.0, 0.0, 0.0, 0.0, 0.0,
            4.45728760e+02, 6.44747375e+02, 6.45414472e-01,
            3.09367126e+02, 6.76187500e+02, 6.56067133e-01 ]
    }
}
