{
    "pose_0": {
        "type_id": "opencv-matrix",
        "rows": 1,
        "cols": 18,
        "dt": "3f",
        "data": [ 0.0, 0.0, 0.0, 3.93066559e+02, 8.17488831e+02,
            9.18680012e-01, 5.29582581e+02, 7.60004272e+02,
            7.88121045e-01, 6.34186096e+02, 6.44921814e+02,
            8.80954027e-01, 4.66575043e+02, 5.61138245e+02,
            7.54482567e-01, 2.31064178e+02, 8.75170288e+02,
            8.23743641e-01, 1.83522430e+02, 1.11095776e+03,
            6.98907733e-01, 0.0, 0.0, 0.0, 5.76670532e+02,
            1.32042505e+03, 5.68225324e-01, 0.0, 0.0, 0.0, 0.0, 0.0, 0.0,
            3.72447205e+02, 1.35190454e+03, 6.77632689e-01,
            1.47384796e+02, 1.16851489e+03, 7.43427873e-01,
            2.46763748e+02, 1.49332739e+03, 7.91450500e-01, 0.0, 0.0,
            0.0, 0.0, 0.0, 0.0, 4.40658936e+02, 6.50055786e+02,
            5.56252360e-01, 3.09334320e+02, 6.76083496e+02,
            6.07124031e-01 ]
    }
}
