{
    "pose_0": {
        "type_id": "opencv-matrix",
        "rows": 1,
        "cols": 18,
        "dt": "3f",
        "data": [ 0.0, 0.0, 0.0, 3.93406525e+02, 8.17843262e+02,
            8.94226611e-01, 5.34855469e+02, 7.65271484e+02,
            7.91931748e-01, 6.76056335e+02, 6.44883728e+02,
            8.25715184e-01, 6.55249695e+02, 4.87620270e+02,
            8.85552883e-01, 2.36134232e+02, 8.80480408e+02,
            7.96985269e-01, 1.83586426e+02, 1.11104980e+03,
            7.28167892e-01, 0.0, 0.0, 0.0, 5.87102112e+02,
            1.32576965e+03, 5.60603142e-01, 0.0, 0.0, 0.0, 0.0, 0.0, 0.0,
            3.77559784e+02, 1.35699915e+03, 6.85447633e-01,
            1.52343124e+02, 1.17385486e+03, 7.58704722e-01,
            2.57147064e+02, 1.49854736e+03, 7.71242917e-01, 0.0, 0.0,
            0.0, 0.0, 0.0, 0.0, 4.40662750e+02, 6.49855286e+02,
            6.53638899e-01, 3.04330353e+02, 6.76183899e+02,
            6.20440483e-01 ]
    }
}
