{
    "pose_0": {
        "type_id": "opencv-matrix",
        "rows": 1,
        "cols": 18,
        "dt": "3f",
        "data": [ 0.0, 0.0, 0.0, 4.45777374e+02, 8.12294250e+02,
            8.88351560e-01, 6.02637878e+02, 7.54787415e+02,
            7.99625456e-01, 7.54661621e+02, 6.65660461e+02,
            7.87464976e-01, 9.27565552e+02, 5.60773743e+02,
            8.37863445e-01, 3.04122711e+02, 8.59401245e+02,
            8.51151824e-01, 2.36104172e+02, 1.10547070e+03,
            6.73867285e-01, 0.0, 0.0, 0.0, 6.44909851e+02,
            1.30991357e+03, 5.67324162e-01, 6.44530640e+02,
            1.22601025e+03, 5.93334734e-02, 6.50065002e+02,
            1.43046948e+03, 6.99491262e-01, 4.40519287e+02,
            1.33101160e+03, 6.80120468e-01, 2.20553635e+02,
            1.15815393e+03, 7.72339582e-01, 3.14779510e+02,
            1.48277832e+03, 8.40886831e-01, 0.0, 0.0, 0.0, 0.0, 0.0, 0.0,
            4.92782562e+02, 6.39434082e+02, 6.32505834e-01,
            3.51453552e+02, 6.65689819e+02, 6.23803854e-01 ]
    }
}
