{
    "pose_0": {
        "type_id": "opencv-matrix",
        "rows": 1,
        "cols": 18,
        "dt": "3f",
        "data": [ 0.0, 0.0, 0.0, 4.77200623e+02, 7.39081238e+02,
            8.92328382e-01, 6.13466736e+02, 6.91944275e+02,
            8.41049552e-01, 8.17535645e+02, 6.50110291e+02,
            9.18220878e-01, 8.80535583e+02, 4.82251709e+02,
            8.77684534e-01, 3.25221375e+02, 7.86108459e+02,
            8.08714390e-01, 2.72969574e+02, 1.03229468e+03,
            6.73671722e-01, 0.0, 0.0, 0.0, 6.81403625e+02,
            1.23134998e+03, 5.52852035e-01, 6.91838196e+02,
            1.13187842e+03, 1.66741058e-01, 6.86819885e+02,
            1.35708716e+03, 7.19983041e-01, 4.77104034e+02,
            1.26290625e+03, 6.76186144e-01, 2.62241486e+02,
            1.08995776e+03, 7.59715974e-01, 3.56618256e+02,
            1.40945007e+03, 8.36150169e-01, 0.0, 0.0, 0.0, 0.0, 0.0, 0.0,
            5.19161316e+02, 5.61031921e+02, 6.87374949e-01,
            3.77634125e+02, 5.87164734e+02, 6.11973226e-01 ]
    }
}
