{
    "pose_0": {
        "type_id": "opencv-matrix",
        "rows": 1,
        "cols": 18,
        "dt": "3f",
        "data": [ 0.0, 0.0, 0.0, 3.93142426e+02, 8.12556519e+02,
            8.99514318e-01, 5.29568298e+02, 7.59898621e+02,
            7.68910766e-01, 6.39565002e+02, 6.44560303e+02,
            9.06329095e-01, 4.82365631e+02, 5.34870972e+02,
            8.36110115e-01, 2.31224991e+02, 8.69914795e+02,
            8.08365285e-01, 1.83547287e+02, 1.11083154e+03,
            7.44016707e-01, 0.0, 0.0, 0.0, 5.81884033e+02,
            1.32567639e+03, 5.51039755e-01, 0.0, 0.0, 0.0, 0.0, 0.0, 0.0,
            3.77594727e+02, 1.35192310e+03, 6.79415584e-01,
            1.52375351e+02, 1.17382800e+03, 7.36839890e-01,
            2.46599060e+02, 1.48828857e+03, 7.81303227e-01, 0.0, 0.0,
            0.0, 0.0, 0.0, 0.0, 4.56230469e+02, 6.50185730e+02,
            6.80079103e-01, 3.09399200e+02, 6.81259705e+02,
            5.62694788e-01 ]
    }
}
