{
    "pose_0": {
        "type_id": "opencv-matrix",
        "rows": 1,
        "cols": 18,
        "dt": "3f",
        "data": [ 0.0, 0.0, 0.0, 4.71843597e+02, 7.39042419e+02,
            8.59489202e-01, 6.08135498e+02, 6.91911133e+02,
            8.52538347e-01, 8.17428711e+02, 6.49923462e+02,
            9.34807658e-01, 8.70109619e+02, 4.77367828e+02,
            8.56390238e-01, 3.14894531e+02, 7.86125244e+02,
            8.32066774e-01, 2.72908661e+02, 1.02731494e+03,
            6.87255800e-01, 0.0, 0.0, 0.0, 6.81287659e+02,
            1.23148474e+03, 5.40874422e-01, 6.86748962e+02,
            1.12656592e+03, 1.97225079e-01, 6.86572937e+02,
            1.35703711e+03, 6.71014011e-01, 4.71926666e+02,
            1.26794092e+03, 6.78817809e-01, 2.41549484e+02,
            1.08992578e+03, 7.62107432e-01, 3.56465881e+02,
            1.40952954e+03, 8.41827393e-01, 0.0, 0.0, 0.0, 0.0, 0.0, 0.0,
            5.19057922e+02, 5.60879333e+02, 6.89577818e-01,
            3.67189697e+02, 5.81838684e+02, 6.45376801e-01 ]
    }
}
