{
    "pose_0": {
        "type_id": "opencv-matrix",
        "rows": 1,
        "cols": 18,
        "dt": "3f",
        "data": [ 0.0, 0.0, 0.0, 4.45898193e+02, 8.12155762e+02,
            8.69666934e-01, 5.97685974e+02, 7.59962952e+02,
            8.16549301e-01, 7.70528564e+02, 6.86515198e+02,
            8.91710758e-01, 8.80385681e+02, 5.19098877e+02,
            8.47279370e-01, 3.09335876e+02, 8.54359802e+02,
            8.69877756e-01, 2.36429626e+02, 1.08477673e+03,
            7.08575308e-01, 0.0, 0.0, 0.0, 6.50121704e+02,
            1.30991150e+03, 5.62696636e-01, 6.60417786e+02,
            1.21045081e+03, 8.43740031e-02, 6.55253784e+02,
            1.44073108e+03, 6.91442251e-01, 4.40579895e+02,
            1.33091321e+03, 6.84073806e-01, 2.25897339e+02,
            1.15298254e+03, 8.18447948e-01, 3.20198212e+02,
            1.47764258e+03, 8.06903005e-01, 0.0, 0.0, 0.0, 0.0, 0.0, 0.0,
            4.98177124e+02, 6.39401733e+02, 6.22153997e-01,
            3.56662354e+02, 6.60436707e+02, 6.13196194e-01 ]
    }
}
