{
    "pose_0": {
        "type_id": "opencv-matrix",
        "rows": 1,
        "cols": 18,
        "dt": "3f",
        "data": [ 0.0, 0.0, 0.0, 3.87998962e+02, 8.12372620e+02,
            8.94307494e-01, 5.24200500e+02, 7.59996277e+02,
            8.06824327e-01, 6.70998169e+02, 6.50230286e+02,
            8.72132957e-01, 5.55660767e+02, 5.29459839e+02,
            9.17530715e-01, 2.31026566e+02, 8.64649353e+02,
            8.32002521e-01, 1.83714447e+02, 1.11088049e+03,
            7.13341832e-01, 0.0, 0.0, 0.0, 5.71547119e+02,
            1.32035840e+03, 5.47256291e-01, 0.0, 0.0, 0.0, 0.0, 0.0, 0.0,
            3.77569519e+02, 1.35183459e+03, 6.66266978e-01,
            1.47193176e+02, 1.17895264e+03, 7.70034313e-01,
            2.51828415e+02, 1.49319824e+03, 7.98416913e-01, 0.0, 0.0,
            0.0, 0.0, 0.0, 0.0, 4.40438812e+02, 6.44806213e+02,
            7.33292818e-01, 2.99140503e+02, 6.65807617e+02,
            5.95616043e-01 ]
    }
}
