{
    "pose_0": {
        "type_id": "opencv-matrix",
        "rows": 1,
        "cols": 18,
        "dt": "3f",
        "data": [ 0.0, 0.0, 0.0, 3.93542633e+02, 8.28013672e+02,
            8.87873411e-01, 5.34848755e+02, 7.75543640e+02,
            8.40136826e-01, 7.28518188e+02, 6.86725830e+02,
            8.97532344e-01, 9.01656067e+02, 6.13261047e+02,
            8.75222087e-01, 2.41401688e+02, 8.85561340e+02,
            7.91159511e-01, 1.88893723e+02, 1.11617542e+03,
            7.23766863e-01, 0.0, 0.0, 0.0, 6.02716125e+02,
            1.32052490e+03, 5.58452427e-01, 6.02901550e+02,
            1.21562439e+03, 6.95570037e-02, 6.02774109e+02,
            1.45148572e+03, 7.00666308e-01, 3.88150970e+02,
            1.35707056e+03, 6.97474957e-01, 1.57686646e+02,
            1.18416699e+03, 7.45378256e-01, 2.67700897e+02,
            1.49848755e+03, 8.19942236e-01, 0.0, 0.0, 0.0, 0.0, 0.0, 0.0,
            4.35375977e+02, 6.49984680e+02, 6.69499218e-01,
            2.99042053e+02, 6.86467346e+02, 6.46649778e-01 ]
    }
}
