{
    "pose_0": {
        "type_id": "opencv-matrix",
        "rows": 1,
        "cols": 18,
        "dt": "3f",
        "data": [ 0.0, 0.0, 0.0, 4.66611847e+02, 7.70392578e+02,
            8.67849112e-01, 6.08082886e+02, 7.18067017e+02,
            8.10078084e-01, 7.65257507e+02, 6.18705383e+02,
            8.74666929e-01, 6.50199768e+02, 4.82548065e+02,
            9.39197540e-01, 3.09490265e+02, 8.17475647e+02,
            8.75594914e-01, 2.57194153e+02, 1.05856592e+03,
            6.47643209e-01, 0.0, 0.0, 0.0, 6.55241211e+02,
            1.27322986e+03, 5.53989291e-01, 6.55316589e+02,
            1.18393555e+03, 5.33484519e-02, 6.60503662e+02,
            1.38327991e+03, 6.63658619e-01, 4.45688904e+02,
            1.29941589e+03, 6.77507281e-01, 2.30977310e+02,
            1.11617493e+03, 8.05394113e-01, 3.30419952e+02,
            1.44078796e+03, 8.08474302e-01, 0.0, 0.0, 0.0, 0.0, 0.0, 0.0,
            5.19021912e+02, 5.97520203e+02, 6.50158107e-01,
            3.67213654e+02, 6.13437622e+02, 5.93599081e-01 ]
    }
}
