{
    "pose_0": {
        "type_id": "opencv-matrix",
        "rows": 1,
        "cols": 18,
        "dt": "3f",
        "data": [ 0.0, 0.0, 0.0, 4.45760925e+02, 8.12481079e+02,
            8.85219395e-01, 5.92456909e+02, 7.70223145e+02,
            8.22193980e-01, 7.86263184e+02, 6.92102905e+02,
            8.26017141e-01, 9.85030640e+02, 6.49879150e+02,
            9.06268716e-01, 3.04346558e+02, 8.59442627e+02,
            8.56645644e-01, 2.41482407e+02, 1.10545251e+03,
            6.84484482e-01, 0.0, 0.0, 0.0, 6.50080688e+02,
            1.30990393e+03, 5.95744431e-01, 6.60459106e+02,
            1.22604480e+03, 9.89560857e-02, 6.55135925e+02,
            1.43570923e+03, 6.40443683e-01, 4.45670715e+02,
            1.32580444e+03, 6.66654706e-01, 2.25639618e+02,
            1.15813208e+03, 7.81129241e-01, 3.14810974e+02,
            1.47749805e+03, 8.39644194e-01, 0.0, 0.0, 0.0, 0.0, 0.0, 0.0,
            4.92913574e+02, 6.39564453e+02, 6.42588556e-01,
            3.56589661e+02, 6.60413818e+02, 5.94673276e-01 ]
    }
}
