{
    "pose_0": {
        "type_id": "opencv-matrix",
        "rows": 1,
        "cols": 18,
        "dt": "3f",
        "data": [ 0.0, 0.0, 0.0, 4.66661194e+02, 7.70265991e+02,
            8.73071551e-01, 6.08111816e+02, 7.18018555e+02,
            8.15959096e-01, 7.75815918e+02, 6.39388672e+02,
            8.84080887e-01, 6.97272522e+02, 4.77120972e+02,
            9.08768535e-01, 3.09634857e+02, 8.12453796e+02,
            8.71541679e-01, 2.62447418e+02, 1.05338391e+03,
            6.47843301e-01, 0.0, 0.0, 0.0, 6.60575745e+02,
            1.26287195e+03, 5.79291165e-01, 0.0, 0.0, 0.0, 0.0, 0.0, 0.0,
            4.61380768e+02, 1.28908008e+03, 6.76151097e-01,
            2.31229004e+02, 1.11100171e+03, 8.01879823e-01,
            3.41038208e+02, 1.44080554e+03, 8.13489258e-01, 0.0, 0.0,
            0.0, 0.0, 0.0, 0.0, 5.18905701e+02, 5.81955627e+02,
            6.03983283e-01, 3.67062958e+02, 6.08058228e+02,
            6.37655735e-01 ]
    }
}
