{
    "pose_0": {
        "type_id": "opencv-matrix",
        "rows": 1,
        "cols": 18,
        "dt": "3f",
        "data": [ 0.0, 0.0, 0.0, 4.45814484e+02, 8.12337585e+02,
            8.74520421e-01, 5.97669189e+02, 7.60085205e+02,
            8.16018403e-01, 7.65181641e+02, 6.91747375e+02,
            8.44468534e-01, 9.38006226e+02, 5.40054565e+02,
            8.37818623e-01, 3.04325867e+02, 8.59446716e+02,
            8.53740156e-01, 2.36284546e+02, 1.09523840e+03,
            6.87611520e-01, 0.0, 0.0, 0.0, 6.55191467e+02,
            1.30470630e+03, 6.09639227e-01, 6.49977417e+02,
            1.22095020e+03, 8.64110440e-02, 6.55165222e+02,
            1.44085376e+03, 6.99820220e-01, 4.40642029e+02,
            1.33085400e+03, 6.96244538e-01, 2.25728653e+02,
            1.15798486e+03, 7.97142684e-01, 3.20108459e+02,
            1.47768567e+03, 8.06836367e-01, 0.0, 0.0, 0.0, 0.0, 0.0, 0.0,
            4.98049652e+02, 6.39604187e+02, 6.53257191e-01,
            3.56650665e+02, 6.70859558e+02, 6.08760118e-01 ]
    }
}
