{
    "pose_0": {
        "type_id": "opencv-matrix",
        "rows": 1,
        "cols": 18,
        "dt": "3f",
        "data": [ 0.0, 0.0, 0.0, 4.66533905e+02, 7.75905029e+02,
            8.59456003e-01, 6.08243896e+02, 7.28312195e+02,
            7.92212367e-01, 7.33960327e+02, 6.23800049e+02,
            8.64316523e-01, 5.87192688e+02, 5.55638794e+02,
            7.91073620e-01, 3.09390839e+02, 8.28172058e+02,
            8.31477344e-01, 2.56992615e+02, 1.06919238e+03,
            6.71609879e-01, 0.0, 0.0, 0.0, 6.50203369e+02,
            1.29419836e+03, 5.78055382e-01, 6.50103394e+02,
            1.17371753e+03, 5.30349500e-02, 6.60553650e+02,
            1.40412109e+03, 6.70062244e-01, 4.45799805e+02,
            1.31529150e+03, 6.88284457e-01, 2.30997925e+02,
            1.14226282e+03, 7.72668779e-01, 3.30465210e+02,
            1.44637036e+03, 8.11707914e-01, 0.0, 0.0, 0.0, 0.0, 0.0, 0.0,
            5.18896606e+02, 6.03017883e+02, 5.72917461e-01,
            3.61997803e+02, 6.39486084e+02, 5.83732724e-01 ]
    }
}
