{
    "pose_0": {
        "type_id": "opencv-matrix",
        "rows": 1,
        "cols": 18,
        "dt": "3f",
        "data": [ 0.0, 0.0, 0.0, 3.93395721e+02, 8.28025452e+02,
            8.87800574e-01, 5.34808777e+02, 7.75495300e+02,
            8.40327621e-01, 7.17971863e+02, 6.91909546e+02,
            8.19910824e-01, 8.85733643e+02, 6.08413818e+02,
            8.55258763e-01, 2.36143326e+02, 8.80470581e+02,
            8.07411134e-01, 1.83593628e+02, 1.11106604e+03,
            7.34408796e-01, 0.0, 0.0, 0.0, 5.92397949e+02,
            1.33610583e+03, 5.53462386e-01, 5.92330322e+02,
            1.19462634e+03, 5.30199446e-02, 5.97395813e+02,
            1.44619836e+03, 6.71012521e-01, 3.77618774e+02,
            1.35721729e+03, 6.71170950e-01, 1.52457932e+02,
            1.17900464e+03, 7.45222867e-01, 2.62330444e+02,
            1.50385645e+03, 7.73285449e-01, 0.0, 0.0, 0.0, 0.0, 0.0, 0.0,
            4.40363129e+02, 6.50240540e+02, 7.30186522e-01,
            2.98974548e+02, 6.86680786e+02, 6.31989837e-01 ]
    }
}
