{
    "pose_0": {
        "type_id": "opencv-matrix",
        "rows": 1,
        "cols": 18,
        "dt": "3f",
        "data": [ 0.0, 0.0, 0.0, 3.98509521e+02, 8.22984680e+02,
            8.96198928e-01, 5.45315918e+02, 7.75507996e+02,
            8.24714780e-01, 7.18003784e+02, 6.86521912e+02,
            8.01174045e-01, 8.96014893e+02, 5.71575745e+02,
            8.34287524e-01, 2.41559113e+02, 8.80402588e+02,
            7.81455159e-01, 1.89059296e+02, 1.11625964e+03,
            7.26113439e-01, 0.0, 0.0, 0.0, 6.02831970e+02,
            1.32047693e+03, 5.84446847e-01, 5.97476685e+02,
            1.23127539e+03, 7.37416968e-02, 6.03031494e+02,
            1.44618677e+03, 6.87027097e-01, 3.98436371e+02,
            1.35705823e+03, 7.11722016e-01, 1.68164581e+02,
            1.17908472e+03, 7.24646926e-01, 2.67799927e+02,
            1.49857996e+03, 8.21729660e-01, 0.0, 0.0, 0.0, 0.0, 0.0, 0.0,
            4.40292511e+02, 6.49811340e+02, 6.52264535e-01,
            3.04179047e+02, 6.81372070e+02, 6.44057631e-01 ]
    }
}
