{
    "pose_0": {
        "type_id": "opencv-matrix",
        "rows": 1,
        "cols": 18,
        "dt": "3f",
        "data": [ 0.0, 0.0, 0.0, 4.71829132e+02, 7.34034485e+02,
            8.60636473e-01, 6.08027283e+02, 6.91780396e+02,
            8.59300256e-01, 8.17351746e+02, 6.49905762e+02,
            9.43518579e-01, 8.69903687e+02, 4.77386566e+02,
            8.72380972e-01, 3.14919830e+02, 7.81060181e+02,
            8.32002759e-01, 2.67605682e+02, 1.02710669e+03,
            7.17166960e-01, 0.0, 0.0, 0.0, 6.76115417e+02,
            1.23661267e+03, 5.44893622e-01, 6.91805603e+02,
            1.12664563e+03, 1.37042746e-01, 6.81500244e+02,
            1.35700476e+03, 6.62559748e-01, 4.71933777e+02,
            1.26808582e+03, 6.69901907e-01, 2.41572128e+02,
            1.08998096e+03, 7.68362284e-01, 3.51491852e+02,
            1.40440967e+03, 8.50655735e-01, 0.0, 0.0, 0.0, 0.0, 0.0, 0.0,
            5.19051575e+02, 5.60997986e+02, 6.58119261e-01,
            3.67148926e+02, 5.92449463e+02, 6.56005204e-01 ]
    }
}
