{
    "pose_0": {
        "type_id": "opencv-matrix",
        "rows": 1,
        "cols": 18,
        "dt": "3f",
        "data": [ 0.0, 0.0, 0.0, 4.30080383e+02, 8.12284058e+02,
            8.86894107e-01, 5.66320374e+02, 7.44286682e+02,
            7.90578187e-01, 6.92098206e+02, 6.34149536e+02,
            8.49675894e-01, 6.23851074e+02, 4.77204102e+02,
            8.73667777e-01, 2.73122925e+02, 8.59698303e+02,
            8.32267642e-01, 2.25584930e+02, 1.10043140e+03,
            7.39126623e-01, 0.0, 0.0, 0.0, 6.34263184e+02,
            1.31516467e+03, 5.46113670e-01, 0.0, 0.0, 0.0, 0.0, 0.0, 0.0,
            4.29960480e+02, 1.34133411e+03, 6.54178023e-01,
            1.94402527e+02, 1.15822168e+03, 8.00437391e-01,
            3.09451233e+02, 1.48292969e+03, 8.42545152e-01, 0.0, 0.0,
            0.0, 0.0, 0.0, 0.0, 4.82411255e+02, 6.39327881e+02,
            6.13134444e-01, 3.46098877e+02, 6.55285461e+02,
            5.76485157e-01 ]
    }
}
