{
    "pose_0": {
        "type_id": "opencv-matrix",
        "rows": 1,
        "cols": 18,
        "dt": "3f",
        "data": [ 0.0, 0.0, 0.0, 3.93438904e+02, 8.22904053e+02,
            8.96666706e-01, 5.34825500e+02, 7.70574768e+02,
            8.29652309e-01, 6.97148865e+02, 6.86695862e+02,
            8.55113745e-01, 8.43856873e+02, 5.66334839e+02,
            8.59650731e-01, 2.36302628e+02, 8.75309937e+02,
            8.01039398e-01, 1.83736740e+02, 1.11101160e+03,
            7.52275705e-01, 0.0, 0.0, 0.0, 5.92357483e+02,
            1.33098059e+03, 5.43451428e-01, 5.92335144e+02,
            1.21038989e+03, 5.99400774e-02, 5.92382690e+02,
            1.45658130e+03, 6.60966814e-01, 3.82767395e+02,
            1.35718787e+03, 6.70824409e-01, 1.52394028e+02,
            1.17904895e+03, 7.60358453e-01, 2.62188110e+02,
            1.49865186e+03, 7.67645240e-01, 0.0, 0.0, 0.0, 0.0, 0.0, 0.0,
            4.40385742e+02, 6.50151245e+02, 7.45232224e-01,
            2.99054443e+02, 6.86530762e+02, 6.19374692e-01 ]
    }
}
