{
    "pose_0": {
        "type_id": "opencv-matrix",
        "rows": 1,
        "cols": 18,
        "dt": "3f",
        "data": [ 0.0, 0.0, 0.0, 4.45718719e+02, 8.12445190e+02,
            8.91117990e-01, 5.97560242e+02, 7.65218689e+02,
            8.21959615e-01, 7.81082703e+02, 6.86513428e+02,
            8.45225930e-01, 9.79881042e+02, 6.23832031e+02,
            8.34664643e-01, 3.04216034e+02, 8.59481018e+02,
            8.54624212e-01, 2.41502701e+02, 1.10545007e+03,
            6.74702168e-01, 0.0, 0.0, 0.0, 6.49971252e+02,
            1.30998572e+03, 5.77782691e-01, 6.60535400e+02,
            1.21561255e+03, 1.10980123e-01, 6.50112610e+02,
            1.43561157e+03, 6.44943237e-01, 4.40527130e+02,
            1.33102197e+03, 6.54942691e-01, 2.25678406e+02,
            1.15304541e+03, 7.98990071e-01, 3.14944031e+02,
            1.48265332e+03, 8.46734405e-01, 0.0, 0.0, 0.0, 0.0, 0.0, 0.0,
            4.92988800e+02, 6.39449707e+02, 6.22284472e-01,
            3.51582947e+02, 6.60405579e+02, 6.57663405e-01 ]
    }
}
