{
    "pose_0": {
        "type_id": "opencv-matrix",
        "rows": 1,
        "cols": 18,
        "dt": "3f",
        "data": [ 0.0, 0.0, 0.0, 4.50935242e+02, 8.07213623e+02,
            8.68348002e-01, 6.02684692e+02, 7.49552856e+02,
            8.08381140e-01, 7.70358032e+02, 6.70944031e+02,
            8.44610691e-01, 7.39030212e+02, 5.13852783e+02,
            8.87601197e-01, 3.09289520e+02, 8.54346191e+02,
            8.68973970e-01, 2.41578400e+02, 1.08478442e+03,
            6.65168047e-01, 0.0, 0.0, 0.0, 6.50045349e+02,
            1.30986206e+03, 5.72177649e-01, 6.50089722e+02,
            1.15815686e+03, 7.66718537e-02, 6.55288940e+02,
            1.41997253e+03, 6.89355373e-01, 4.45651031e+02,
            1.32573792e+03, 6.78595960e-01, 2.31086502e+02,
            1.14776404e+03, 8.14432144e-01, 3.30452026e+02,
            1.47767786e+03, 7.92712629e-01, 0.0, 0.0, 0.0, 0.0, 0.0, 0.0,
            5.03390106e+02, 6.34292358e+02, 6.01714253e-01,
            3.56835388e+02, 6.55181641e+02, 6.01063728e-01 ]
    }
}
