{
    "pose_0": {
        "type_id": "opencv-matrix",
        "rows": 1,
        "cols": 18,
        "dt": "3f",
        "data": [ 0.0, 0.0, 0.0, 4.66752258e+02, 7.39138000e+02,
            8.48855138e-01, 6.07904358e+02, 6.92017212e+02,
            8.51351559e-01, 8.12371704e+02, 6.50137024e+02,
            9.18131471e-01, 8.69977966e+02, 4.82144653e+02,
            8.64446402e-01, 3.14802856e+02, 7.86120850e+02,
            8.42108607e-01, 2.67554688e+02, 1.02708948e+03,
            7.42351532e-01, 0.0, 0.0, 0.0, 6.81319885e+02,
            1.23655188e+03, 5.57430089e-01, 6.86530396e+02,
            1.12145239e+03, 1.34385079e-01, 6.81432739e+02,
            1.35718494e+03, 6.86332703e-01, 4.71843353e+02,
            1.27321558e+03, 7.01778173e-01, 2.41357605e+02,
            1.09518311e+03, 7.76012719e-01, 3.51259460e+02,
            1.40949597e+03, 8.33416641e-01, 0.0, 0.0, 0.0, 0.0, 0.0, 0.0,
            5.13899963e+02, 5.65997070e+02, 6.15005732e-01,
            3.67088287e+02, 5.97440308e+02, 6.39043093e-01 ]
    }
}
