{
    "pose_0": {
        "type_id": "opencv-matrix",
        "rows": 1,
        "cols": 18,
        "dt": "3f",
        "data": [ 0.0, 0.0, 0.0, 4.77141510e+02, 7.39125244e+02,
            8.91482353e-01, 6.08351318e+02, 6.91973999e+02,
            8.50384772e-01, 8.17484985e+02, 6.50191528e+02,
            9.14593041e-01, 8.85772888e+02, 4.82316711e+02,
            8.86173606e-01, 3.25321899e+02, 7.86099976e+02,
            8.14954638e-01, 2.72847900e+02, 1.02727405e+03,
            7.10177004e-01, 0.0, 0.0, 0.0, 6.86632629e+02,
            1.23144824e+03, 5.79917490e-01, 6.91744629e+02,
            1.13180713e+03, 1.19760185e-01, 6.86739807e+02,
            1.35699072e+03, 7.06685901e-01, 4.82210388e+02,
            1.26802869e+03, 6.89354300e-01, 2.57023254e+02,
            1.09510339e+03, 7.43143916e-01, 3.56607269e+02,
            1.40417822e+03, 8.44657481e-01, 0.0, 0.0, 0.0, 0.0, 0.0, 0.0,
            5.19261597e+02, 5.61000305e+02, 6.97257996e-01,
            3.82909698e+02, 5.81957764e+02, 6.30750179e-01 ]
    }
}
