{
    "pose_0": {
        "type_id": "opencv-matrix",
        "rows": 1,
        "cols": 18,
        "dt": "3f",
        "data": [ 0.0, 0.0, 0.0, 4.66566864e+02, 7.65294556e+02,
            8.65954101e-01, 6.07886230e+02, 7.18027161e+02,
            8.25484157e-01, 7.80884338e+02, 6.44750488e+02,
            9.06191349e-01, 7.33558167e+02, 4.77328369e+02,
            9.50422645e-01, 3.09704254e+02, 8.12219604e+02,
            8.74343276e-01, 2.62305878e+02, 1.05321912e+03,
            6.65764332e-01, 0.0, 0.0, 0.0, 6.65628113e+02,
            1.25753296e+03, 5.35719037e-01, 6.55147827e+02,
            1.15283423e+03, 8.50448310e-02, 6.70917603e+02,
            1.38328125e+03, 6.63352072e-01, 4.61375336e+02,
            1.28388489e+03, 6.80785537e-01, 2.31184402e+02,
            1.11100659e+03, 8.31905782e-01, 3.40915924e+02,
            1.43565649e+03, 7.75729656e-01, 0.0, 0.0, 0.0, 0.0, 0.0, 0.0,
            5.18891479e+02, 5.87128418e+02, 6.05190635e-01,
            3.62019440e+02, 6.08083374e+02, 6.36251390e-01 ]
    }
}
