{
    "pose_0": {
        "type_id": "opencv-matrix",
        "rows": 1,
        "cols": 18,
        "dt": "3f",
        "data": [ 0.0, 0.0, 0.0, 3.98794830e+02, 8.17748413e+02,
            8.79317820e-01, 5.45250183e+02, 7.65327820e+02,
            7.75023580e-01, 6.91940491e+02, 6.44638062e+02,
            9.05238748e-01, 6.44733398e+02, 5.03292938e+02,
            8.50412190e-01, 2.62199799e+02, 8.70076538e+02,
            7.87307501e-01, 1.94450302e+02, 1.11611279e+03,
            6.78730428e-01, 0.0, 0.0, 0.0, 6.08152710e+02,
            1.32045349e+03, 5.42709947e-01, 6.18538452e+02,
            1.23142212e+03, 9.10841450e-02, 6.13272827e+02,
            1.44604224e+03, 6.79620147e-01, 3.98640961e+02,
            1.35688428e+03, 6.93070412e-01, 1.83929123e+02,
            1.17379956e+03, 7.41925001e-01, 2.83265778e+02,
            1.49321521e+03, 7.96771944e-01, 0.0, 0.0, 0.0, 0.0, 0.0, 0.0,
            4.66631012e+02, 6.44812317e+02, 5.96636832e-01,
            3.14834930e+02, 6.76141724e+02, 6.10654831e-01 ]
    }
}
