{
    "pose_0": {
        "type_id": "opencv-matrix",
        "rows": 1,
        "cols": 18,
        "dt": "3f",
        "data": [ 0.0, 0.0, 0.0, 4.66651886e+02, 7.70458923e+02,
            8.78128886e-01, 6.08186646e+02, 7.23139465e+02,
            8.10606241e-01, 7.70602600e+02, 6.29050293e+02,
            8.86690438e-01, 6.86616760e+02, 4.82461182e+02,
            9.39570427e-01, 3.09525848e+02, 8.17492920e+02,
            8.83383095e-01, 2.51860245e+02, 1.05845361e+03,
            6.28007770e-01, 0.0, 0.0, 0.0, 6.55383179e+02,
            1.26809460e+03, 5.82495749e-01, 6.65829834e+02,
            1.17378247e+03, 6.74701035e-02, 6.65742310e+02,
            1.38325012e+03, 6.50665522e-01, 4.56117493e+02,
            1.28910974e+03, 6.71640456e-01, 2.31052795e+02,
            1.11115320e+03, 8.22735369e-01, 3.40832642e+02,
            1.44080139e+03, 8.20916057e-01, 0.0, 0.0, 0.0, 0.0, 0.0, 0.0,
            5.18927673e+02, 5.87218201e+02, 6.74579024e-01,
            3.61914490e+02, 6.13256104e+02, 6.22293651e-01 ]
    }
}
