{
    "pose_0": {
        "type_id": "opencv-matrix",
        "rows": 1,
        "cols": 18,
        "dt": "3f",
        "data": [ 0.0, 0.0, 0.0, 4.71775635e+02, 7.54639648e+02,
            8.48164976e-01, 6.08131042e+02, 6.97170898e+02,
            8.30426514e-01, 8.06956360e+02, 6.50238159e+02,
            8.57451320e-01, 8.48935730e+02, 4.82156555e+02,
            8.85164022e-01, 3.14745911e+02, 8.01856140e+02,
            8.42888355e-01, 2.62385162e+02, 1.02726111e+03,
            7.43327618e-01, 0.0, 0.0, 0.0, 6.65664185e+02,
            1.24194543e+03, 5.38106799e-01, 6.44929688e+02,
            1.10570398e+03, 7.35177398e-02, 6.76178955e+02,
            1.36233887e+03, 6.79908156e-01, 4.61371643e+02,
            1.27336511e+03, 6.81738496e-01, 2.36245758e+02,
            1.10545300e+03, 7.98327804e-01, 3.46012512e+02,
            1.40449841e+03, 8.25196683e-01, 0.0, 0.0, 0.0, 0.0, 0.0, 0.0,
            5.19009216e+02, 5.71434265e+02, 6.75400376e-01,
            3.67158600e+02, 6.02697144e+02, 6.55883074e-01 ]
    }
}
