{
    "pose_0": {
        "type_id": "opencv-matrix",
        "rows": 1,
        "cols": 18,
        "dt": "3f",
        "data": [ 0.0, 0.0, 0.0, 3.93362793e+02, 8.28110474e+02,
            8.80442262e-01, 5.29601990e+02, 7.75747375e+02,
            8.46497834e-01, 7.33734009e+02, 7.12906921e+02,
            8.35414290e-01, 9.27637329e+02, 6.81351135e+02,
            8.44121695e-01, 2.36333694e+02, 8.80521118e+02,
            7.98390329e-01, 1.83962585e+02, 1.11113513e+03,
            7.48291373e-01, 0.0, 0.0, 0.0, 6.02731567e+02,
            1.32571350e+03, 5.55929780e-01, 6.02789246e+02,
            1.19998425e+03, 6.68995902e-02, 6.02536926e+02,
            1.44615894e+03, 6.62657440e-01, 3.88141754e+02,
            1.35723145e+03, 6.89332902e-01, 1.57641068e+02,
            1.18409741e+03, 7.52872944e-01, 2.62349792e+02,
            1.49332898e+03, 8.14255416e-01, 0.0, 0.0, 0.0, 0.0, 0.0, 0.0,
            4.35163361e+02, 6.50251953e+02, 6.13533258e-01,
            2.98936462e+02, 6.86667053e+02, 6.15513206e-01 ]
    }
}
