{
    "pose_0": {
        "type_id": "opencv-matrix",
        "rows": 1,
        "cols": 18,
        "dt": "3f",
        "data": [ 0.0, 0.0, 0.0, 4.19619995e+02, 8.12244934e+02,
            8.65991473e-01, 5.66274048e+02, 7.33983276e+02,
            8.03503275e-01, 6.55214600e+02, 6.18553955e+02,
            8.86795700e-01, 5.18836121e+02, 5.55724792e+02,
            8.10025990e-01, 2.72658020e+02, 8.64845886e+02,
            8.44341874e-01, 2.09987442e+02, 1.10574402e+03,
            6.66917682e-01, 0.0, 0.0, 0.0, 6.23864868e+02,
            1.31527783e+03, 5.43828070e-01, 6.29041626e+02,
            1.19473950e+03, 6.60139546e-02, 6.34201843e+02,
            1.44081409e+03, 6.48340821e-01, 4.24672089e+02,
            1.34665564e+03, 6.56539798e-01, 1.89313568e+02,
            1.16327197e+03, 7.70699561e-01, 2.93834625e+02,
            1.48794751e+03, 7.80082822e-01, 0.0, 0.0, 0.0, 0.0, 0.0, 0.0,
            4.77276855e+02, 6.44660339e+02, 5.26118636e-01,
            3.35772644e+02, 6.55284851e+02, 5.70771217e-01 ]
    }
}
