{
    "pose_0": {
        "type_id": "opencv-matrix",
        "rows": 1,
        "cols": 18,
        "dt": "3f",
        "data": [ 0.0, 0.0, 0.0, 4.19412720e+02, 8.12247925e+02,
            8.75885487e-01, 5.60995972e+02, 7.39144348e+02,
            7.95416832e-01, 6.55189209e+02, 6.18614563e+02,
            8.75649512e-01, 5.08646301e+02, 5.60854919e+02,
            8.08981359e-01, 2.72659180e+02, 8.64675964e+02,
            8.45131278e-01, 2.20374374e+02, 1.11091284e+03,
            6.75349474e-01, 0.0, 0.0, 0.0, 6.23742554e+02,
            1.32035352e+03, 5.46696842e-01, 6.13334961e+02,
            1.18954114e+03, 5.21568619e-02, 6.29134155e+02,
            1.43568323e+03, 6.51109219e-01, 4.19467926e+02,
            1.34659290e+03, 6.43208742e-01, 1.89010483e+02,
            1.17888306e+03, 7.57794559e-01, 2.88524933e+02,
            1.48795398e+03, 7.90939867e-01, 0.0, 0.0, 0.0, 0.0, 0.0, 0.0,
            4.77086731e+02, 6.39572144e+02, 5.12015760e-01,
            3.35669098e+02, 6.60477722e+02, 5.44531226e-01 ]
    }
}
