{
    "pose_0": {
        "type_id": "opencv-matrix",
        "rows": 1,
        "cols": 18,
        "dt": "3f",
        "data": [ 0.0, 0.0, 0.0, 4.03861237e+02, 8.17741882e+02,
            8.79797518e-01, 5.55680359e+02, 7.65258606e+02,
            8.15699220e-01, 7.02327087e+02, 6.49872437e+02,
            8.48547697e-01, 6.86622437e+02, 4.97992615e+02,
            8.89063537e-01, 2.62222351e+02, 8.70052856e+02,
            7.88900733e-01, 1.99443787e+02, 1.11111560e+03,
            6.61684990e-01, 0.0, 0.0, 0.0, 6.08181946e+02,
            1.32043201e+03, 5.63095748e-01, 6.08159546e+02,
            1.22610620e+03, 8.03397000e-02, 6.08287415e+02,
            1.44625073e+03, 7.05095708e-01, 3.98732239e+02,
            1.35193494e+03, 6.83789968e-01, 1.83580734e+02,
            1.16861450e+03, 7.23412812e-01, 2.78131500e+02,
            1.48812537e+03, 8.04034173e-01, 0.0, 0.0, 0.0, 0.0, 0.0, 0.0,
            4.51023529e+02, 6.44744751e+02, 6.15329087e-01,
            3.14662781e+02, 6.76188049e+02, 6.33590698e-01 ]
    }
}
