{
    "pose_0": {
        "type_id": "opencv-matrix",
        "rows": 1,
        "cols": 18,
        "dt": "3f",
        "data": [ 0.0, 0.0, 0.0, 4.66692627e+02, 7.70663086e+02,
            8.83139908e-01, 6.08313232e+02, 7.23274170e+02,
            8.14650476e-01, 7.54808228e+02, 6.18711426e+02,
            8.42877090e-01, 6.13302307e+02, 5.19074341e+02,
            8.93715560e-01, 3.09461395e+02, 8.17799561e+02,
            8.68072212e-01, 2.57181396e+02, 1.06384045e+03,
            6.39232039e-01, 0.0, 0.0, 0.0, 6.50185120e+02,
            1.27853992e+03, 5.41745603e-01, 6.55131775e+02,
            1.17375305e+03, 5.91152236e-02, 6.65763733e+02,
            1.39884570e+03, 6.74266934e-01, 4.50892609e+02,
            1.30990063e+03, 6.87544763e-01, 2.31045547e+02,
            1.12135706e+03, 8.01048994e-01, 3.30581696e+02,
            1.44601904e+03, 8.19545627e-01, 0.0, 0.0, 0.0, 0.0, 0.0, 0.0,
            5.19076355e+02, 6.02882202e+02, 6.56494915e-01,
            3.67100098e+02, 6.23887207e+02, 6.13346040e-01 ]
    }
}
