{
    "pose_0": {
        "type_id": "opencv-matrix",
        "rows": 1,
        "cols": 18,
        "dt": "3f",
        "data": [ 0.0, 0.0, 0.0, 4.09157898e+02, 8.12271484e+02,
            8.63761067e-01, 5.60899231e+02, 7.38977356e+02,
            7.92521656e-01, 6.65631165e+02, 6.18698303e+02,
            8.24905694e-01, 5.18989685e+02, 5.40039856e+02,
            8.47754300e-01, 2.67601746e+02, 8.64748901e+02,
            8.41307163e-01, 2.15190750e+02, 1.11100061e+03,
            6.65010631e-01, 0.0, 0.0, 0.0, 6.18486450e+02,
            1.31516919e+03, 5.72228670e-01, 6.07911987e+02,
            1.22084338e+03, 6.17596284e-02, 6.29125916e+02,
            1.44079529e+03, 6.52020037e-01, 4.14208466e+02,
            1.35173962e+03, 6.91721559e-01, 1.89135437e+02,
            1.16851709e+03, 7.43031323e-01, 2.83446594e+02,
            1.48796094e+03, 8.01958859e-01, 0.0, 0.0, 0.0, 0.0, 0.0, 0.0,
            4.77102142e+02, 6.44862915e+02, 6.19290113e-01,
            3.25280212e+02, 6.65648376e+02, 4.92525280e-01 ]
    }
}
