{
    "pose_0": {
        "type_id": "opencv-matrix",
        "rows": 1,
        "cols": 18,
        "dt": "3f",
        "data": [ 0.0, 0.0, 0.0, 4.71704407e+02, 7.39000366e+02,
            8.51814568e-01, 6.07917786e+02, 6.91869629e+02,
            8.55577886e-01, 8.12462036e+02, 6.49984558e+02,
            9.35278177e-01, 8.69902466e+02, 4.82164307e+02,
            8.64686787e-01, 3.14817413e+02, 7.81131653e+02,
            8.38359296e-01, 2.67363495e+02, 1.02713367e+03,
            6.86608195e-01, 0.0, 0.0, 0.0, 6.76223389e+02,
            1.23143701e+03, 5.80669880e-01, 6.70858093e+02,
            1.12142249e+03, 8.30372050e-02, 6.81410828e+02,
            1.35193701e+03, 6.82561934e-01, 4.71796997e+02,
            1.26799500e+03, 6.88193858e-01, 2.41524643e+02,
            1.08481055e+03, 7.49940276e-01, 3.51161285e+02,
            1.40421716e+03, 8.33063245e-01, 0.0, 0.0, 0.0, 0.0, 0.0, 0.0,
            5.18832397e+02, 5.61106873e+02, 6.51681364e-01,
            3.62084900e+02, 5.97414001e+02, 6.55880392e-01 ]
    }
}
