{
    "pose_0": {
        "type_id": "opencv-matrix",
        "rows": 1,
        "cols": 18,
        "dt": "3f",
        "data": [ 0.0, 0.0, 0.0, 4.61479523e+02, 7.70580139e+02,
            8.74035239e-01, 6.08138123e+02, 7.23151245e+02,
            8.06400537e-01, 7.59972168e+02, 6.18689331e+02,
            8.46155226e-01, 6.39472656e+02, 4.98143127e+02,
            8.60530734e-01, 3.09409607e+02, 8.17614563e+02,
            8.73722434e-01, 2.52016266e+02, 1.06374487e+03,
            6.78640425e-01, 0.0, 0.0, 0.0, 6.55230103e+02,
            1.27336230e+03, 5.43695211e-01, 0.0, 0.0, 0.0, 0.0, 0.0, 0.0,
            4.45766663e+02, 1.30986377e+03, 7.01527596e-01,
            2.30974197e+02, 1.11617065e+03, 7.98810363e-01,
            3.30496399e+02, 1.44096594e+03, 8.29127908e-01, 0.0, 0.0,
            0.0, 0.0, 0.0, 0.0, 5.18985107e+02, 6.02621643e+02,
            7.27828026e-01, 3.62056519e+02, 6.18483459e+02,
            6.32164955e-01 ]
    }
}
