{
    "pose_0": {
        "type_id": "opencv-matrix",
        "rows": 1,
        "cols": 18,
        "dt": "3f",
        "data": [ 0.0, 0.0, 0.0, 4.56120239e+02, 7.81125854e+02,
            8.48010898e-01, 6.02928589e+02, 7.28669800e+02,
            8.10820580e-01, 7.39058350e+02, 6.34162048e+02,
            8.47697616e-01, 6.02646973e+02, 5.55700378e+02,
            8.41480732e-01, 3.09265594e+02, 8.38623962e+02,
            8.19046497e-01, 2.51916077e+02, 1.07435767e+03,
            6.50183201e-01, 0.0, 0.0, 0.0, 6.50200806e+02,
            1.29942151e+03, 5.32495141e-01, 6.50018616e+02,
            1.13182288e+03, 6.13694862e-02, 6.60524231e+02,
            1.39908228e+03, 6.99614763e-01, 4.45871216e+02,
            1.32034387e+03, 6.82166159e-01, 2.30972870e+02,
            1.14737427e+03, 8.01101327e-01, 3.35631897e+02,
            1.45153577e+03, 7.92025268e-01, 0.0, 0.0, 0.0, 0.0, 0.0, 0.0,
            5.08670105e+02, 6.08170288e+02, 5.68171501e-01,
            3.61895355e+02, 6.44553650e+02, 6.01435304e-01 ]
    }
}
