{
    "pose_0": {
        "type_id": "opencv-matrix",
        "rows": 1,
        "cols": 18,
        "dt": "3f",
        "data": [ 0.0, 0.0, 0.0, 4.71713196e+02, 7.59918823e+02,
            8.43904555e-01, 6.08059753e+02, 7.02393188e+02,
            8.15442979e-01, 8.06979431e+02, 6.49950012e+02,
            8.84225249e-01, 8.17601563e+02, 4.77168915e+02,
            8.85249555e-01, 3.14715607e+02, 8.07019836e+02,
            8.43680203e-01, 2.62465576e+02, 1.03768811e+03,
            6.70522094e-01, 0.0, 0.0, 0.0, 6.70981812e+02,
            1.24712476e+03, 5.49130440e-01, 6.50156921e+02,
            1.12137842e+03, 8.23510513e-02, 6.76200867e+02,
            1.36766199e+03, 6.71982110e-01, 4.66673218e+02,
            1.27867554e+03, 6.88079357e-01, 2.36228012e+02,
            1.10571497e+03, 7.99086928e-01, 3.46254333e+02,
            1.41481323e+03, 8.01249266e-01, 0.0, 0.0, 0.0, 0.0, 0.0, 0.0,
            5.18958130e+02, 5.71624084e+02, 6.29135966e-01,
            3.67078217e+02, 6.02815613e+02, 6.64701104e-01 ]
    }
}
