{
    "pose_0": {
        "type_id": "opencv-matrix",
        "rows": 1,
        "cols": 18,
        "dt": "3f",
        "data": [ 0.0, 0.0, 0.0, 4.03725128e+02, 8.17834717e+02,
            8.97046208e-01, 5.55651184e+02, 7.70318848e+02,
            8.38024855e-01, 7.07671753e+02, 6.76174255e+02,
            8.04329634e-01, 8.07062805e+02, 5.13692688e+02,
            8.58652711e-01, 2.57083862e+02, 8.70111328e+02,
            7.76992142e-01, 1.94303772e+02, 1.11621167e+03,
            6.68039322e-01, 0.0, 0.0, 0.0, 6.02885498e+02,
            1.32037183e+03, 5.73814571e-01, 6.13297791e+02,
            1.20525183e+03, 1.13989517e-01, 6.08058167e+02,
            1.45139771e+03, 6.58447742e-01, 3.93518921e+02,
            1.35186572e+03, 7.10788846e-01, 1.78480133e+02,
            1.17383875e+03, 7.33438730e-01, 2.72905365e+02,
            1.48816431e+03, 8.42669070e-01, 0.0, 0.0, 0.0, 0.0, 0.0, 0.0,
            4.40686951e+02, 6.44874268e+02, 6.48705781e-01,
            3.09348541e+02, 6.81350891e+02, 6.52447462e-01 ]
    }
}
