{
    "pose_0": {
        "type_id": "opencv-matrix",
        "rows": 1,
        "cols": 18,
        "dt": "3f",
        "data": [ 0.0, 0.0, 0.0, 4.45789581e+02, 8.12275146e+02,
            8.77896190e-01, 5.97623474e+02, 7.60068909e+02,
            8.15010667e-01, 7.65195007e+02, 6.91742920e+02,
            8.59528065e-01, 9.01560608e+02, 5.29540100e+02,
            8.60771418e-01, 3.04361328e+02, 8.54462585e+02,
            8.61559868e-01, 2.36370880e+02, 1.09510486e+03,
            6.95219755e-01, 0.0, 0.0, 0.0, 6.50046570e+02,
            1.30988354e+03, 5.91718137e-01, 0.0, 0.0, 0.0, 0.0, 0.0, 0.0,
            4.40534973e+02, 1.33097046e+03, 6.86834216e-01,
            2.25830353e+02, 1.15302197e+03, 8.08976471e-01,
            3.19934875e+02, 1.47756506e+03, 8.21020007e-01, 0.0, 0.0,
            0.0, 0.0, 0.0, 0.0, 4.98084961e+02, 6.39534668e+02,
            6.27656579e-01, 3.56591583e+02, 6.65704285e+02,
            5.96084595e-01 ]
    }
}
