{
    "pose_0": {
        "type_id": "opencv-matrix",
        "rows": 1,
        "cols": 18,
        "dt": "3f",
        "data": [ 0.0, 0.0, 0.0, 4.40604584e+02, 8.12294495e+02,
            9.08542216e-01, 5.92454529e+02, 7.49572327e+02,
            7.91580498e-01, 7.33904846e+02, 6.55182617e+02,
            8.49276960e-01, 8.38601074e+02, 4.87685822e+02,
            8.30256999e-01, 2.93809418e+02, 8.59498047e+02,
            8.34903538e-01, 2.31013733e+02, 1.10030945e+03,
            7.36056685e-01, 0.0, 0.0, 0.0, 6.44786316e+02,
            1.30988513e+03, 5.56583464e-01, 6.23810425e+02,
            1.22072107e+03, 5.26289754e-02, 6.49899536e+02,
            1.43035229e+03, 7.13305235e-01, 4.35275055e+02,
            1.33091614e+03, 6.70575321e-01, 2.15212097e+02,
            1.15811609e+03, 7.43868470e-01, 3.14554260e+02,
            1.48260132e+03, 8.43944311e-01, 0.0, 0.0, 0.0, 0.0, 0.0, 0.0,
            4.82613953e+02, 6.34368835e+02, 6.62666917e-01,
            3.51250702e+02, 6.60503235e+02, 5.74691951e-01 ]
    }
}
