{
    "pose_0": {
        "type_id": "opencv-matrix",
        "rows": 1,
        "cols": 18,
        "dt": "3f",
        "data": [ 0.0, 0.0, 0.0, 4.45846588e+02, 8.12464111e+02,
            8.81393254e-01, 5.97594421e+02, 7.70198669e+02,
            8.27930748e-01, 7.81013855e+02, 6.91899475e+02,
            8.59433293e-01, 9.80120972e+02, 6.44853882e+02,
            9.03887510e-01, 3.04338684e+02, 8.59433594e+02,
            8.57620120e-01, 2.41363159e+02, 1.10051672e+03,
            6.76371455e-01, 0.0, 0.0, 0.0, 6.49944397e+02,
            1.30993982e+03, 5.89293480e-01, 6.60418884e+02,
            1.21564795e+03, 1.01939678e-01, 6.50215942e+02,
            1.44088916e+03, 6.31656885e-01, 4.40549286e+02,
            1.32576477e+03, 6.71572566e-01, 2.25566132e+02,
            1.15810999e+03, 7.91921139e-01, 3.14844421e+02,
            1.47757092e+03, 8.48971307e-01, 0.0, 0.0, 0.0, 0.0, 0.0, 0.0,
            4.98033020e+02, 6.39586548e+02, 6.23270154e-01,
            3.56551392e+02, 6.60485596e+02, 6.12549126e-01 ]
    }
}
