{
    "pose_0": {
        "type_id": "opencv-matrix",
        "rows": 1,
        "cols": 18,
        "dt": "3f",
        "data": [ 0.0, 0.0, 0.0, 4.66730316e+02, 7.65270752e+02,
            8.68414938e-01, 6.08040527e+02, 7.17955750e+02,
            8.20575595e-01, 7.86141663e+02, 6.44963318e+02,
            8.64697695e-01, 7.65058411e+02, 4.77331238e+02,
            8.92864406e-01, 3.14594727e+02, 8.12126648e+02,
            8.64779532e-01, 2.62465393e+02, 1.04809302e+03,
            6.77919149e-01, 0.0, 0.0, 0.0, 6.55423279e+02,
            1.26797852e+03, 5.39740145e-01, 6.70954773e+02,
            1.14735803e+03, 7.20108375e-02, 6.70835510e+02,
            1.37291431e+03, 6.53242588e-01, 4.56199219e+02,
            1.28379431e+03, 6.63773656e-01, 2.36101974e+02,
            1.11091980e+03, 7.81479299e-01, 3.35804626e+02,
            1.43041467e+03, 7.61569738e-01, 0.0, 0.0, 0.0, 0.0, 0.0, 0.0,
            5.18885132e+02, 5.87097473e+02, 6.09904051e-01,
            3.61976837e+02, 6.07963806e+02, 6.55296326e-01 ]
    }
}
