{
    "pose_0": {
        "type_id": "opencv-matrix",
        "rows": 1,
        "cols": 18,
        "dt": "3f",
        "data": [ 0.0, 0.0, 0.0, 3.88142365e+02, 8.17488647e+02,
            9.04239833e-01, 5.24476257e+02, 7.59991821e+02,
            7.80592918e-01, 6.34166992e+02, 6.44773804e+02,
            8.80192280e-01, 4.61424469e+02, 5.61040283e+02,
            7.62632966e-01, 2.31071960e+02, 8.75126892e+02,
            8.21911573e-01, 1.78654572e+02, 1.11074243e+03,
            7.29022920e-01, 0.0, 0.0, 0.0, 5.81904480e+02,
            1.32563257e+03, 5.58109581e-01, 0.0, 0.0, 0.0, 0.0, 0.0, 0.0,
            3.82795013e+02, 1.35692883e+03, 6.96374893e-01,
            1.47349167e+02, 1.16858862e+03, 7.65956759e-01,
            2.46718811e+02, 1.49332727e+03, 7.94134438e-01, 0.0, 0.0,
            0.0, 0.0, 0.0, 0.0, 4.45658112e+02, 6.50039673e+02,
            5.32968819e-01, 3.09450989e+02, 6.65820007e+02,
            5.93170226e-01 ]
    }
}
