{
    "pose_0": {
        "type_id": "opencv-matrix",
        "rows": 1,
        "cols": 18,
        "dt": "3f",
        "data": [ 0.0, 0.0, 0.0, 4.40496399e+02, 8.12325439e+02,
            9.16295826e-01, 5.92316040e+02, 7.49462585e+02,
            7.82554388e-01, 7.34021606e+02, 6.44756287e+02,
            8.71303201e-01, 7.86267944e+02, 4.87516785e+02,
            8.56199265e-01, 2.88674805e+02, 8.59462646e+02,
            8.42419505e-01, 2.30789490e+02, 1.10053687e+03,
            7.34565377e-01, 0.0, 0.0, 0.0, 6.39594910e+02,
            1.31002368e+03, 5.27297258e-01, 6.49795715e+02,
            1.21567212e+03, 5.11594452e-02, 6.49789246e+02,
            1.42512976e+03, 7.29039550e-01, 4.35259033e+02,
            1.33095703e+03, 6.51394427e-01, 2.10090454e+02,
            1.15808862e+03, 7.15913713e-01, 3.09574432e+02,
            1.48257483e+03, 8.41262221e-01, 0.0, 0.0, 0.0, 0.0, 0.0, 0.0,
            4.82497772e+02, 6.34236938e+02, 6.94707334e-01,
            3.51266907e+02, 6.55327026e+02, 6.24612927e-01 ]
    }
}
