{
    "pose_0": {
        "type_id": "opencv-matrix",
        "rows": 1,
        "cols": 18,
        "dt": "3f",
        "data": [ 0.0, 0.0, 0.0, 4.82216858e+02, 7.44265503e+02,
            8.87821674e-01, 6.18686218e+02, 6.92146118e+02,
            8.15004408e-01, 8.17754150e+02, 6.50285583e+02,
            8.92616689e-01, 8.85641663e+02, 4.87536713e+02,
            8.52702439e-01, 3.30483246e+02, 7.91432800e+02,
            7.91146696e-01, 2.73126068e+02, 1.03248291e+03,
            6.85180306e-01, 0.0, 0.0, 0.0, 6.86700684e+02,
            1.23672241e+03, 5.64364016e-01, 6.91753967e+02,
            1.13701501e+03, 9.61360037e-02, 6.91794861e+02,
            1.35193616e+03, 6.68634176e-01, 4.82273834e+02,
            1.27329590e+03, 7.04063177e-01, 2.62436890e+02,
            1.09526440e+03, 7.52006710e-01, 3.56940216e+02,
            1.40964270e+03, 8.13997030e-01, 0.0, 0.0, 0.0, 0.0, 0.0, 0.0,
            5.24212219e+02, 5.65999146e+02, 6.71335101e-01,
            3.87951447e+02, 5.92320313e+02, 6.35560811e-01 ]
    }
}
