{
    "pose_0": {
        "type_id": "opencv-matrix",
        "rows": 1,
        "cols": 18,
        "dt": "3f",
        "data": [ 0.0, 0.0, 0.0, 4.66661041e+02, 7.65084290e+02,
            8.56045365e-01, 6.07954529e+02, 7.07630737e+02,
            8.22608829e-01, 8.01899536e+02, 6.49797974e+02,
            8.71589184e-01, 7.81076965e+02, 4.76960083e+02,
            8.89479280e-01, 3.14650848e+02, 8.07193542e+02,
            8.58866096e-01, 2.62292511e+02, 1.03251563e+03,
            7.05910563e-01, 0.0, 0.0, 0.0, 6.70981812e+02,
            1.24709290e+03, 5.82928538e-01, 6.60417542e+02,
            1.15283691e+03, 8.05120245e-02, 6.76187500e+02,
            1.37276172e+03, 6.74518704e-01, 4.66595001e+02,
            1.28371130e+03, 6.74949825e-01, 2.31145844e+02,
            1.11079907e+03, 8.21544588e-01, 3.46117889e+02,
            1.42518042e+03, 7.76721478e-01, 0.0, 0.0, 0.0, 0.0, 0.0, 0.0,
            5.18886719e+02, 5.81921326e+02, 6.13005161e-01,
            3.61977722e+02, 6.03046448e+02, 6.52300835e-01 ]
    }
}
