{
    "pose_0": {
        "type_id": "opencv-matrix",
        "rows": 1,
        "cols": 18,
        "dt": "3f",
        "data": [ 0.0, 0.0, 0.0, 4.45855682e+02, 8.12479431e+02,
            8.76031697e-01, 5.97699829e+02, 7.65173828e+02,
            8.27418745e-01, 7.70243530e+02, 6.86622070e+02,
            8.50919783e-01, 9.48593689e+02, 5.66213623e+02,
            8.59755635e-01, 3.04343109e+02, 8.59517761e+02,
            8.58174682e-01, 2.36309326e+02, 1.10028967e+03,
            6.92294419e-01, 0.0, 0.0, 0.0, 6.50079224e+02,
            1.30997986e+03, 5.93119979e-01, 6.70901489e+02,
            1.20524243e+03, 7.88585171e-02, 6.55160217e+02,
            1.44076428e+03, 6.98724568e-01, 4.40428223e+02,
            1.32580188e+03, 6.86418712e-01, 2.25756989e+02,
            1.15304724e+03, 7.87872195e-01, 3.15022339e+02,
            1.47743982e+03, 8.06166589e-01, 0.0, 0.0, 0.0, 0.0, 0.0, 0.0,
            4.98144012e+02, 6.39592529e+02, 6.56262517e-01,
            3.56559235e+02, 6.65758545e+02, 6.38722360e-01 ]
    }
}
