{
    "pose_0": {
        "type_id": "opencv-matrix",
        "rows": 1,
        "cols": 18,
        "dt": "3f",
        "data": [ 0.0, 0.0, 0.0, 4.29948303e+02, 8.12253052e+02,
            8.79742384e-01, 5.66388306e+02, 7.44173401e+02,
            7.77546287e-01, 6.91736816e+02, 6.13497864e+02,
            9.01297510e-01, 5.87213562e+02, 4.87824036e+02,
            8.55928242e-01, 2.72945618e+02, 8.64673340e+02,
            8.44614148e-01, 2.25723114e+02, 1.10558459e+03,
            7.42449462e-01, 0.0, 0.0, 0.0, 6.34272339e+02,
            1.31515979e+03, 5.70571363e-01, 6.34268250e+02,
            1.21038660e+03, 7.77883828e-02, 6.44535950e+02,
            1.43050427e+03, 6.67171061e-01, 4.29855316e+02,
            1.34135144e+03, 6.64117455e-01, 1.94373566e+02,
            1.16332239e+03, 7.78447509e-01, 3.09279907e+02,
            1.48285999e+03, 8.50034237e-01, 0.0, 0.0, 0.0, 0.0, 0.0, 0.0,
            4.82422333e+02, 6.39465210e+02, 7.24755287e-01,
            3.46109741e+02, 6.55231995e+02, 5.93233824e-01 ]
    }
}
