{
    "pose_0": {
        "type_id": "opencv-matrix",
        "rows": 1,
        "cols": 18,
        "dt": "3f",
        "data": [ 0.0, 0.0, 0.0, 4.51032379e+02, 8.12128784e+02,
            8.67673099e-01, 6.02835205e+02, 7.54652039e+02,
            8.14824820e-01, 7.70299988e+02, 6.60414124e+02,
            8.54343891e-01, 7.18068604e+02, 5.18984131e+02,
            8.91251326e-01, 3.09294281e+02, 8.54344543e+02,
            8.74181747e-01, 2.51857239e+02, 1.08477905e+03,
            6.55633986e-01, 0.0, 0.0, 0.0, 6.50127502e+02,
            1.30463245e+03, 5.52144706e-01, 6.55303467e+02,
            1.18953027e+03, 5.91249056e-02, 6.55375854e+02,
            1.42513623e+03, 6.86245680e-01, 4.40689911e+02,
            1.32564880e+03, 6.78629220e-01, 2.30891129e+02,
            1.15279663e+03, 8.23199272e-01, 3.30477814e+02,
            1.47239783e+03, 7.90181994e-01, 0.0, 0.0, 0.0, 0.0, 0.0, 0.0,
            5.03417664e+02, 6.29072632e+02, 6.06174588e-01,
            3.61884857e+02, 6.50056580e+02, 5.82650781e-01 ]
    }
}
