{
    "pose_0": {
        "type_id": "opencv-matrix",
        "rows": 1,
        "cols": 18,
        "dt": "3f",
        "data": [ 0.0, 0.0, 0.0, 3.93427032e+02, 8.22816467e+02,
            8.98612201e-01, 5.40009399e+02, 7.70376160e+02,
            8.23718131e-01, 6.91772095e+02, 6.76179321e+02,
            8.30978751e-01, 7.80965210e+02, 5.19227356e+02,
            8.86239469e-01, 2.36204422e+02, 8.75296448e+02,
            8.05845857e-01, 1.83667328e+02, 1.11099036e+03,
            7.52590656e-01, 0.0, 0.0, 0.0, 5.92442200e+02,
            1.32573633e+03, 5.30889630e-01, 6.02836975e+02,
            1.22091541e+03, 7.29696453e-02, 5.92291931e+02,
            1.45145117e+03, 6.53056860e-01, 3.82773560e+02,
            1.35710388e+03, 6.63734674e-01, 1.52383377e+02,
            1.17909546e+03, 7.59030282e-01, 2.62236603e+02,
            1.50373511e+03, 7.79328227e-01, 0.0, 0.0, 0.0, 0.0, 0.0, 0.0,
            4.40438507e+02, 6.49987488e+02, 7.48906374e-01,
            2.99089905e+02, 6.81444153e+02, 6.10210121e-01 ]
    }
}
