{
    "pose_0": {
        "type_id": "opencv-matrix",
        "rows": 1,
        "cols": 18,
        "dt": "3f",
        "data": [ 0.0, 0.0, 0.0, 4.45860504e+02, 8.12415039e+02,
            8.77818704e-01, 5.97550110e+02, 7.65180725e+02,
            8.23301256e-01, 7.86207886e+02, 6.86500610e+02,
            8.29608798e-01, 9.79964661e+02, 6.18507263e+02,
            8.56395960e-01, 3.09267365e+02, 8.59425354e+02,
            8.63733828e-01, 2.36222824e+02, 1.09528259e+03,
            7.01048732e-01, 0.0, 0.0, 0.0, 6.55154114e+02,
            1.30997095e+03, 5.89406908e-01, 6.60429626e+02,
            1.21564465e+03, 8.08708146e-02, 6.55226135e+02,
            1.43570605e+03, 6.51768923e-01, 4.40680389e+02,
            1.33089673e+03, 6.68797374e-01, 2.25701797e+02,
            1.15805847e+03, 8.07356954e-01, 3.14998810e+02,
            1.47757922e+03, 8.23186755e-01, 0.0, 0.0, 0.0, 0.0, 0.0, 0.0,
            4.92910522e+02, 6.39503418e+02, 6.55212402e-01,
            3.56586517e+02, 6.60482605e+02, 6.14349604e-01 ]
    }
}
