{
    "pose_0": {
        "type_id": "opencv-matrix",
        "rows": 1,
        "cols": 18,
        "dt": "3f",
        "data": [ 0.0, 0.0, 0.0, 4.35439117e+02, 8.12308167e+02,
            9.15984988e-01, 5.71585449e+02, 7.49545471e+02,
            7.88205147e-01, 7.28292786e+02, 6.34239563e+02,
            8.38623047e-01, 7.07516785e+02, 4.77342194e+02,
            8.72968793e-01, 2.83441864e+02, 8.59503296e+02,
            8.33655953e-01, 2.25831589e+02, 1.10048560e+03,
            7.28353798e-01, 0.0, 0.0, 0.0, 6.39611938e+02,
            1.31002966e+03, 5.64076841e-01, 6.44627747e+02,
            1.22606738e+03, 5.96477687e-02, 6.44919373e+02,
            1.43051233e+03, 7.20472217e-01, 4.35396240e+02,
            1.33621533e+03, 6.54377818e-01, 2.04796814e+02,
            1.15819421e+03, 7.26563573e-01, 3.09646637e+02,
            1.48290564e+03, 8.53881359e-01, 0.0, 0.0, 0.0, 0.0, 0.0, 0.0,
            4.82240143e+02, 6.39395081e+02, 6.57280743e-01,
            3.46153107e+02, 6.60556580e+02, 6.02014899e-01 ]
    }
}
