{
    "pose_0": {
        "type_id": "opencv-matrix",
        "rows": 1,
        "cols": 18,
        "dt": "3f",
        "data": [ 0.0, 0.0, 0.0, 3.88100586e+02, 8.12567871e+02,
            9.03148293e-01, 5.24546204e+02, 7.60043579e+02,
            7.87805796e-01, 6.44810852e+02, 6.44981323e+02,
            9.53150153e-01, 4.92944427e+02, 5.55777527e+02,
            8.05181324e-01, 2.30942963e+02, 8.64879089e+02,
            8.28371167e-01, 1.83580002e+02, 1.11105005e+03,
            6.80370152e-01, 0.0, 0.0, 0.0, 5.76755249e+02,
            1.31530054e+03, 5.67251444e-01, 0.0, 0.0, 0.0, 0.0, 0.0, 0.0,
            3.77692413e+02, 1.35690759e+03, 6.91976428e-01,
            1.47222839e+02, 1.17891956e+03, 7.60857165e-01,
            2.46762192e+02, 1.49320728e+03, 7.93902457e-01, 0.0, 0.0,
            0.0, 0.0, 0.0, 0.0, 4.45774017e+02, 6.50021729e+02,
            6.16746008e-01, 3.04175659e+02, 6.71041321e+02,
            5.67903817e-01 ]
    }
}
