{
    "pose_0": {
        "type_id": "opencv-matrix",
        "rows": 1,
        "cols": 18,
        "dt": "3f",
        "data": [ 0.0, 0.0, 0.0, 3.93507965e+02, 8.28091064e+02,
            8.78708422e-01, 5.39948853e+02, 7.75607483e+02,
            8.24847817e-01, 7.28684204e+02, 7.02495728e+02,
            8.20314586e-01, 9.01474731e+02, 6.55293457e+02,
            9.03782666e-01, 2.36300385e+02, 8.80508545e+02,
            8.05150628e-01, 1.83691223e+02, 1.11098596e+03,
            7.44110644e-01, 0.0, 0.0, 0.0, 5.92347595e+02,
            1.32563086e+03, 5.54335177e-01, 5.92413818e+02,
            1.19460388e+03, 5.87668344e-02, 5.97613342e+02,
            1.44613721e+03, 6.43351674e-01, 3.82753510e+02,
            1.35722095e+03, 6.88251734e-01, 1.57668655e+02,
            1.17375537e+03, 7.26985037e-01, 2.57189667e+02,
            1.49346191e+03, 7.75818765e-01, 0.0, 0.0, 0.0, 0.0, 0.0, 0.0,
            4.35386902e+02, 6.50046997e+02, 6.75739348e-01,
            2.99061676e+02, 6.86459290e+02, 6.11238837e-01 ]
    }
}
