{
    "pose_0": {
        "type_id": "opencv-matrix",
        "rows": 1,
        "cols": 18,
        "dt": "3f",
        "data": [ 0.0, 0.0, 0.0, 4.56136383e+02, 8.07090210e+02,
            8.55421662e-01, 6.02787109e+02, 7.49422180e+02,
            8.11483860e-01, 7.65208496e+02, 6.55254822e+02,
            8.81988287e-01, 6.86627014e+02, 5.19270691e+02,
            9.23207939e-01, 3.09314819e+02, 8.54199402e+02,
            8.62199783e-01, 2.51903687e+02, 1.09002075e+03,
            6.37665331e-01, 0.0, 0.0, 0.0, 6.55395020e+02,
            1.29428857e+03, 5.68649590e-01, 6.50171143e+02,
            1.21563953e+03, 7.67340511e-02, 6.60445740e+02,
            1.42525085e+03, 6.63818657e-01, 4.50936676e+02,
            1.32577063e+03, 6.83115661e-01, 2.30898727e+02,
            1.15266956e+03, 8.10077369e-01, 3.30573242e+02,
            1.47739514e+03, 7.91973114e-01, 0.0, 0.0, 0.0, 0.0, 0.0, 0.0,
            5.13865295e+02, 6.28994263e+02, 6.10249579e-01,
            3.61925598e+02, 6.50026794e+02, 6.14823759e-01 ]
    }
}
