{
    "pose_0": {
        "type_id": "opencv-matrix",
        "rows": 1,
        "cols": 18,
        "dt": "3f",
        "data": [ 0.0, 0.0, 0.0, 3.93073303e+02, 8.17597778e+02,
            8.91099215e-01, 5.24477844e+02, 7.70176208e+02,
            7.94732630e-01, 6.44877625e+02, 6.44473572e+02,
            9.06103492e-01, 5.40063110e+02, 5.13810181e+02,
            7.98693538e-01, 2.36180969e+02, 8.69968262e+02,
            8.02238047e-01, 1.83613144e+02, 1.11092883e+03,
            7.50103176e-01, 0.0, 0.0, 0.0, 5.92302979e+02,
            1.32058276e+03, 5.67898750e-01, 5.92437500e+02,
            1.21568164e+03, 7.28704557e-02, 5.92239929e+02,
            1.45662476e+03, 6.58842266e-01, 3.82845825e+02,
            1.35690198e+03, 6.71419621e-01, 1.52347153e+02,
            1.17378076e+03, 7.41224229e-01, 2.46737961e+02,
            1.49331079e+03, 7.21345723e-01, 0.0, 0.0, 0.0, 0.0, 0.0, 0.0,
            4.45894958e+02, 6.50120789e+02, 7.40681887e-01,
            3.09305298e+02, 6.81269653e+02, 5.87882102e-01 ]
    }
}
