{
    "pose_0": {
        "type_id": "opencv-matrix",
        "rows": 1,
        "cols": 18,
        "dt": "3f",
        "data": [ 0.0, 0.0, 0.0, 4.82158386e+02, 7.39204590e+02,
            8.91384780e-01, 6.13534241e+02, 6.92012268e+02,
            8.24651718e-01, 8.17729004e+02, 6.50294312e+02,
            8.94718051e-01, 8.85741455e+02, 4.82424103e+02,
            8.81361485e-01, 3.30529999e+02, 7.86311401e+02,
            7.95445442e-01, 2.72827698e+02, 1.03252795e+03,
            6.96064651e-01, 0.0, 0.0, 0.0, 6.86621338e+02,
            1.23655994e+03, 5.60684383e-01, 6.86509705e+02,
            1.14220935e+03, 9.80024189e-02, 6.91654053e+02,
            1.35190808e+03, 6.93439126e-01, 4.82278381e+02,
            1.26809338e+03, 6.94901288e-01, 2.62293152e+02,
            1.08995618e+03, 7.32594371e-01, 3.56681122e+02,
            1.39918701e+03, 8.46569657e-01, 0.0, 0.0, 0.0, 0.0, 0.0, 0.0,
            5.24167786e+02, 5.61026001e+02, 6.41460419e-01,
            3.87941223e+02, 5.92268799e+02, 6.61908090e-01 ]
    }
}
