{
    "pose_0": {
        "type_id": "opencv-matrix",
        "rows": 1,
        "cols": 18,
        "dt": "3f",
        "data": [ 0.0, 0.0, 0.0, 4.76984741e+02, 7.38976807e+02,
            8.78789365e-01, 6.08286682e+02, 6.91931213e+02,
            8.51125300e-01, 8.12597290e+02, 6.49959106e+02,
            9.19552267e-01, 8.75269653e+02, 4.77242706e+02,
            8.73928308e-01, 3.20140564e+02, 7.80982727e+02,
            8.21579516e-01, 2.67705383e+02, 1.02709131e+03,
            7.51321256e-01, 0.0, 0.0, 0.0, 6.81340088e+02,
            1.23150623e+03, 5.50809324e-01, 6.86628601e+02,
            1.11101135e+03, 1.71141401e-01, 6.86713562e+02,
            1.35718738e+03, 6.96117163e-01, 4.71931702e+02,
            1.26788403e+03, 6.77021921e-01, 2.51897110e+02,
            1.08988831e+03, 7.46402025e-01, 3.51569366e+02,
            1.40413867e+03, 8.73374641e-01, 0.0, 0.0, 0.0, 0.0, 0.0, 0.0,
            5.19150146e+02, 5.60940369e+02, 6.72639787e-01,
            3.82760620e+02, 5.87075745e+02, 5.97910285e-01 ]
    }
}
