{
    "pose_0": {
        "type_id": "opencv-matrix",
        "rows": 1,
        "cols": 18,
        "dt": "3f",
        "data": [ 1.83303238e+02, 7.39956131e+01, 6.58235967e-01,
            1.40862213e+02, 1.27825455e+02, 6.35778546e-01,
            1.26159584e+02, 1.26222191e+02, 6.49211645e-01,
            1.24539558e+02, 2.15910324e+02, 6.08674049e-01,
            1.57175034e+02, 2.94291046e+02, 6.73418343e-01,
            1.60406799e+02, 1.32685989e+02, 5.35118639e-01,
            1.71851807e+02, 2.27378860e+02, 6.16399348e-01,
            2.01179443e+02, 2.94265503e+02, 7.64598906e-01,
            1.24545898e+02, 2.82882141e+02, 4.31933194e-01,
            1.73538681e+02, 4.10181549e+02, 5.33506751e-01,
            1.75071579e+02, 5.32580627e+02, 3.57218921e-01,
            1.18025131e+02, 2.82852081e+02, 3.48275930e-01,
            1.11443275e+02, 4.10176849e+02, 6.77203059e-01,
            4.29115486e+01, 5.01579102e+02, 4.76693064e-01,
            1.73484634e+02, 6.57742004e+01, 7.22390532e-01,
            1.78453903e+02, 6.89959106e+01, 9.55976695e-02,
            1.39281372e+02, 7.22990570e+01, 7.29396462e-01, 0.0, 0.0,
            0.0 ]
    }
}
