{
    "pose_0": {
        "type_id": "opencv-matrix",
        "rows": 1,
        "cols": 18,
        "dt": "3f",
        "data": [ 0.0, 0.0, 0.0, 4.03288364e-01, 4.23264205e-01,
            9.08499122e-01, 5.29588163e-01, 3.87853742e-01,
            8.06483030e-01, 6.55763030e-01, 3.25100690e-01,
            8.03284347e-01, 6.21849656e-01, 2.48710200e-01,
            9.10818040e-01, 2.57782400e-01, 4.47914004e-01,
            8.44969690e-01, 2.09174588e-01, 5.73367536e-01,
            7.59413362e-01, 0.0, 0.0, 0.0, 5.97421825e-01,
            6.82661653e-01, 5.80982149e-01, 5.97625911e-01,
            6.36218309e-01, 9.43746045e-02, 5.97599268e-01,
            7.45368063e-01, 7.22347617e-01, 4.03351545e-01,
            6.96303487e-01, 6.67086601e-01, 1.84936851e-01,
            6.03543699e-01, 7.80963302e-01, 2.86893606e-01,
            7.75379598e-01, 8.50423694e-01, 0.0, 0.0, 0.0, 0.0, 0.0, 0.0,
            4.47050452e-01, 3.33273560e-01, 6.49460912e-01,
            3.15972656e-01, 3.46897542e-01, 6.01413488e-01 ]
    }
}
