{
    "pose_0": {
        "type_id": "opencv-matrix",
        "rows": 1,
        "cols": 18,
        "dt": "3f",
        "data": [ 0.0, 0.0, 0.0, 3.64333212e-01, 4.25957203e-01,
            8.99110913e-01, 4.90806669e-01, 3.96003067e-01,
            7.67478108e-01, 5.92736304e-01, 3.35893542e-01,
            9.20565248e-01, 4.47082311e-01, 2.78721035e-01,
            8.46667349e-01, 2.14294940e-01, 4.53337193e-01,
            8.10984790e-01, 1.70169756e-01, 5.78899980e-01,
            7.44000673e-01, 0.0, 0.0, 0.0, 5.39336383e-01,
            6.90823019e-01, 5.53063452e-01, 5.34525752e-01,
            6.33470058e-01, 5.23268916e-02, 5.44101119e-01,
            7.56370485e-01, 6.36501431e-01, 3.50048482e-01,
            7.07072139e-01, 6.82797134e-01, 1.41217351e-01,
            6.14346325e-01, 7.44431615e-01, 2.28615090e-01,
            7.78156579e-01, 7.71019936e-01, 0.0, 0.0, 0.0, 0.0, 0.0, 0.0,
            4.27552730e-01, 3.38812023e-01, 6.81153178e-01,
            2.86765605e-01, 3.52377146e-01, 5.72633624e-01 ]
    }
}
