{
    "pose_0": {
        "type_id": "opencv-matrix",
        "rows": 1,
        "cols": 18,
        "dt": "3f",
        "data": [ 0.0, 0.0, 0.0, 3.64602000e-01, 4.31522518e-01,
            8.86835158e-01, 4.90868926e-01, 4.04258847e-01,
            8.44113290e-01, 6.79995716e-01, 3.74130279e-01,
            8.36126447e-01, 8.59750330e-01, 3.55071992e-01,
            8.48220587e-01, 2.19067454e-01, 4.58818883e-01,
            7.94682980e-01, 1.70482084e-01, 5.79006255e-01,
            7.47322798e-01, 0.0, 0.0, 0.0, 5.58581829e-01,
            6.90809906e-01, 5.69531083e-01, 5.58718741e-01,
            6.28057837e-01, 6.63703158e-02, 5.53950548e-01,
            7.53614008e-01, 6.68843031e-01, 3.59673142e-01,
            7.07271278e-01, 6.91523254e-01, 1.46086439e-01,
            6.17029667e-01, 7.53970265e-01, 2.43140757e-01,
            7.78228521e-01, 8.08430374e-01, 0.0, 0.0, 0.0, 0.0, 0.0, 0.0,
            4.03287023e-01, 3.38847995e-01, 6.09259844e-01,
            2.72353798e-01, 3.57821286e-01, 6.20656073e-01 ]
    }
}
