{
    "pose_0": {
        "type_id": "opencv-matrix",
        "rows": 1,
        "cols": 18,
        "dt": "3f",
        "data": [ 0.0, 0.0, 0.0, 4.22796160e-01, 4.12366420e-01,
            8.32653284e-01, 5.63410044e-01, 3.82346779e-01,
            8.22198153e-01, 6.99425042e-01, 3.35871130e-01,
            8.60064268e-01, 5.63847244e-01, 2.84172326e-01,
            8.65177274e-01, 2.82075584e-01, 4.39716727e-01,
            8.22080612e-01, 2.42974401e-01, 5.59848964e-01,
            6.46334469e-01, 0.0, 0.0, 0.0, 6.02506101e-01,
            6.71738803e-01, 5.51168561e-01, 0.0, 0.0, 0.0, 0.0, 0.0, 0.0,
            4.17940736e-01, 6.88075900e-01, 6.75823390e-01,
            2.13997096e-01, 5.97956717e-01, 8.15947235e-01,
            3.06271464e-01, 7.56398797e-01, 7.99325943e-01, 0.0, 0.0,
            0.0, 0.0, 0.0, 0.0, 4.80821997e-01, 3.19648236e-01,
            6.77088797e-01, 3.40349197e-01, 3.35989863e-01,
            6.27841353e-01 ]
    }
}
