{
    "pose_0": {
        "type_id": "opencv-matrix",
        "rows": 1,
        "cols": 18,
        "dt": "3f",
        "data": [ 0.0, 0.0, 0.0, 3.64646643e-01, 4.31559980e-01,
            8.83254647e-01, 4.95569199e-01, 4.04238254e-01,
            8.35445523e-01, 6.79944217e-01, 3.74198616e-01,
            8.34080517e-01, 8.59589994e-01, 3.57763380e-01,
            8.72367918e-01, 2.23696291e-01, 4.58781958e-01,
            7.96526968e-01, 1.70283899e-01, 5.78903913e-01,
            7.51757264e-01, 0.0, 0.0, 0.0, 5.58527648e-01,
            6.90801620e-01, 5.75705707e-01, 5.58704257e-01,
            6.30752444e-01, 7.81125426e-02, 5.53723514e-01,
            7.50905871e-01, 6.63300276e-01, 3.54902774e-01,
            7.07247496e-01, 6.82166457e-01, 1.46119714e-01,
            6.11694694e-01, 7.39275455e-01, 2.43154839e-01,
            7.78205812e-01, 8.23746264e-01, 0.0, 0.0, 0.0, 0.0, 0.0, 0.0,
            4.03167307e-01, 3.38672876e-01, 6.28948152e-01,
            2.72307575e-01, 3.55102628e-01, 6.13183916e-01 ]
    }
}
