{
    "pose_0": {
        "type_id": "opencv-matrix",
        "rows": 1,
        "cols": 18,
        "dt": "3f",
        "data": [ 0.0, 0.0, 0.0, 4.13249999e-01, 4.23226207e-01,
            8.71922016e-01, 5.58516383e-01, 3.93332720e-01,
            8.01207840e-01, 7.14281738e-01, 3.46898556e-01,
            8.72939408e-01, 7.18748152e-01, 2.67696619e-01,
            8.86986732e-01, 2.82101393e-01, 4.45274413e-01,
            8.59139919e-01, 2.33415395e-01, 5.67962110e-01,
            6.48386896e-01, 0.0, 0.0, 0.0, 6.07183278e-01,
            6.82570398e-01, 5.74666083e-01, 6.02442682e-01,
            6.08947575e-01, 8.28169137e-02, 6.12145603e-01,
            7.50857472e-01, 6.82291210e-01, 4.13092136e-01,
            6.93514943e-01, 6.79311514e-01, 2.14073300e-01,
            6.00724220e-01, 8.00760329e-01, 3.06222081e-01,
            7.72658587e-01, 8.01929712e-01, 0.0, 0.0, 0.0, 0.0, 0.0, 0.0,
            4.66413200e-01, 3.30568552e-01, 6.09906137e-01,
            3.30668598e-01, 3.41452271e-01, 6.14341915e-01 ]
    }
}
