{
    "pose_0": {
        "type_id": "opencv-matrix",
        "rows": 1,
        "cols": 18,
        "dt": "3f",
        "data": [ 0.0, 0.0, 0.0, 4.03464615e-01, 4.23318595e-01,
            9.17629361e-01, 5.29734492e-01, 3.90620559e-01,
            7.89537370e-01, 6.75074518e-01, 3.30542654e-01,
            8.38040888e-01, 6.75447166e-01, 2.51344353e-01,
            8.82400274e-01, 2.62564421e-01, 4.47917730e-01,
            8.34767699e-01, 2.13880911e-01, 5.76120853e-01,
            7.47956634e-01, 0.0, 0.0, 0.0, 5.92745245e-01,
            6.82635128e-01, 5.66204071e-01, 0.0, 0.0, 0.0, 0.0, 0.0, 0.0,
            4.03346896e-01, 6.96274519e-01, 6.63925827e-01,
            1.89870581e-01, 6.03492022e-01, 7.29214132e-01,
            2.87005544e-01, 7.72743821e-01, 8.59906793e-01, 0.0, 0.0,
            0.0, 0.0, 0.0, 0.0, 4.46938694e-01, 3.33195269e-01,
            6.46707475e-01, 3.20787132e-01, 3.44217926e-01,
            5.88857234e-01 ]
    }
}
