{
    "pose_0": {
        "type_id": "opencv-matrix",
        "rows": 1,
        "cols": 18,
        "dt": "3f",
        "data": [ 0.0, 0.0, 0.0, 4.13042158e-01, 4.23299313e-01,
            8.96984398e-01, 5.53937674e-01, 3.93294245e-01,
            8.06141853e-01, 6.80214047e-01, 3.44220072e-01,
            8.21777999e-01, 8.30304623e-01, 2.70346612e-01,
            8.28623235e-01, 2.77212501e-01, 4.47808355e-01,
            8.57998371e-01, 2.14186251e-01, 5.76133013e-01,
            7.24741697e-01, 0.0, 0.0, 0.0, 6.02392137e-01,
            6.82631433e-01, 5.65708280e-01, 6.02497280e-01,
            6.38920724e-01, 9.81585979e-02, 6.02431715e-01,
            7.48071909e-01, 7.08068848e-01, 4.08267796e-01,
            6.93594694e-01, 6.57920837e-01, 2.04211220e-01,
            6.03492320e-01, 7.37031877e-01, 2.91692585e-01,
            7.72727787e-01, 8.48509789e-01, 0.0, 0.0, 0.0, 0.0, 0.0, 0.0,
            4.51846659e-01, 3.30541521e-01, 6.47445202e-01,
            3.25702727e-01, 3.41414392e-01, 6.37809396e-01 ]
    }
}
