{
    "pose_0": {
        "type_id": "opencv-matrix",
        "rows": 1,
        "cols": 18,
        "dt": "3f",
        "data": [ 0.0, 0.0, 0.0, 4.13245618e-01, 4.23243076e-01,
            8.72439384e-01, 5.58520675e-01, 3.96050692e-01,
            8.22202802e-01, 7.13999629e-01, 3.57710630e-01,
            8.82644594e-01, 7.96637058e-01, 2.70319432e-01,
            8.90083730e-01, 2.86669791e-01, 4.45251137e-01,
            8.74502301e-01, 2.19047531e-01, 5.65307856e-01,
            7.02789307e-01, 0.0, 0.0, 0.0, 6.02559686e-01,
            6.82588696e-01, 5.70408940e-01, 6.16991699e-01,
            6.30756736e-01, 9.54827517e-02, 6.07304394e-01,
            7.50814617e-01, 6.97624803e-01, 4.08382565e-01,
            6.93516016e-01, 6.76872313e-01, 2.09294572e-01,
            6.00821018e-01, 8.10041606e-01, 3.01338494e-01,
            7.70016849e-01, 7.92470038e-01, 0.0, 0.0, 0.0, 0.0, 0.0, 0.0,
            4.66505706e-01, 3.33214879e-01, 6.43216372e-01,
            3.30603212e-01, 3.41486037e-01, 5.92796624e-01 ]
    }
}
