{
    "pose_0": {
        "type_id": "opencv-matrix",
        "rows": 1,
        "cols": 18,
        "dt": "3f",
        "data": [ 0.0, 0.0, 0.0, 3.64634126e-01, 4.28798258e-01,
            8.94785404e-01, 5.00426114e-01, 4.01432544e-01,
            8.21350873e-01, 6.36465251e-01, 3.49638045e-01,
            8.38463902e-01, 6.99478924e-01, 2.70327330e-01,
            8.47347140e-01, 2.18878061e-01, 4.58795995e-01,
            8.01407397e-01, 1.70168474e-01, 5.78975022e-01,
            7.35532165e-01, 0.0, 0.0, 0.0, 5.53746045e-01,
            6.88140810e-01, 5.35819173e-01, 5.58766544e-01,
            6.38905108e-01, 7.74662569e-02, 5.49018145e-01,
            7.53602922e-01, 6.63787186e-01, 3.54852170e-01,
            7.07190931e-01, 6.73456430e-01, 1.41268298e-01,
            6.14424765e-01, 7.60042667e-01, 2.38347068e-01,
            7.83618510e-01, 7.64935970e-01, 0.0, 0.0, 0.0, 0.0, 0.0, 0.0,
            4.08264518e-01, 3.38744909e-01, 7.33420014e-01,
            2.81850100e-01, 3.55143577e-01, 6.23341858e-01 ]
    }
}
