{
    "pose_0": {
        "type_id": "opencv-matrix",
        "rows": 1,
        "cols": 18,
        "dt": "3f",
        "data": [ 0.0, 0.0, 0.0, 3.64635944e-01, 4.28798646e-01,
            8.96381021e-01, 5.00469387e-01, 4.01476860e-01,
            8.25009525e-01, 6.41086459e-01, 3.52356195e-01,
            8.21132898e-01, 7.23815501e-01, 2.70542741e-01,
            8.85608435e-01, 2.18952090e-01, 4.56127852e-01,
            7.99638569e-01, 1.70211449e-01, 5.78937352e-01,
            7.52345443e-01, 0.0, 0.0, 0.0, 5.49064875e-01,
            6.90825403e-01, 5.27820587e-01, 5.48972309e-01,
            6.28032923e-01, 6.51221275e-02, 5.48954248e-01,
            7.53648460e-01, 6.58600152e-01, 3.54744822e-01,
            7.07186580e-01, 6.64639413e-01, 1.41239196e-01,
            6.17026865e-01, 7.61015654e-01, 2.43016988e-01,
            7.83602774e-01, 7.78191030e-01, 0.0, 0.0, 0.0, 0.0, 0.0, 0.0,
            4.08139825e-01, 3.38714451e-01, 7.46499956e-01,
            2.77165800e-01, 3.55099201e-01, 6.14105403e-01 ]
    }
}
