{
    "pose_0": {
        "type_id": "opencv-matrix",
        "rows": 1,
        "cols": 18,
        "dt": "3f",
        "data": [ 0.0, 0.0, 0.0, 4.13253188e-01, 4.23227519e-01,
            8.72479439e-01, 5.53944707e-01, 3.96047056e-01,
            8.22665811e-01, 7.14085042e-01, 3.57735485e-01,
            8.93111110e-01, 8.15951347e-01, 2.70505548e-01,
            8.48574579e-01, 2.86697745e-01, 4.45209265e-01,
            8.73326719e-01, 2.19098613e-01, 5.65275908e-01,
            7.10562706e-01, 3.54830533e-01, 5.48875988e-01,
            1.33612111e-01, 6.02451682e-01, 6.82633579e-01,
            5.59647202e-01, 6.16897225e-01, 6.30754590e-01,
            7.60676712e-02, 6.07280493e-01, 7.48104572e-01,
            6.81488991e-01, 4.08356100e-01, 6.93540692e-01,
            6.79235697e-01, 2.09327549e-01, 6.00825310e-01,
            8.13402116e-01, 2.96748877e-01, 7.70018935e-01,
            8.08788300e-01, 0.0, 0.0, 0.0, 0.0, 0.0, 0.0, 4.66468602e-01,
            3.33202004e-01, 6.34942055e-01, 3.30561608e-01,
            3.41504067e-01, 6.04885995e-01 ]
    }
}
