{
    "pose_0": {
        "type_id": "opencv-matrix",
        "rows": 1,
        "cols": 18,
        "dt": "3f",
        "data": [ 0.0, 0.0, 0.0, 3.59685928e-01, 4.23372537e-01,
            9.01656032e-01, 4.86041963e-01, 3.96034718e-01,
            7.94125140e-01, 6.02605581e-01, 3.38651538e-01,
            9.24339235e-01, 4.85843927e-01, 2.81408340e-01,
            8.51227522e-01, 2.14154884e-01, 4.48030114e-01,
            8.35094452e-01, 1.70122445e-01, 5.78866839e-01,
            6.96280479e-01, 0.0, 0.0, 0.0, 5.34467220e-01,
            6.85389996e-01, 5.54435492e-01, 5.29573798e-01,
            6.38857722e-01, 6.00376353e-02, 5.44121563e-01,
            7.48165011e-01, 7.10433602e-01, 3.54735643e-01,
            7.04496920e-01, 6.80017292e-01, 1.36478201e-01,
            6.08974457e-01, 7.57069528e-01, 2.28677675e-01,
            7.78144538e-01, 7.88288891e-01, 0.0, 0.0, 0.0, 0.0, 0.0, 0.0,
            4.08327997e-01, 3.38623375e-01, 6.90200925e-01,
            2.81896263e-01, 3.49598587e-01, 6.08777285e-01 ]
    }
}
