{
    "pose_0": {
        "type_id": "opencv-matrix",
        "rows": 1,
        "cols": 18,
        "dt": "3f",
        "data": [ 0.0, 0.0, 0.0, 4.32491422e-01, 4.01421964e-01,
            8.70654821e-01, 5.63731670e-01, 3.74185234e-01,
            7.95872509e-01, 7.13965833e-01, 3.25094283e-01,
            8.87936771e-01, 6.17068589e-01, 2.51342803e-01,
            8.74008954e-01, 2.86845803e-01, 4.23410416e-01,
            8.88227224e-01, 2.28694424e-01, 5.51582396e-01,
            6.45806015e-01, 0.0, 0.0, 0.0, 6.07189059e-01,
            6.63489401e-01, 5.66534877e-01, 0.0, 0.0, 0.0, 0.0, 0.0, 0.0,
            4.13014144e-01, 6.74478233e-01, 6.72537923e-01,
            2.14167640e-01, 5.79017699e-01, 7.86288321e-01,
            3.06299090e-01, 7.50873268e-01, 8.04868281e-01, 0.0, 0.0,
            0.0, 0.0, 0.0, 0.0, 4.80921000e-01, 3.08674634e-01,
            6.37825787e-01, 3.35431695e-01, 3.19614321e-01,
            6.06683969e-01 ]
    }
}
