{
    "pose_0": {
        "type_id": "opencv-matrix",
        "rows": 1,
        "cols": 18,
        "dt": "3f",
        "data": [ 0.0, 0.0, 0.0, 3.64535719e-01, 4.26169604e-01,
            8.91194701e-01, 4.95629728e-01, 3.98791283e-01,
            7.91645586e-01, 6.26605332e-01, 3.36062551e-01,
            8.31204176e-01, 6.07331514e-01, 2.54120171e-01,
            8.67708862e-01, 2.14306533e-01, 4.58824277e-01,
            7.98637867e-01, 1.70131996e-01, 5.78936517e-01,
            7.28622675e-01, 0.0, 0.0, 0.0, 5.44196844e-01,
            6.90820634e-01, 5.59934974e-01, 0.0, 0.0, 0.0, 0.0, 0.0, 0.0,
            3.54789913e-01, 7.07163692e-01, 6.89547598e-01,
            1.41184330e-01, 6.14330292e-01, 7.71031320e-01,
            2.38296017e-01, 7.80900180e-01, 7.66152799e-01, 0.0, 0.0,
            0.0, 0.0, 0.0, 0.0, 4.08400118e-01, 3.38664174e-01,
            6.72061145e-01, 2.81923532e-01, 3.52351189e-01,
            5.99893928e-01 ]
    }
}
