{
    "pose_0": {
        "type_id": "opencv-matrix",
        "rows": 1,
        "cols": 18,
        "dt": "3f",
        "data": [ 0.0, 0.0, 0.0, 4.42370027e-01, 3.85161012e-01,
            8.97814989e-01, 5.68416774e-01, 3.60589057e-01,
            8.46419632e-01, 7.57893741e-01, 3.38817656e-01,
            9.02157545e-01, 8.20880234e-01, 2.51372218e-01,
            8.84012699e-01, 3.06322575e-01, 4.09686208e-01,
            8.02806258e-01, 2.52705127e-01, 5.38008630e-01,
            6.73909366e-01, 0.0, 0.0, 0.0, 6.31591856e-01,
            6.44413650e-01, 5.57622194e-01, 6.36313796e-01,
            5.89865923e-01, 8.82819444e-02, 6.36492133e-01,
            7.07118452e-01, 6.92130983e-01, 4.47036892e-01,
            6.60777986e-01, 6.93761110e-01, 2.43109792e-01,
            5.65265298e-01, 7.32449174e-01, 3.30582261e-01,
            7.31672585e-01, 8.37981403e-01, 0.0, 0.0, 0.0, 0.0, 0.0, 0.0,
            4.85718012e-01, 2.92350769e-01, 6.54810071e-01,
            3.49933803e-01, 3.05975884e-01, 6.55030012e-01 ]
    }
}
