{
    "pose_0": {
        "type_id": "opencv-matrix",
        "rows": 1,
        "cols": 18,
        "dt": "3f",
        "data": [ 0.0, 0.0, 0.0, 4.27685946e-01, 4.01546657e-01,
            8.65986586e-01, 5.63513815e-01, 3.76856506e-01,
            8.08871627e-01, 7.09054232e-01, 3.22377354e-01,
            8.50730479e-01, 5.97560942e-01, 2.54138291e-01,
            9.20772433e-01, 2.86779344e-01, 4.26059484e-01,
            8.80403340e-01, 2.38222763e-01, 5.54218352e-01,
            6.47567630e-01, 0.0, 0.0, 0.0, 6.07191503e-01,
            6.63481653e-01, 5.40114403e-01, 0.0, 0.0, 0.0, 0.0, 0.0, 0.0,
            4.08438325e-01, 6.79893792e-01, 6.90910935e-01,
            2.14117989e-01, 5.79005599e-01, 8.13249052e-01,
            3.01425278e-01, 7.48126507e-01, 8.03964615e-01, 0.0, 0.0,
            0.0, 0.0, 0.0, 0.0, 4.81028080e-01, 3.14039797e-01,
            7.20911562e-01, 3.40336263e-01, 3.22393626e-01,
            6.31961524e-01 ]
    }
}
