{
    "pose_0": {
        "type_id": "opencv-matrix",
        "rows": 1,
        "cols": 18,
        "dt": "3f",
        "data": [ 0.0, 0.0, 0.0, 4.37224776e-01, 3.90624374e-01,
            8.46844196e-01, 5.63595355e-01, 3.63305181e-01,
            8.29056501e-01, 7.47873545e-01, 3.38822514e-01,
            8.59293461e-01, 7.86752641e-01, 2.51286566e-01,
            8.87664437e-01, 2.91703075e-01, 4.17826325e-01,
            8.37202549e-01, 2.43118420e-01, 5.35316169e-01,
            7.27127314e-01, 0.0, 0.0, 0.0, 6.12172902e-01,
            6.47182882e-01, 5.40007770e-01, 5.97707570e-01,
            5.76172888e-01, 8.26498717e-02, 6.26590312e-01,
            7.09921539e-01, 6.85092211e-01, 4.27568763e-01,
            6.63566828e-01, 6.87516093e-01, 2.18950957e-01,
            5.73495448e-01, 7.96419263e-01, 3.20785522e-01,
            7.34486997e-01, 8.29592347e-01, 0.0, 0.0, 0.0, 0.0, 0.0, 0.0,
            4.81007218e-01, 2.97724038e-01, 6.84828997e-01,
            3.40385258e-01, 3.14041346e-01, 6.43179893e-01 ]
    }
}
