{
    "pose_0": {
        "type_id": "opencv-matrix",
        "rows": 1,
        "cols": 18,
        "dt": "3f",
        "data": [ 0.0, 0.0, 0.0, 4.32483256e-01, 4.01397198e-01,
            8.70267630e-01, 5.63650310e-01, 3.74198496e-01,
            8.23335528e-01, 7.18824387e-01, 3.30479592e-01,
            8.80230308e-01, 6.41300261e-01, 2.51374185e-01,
            9.19555247e-01, 2.86951959e-01, 4.23389792e-01,
            8.76879454e-01, 2.33379140e-01, 5.48877954e-01,
            6.57895744e-01, 0.0, 0.0, 0.0, 6.12165034e-01,
            6.58066869e-01, 5.74145913e-01, 0.0, 0.0, 0.0, 0.0, 0.0, 0.0,
            4.17983025e-01, 6.71708584e-01, 6.66923583e-01,
            2.14233831e-01, 5.79010069e-01, 8.04932415e-01,
            3.16023678e-01, 7.50844061e-01, 8.18861723e-01, 0.0, 0.0,
            0.0, 0.0, 0.0, 0.0, 4.80936795e-01, 3.05944711e-01,
            6.38899326e-01, 3.35553557e-01, 3.16912651e-01,
            6.08906388e-01 ]
    }
}
