{
    "pose_0": {
        "type_id": "opencv-matrix",
        "rows": 1,
        "cols": 18,
        "dt": "3f",
        "data": [ 0.0, 0.0, 0.0, 4.37182963e-01, 3.85166168e-01,
            8.51042032e-01, 5.63436031e-01, 3.60626042e-01,
            8.48704040e-01, 7.52963662e-01, 3.38763654e-01,
            9.28543031e-01, 8.06275010e-01, 2.51268804e-01,
            8.59871089e-01, 2.91774482e-01, 4.07048136e-01,
            8.45564008e-01, 2.48019323e-01, 5.35267830e-01,
            7.28548110e-01, 0.0, 0.0, 0.0, 6.31403744e-01,
            6.44380748e-01, 5.57090819e-01, 6.31493628e-01,
            5.84380805e-01, 1.28870502e-01, 6.31588280e-01,
            7.09935963e-01, 6.84869230e-01, 4.37277377e-01,
            6.63464248e-01, 7.04624772e-01, 2.23710060e-01,
            5.70717931e-01, 7.73440421e-01, 3.25533539e-01,
            7.34442830e-01, 8.37793410e-01, 0.0, 0.0, 0.0, 0.0, 0.0, 0.0,
            4.80809182e-01, 2.94979721e-01, 6.19945228e-01,
            3.40235800e-01, 3.11321378e-01, 6.27734065e-01 ]
    }
}
