{
    "pose_0": {
        "type_id": "opencv-matrix",
        "rows": 1,
        "cols": 18,
        "dt": "3f",
        "data": [ 0.0, 0.0, 0.0, 3.69312137e-01, 4.28862154e-01,
            8.93326163e-01, 5.05337894e-01, 4.04121488e-01,
            8.28998446e-01, 6.70359910e-01, 3.57783049e-01,
            8.39429140e-01, 8.35435092e-01, 3.14015180e-01,
            8.69456649e-01, 2.23821506e-01, 4.58815515e-01,
            7.84866929e-01, 1.75080061e-01, 5.81674516e-01,
            7.29975283e-01, 0.0, 0.0, 0.0, 5.58803916e-01,
            6.88055217e-01, 5.83489716e-01, 5.58850765e-01,
            6.41623497e-01, 9.76908505e-02, 5.58823586e-01,
            7.56299973e-01, 7.07793236e-01, 3.64585519e-01,
            7.07169950e-01, 7.07855582e-01, 1.51026964e-01,
            6.17086112e-01, 7.30027199e-01, 2.48240143e-01,
            7.80854702e-01, 8.21925521e-01, 0.0, 0.0, 0.0, 0.0, 0.0, 0.0,
            4.03547376e-01, 3.38636845e-01, 6.52914286e-01,
            2.77180940e-01, 3.55037749e-01, 6.38687432e-01 ]
    }
}
