{
    "pose_0": {
        "type_id": "opencv-matrix",
        "rows": 1,
        "cols": 18,
        "dt": "3f",
        "data": [ 0.0, 0.0, 0.0, 4.13178712e-01, 4.23275024e-01,
            8.78033161e-01, 5.53900361e-01, 3.98662239e-01,
            8.23485136e-01, 7.09116697e-01, 3.60478163e-01,
            8.60007167e-01, 8.35545063e-01, 2.75926739e-01,
            8.62159252e-01, 2.82084346e-01, 4.45247054e-01,
            8.65288854e-01, 2.19032809e-01, 5.70696771e-01,
            6.95701659e-01, 0.0, 0.0, 0.0, 6.02470517e-01,
            6.82586432e-01, 5.95378637e-01, 6.02357209e-01,
            6.30722165e-01, 5.35826385e-02, 6.07270181e-01,
            7.45403171e-01, 6.92315996e-01, 4.08281267e-01,
            6.93575501e-01, 6.94796264e-01, 2.09358960e-01,
            6.00823224e-01, 8.09808075e-01, 2.91936755e-01,
            7.69886434e-01, 8.23865056e-01, 0.0, 0.0, 0.0, 0.0, 0.0, 0.0,
            4.61621851e-01, 3.33266824e-01, 6.34691238e-01,
            3.30514878e-01, 3.44227791e-01, 5.89306891e-01 ]
    }
}
