{
    "pose_0": {
        "type_id": "opencv-matrix",
        "rows": 1,
        "cols": 18,
        "dt": "3f",
        "data": [ 0.0, 0.0, 0.0, 4.42304164e-01, 3.85192394e-01,
            8.93667817e-01, 5.68393826e-01, 3.60606194e-01,
            8.53383362e-01, 7.57887065e-01, 3.38802338e-01,
            9.05053854e-01, 8.20918918e-01, 2.51350105e-01,
            8.91477585e-01, 3.06254834e-01, 4.09709513e-01,
            8.01594138e-01, 2.48154864e-01, 5.37960768e-01,
            6.82836056e-01, 0.0, 0.0, 0.0, 6.36302114e-01,
            6.41734242e-01, 5.73966742e-01, 6.26698911e-01,
            5.89824438e-01, 8.56818035e-02, 6.36509776e-01,
            7.07123697e-01, 6.92955792e-01, 4.47133780e-01,
            6.60821617e-01, 6.96840882e-01, 2.43002847e-01,
            5.65262556e-01, 7.33369052e-01, 3.30610126e-01,
            7.31702983e-01, 8.38252842e-01, 0.0, 0.0, 0.0, 0.0, 0.0, 0.0,
            4.85730886e-01, 2.92393923e-01, 6.61547184e-01,
            3.49917293e-01, 3.08669120e-01, 6.82609737e-01 ]
    }
}
