{
    "pose_0": {
        "type_id": "opencv-matrix",
        "rows": 1,
        "cols": 18,
        "dt": "3f",
        "data": [ 0.0, 0.0, 0.0, 4.13002312e-01, 4.23281431e-01,
            8.90054107e-01, 5.53894639e-01, 3.90599519e-01,
            8.03759217e-01, 6.80146813e-01, 3.41554403e-01,
            8.22706342e-01, 7.96461105e-01, 2.64967620e-01,
            8.31182957e-01, 2.77079076e-01, 4.47832584e-01,
            8.43818426e-01, 2.14225709e-01, 5.76095402e-01,
            7.10451484e-01, 0.0, 0.0, 0.0, 5.97674608e-01,
            6.82663321e-01, 5.60956538e-01, 5.97705066e-01,
            6.38933897e-01, 5.42481653e-02, 6.02392852e-01,
            7.42719650e-01, 7.05758274e-01, 4.03526932e-01,
            6.96253359e-01, 6.78055644e-01, 2.04272285e-01,
            6.03450418e-01, 7.51919985e-01, 2.91641951e-01,
            7.72639811e-01, 8.51767361e-01, 0.0, 0.0, 0.0, 0.0, 0.0, 0.0,
            4.51987833e-01, 3.30571949e-01, 6.72083557e-01,
            3.25673103e-01, 3.41478020e-01, 6.16146922e-01 ]
    }
}
