{
    "pose_0": {
        "type_id": "opencv-matrix",
        "rows": 1,
        "cols": 18,
        "dt": "3f",
        "data": [ 0.0, 0.0, 0.0, 4.32408482e-01, 4.01477903e-01,
            8.65777016e-01, 5.63540876e-01, 3.74217927e-01,
            8.08930397e-01, 7.09204078e-01, 3.25034440e-01,
            8.77604842e-01, 6.02534711e-01, 2.51440018e-01,
            9.41545427e-01, 2.86779940e-01, 4.26008105e-01,
            8.72800767e-01, 2.38366693e-01, 5.51659703e-01,
            6.32592559e-01, 0.0, 0.0, 0.0, 6.07233703e-01,
            6.63487077e-01, 5.49828231e-01, 0.0, 0.0, 0.0, 0.0, 0.0, 0.0,
            4.13075864e-01, 6.77132308e-01, 6.72379196e-01,
            2.14037508e-01, 5.81645966e-01, 8.06077838e-01,
            3.01505685e-01, 7.48192012e-01, 8.01237822e-01, 0.0, 0.0,
            0.0, 0.0, 0.0, 0.0, 4.81055111e-01, 3.11388910e-01,
            6.51954651e-01, 3.40293646e-01, 3.19677114e-01,
            5.99108398e-01 ]
    }
}
