{
    "pose_0": {
        "type_id": "opencv-matrix",
        "rows": 1,
        "cols": 18,
        "dt": "3f",
        "data": [ 0.0, 0.0, 0.0, 3.59751046e-01, 4.23404992e-01,
            9.07517612e-01, 4.90720689e-01, 3.95989448e-01,
            7.85647750e-01, 5.97562134e-01, 3.36100250e-01,
            9.62449551e-01, 4.56722587e-01, 2.89601177e-01,
            8.07487547e-01, 2.14060813e-01, 4.50675040e-01,
            8.25666428e-01, 1.70176744e-01, 5.81600904e-01,
            6.69390500e-01, 0.0, 0.0, 0.0, 5.34433246e-01,
            6.85410023e-01, 5.65098643e-01, 0.0, 0.0, 0.0, 0.0, 0.0, 0.0,
            3.49932253e-01, 7.04510272e-01, 6.82635546e-01,
            1.36424065e-01, 6.14398241e-01, 7.66821504e-01,
            2.28714764e-01, 7.78114259e-01, 7.92645276e-01, 0.0, 0.0,
            0.0, 0.0, 0.0, 0.0, 4.13089305e-01, 3.38653028e-01,
            6.32103622e-01, 2.81844944e-01, 3.49618345e-01,
            5.66914976e-01 ]
    }
}
