{
    "pose_0": {
        "type_id": "opencv-matrix",
        "rows": 1,
        "cols": 18,
        "dt": "3f",
        "data": [ 0.0, 0.0, 0.0, 4.13128078e-01, 4.23386812e-01,
            8.84362221e-01, 5.53705633e-01, 4.01370227e-01,
            8.21097016e-01, 7.19115376e-01, 3.60705495e-01,
            8.56471598e-01, 9.12884533e-01, 3.36055517e-01,
            9.15401816e-01, 2.82085329e-01, 4.47858900e-01,
            8.59781921e-01, 2.23731056e-01, 5.76099634e-01,
            6.82640314e-01, 0.0, 0.0, 0.0, 6.02513611e-01,
            6.79923713e-01, 6.00860178e-01, 6.07313454e-01,
            6.38917625e-01, 1.10413052e-01, 6.07177138e-01,
            7.50870705e-01, 6.55369997e-01, 4.08319324e-01,
            6.90862596e-01, 6.86264694e-01, 2.09083170e-01,
            6.03523850e-01, 7.73514569e-01, 2.91790515e-01,
            7.69907892e-01, 8.40850472e-01, 0.0, 0.0, 0.0, 0.0, 0.0, 0.0,
            4.56892610e-01, 3.33256066e-01, 6.39960885e-01,
            3.30449283e-01, 3.41529071e-01, 6.09036624e-01 ]
    }
}
