{
    "pose_0": {
        "type_id": "opencv-matrix",
        "rows": 1,
        "cols": 18,
        "dt": "3f",
        "data": [ 0.0, 0.0, 0.0, 4.13056791e-01, 4.23264474e-01,
            8.91767561e-01, 5.53947389e-01, 3.93271327e-01,
            8.02765727e-01, 6.85048044e-01, 3.46872449e-01,
            8.02802145e-01, 8.35378170e-01, 2.78733820e-01,
            8.40367317e-01, 2.77236521e-01, 4.47803408e-01,
            8.54124069e-01, 2.14117631e-01, 5.76114058e-01,
            7.26493597e-01, 0.0, 0.0, 0.0, 6.02443576e-01,
            6.79922462e-01, 5.72649300e-01, 6.02497280e-01,
            6.38966143e-01, 1.07084677e-01, 6.02467299e-01,
            7.48131394e-01, 7.20215440e-01, 4.08377171e-01,
            6.93545878e-01, 6.47585869e-01, 2.04183072e-01,
            6.03515387e-01, 7.36201346e-01, 2.91701555e-01,
            7.72672534e-01, 8.42219651e-01, 0.0, 0.0, 0.0, 0.0, 0.0, 0.0,
            4.51911002e-01, 3.33165020e-01, 6.54548109e-01,
            3.25734258e-01, 3.41500372e-01, 6.54370129e-01 ]
    }
}
