{
    "pose_0": {
        "type_id": "opencv-matrix",
        "rows": 1,
        "cols": 18,
        "dt": "3f",
        "data": [ 0.0, 0.0, 0.0, 3.69595021e-01, 4.28776294e-01,
            8.97161901e-01, 5.10239661e-01, 4.01445657e-01,
            8.27399254e-01, 6.70186818e-01, 3.38700652e-01,
            8.60192418e-01, 6.84851408e-01, 2.56847411e-01,
            8.56118381e-01, 2.33536690e-01, 4.56098139e-01,
            7.77942657e-01, 1.80024922e-01, 5.84358871e-01,
            6.55992389e-01, 0.0, 0.0, 0.0, 5.58854818e-01,
            6.88059211e-01, 5.50380588e-01, 5.63594997e-01,
            6.33463502e-01, 7.56901652e-02, 5.63611746e-01,
            7.56350279e-01, 6.60132587e-01, 3.69341433e-01,
            7.07105160e-01, 7.00059652e-01, 1.70307696e-01,
            6.11629009e-01, 7.06583619e-01, 2.53055930e-01,
            7.75494516e-01, 8.44594896e-01, 0.0, 0.0, 0.0, 0.0, 0.0, 0.0,
            4.13130909e-01, 3.36049974e-01, 6.62401795e-01,
            2.86892325e-01, 3.54996741e-01, 6.51929379e-01 ]
    }
}
