{
    "pose_0": {
        "type_id": "opencv-matrix",
        "rows": 1,
        "cols": 18,
        "dt": "3f",
        "data": [ 0.0, 0.0, 0.0, 4.42386210e-01, 3.85212988e-01,
            8.92144024e-01, 5.68507135e-01, 3.60616654e-01,
            8.35411072e-01, 7.57876873e-01, 3.38865310e-01,
            8.97140563e-01, 8.20891798e-01, 2.51419961e-01,
            8.78289521e-01, 3.06319803e-01, 4.12364066e-01,
            7.93711841e-01, 2.52760559e-01, 5.40649831e-01,
            6.97223544e-01, 0.0, 0.0, 0.0, 6.36349916e-01,
            6.44411564e-01, 5.67167878e-01, 6.36217356e-01,
            5.92552066e-01, 8.18429142e-02, 6.36613011e-01,
            7.07108796e-01, 7.03647494e-01, 4.46962506e-01,
            6.60822868e-01, 6.95544779e-01, 2.43111596e-01,
            5.67962408e-01, 7.28299975e-01, 3.30615968e-01,
            7.31693804e-01, 8.44150603e-01, 0.0, 0.0, 0.0, 0.0, 0.0, 0.0,
            4.85726088e-01, 2.92338938e-01, 6.40125513e-01,
            3.50057304e-01, 3.08683693e-01, 6.39555097e-01 ]
    }
}
