{
    "pose_0": {
        "type_id": "opencv-matrix",
        "rows": 1,
        "cols": 18,
        "dt": "3f",
        "data": [ 0.0, 0.0, 0.0, 3.59782606e-01, 4.23422873e-01,
            9.15694952e-01, 4.90824491e-01, 3.93324167e-01,
            7.81391442e-01, 5.92704177e-01, 3.36032718e-01,
            9.33665991e-01, 4.37315613e-01, 2.92282194e-01,
            7.90407598e-01, 2.14109287e-01, 4.53343958e-01,
            8.29866827e-01, 1.65433198e-01, 5.78923702e-01,
            6.92664802e-01, 0.0, 0.0, 0.0, 5.34542561e-01,
            6.88101828e-01, 5.65279365e-01, 0.0, 0.0, 0.0, 0.0, 0.0, 0.0,
            3.50035429e-01, 7.07110465e-01, 6.86085761e-01,
            1.36431575e-01, 6.14369512e-01, 7.69413114e-01,
            2.28687838e-01, 7.78169990e-01, 7.91391432e-01, 0.0, 0.0,
            0.0, 0.0, 0.0, 0.0, 4.17953491e-01, 3.38796824e-01,
            6.22797310e-01, 2.86637068e-01, 3.49597782e-01,
            5.81134200e-01 ]
    }
}
