{
    "pose_0": {
        "type_id": "opencv-matrix",
        "rows": 1,
        "cols": 18,
        "dt": "3f",
        "data": [ 0.0, 0.0, 0.0, 4.13203210e-01, 4.23350602e-01,
            8.76359224e-01, 5.53813934e-01, 3.98704439e-01,
            8.18072021e-01, 7.23922551e-01, 3.57765108e-01,
            8.41742158e-01, 9.08203781e-01, 3.22319716e-01,
            8.46755743e-01, 2.82103986e-01, 4.47866797e-01,
            8.61620963e-01, 2.14331985e-01, 5.73396981e-01,
            7.13093281e-01, 0.0, 0.0, 0.0, 6.07186735e-01,
            6.82606101e-01, 6.01497173e-01, 6.12228036e-01,
            6.38970494e-01, 1.04575686e-01, 6.07217550e-01,
            7.50932574e-01, 6.72487915e-01, 4.08338338e-01,
            6.93528831e-01, 6.74169958e-01, 2.09140375e-01,
            6.03444636e-01, 7.98714519e-01, 2.91925728e-01,
            7.69963861e-01, 8.25074255e-01, 0.0, 0.0, 0.0, 0.0, 0.0, 0.0,
            4.56816822e-01, 3.33292723e-01, 6.62842035e-01,
            3.30440193e-01, 3.44219804e-01, 5.88987648e-01 ]
    }
}
