{
    "pose_0": {
        "type_id": "opencv-matrix",
        "rows": 1,
        "cols": 18,
        "dt": "3f",
        "data": [ 0.0, 0.0, 0.0, 3.64304841e-01, 4.25993443e-01,
            8.98371160e-01, 4.90720838e-01, 3.98658633e-01,
            7.83757269e-01, 5.97497225e-01, 3.33312154e-01,
            9.03548241e-01, 4.76115346e-01, 2.70496398e-01,
            8.47164154e-01, 2.18816996e-01, 4.53308523e-01,
            8.11135769e-01, 1.70090884e-01, 5.78882635e-01,
            7.50223398e-01, 0.0, 0.0, 0.0, 5.44094265e-01,
            6.90828621e-01, 5.48776865e-01, 5.53788602e-01,
            6.28033221e-01, 6.40761405e-02, 5.44155300e-01,
            7.56355166e-01, 6.34379983e-01, 3.45204532e-01,
            7.04485357e-01, 6.75642014e-01, 1.36622280e-01,
            6.11703694e-01, 7.41169512e-01, 2.33408034e-01,
            7.78227031e-01, 7.51702964e-01, 0.0, 0.0, 0.0, 0.0, 0.0, 0.0,
            4.17970747e-01, 3.38770360e-01, 7.71948159e-01,
            2.82082409e-01, 3.55048627e-01, 6.22865260e-01 ]
    }
}
