{
    "pose_0": {
        "type_id": "opencv-matrix",
        "rows": 1,
        "cols": 18,
        "dt": "3f",
        "data": [ 0.0, 0.0, 0.0, 4.13159341e-01, 4.23364878e-01,
            8.83350432e-01, 5.53763449e-01, 4.01341110e-01,
            8.19621801e-01, 7.23791063e-01, 3.60674232e-01,
            8.39214683e-01, 9.08422709e-01, 3.38666201e-01,
            9.07116294e-01, 2.82076657e-01, 4.47832704e-01,
            8.59670222e-01, 2.23833755e-01, 5.73442280e-01,
            6.81641400e-01, 0.0, 0.0, 0.0, 6.02497697e-01,
            6.79929197e-01, 5.97953320e-01, 6.12088919e-01,
            6.36194766e-01, 1.01165578e-01, 6.02683365e-01,
            7.50839174e-01, 6.52801692e-01, 4.08384055e-01,
            6.90861106e-01, 6.69199586e-01, 2.09054381e-01,
            6.03558779e-01, 7.80271351e-01, 2.91794032e-01,
            7.69969702e-01, 8.46445799e-01, 0.0, 0.0, 0.0, 0.0, 0.0, 0.0,
            4.61589664e-01, 3.33287448e-01, 6.36798024e-01,
            3.30482394e-01, 3.44132513e-01, 6.13340378e-01 ]
    }
}
