{
    "pose_0": {
        "type_id": "opencv-matrix",
        "rows": 1,
        "cols": 18,
        "dt": "3f",
        "data": [ 0.0, 0.0, 0.0, 3.98559451e-01, 4.23309863e-01,
            8.87342095e-01, 5.24806440e-01, 3.87851179e-01,
            7.98721790e-01, 6.41442597e-01, 3.30467552e-01,
            8.52872670e-01, 5.78201950e-01, 2.48667464e-01,
            8.72826278e-01, 2.53097624e-01, 4.50588077e-01,
            8.28300238e-01, 2.08982244e-01, 5.73457301e-01,
            7.27413237e-01, 0.0, 0.0, 0.0, 5.87798536e-01,
            6.85308456e-01, 5.32195807e-01, 0.0, 0.0, 0.0, 0.0, 0.0, 0.0,
            3.98523897e-01, 6.98998570e-01, 6.61295772e-01,
            1.80194721e-01, 6.03494227e-01, 7.98673034e-01,
            2.86743283e-01, 7.72704720e-01, 8.35818291e-01, 0.0, 0.0,
            0.0, 0.0, 0.0, 0.0, 4.47065920e-01, 3.33253056e-01,
            6.24847531e-01, 3.20693463e-01, 3.41542214e-01,
            6.01496518e-01 ]
    }
}
