{
    "pose_0": {
        "type_id": "opencv-matrix",
        "rows": 1,
        "cols": 18,
        "dt": "3f",
        "data": [ 0.0, 0.0, 0.0, 4.37283516e-01, 3.82519871e-01,
            8.62454474e-01, 5.63496113e-01, 3.60514939e-01,
            8.59513581e-01, 7.53060877e-01, 3.38690221e-01,
            9.37017441e-01, 8.06227863e-01, 2.51251072e-01,
            8.63972425e-01, 2.91864395e-01, 4.06995416e-01,
            8.36642981e-01, 2.43249729e-01, 5.35177350e-01,
            6.97231710e-01, 0.0, 0.0, 0.0, 6.26738429e-01,
            6.44374371e-01, 5.63760459e-01, 6.36396170e-01,
            5.89786947e-01, 1.05228908e-01, 6.31487668e-01,
            7.04502344e-01, 6.58550382e-01, 4.42021728e-01,
            6.60828233e-01, 6.95608377e-01, 2.23852545e-01,
            5.68003058e-01, 7.59663641e-01, 3.25490117e-01,
            7.31703401e-01, 8.51576746e-01, 0.0, 0.0, 0.0, 0.0, 0.0, 0.0,
            4.80953872e-01, 2.92338401e-01, 6.50440216e-01,
            3.45049381e-01, 3.08621019e-01, 6.17081285e-01 ]
    }
}
