{
    "pose_0": {
        "type_id": "opencv-matrix",
        "rows": 1,
        "cols": 18,
        "dt": "3f",
        "data": [ 0.0, 0.0, 0.0, 4.08229530e-01, 4.23314810e-01,
            9.12627578e-01, 5.48955202e-01, 3.90579432e-01,
            7.78625607e-01, 6.80305839e-01, 3.35958302e-01,
            8.57720375e-01, 7.28658497e-01, 2.54064471e-01,
            8.60159755e-01, 2.67518789e-01, 4.47887868e-01,
            8.37579489e-01, 2.13851273e-01, 5.73499620e-01,
            7.26345897e-01, 0.0, 0.0, 0.0, 5.92719316e-01,
            6.82643712e-01, 5.28824389e-01, 0.0, 0.0, 0.0, 0.0, 0.0, 0.0,
            4.03378516e-01, 6.93566620e-01, 6.60160899e-01,
            1.99372977e-01, 6.03461623e-01, 7.16530025e-01,
            2.86878645e-01, 7.72586524e-01, 8.45152974e-01, 0.0, 0.0,
            0.0, 0.0, 0.0, 0.0, 4.47166651e-01, 3.30522776e-01,
            6.88548982e-01, 3.25501531e-01, 3.41482043e-01,
            6.18392706e-01 ]
    }
}
