{
    "pose_0": {
        "type_id": "opencv-matrix",
        "rows": 1,
        "cols": 18,
        "dt": "3f",
        "data": [ 0.0, 0.0, 0.0, 3.64390403e-01, 4.26147491e-01,
            8.92249286e-01, 4.90670323e-01, 4.01406974e-01,
            8.28221083e-01, 6.02407038e-01, 3.35992068e-01,
            9.15394425e-01, 5.58746397e-01, 2.54073560e-01,
            9.33886051e-01, 2.18896732e-01, 4.56070244e-01,
            7.92726219e-01, 1.70317471e-01, 5.78988254e-01,
            7.38966107e-01, 0.0, 0.0, 0.0, 5.44133425e-01,
            6.88121974e-01, 5.66542685e-01, 5.49054861e-01,
            6.41719341e-01, 9.71370339e-02, 5.48892438e-01,
            7.61783361e-01, 6.44291282e-01, 3.54770571e-01,
            7.07071304e-01, 6.77286565e-01, 1.41215324e-01,
            6.11673176e-01, 7.51065314e-01, 2.33530030e-01,
            7.78239250e-01, 7.55053699e-01, 0.0, 0.0, 0.0, 0.0, 0.0, 0.0,
            4.13157761e-01, 3.38774055e-01, 6.78717256e-01,
            2.81998366e-01, 3.55012238e-01, 5.92784166e-01 ]
    }
}
