{
    "pose_0": {
        "type_id": "opencv-matrix",
        "rows": 1,
        "cols": 18,
        "dt": "3f",
        "data": [ 0.0, 0.0, 0.0, 3.59786570e-01, 4.25974607e-01,
            9.03716326e-01, 4.90804106e-01, 3.96011412e-01,
            7.65778363e-01, 5.87850690e-01, 3.35961699e-01,
            8.87432337e-01, 4.37346071e-01, 2.92181939e-01,
            7.65822113e-01, 2.14175582e-01, 4.53364134e-01,
            8.24038804e-01, 1.70176491e-01, 5.78886330e-01,
            7.33883142e-01, 0.0, 0.0, 0.0, 5.39336503e-01,
            6.90782785e-01, 5.57415426e-01, 5.29709697e-01,
            6.33461356e-01, 5.74548170e-02, 5.44146001e-01,
            7.56322503e-01, 6.44320607e-01, 3.54883313e-01,
            7.07092881e-01, 6.96386218e-01, 1.41202196e-01,
            6.11630142e-01, 7.43709743e-01, 2.28615329e-01,
            7.78198063e-01, 7.86275923e-01, 0.0, 0.0, 0.0, 0.0, 0.0, 0.0,
            4.22723323e-01, 3.38793397e-01, 6.75631404e-01,
            2.86750168e-01, 3.46945465e-01, 5.98394036e-01 ]
    }
}
