{
    "pose_0": {
        "type_id": "opencv-matrix",
        "rows": 1,
        "cols": 18,
        "dt": "3f",
        "data": [ 0.0, 0.0, 0.0, 3.84001255e-01, 4.23267454e-01,
            8.77397537e-01, 5.19841671e-01, 3.85169357e-01,
            7.84446299e-01, 6.07199073e-01, 3.22347105e-01,
            8.87041926e-01, 4.71401542e-01, 2.92255878e-01,
            8.06870520e-01, 2.52699345e-01, 4.50582743e-01,
            8.49501371e-01, 2.04150707e-01, 5.78887582e-01,
            6.70629680e-01, 0.0, 0.0, 0.0, 5.78090608e-01,
            6.85417414e-01, 5.50743103e-01, 5.68531811e-01,
            6.22622311e-01, 5.61356135e-02, 5.83016574e-01,
            7.48090208e-01, 6.56252980e-01, 3.88735205e-01,
            7.01764226e-01, 6.57936394e-01, 1.75222620e-01,
            6.11662209e-01, 7.56982267e-01, 2.67386079e-01,
            7.75367737e-01, 7.85306156e-01, 0.0, 0.0, 0.0, 0.0, 0.0, 0.0,
            4.42112565e-01, 3.33259046e-01, 5.07375836e-01,
            3.11162025e-01, 3.44140649e-01, 5.39539576e-01 ]
    }
}
