{
    "pose_0": {
        "type_id": "opencv-matrix",
        "rows": 1,
        "cols": 18,
        "dt": "3f",
        "data": [ 0.0, 0.0, 0.0, 4.32471484e-01, 3.98677558e-01,
            8.54500949e-01, 5.63394547e-01, 3.68735284e-01,
            8.21841776e-01, 7.43166208e-01, 3.38633358e-01,
            8.74170661e-01, 7.23907828e-01, 2.48561874e-01,
            8.89006078e-01, 2.91621119e-01, 4.20623213e-01,
            8.56506884e-01, 2.43157983e-01, 5.38028538e-01,
            7.15787888e-01, 0.0, 0.0, 0.0, 6.21820688e-01,
            6.49858057e-01, 5.85087419e-01, 6.07304692e-01,
            5.98043978e-01, 7.66977519e-02, 6.26701176e-01,
            7.15358794e-01, 6.72310174e-01, 4.32404697e-01,
            6.68956041e-01, 6.78308666e-01, 2.14225233e-01,
            5.78843296e-01, 8.22093964e-01, 3.20837498e-01,
            7.45387077e-01, 7.81741798e-01, 0.0, 0.0, 0.0, 0.0, 0.0, 0.0,
            4.80884731e-01, 3.03277314e-01, 6.00333571e-01,
            3.35495830e-01, 3.16776514e-01, 6.32427633e-01 ]
    }
}
