{
    "pose_0": {
        "type_id": "opencv-matrix",
        "rows": 1,
        "cols": 18,
        "dt": "3f",
        "data": [ 0.0, 0.0, 0.0, 3.64701480e-01, 4.31501418e-01,
            8.82261515e-01, 4.95558023e-01, 4.04226184e-01,
            8.43437552e-01, 6.75327480e-01, 3.63244385e-01,
            8.55264008e-01, 8.49928439e-01, 3.36117357e-01,
            8.75667989e-01, 2.23745212e-01, 4.58785623e-01,
            7.89724290e-01, 1.75069079e-01, 5.79025328e-01,
            7.51273334e-01, 0.0, 0.0, 0.0, 5.58663070e-01,
            6.90805197e-01, 5.77242374e-01, 5.58620930e-01,
            6.28055930e-01, 6.07701093e-02, 5.58613002e-01,
            7.53597558e-01, 6.40561163e-01, 3.64390343e-01,
            7.07251012e-01, 7.03534842e-01, 1.46066770e-01,
            6.17042601e-01, 7.54547775e-01, 2.47901395e-01,
            7.78217733e-01, 8.17559123e-01, 0.0, 0.0, 0.0, 0.0, 0.0, 0.0,
            4.03344601e-01, 3.38672847e-01, 6.27015889e-01,
            2.72339970e-01, 3.57749969e-01, 6.49599850e-01 ]
    }
}
