{
    "pose_0": {
        "type_id": "opencv-matrix",
        "rows": 1,
        "cols": 18,
        "dt": "3f",
        "data": [ 0.0, 0.0, 0.0, 4.46898460e-01, 3.87893915e-01,
            8.84124577e-01, 5.73297799e-01, 3.63264591e-01,
            8.21670949e-01, 7.57749140e-01, 3.41480106e-01,
            8.96906912e-01, 8.20844352e-01, 2.54097193e-01,
            8.54775310e-01, 3.06374997e-01, 4.12442654e-01,
            7.92093337e-01, 2.52954006e-01, 5.37928700e-01,
            7.11330116e-01, 0.0, 0.0, 0.0, 6.36469841e-01,
            6.47130013e-01, 5.69917858e-01, 6.36392236e-01,
            5.95203042e-01, 8.55586678e-02, 6.41181946e-01,
            7.07119226e-01, 6.73271477e-01, 4.47083175e-01,
            6.63562894e-01, 7.00435519e-01, 2.43242607e-01,
            5.70746183e-01, 7.57167220e-01, 3.35471213e-01,
            7.37269223e-01, 7.98184872e-01, 0.0, 0.0, 0.0, 0.0, 0.0, 0.0,
            4.85826880e-01, 2.94944465e-01, 6.70777619e-01,
            3.59587550e-01, 3.08737874e-01, 6.61391079e-01 ]
    }
}
