{
    "pose_0": {
        "type_id": "opencv-matrix",
        "rows": 1,
        "cols": 18,
        "dt": "3f",
        "data": [ 0.0, 0.0, 0.0, 4.03321415e-01, 4.23292249e-01,
            9.10688460e-01, 5.24936080e-01, 3.93265694e-01,
            8.05506408e-01, 6.70162380e-01, 3.30503851e-01,
            8.01868021e-01, 6.41132236e-01, 2.48731136e-01,
            9.27275538e-01, 2.57888556e-01, 4.47890669e-01,
            8.32654417e-01, 2.09354505e-01, 5.73410988e-01,
            7.41146803e-01, 0.0, 0.0, 0.0, 5.97395539e-01,
            6.82661295e-01, 5.78782380e-01, 5.97501874e-01,
            6.38956368e-01, 9.23203900e-02, 5.97609818e-01,
            7.45381176e-01, 7.24361002e-01, 4.03484732e-01,
            6.98975325e-01, 6.72580421e-01, 1.85029939e-01,
            6.06183469e-01, 7.55125701e-01, 2.87027389e-01,
            7.75358319e-01, 8.46098840e-01, 0.0, 0.0, 0.0, 0.0, 0.0, 0.0,
            4.46960568e-01, 3.33269924e-01, 6.98829532e-01,
            3.20692271e-01, 3.46879721e-01, 5.73269486e-01 ]
    }
}
