{
    "pose_0": {
        "type_id": "opencv-matrix",
        "rows": 1,
        "cols": 18,
        "dt": "3f",
        "data": [ 0.0, 0.0, 0.0, 4.13153231e-01, 4.23315942e-01,
            8.76740694e-01, 5.53889990e-01, 3.98662090e-01,
            8.18740666e-01, 7.09042966e-01, 3.60521317e-01,
            8.32402468e-01, 8.69345248e-01, 2.81403482e-01,
            8.39549720e-01, 2.82047272e-01, 4.47864592e-01,
            8.56179833e-01, 2.18956798e-01, 5.70764720e-01,
            6.92385554e-01, 0.0, 0.0, 0.0, 6.07179463e-01,
            6.79879904e-01, 6.09468281e-01, 6.02525771e-01,
            6.38941348e-01, 8.42128173e-02, 6.07199967e-01,
            7.50800490e-01, 6.87276185e-01, 4.08392012e-01,
            6.93509638e-01, 6.94817305e-01, 2.09271178e-01,
            6.00854099e-01, 7.98984766e-01, 2.96604723e-01,
            7.70011902e-01, 8.08721900e-01, 0.0, 0.0, 0.0, 0.0, 0.0, 0.0,
            4.56851900e-01, 3.33283216e-01, 6.67501271e-01,
            3.30479056e-01, 3.46902281e-01, 5.83526015e-01 ]
    }
}
