{
    "pose_0": {
        "type_id": "opencv-matrix",
        "rows": 1,
        "cols": 18,
        "dt": "3f",
        "data": [ 0.0, 0.0, 0.0, 4.32486773e-01, 4.01389450e-01,
            8.71744037e-01, 5.63575208e-01, 3.74177217e-01,
            8.14673126e-01, 7.19013870e-01, 3.33204746e-01,
            8.85259867e-01, 6.46273315e-01, 2.48655856e-01,
            9.05566633e-01, 2.86975324e-01, 4.23378766e-01,
            8.72574687e-01, 2.43208066e-01, 5.48842549e-01,
            6.53732359e-01, 0.0, 0.0, 0.0, 6.12149835e-01,
            6.60741270e-01, 5.75564146e-01, 0.0, 0.0, 0.0, 0.0, 0.0, 0.0,
            4.27680790e-01, 6.74437106e-01, 6.71332777e-01,
            2.18835592e-01, 5.78948140e-01, 8.04612815e-01,
            3.20667118e-01, 7.50846386e-01, 8.25508356e-01, 0.0, 0.0,
            0.0, 0.0, 0.0, 0.0, 4.80911881e-01, 3.05948257e-01,
            5.95025122e-01, 3.35558057e-01, 3.16919655e-01,
            6.35142982e-01 ]
    }
}
