{
    "pose_0": {
        "type_id": "opencv-matrix",
        "rows": 1,
        "cols": 18,
        "dt": "3f",
        "data": [ 0.0, 0.0, 0.0, 3.79030228e-01, 4.23376679e-01,
            8.69766831e-01, 5.15033782e-01, 3.87875766e-01,
            7.61004865e-01, 6.21846080e-01, 3.27792585e-01,
            8.33739519e-01, 4.85947609e-01, 2.73311615e-01,
            9.21347797e-01, 2.47894660e-01, 4.53309774e-01,
            8.19521129e-01, 1.99540406e-01, 5.78972340e-01,
            6.43715739e-01, 0.0, 0.0, 0.0, 5.73225081e-01,
            6.85378790e-01, 5.58575869e-01, 5.63827813e-01,
            6.28007352e-01, 7.22700506e-02, 5.87709785e-01,
            7.48085916e-01, 6.57285810e-01, 3.84004384e-01,
            7.04384565e-01, 6.63373351e-01, 1.75170824e-01,
            6.11643970e-01, 7.51560032e-01, 2.62654215e-01,
            7.75401115e-01, 8.16580236e-01, 0.0, 0.0, 0.0, 0.0, 0.0, 0.0,
            4.42230195e-01, 3.35956931e-01, 6.86726749e-01,
            3.01369101e-01, 3.44211459e-01, 5.52565038e-01 ]
    }
}
