{
    "pose_0": {
        "type_id": "opencv-matrix",
        "rows": 1,
        "cols": 18,
        "dt": "3f",
        "data": [ 0.0, 0.0, 0.0, 4.32537109e-01, 3.87811333e-01,
            8.40681672e-01, 5.63401103e-01, 3.60618919e-01,
            8.45465958e-01, 7.52828717e-01, 3.38831753e-01,
            9.10727203e-01, 7.96833098e-01, 2.51268089e-01,
            8.85384798e-01, 2.91718662e-01, 4.12390143e-01,
            8.31578851e-01, 2.47978032e-01, 5.37925065e-01,
            7.07425356e-01, 0.0, 0.0, 0.0, 6.26646161e-01,
            6.44435823e-01, 5.64891517e-01, 6.07174635e-01,
            5.76227188e-01, 7.61622488e-02, 6.31378233e-01,
            7.07153440e-01, 6.79783583e-01, 4.37278569e-01,
            6.63524330e-01, 7.12805927e-01, 2.18997493e-01,
            5.73367953e-01, 7.67518580e-01, 3.25568616e-01,
            7.34521687e-01, 8.43867362e-01, 0.0, 0.0, 0.0, 0.0, 0.0, 0.0,
            4.80871737e-01, 2.95024335e-01, 6.52150452e-01,
            3.45069945e-01, 3.08734596e-01, 5.99731088e-01 ]
    }
}
