{
    "pose_0": {
        "type_id": "opencv-matrix",
        "rows": 1,
        "cols": 18,
        "dt": "3f",
        "data": [ 0.0, 0.0, 0.0, 4.22815651e-01, 4.09691900e-01,
            8.42833698e-01, 5.58873236e-01, 3.82289201e-01,
            8.27923059e-01, 6.89805269e-01, 3.33209664e-01,
            8.42006743e-01, 5.63410044e-01, 2.89503276e-01,
            8.69875550e-01, 2.86618084e-01, 4.39664215e-01,
            8.23583484e-01, 2.28708923e-01, 5.62553048e-01,
            6.36538327e-01, 0.0, 0.0, 0.0, 6.02587700e-01,
            6.74407840e-01, 5.41590273e-01, 6.02632463e-01,
            6.19795740e-01, 5.57854548e-02, 6.07404590e-01,
            7.31810331e-01, 7.00551927e-01, 4.13166106e-01,
            6.88055754e-01, 6.89011276e-01, 2.14052156e-01,
            5.97910762e-01, 7.87337482e-01, 3.06326032e-01,
            7.56412148e-01, 7.82251775e-01, 0.0, 0.0, 0.0, 0.0, 0.0, 0.0,
            4.76200372e-01, 3.19647878e-01, 5.96788228e-01,
            3.35464478e-01, 3.35981488e-01, 6.61331534e-01 ]
    }
}
