{
    "pose_0": {
        "type_id": "opencv-matrix",
        "rows": 1,
        "cols": 18,
        "dt": "3f",
        "data": [ 0.0, 0.0, 0.0, 4.13154811e-01, 4.23233241e-01,
            8.72804523e-01, 5.53862751e-01, 3.96022320e-01,
            8.02058458e-01, 7.18752444e-01, 3.52336258e-01,
            8.77283871e-01, 7.52867162e-01, 2.67687142e-01,
            9.02255654e-01, 2.82114774e-01, 4.45276141e-01,
            8.58599305e-01, 2.28570387e-01, 5.68007946e-01,
            6.39648199e-01, 0.0, 0.0, 0.0, 6.07243955e-01,
            6.79891825e-01, 5.60069919e-01, 6.21798158e-01,
            6.19889259e-01, 1.20610297e-01, 6.07459128e-01,
            7.50927985e-01, 6.89411521e-01, 4.13080484e-01,
            6.90826476e-01, 6.75689220e-01, 2.09341243e-01,
            6.00836098e-01, 7.93795109e-01, 3.01465094e-01,
            7.72652984e-01, 8.15482736e-01, 0.0, 0.0, 0.0, 0.0, 0.0, 0.0,
            4.66556013e-01, 3.33176762e-01, 6.15443707e-01,
            3.30640048e-01, 3.41457814e-01, 6.20302022e-01 ]
    }
}
