{
    "pose_0": {
        "type_id": "opencv-matrix",
        "rows": 1,
        "cols": 18,
        "dt": "3f",
        "data": [ 0.0, 0.0, 0.0, 4.32523668e-01, 3.90543252e-01,
            8.34534943e-01, 5.63418865e-01, 3.63231480e-01,
            8.25925052e-01, 7.52680957e-01, 3.41400266e-01,
            8.73296738e-01, 7.96522021e-01, 2.51298547e-01,
            8.94877255e-01, 2.91710407e-01, 4.15162414e-01,
            8.32822323e-01, 2.47844845e-01, 5.37967384e-01,
            7.18343556e-01, 0.0, 0.0, 0.0, 6.26627088e-01,
            6.44471586e-01, 5.56798220e-01, 6.12049520e-01,
            5.78929722e-01, 7.36670271e-02, 6.26705170e-01,
            7.07192421e-01, 6.69057250e-01, 4.32486027e-01,
            6.63462341e-01, 7.09437132e-01, 2.18977824e-01,
            5.73458850e-01, 7.86193728e-01, 3.20834219e-01,
            7.31749356e-01, 8.35357904e-01, 0.0, 0.0, 0.0, 0.0, 0.0, 0.0,
            4.80884671e-01, 2.95080096e-01, 6.33140504e-01,
            3.45117897e-01, 3.11368912e-01, 5.88308334e-01 ]
    }
}
