{
    "pose_0": {
        "type_id": "opencv-matrix",
        "rows": 1,
        "cols": 18,
        "dt": "3f",
        "data": [ 0.0, 0.0, 0.0, 4.42246646e-01, 3.85074049e-01,
            8.93312037e-01, 5.68515897e-01, 3.60518485e-01,
            8.46247435e-01, 7.57674634e-01, 3.38700801e-01,
            9.25365329e-01, 8.16061318e-01, 2.48747349e-01,
            8.85441303e-01, 3.01397473e-01, 4.07016814e-01,
            8.11227858e-01, 2.48223081e-01, 5.35175502e-01,
            7.38224149e-01, 0.0, 0.0, 0.0, 6.31489217e-01,
            6.41678452e-01, 5.65607607e-01, 6.36360288e-01,
            5.81642032e-01, 1.28226772e-01, 6.36473775e-01,
            7.04503775e-01, 7.05956578e-01, 4.37393665e-01,
            6.60720885e-01, 6.91135406e-01, 2.38352180e-01,
            5.65215588e-01, 7.43001223e-01, 3.25906783e-01,
            7.31751919e-01, 8.59592438e-01, 0.0, 0.0, 0.0, 0.0, 0.0, 0.0,
            4.85711545e-01, 2.92386740e-01, 6.86316967e-01,
            3.49997133e-01, 3.08633953e-01, 6.10703647e-01 ]
    }
}
