{
    "pose_0": {
        "type_id": "opencv-matrix",
        "rows": 1,
        "cols": 18,
        "dt": "3f",
        "data": [ 0.0, 0.0, 0.0, 4.13120449e-01, 4.23374444e-01,
            8.85084331e-01, 5.49077690e-01, 4.01367217e-01,
            8.22931945e-01, 7.28607297e-01, 3.60652149e-01,
            8.30250800e-01, 9.08400178e-01, 3.38670671e-01,
            9.13957596e-01, 2.82072157e-01, 4.47836190e-01,
            8.60222816e-01, 2.23807588e-01, 5.73481679e-01,
            6.91424370e-01, 0.0, 0.0, 0.0, 6.02516294e-01,
            6.82574689e-01, 5.96580863e-01, 6.07310772e-01,
            6.36225283e-01, 9.36520249e-02, 6.07189536e-01,
            7.50817657e-01, 6.45055711e-01, 4.13051516e-01,
            6.90886199e-01, 6.67365432e-01, 2.09093332e-01,
            6.03536725e-01, 7.79717565e-01, 2.91754156e-01,
            7.69925058e-01, 8.42234969e-01, 0.0, 0.0, 0.0, 0.0, 0.0, 0.0,
            4.61579829e-01, 3.33289713e-01, 6.42742574e-01,
            3.30504268e-01, 3.41529101e-01, 5.98702371e-01 ]
    }
}
