{
    "pose_0": {
        "type_id": "opencv-matrix",
        "rows": 1,
        "cols": 18,
        "dt": "3f",
        "data": [ 0.0, 0.0, 0.0, 4.13229793e-01, 4.23330665e-01,
            8.71667981e-01, 5.53904593e-01, 3.98673415e-01,
            8.17049503e-01, 7.09237695e-01, 3.57908159e-01,
            8.47838521e-01, 8.79251480e-01, 3.05918157e-01,
            8.13890517e-01, 2.86617339e-01, 4.47860241e-01,
            8.55828285e-01, 2.18899608e-01, 5.70763350e-01,
            7.02580035e-01, 0.0, 0.0, 0.0, 6.02564514e-01,
            6.82576239e-01, 6.02400780e-01, 6.12169445e-01,
            6.38960004e-01, 1.02267720e-01, 6.07220292e-01,
            7.50830472e-01, 6.92593455e-01, 4.08341974e-01,
            6.90872371e-01, 6.78191543e-01, 2.09212750e-01,
            6.00836754e-01, 7.95056999e-01, 2.91903228e-01,
            7.69921720e-01, 8.13130856e-01, 0.0, 0.0, 0.0, 0.0, 0.0, 0.0,
            4.56843048e-01, 3.33269656e-01, 6.55191541e-01,
            3.30528110e-01, 3.44209284e-01, 6.10460222e-01 ]
    }
}
