{
    "pose_0": {
        "type_id": "opencv-matrix",
        "rows": 1,
        "cols": 18,
        "dt": "3f",
        "data": [ 0.0, 0.0, 0.0, 4.46906716e-01, 3.90554667e-01,
            8.81290078e-01, 5.73240221e-01, 3.63301128e-01,
            8.14966977e-01, 7.57750094e-01, 3.41542363e-01,
            8.84328127e-01, 8.20911407e-01, 2.54143119e-01,
            8.60430360e-01, 3.11131835e-01, 4.12464350e-01,
            7.94570506e-01, 2.52855062e-01, 5.37931025e-01,
            7.20416367e-01, 0.0, 0.0, 0.0, 6.36525810e-01,
            6.47128463e-01, 5.65722942e-01, 6.41296327e-01,
            5.95182717e-01, 1.21455982e-01, 6.41135752e-01,
            7.09990799e-01, 6.86852634e-01, 4.51859146e-01,
            6.63587511e-01, 6.74556911e-01, 2.43212312e-01,
            5.70748806e-01, 7.42604911e-01, 3.35544288e-01,
            7.39929795e-01, 7.91213155e-01, 0.0, 0.0, 0.0, 0.0, 0.0, 0.0,
            4.85800654e-01, 2.95017660e-01, 6.74592853e-01,
            3.59611481e-01, 3.08724999e-01, 6.53538406e-01 ]
    }
}
