{
    "pose_0": {
        "type_id": "opencv-matrix",
        "rows": 1,
        "cols": 18,
        "dt": "3f",
        "data": [ 0.0, 0.0, 0.0, 4.32510942e-01, 3.96021247e-01,
            8.46549749e-01, 5.63474596e-01, 3.66055191e-01,
            8.28315854e-01, 7.43139923e-01, 3.38699967e-01,
            8.73822093e-01, 7.52632618e-01, 2.48732895e-01,
            9.14829135e-01, 2.91621387e-01, 4.20551747e-01,
            8.43333721e-01, 2.43113235e-01, 5.37981689e-01,
            7.25181639e-01, 0.0, 0.0, 0.0, 6.21810794e-01,
            6.52576625e-01, 5.83764493e-01, 6.02581024e-01,
            5.92518032e-01, 5.65434843e-02, 6.26571655e-01,
            7.15386450e-01, 6.62257254e-01, 4.32560712e-01,
            6.66331112e-01, 6.79195762e-01, 2.14229733e-01,
            5.78815043e-01, 8.31820607e-01, 3.25434655e-01,
            7.45347857e-01, 7.95018911e-01, 0.0, 0.0, 0.0, 0.0, 0.0, 0.0,
            4.80921805e-01, 3.00528407e-01, 6.24856770e-01,
            3.35535496e-01, 3.14191103e-01, 6.59815073e-01 ]
    }
}
