{
    "pose_0": {
        "type_id": "opencv-matrix",
        "rows": 1,
        "cols": 18,
        "dt": "3f",
        "data": [ 0.0, 0.0, 0.0, 3.98597628e-01, 4.23304468e-01,
            8.92514884e-01, 5.24914265e-01, 3.87838006e-01,
            7.84598708e-01, 6.41237199e-01, 3.22391093e-01,
            8.81766140e-01, 5.63393235e-01, 2.51397192e-01,
            9.32397485e-01, 2.53053814e-01, 4.50586319e-01,
            8.39324713e-01, 2.08965108e-01, 5.73488653e-01,
            7.33139992e-01, 0.0, 0.0, 0.0, 5.87874293e-01,
            6.85330331e-01, 5.75511396e-01, 5.83044887e-01,
            6.27993643e-01, 5.92882335e-02, 5.92786312e-01,
            7.48126328e-01, 6.46076977e-01, 3.98517907e-01,
            6.98979080e-01, 6.73211336e-01, 1.80239037e-01,
            6.03564739e-01, 7.77031183e-01, 2.86686003e-01,
            7.72783875e-01, 8.39449883e-01, 0.0, 0.0, 0.0, 0.0, 0.0, 0.0,
            4.47080731e-01, 3.33188593e-01, 6.61504567e-01,
            3.20697635e-01, 3.41477931e-01, 6.08526886e-01 ]
    }
}
