{
    "pose_0": {
        "type_id": "opencv-matrix",
        "rows": 1,
        "cols": 18,
        "dt": "3f",
        "data": [ 0.0, 0.0, 0.0, 3.69637549e-01, 4.26184475e-01,
            8.98408890e-01, 5.14869988e-01, 4.01433617e-01,
            8.36868525e-01, 6.55899286e-01, 3.52374583e-01,
            7.99564600e-01, 7.47993231e-01, 2.67663032e-01,
            8.59859765e-01, 2.38308296e-01, 4.53400970e-01,
            7.83391953e-01, 1.80082157e-01, 5.81640184e-01,
            6.72144294e-01, 0.0, 0.0, 0.0, 5.58726788e-01,
            6.88045323e-01, 5.71064949e-01, 5.68367958e-01,
            6.28028989e-01, 1.07413210e-01, 5.63551188e-01,
            7.56343901e-01, 6.52295351e-01, 3.69228274e-01,
            7.04444528e-01, 7.07588971e-01, 1.65419757e-01,
            6.11692667e-01, 7.28650451e-01, 2.52957195e-01,
            7.75522232e-01, 8.36135447e-01, 0.0, 0.0, 0.0, 0.0, 0.0, 0.0,
            4.08426315e-01, 3.36055100e-01, 6.52182221e-01,
            2.86724001e-01, 3.55033457e-01, 6.48655236e-01 ]
    }
}
