{
    "pose_0": {
        "type_id": "opencv-matrix",
        "rows": 1,
        "cols": 18,
        "dt": "3f",
        "data": [ 0.0, 0.0, 0.0, 4.13243085e-01, 4.23241049e-01,
            8.73363018e-01, 5.58511138e-01, 3.96040291e-01,
            8.15226316e-01, 7.14186072e-01, 3.55030596e-01,
            8.77813220e-01, 7.86870241e-01, 2.70411700e-01,
            9.01687145e-01, 2.86684424e-01, 4.45266992e-01,
            8.68001103e-01, 2.23767936e-01, 5.67945957e-01,
            6.68125927e-01, 0.0, 0.0, 0.0, 6.07216477e-01,
            6.79895401e-01, 5.79767346e-01, 6.21762276e-01,
            6.36203289e-01, 1.05684660e-01, 6.07299507e-01,
            7.50922322e-01, 7.03016520e-01, 4.08434957e-01,
            6.90857172e-01, 6.74002647e-01, 2.09266528e-01,
            6.00848615e-01, 7.98576057e-01, 2.96630353e-01,
            7.69981861e-01, 8.08037519e-01, 0.0, 0.0, 0.0, 0.0, 0.0, 0.0,
            4.66531605e-01, 3.33183348e-01, 6.27280891e-01,
            3.30605537e-01, 3.41420591e-01, 6.24200344e-01 ]
    }
}
