{
    "pose_0": {
        "type_id": "opencv-matrix",
        "rows": 1,
        "cols": 18,
        "dt": "3f",
        "data": [ 0.0, 0.0, 0.0, 4.18045044e-01, 4.23188299e-01,
            8.59019458e-01, 5.58577061e-01, 3.93271595e-01,
            8.08391869e-01, 7.09229708e-01, 3.44127387e-01,
            8.44611764e-01, 6.46062315e-01, 2.70610243e-01,
            9.28544581e-01, 2.86656439e-01, 4.45194960e-01,
            8.66623163e-01, 2.38366127e-01, 5.68030357e-01,
            6.37280166e-01, 0.0, 0.0, 0.0, 6.02504194e-01,
            6.77197576e-01, 5.59822440e-01, 0.0, 0.0, 0.0, 0.0, 0.0, 0.0,
            4.08397704e-01, 6.90804601e-01, 6.88287437e-01,
            2.14015678e-01, 6.00682557e-01, 8.12006712e-01,
            3.06196243e-01, 7.69985199e-01, 8.11642766e-01, 0.0, 0.0,
            0.0, 0.0, 0.0, 0.0, 4.76015329e-01, 3.30485225e-01,
            6.05399013e-01, 3.35338682e-01, 3.38784873e-01,
            5.80336154e-01 ]
    }
}
