{
    "pose_0": {
        "type_id": "opencv-matrix",
        "rows": 1,
        "cols": 18,
        "dt": "3f",
        "data": [ 0.0, 0.0, 0.0, 4.27688330e-01, 4.04197991e-01,
            8.73270035e-01, 5.63494503e-01, 3.79535139e-01,
            8.22802365e-01, 6.94707215e-01, 3.25061738e-01,
            8.43753636e-01, 5.63855112e-01, 2.73275465e-01,
            8.84824336e-01, 2.86821395e-01, 4.28736806e-01,
            8.67466569e-01, 2.43043810e-01, 5.56986809e-01,
            6.44012153e-01, 0.0, 0.0, 0.0, 6.02573574e-01,
            6.68958485e-01, 5.44717491e-01, 6.17007494e-01,
            6.14365041e-01, 7.86566436e-02, 6.16937518e-01,
            7.29021907e-01, 6.56688631e-01, 4.17947799e-01,
            6.82601750e-01, 6.87269330e-01, 2.14149222e-01,
            5.84360421e-01, 7.78698981e-01, 3.06216180e-01,
            7.50959694e-01, 7.98539758e-01, 0.0, 0.0, 0.0, 0.0, 0.0, 0.0,
            4.80967343e-01, 3.16808432e-01, 6.43453717e-01,
            3.40245217e-01, 3.27820837e-01, 6.02771044e-01 ]
    }
}
