{
    "pose_0": {
        "type_id": "opencv-matrix",
        "rows": 1,
        "cols": 18,
        "dt": "3f",
        "data": [ 0.0, 0.0, 0.0, 4.17870760e-01, 4.23334777e-01,
            8.79045725e-01, 5.58652282e-01, 3.96019757e-01,
            8.09668362e-01, 7.18814671e-01, 3.49651217e-01,
            8.35676312e-01, 8.74457419e-01, 3.14015716e-01,
            8.89754891e-01, 2.81935364e-01, 4.47861314e-01,
            8.58743012e-01, 2.18933493e-01, 5.73495686e-01,
            6.89766049e-01, 0.0, 0.0, 0.0, 6.02291167e-01,
            6.82618380e-01, 5.78705907e-01, 6.02299988e-01,
            6.36186242e-01, 6.91047013e-02, 6.02464199e-01,
            7.48068213e-01, 7.13996649e-01, 4.03358042e-01,
            6.93589628e-01, 6.74879909e-01, 2.09148228e-01,
            6.00855649e-01, 7.86498547e-01, 2.91737318e-01,
            7.69971609e-01, 8.27203631e-01, 0.0, 0.0, 0.0, 0.0, 0.0, 0.0,
            4.56806064e-01, 3.33184838e-01, 6.21533632e-01,
            3.30438256e-01, 3.44151080e-01, 6.41323030e-01 ]
    }
}
