{
    "pose_0": {
        "type_id": "opencv-matrix",
        "rows": 1,
        "cols": 18,
        "dt": "3f",
        "data": [ 0.0, 0.0, 0.0, 4.37249541e-01, 3.93269777e-01,
            8.45548630e-01, 5.63603997e-01, 3.63287449e-01,
            8.27856004e-01, 7.47869015e-01, 3.38688552e-01,
            8.81747603e-01, 7.67518818e-01, 2.51255542e-01,
            8.66517961e-01, 2.91708052e-01, 4.17857409e-01,
            8.38024318e-01, 2.43084162e-01, 5.37939250e-01,
            7.10171819e-01, 0.0, 0.0, 0.0, 6.21734500e-01,
            6.47132039e-01, 5.71415126e-01, 6.07260346e-01,
            5.92524827e-01, 8.10486525e-02, 6.26734912e-01,
            7.15371013e-01, 6.61704183e-01, 4.27711755e-01,
            6.66193843e-01, 6.87658370e-01, 2.19063729e-01,
            5.76106012e-01, 7.83326149e-01, 3.20924997e-01,
            7.37213135e-01, 8.14949870e-01, 0.0, 0.0, 0.0, 0.0, 0.0, 0.0,
            4.80936497e-01, 2.97758341e-01, 6.32884681e-01,
            3.40342581e-01, 3.14178437e-01, 6.48768306e-01 ]
    }
}
