{
    "pose_0": {
        "type_id": "opencv-matrix",
        "rows": 1,
        "cols": 18,
        "dt": "3f",
        "data": [ 0.0, 0.0, 0.0, 4.17850316e-01, 4.23219860e-01,
            8.68615627e-01, 5.58566451e-01, 3.93315434e-01,
            8.05559814e-01, 7.18698740e-01, 3.46949607e-01,
            8.78798842e-01, 7.33457327e-01, 2.67781824e-01,
            8.38405848e-01, 2.82100827e-01, 4.47790235e-01,
            8.57158065e-01, 2.28633881e-01, 5.67955911e-01,
            6.38970494e-01, 0.0, 0.0, 0.0, 6.07209086e-01,
            6.82579994e-01, 5.74302495e-01, 6.02499306e-01,
            6.08935833e-01, 8.54867101e-02, 6.12150609e-01,
            7.50880420e-01, 6.82353735e-01, 4.13085371e-01,
            6.90883934e-01, 6.75861299e-01, 2.13903472e-01,
            6.00782633e-01, 7.98228145e-01, 3.06331545e-01,
            7.72655666e-01, 8.14410210e-01, 0.0, 0.0, 0.0, 0.0, 0.0, 0.0,
            4.66483563e-01, 3.33166033e-01, 6.08080924e-01,
            3.30644071e-01, 3.41495395e-01, 6.16207719e-01 ]
    }
}
