{
    "pose_0": {
        "type_id": "opencv-matrix",
        "rows": 1,
        "cols": 18,
        "dt": "3f",
        "data": [ 0.0, 0.0, 0.0, 3.64754528e-01, 4.31476593e-01,
            8.87831569e-01, 4.95693147e-01, 4.04162765e-01,
            8.37660670e-01, 6.75178885e-01, 3.57870519e-01,
            8.95706415e-01, 8.35639954e-01, 3.19585234e-01,
            8.65172982e-01, 2.23764732e-01, 4.58819419e-01,
            7.90062070e-01, 1.75023645e-01, 5.81606090e-01,
            7.26860762e-01, 0.0, 0.0, 0.0, 5.58608055e-01,
            6.88145280e-01, 5.57830691e-01, 5.58624446e-01,
            6.30714357e-01, 6.51763305e-02, 5.58649004e-01,
            7.56323636e-01, 7.07757831e-01, 3.59661192e-01,
            7.07201242e-01, 6.88274145e-01, 1.46174997e-01,
            6.17058754e-01, 7.39593625e-01, 2.48161346e-01,
            7.80874670e-01, 8.27405453e-01, 0.0, 0.0, 0.0, 0.0, 0.0, 0.0,
            4.03491795e-01, 3.38701248e-01, 6.53452873e-01,
            2.77077168e-01, 3.57718825e-01, 6.47285342e-01 ]
    }
}
