{
    "pose_0": {
        "type_id": "opencv-matrix",
        "rows": 1,
        "cols": 18,
        "dt": "3f",
        "data": [ 0.0, 0.0, 0.0, 4.37452823e-01, 3.85108352e-01,
            8.71380270e-01, 5.63704371e-01, 3.60551685e-01,
            8.60195696e-01, 7.57637382e-01, 3.38632375e-01,
            9.35374737e-01, 8.06260526e-01, 2.48757452e-01,
            8.71423244e-01, 2.96494424e-01, 4.07022566e-01,
            8.26828778e-01, 2.52909601e-01, 5.35313010e-01,
            7.06074119e-01, 0.0, 0.0, 0.0, 6.26695573e-01,
            6.41716123e-01, 5.39773941e-01, 6.36351824e-01,
            5.84345222e-01, 1.50182247e-01, 6.36168003e-01,
            7.04442441e-01, 6.56545997e-01, 4.37298089e-01,
            6.60715818e-01, 6.73157990e-01, 2.23854303e-01,
            5.68020642e-01, 7.60891438e-01, 3.25866818e-01,
            7.31904864e-01, 8.48707497e-01, 0.0, 0.0, 0.0, 0.0, 0.0, 0.0,
            4.81113613e-01, 2.92317599e-01, 6.90940142e-01,
            3.45100224e-01, 3.05918455e-01, 6.21967971e-01 ]
    }
}
