{
    "pose_0": {
        "type_id": "opencv-matrix",
        "rows": 1,
        "cols": 18,
        "dt": "3f",
        "data": [ 0.0, 0.0, 0.0, 3.59579861e-01, 4.23348218e-01,
            8.95709753e-01, 4.85877872e-01, 3.96058530e-01,
            8.06699514e-01, 6.21867537e-01, 3.38816702e-01,
            8.75300705e-01, 5.15011489e-01, 2.75894970e-01,
            9.14752007e-01, 2.14092255e-01, 4.50583190e-01,
            8.35831165e-01, 1.70283526e-01, 5.78905165e-01,
            7.09064484e-01, 0.0, 0.0, 0.0, 5.29680312e-01,
            6.88046217e-01, 5.53733110e-01, 0.0, 0.0, 0.0, 0.0, 0.0, 0.0,
            3.49914104e-01, 7.04466343e-01, 6.75129235e-01,
            1.36490151e-01, 6.14356101e-01, 7.79871583e-01,
            2.28625581e-01, 7.75548398e-01, 7.99740911e-01, 0.0, 0.0,
            0.0, 0.0, 0.0, 0.0, 4.08243358e-01, 3.36010098e-01,
            7.38091826e-01, 2.77232796e-01, 3.46956939e-01,
            5.97087860e-01 ]
    }
}
