{
    "pose_0": {
        "type_id": "opencv-matrix",
        "rows": 1,
        "cols": 18,
        "dt": "3f",
        "data": [ 0.0, 0.0, 0.0, 3.93673033e-01, 4.23230261e-01,
            8.62012744e-01, 5.24819851e-01, 3.85087103e-01,
            8.00970018e-01, 6.17007315e-01, 3.22340965e-01,
            8.53856981e-01, 4.81221825e-01, 2.73341805e-01,
            9.16265905e-01, 2.52798915e-01, 4.47987318e-01,
            8.52965534e-01, 2.09255219e-01, 5.76128602e-01,
            6.85786128e-01, 0.0, 0.0, 0.0, 5.82983077e-01,
            6.88055217e-01, 5.19535303e-01, 0.0, 0.0, 0.0, 0.0, 0.0, 0.0,
            3.98475051e-01, 7.04459310e-01, 6.69729233e-01,
            1.79997653e-01, 6.06219530e-01, 7.90655494e-01,
            2.77112693e-01, 7.72663534e-01, 7.85104930e-01, 0.0, 0.0,
            0.0, 0.0, 0.0, 0.0, 4.47208732e-01, 3.35926980e-01,
            6.92387700e-01, 3.20684254e-01, 3.41532648e-01,
            5.40431619e-01 ]
    }
}
