{
    "pose_0": {
        "type_id": "opencv-matrix",
        "rows": 1,
        "cols": 18,
        "dt": "3f",
        "data": [ 0.0, 0.0, 0.0, 3.88892949e-01, 4.23249602e-01,
            8.67444754e-01, 5.24800241e-01, 3.82493317e-01,
            8.02180231e-01, 6.07201457e-01, 3.22332442e-01,
            8.89574945e-01, 4.76274639e-01, 2.89539546e-01,
            7.99434900e-01, 2.52698660e-01, 4.50645328e-01,
            8.47586989e-01, 1.94562480e-01, 5.76194286e-01,
            6.69118345e-01, 0.0, 0.0, 0.0, 5.82911193e-01,
            6.85353994e-01, 5.42464495e-01, 5.78177929e-01,
            6.22616887e-01, 6.43436164e-02, 5.87828517e-01,
            7.48144567e-01, 6.49225593e-01, 3.93662661e-01,
            7.01757729e-01, 6.62985802e-01, 1.80007249e-01,
            6.06185913e-01, 7.72610605e-01, 2.72298366e-01,
            7.75369585e-01, 7.76114702e-01, 0.0, 0.0, 0.0, 0.0, 0.0, 0.0,
            4.42351758e-01, 3.35956484e-01, 5.48537612e-01,
            3.15872371e-01, 3.41488928e-01, 5.58150470e-01 ]
    }
}
