{
    "pose_0": {
        "type_id": "opencv-matrix",
        "rows": 1,
        "cols": 18,
        "dt": "3f",
        "data": [ 0.0, 0.0, 0.0, 3.64712626e-01, 4.28863645e-01,
            8.91665220e-01, 5.00497580e-01, 4.01570797e-01,
            8.30476165e-01, 6.46243870e-01, 3.60544682e-01,
            8.16738248e-01, 7.96556771e-01, 3.14056098e-01,
            8.97812247e-01, 2.18963951e-01, 4.58794892e-01,
            8.03095281e-01, 1.70223176e-01, 5.78982353e-01,
            7.38484442e-01, 0.0, 0.0, 0.0, 5.48989952e-01,
            6.93591297e-01, 5.55924237e-01, 5.39342821e-01,
            6.22648060e-01, 5.45108840e-02, 5.53737462e-01,
            7.53591120e-01, 6.77735984e-01, 3.54822308e-01,
            7.07265913e-01, 6.79512501e-01, 1.41359150e-01,
            6.14368141e-01, 7.37333477e-01, 2.43028298e-01,
            7.83632219e-01, 7.68530786e-01, 0.0, 0.0, 0.0, 0.0, 0.0, 0.0,
            4.08233553e-01, 3.38801414e-01, 7.47442663e-01,
            2.72329628e-01, 3.57744545e-01, 6.15753174e-01 ]
    }
}
