{
    "pose_0": {
        "type_id": "opencv-matrix",
        "rows": 1,
        "cols": 18,
        "dt": "3f",
        "data": [ 0.0, 0.0, 0.0, 3.59633893e-01, 4.23340827e-01,
            8.95922661e-01, 4.85865921e-01, 3.98638874e-01,
            8.08798730e-01, 6.31485343e-01, 3.41465890e-01,
            8.79031837e-01, 5.34459352e-01, 2.73265630e-01,
            8.86698484e-01, 2.14162737e-01, 4.47981566e-01,
            8.38250339e-01, 1.70077503e-01, 5.78897536e-01,
            7.05232322e-01, 0.0, 0.0, 0.0, 5.29721200e-01,
            6.85392201e-01, 5.61876059e-01, 0.0, 0.0, 0.0, 0.0, 0.0, 0.0,
            3.49922240e-01, 7.01765954e-01, 6.53190732e-01,
            1.36382520e-01, 6.14354789e-01, 7.78987646e-01,
            2.33390406e-01, 7.78165221e-01, 7.91107059e-01, 0.0, 0.0,
            0.0, 0.0, 0.0, 0.0, 4.08135206e-01, 3.35975677e-01,
            7.10804105e-01, 2.77104586e-01, 3.49616319e-01,
            6.06398404e-01 ]
    }
}
