{
    "pose_0": {
        "type_id": "opencv-matrix",
        "rows": 1,
        "cols": 18,
        "dt": "3f",
        "data": [ 0.0, 0.0, 0.0, 4.13242012e-01, 4.23229754e-01,
            8.72683525e-01, 5.58494568e-01, 3.90572369e-01,
            8.05325150e-01, 7.14032888e-01, 3.46893132e-01,
            8.70455682e-01, 7.09117293e-01, 2.70311177e-01,
            8.30577433e-01, 2.81970829e-01, 4.47860092e-01,
            8.56259525e-01, 2.28614271e-01, 5.67995310e-01,
            6.35264635e-01, 0.0, 0.0, 0.0, 6.02469862e-01,
            6.79883659e-01, 5.59469640e-01, 5.97567022e-01,
            6.19852543e-01, 7.40099251e-02, 6.12048626e-01,
            7.50787973e-01, 6.75883949e-01, 4.08447772e-01,
            6.93523943e-01, 6.79782212e-01, 2.14064419e-01,
            6.00698888e-01, 7.97155499e-01, 3.06310892e-01,
            7.72664249e-01, 7.96264768e-01, 0.0, 0.0, 0.0, 0.0, 0.0, 0.0,
            4.66465980e-01, 3.30517232e-01, 5.99610806e-01,
            3.30730408e-01, 3.41420233e-01, 5.96781611e-01 ]
    }
}
