{
    "pose_0": {
        "type_id": "opencv-matrix",
        "rows": 1,
        "cols": 18,
        "dt": "3f",
        "data": [ 0.0, 0.0, 0.0, 3.64642113e-01, 4.31500435e-01,
            8.83824110e-01, 4.90875274e-01, 4.04258966e-01,
            8.43639672e-01, 6.79928362e-01, 3.68723482e-01,
            8.33393037e-01, 8.54838371e-01, 3.41472149e-01,
            8.47799480e-01, 2.23755181e-01, 4.56127316e-01,
            7.88392901e-01, 1.75020590e-01, 5.78996062e-01,
            7.76778340e-01, 0.0, 0.0, 0.0, 5.53926289e-01,
            6.90794230e-01, 5.64940870e-01, 5.53812146e-01,
            6.28070176e-01, 6.21699244e-02, 5.58482945e-01,
            7.53618181e-01, 6.71818376e-01, 3.59679103e-01,
            7.07212269e-01, 6.98469877e-01, 1.46164864e-01,
            6.14430249e-01, 7.35074759e-01, 2.43109852e-01,
            7.78115332e-01, 7.95952082e-01, 0.0, 0.0, 0.0, 0.0, 0.0, 0.0,
            4.03394997e-01, 3.38792324e-01, 6.21810436e-01,
            2.77085125e-01, 3.57758850e-01, 6.24632120e-01 ]
    }
}
