{
    "pose_0": {
        "type_id": "opencv-matrix",
        "rows": 1,
        "cols": 18,
        "dt": "3f",
        "data": [ 0.0, 0.0, 0.0, 4.37176228e-01, 3.85144711e-01,
            8.49323213e-01, 5.63438654e-01, 3.60569209e-01,
            8.51544917e-01, 7.52866328e-01, 3.38811040e-01,
            9.12533283e-01, 8.06258440e-01, 2.51305014e-01,
            8.65268588e-01, 2.91770041e-01, 4.09636050e-01,
            8.44817042e-01, 2.48055249e-01, 5.35292983e-01,
            7.40777433e-01, 0.0, 0.0, 0.0, 6.26686096e-01,
            6.44376457e-01, 5.67889094e-01, 6.26667857e-01,
            5.76122582e-01, 1.50907382e-01, 6.31558239e-01,
            7.07182705e-01, 6.65555239e-01, 4.32567298e-01,
            6.63398862e-01, 6.95216775e-01, 2.19083905e-01,
            5.70758045e-01, 7.71451473e-01, 3.25552225e-01,
            7.34502912e-01, 8.55866671e-01, 0.0, 0.0, 0.0, 0.0, 0.0, 0.0,
            4.80906457e-01, 2.92408675e-01, 6.71551108e-01,
            3.45195234e-01, 3.05942208e-01, 5.75303018e-01 ]
    }
}
