{
    "pose_0": {
        "type_id": "opencv-matrix",
        "rows": 1,
        "cols": 18,
        "dt": "3f",
        "data": [ 0.0, 0.0, 0.0, 4.13190812e-01, 4.23351407e-01,
            8.79034817e-01, 5.53850651e-01, 3.98685008e-01,
            8.17820668e-01, 7.18868017e-01, 3.57851118e-01,
            8.80145133e-01, 8.98510754e-01, 3.16816092e-01,
            8.94534469e-01, 2.82061607e-01, 4.47879791e-01,
            8.58709395e-01, 2.18935624e-01, 5.73366404e-01,
            6.99850202e-01, 0.0, 0.0, 0.0, 6.07294858e-01,
            6.82613671e-01, 6.04147017e-01, 6.16998374e-01,
            6.38962328e-01, 1.31626263e-01, 6.07248485e-01,
            7.50903785e-01, 6.78330958e-01, 4.13038045e-01,
            6.93550885e-01, 6.58282101e-01, 2.09146068e-01,
            6.03447556e-01, 8.02936435e-01, 2.96503574e-01,
            7.72592902e-01, 8.06526244e-01, 0.0, 0.0, 0.0, 0.0, 0.0, 0.0,
            4.56821561e-01, 3.33273590e-01, 6.59588635e-01,
            3.30483705e-01, 3.44227195e-01, 6.10454559e-01 ]
    }
}
