{
    "pose_0": {
        "type_id": "opencv-matrix",
        "rows": 1,
        "cols": 18,
        "dt": "3f",
        "data": [ 0.0, 0.0, 0.0, 4.32533205e-01, 4.01474863e-01,
            8.78881216e-01, 5.63660800e-01, 3.76829445e-01,
            8.11421156e-01, 7.14169681e-01, 3.27813387e-01,
            8.84383440e-01, 6.36368990e-01, 2.51407146e-01,
            9.33352292e-01, 2.86897838e-01, 4.25983161e-01,
            8.81299973e-01, 2.33535498e-01, 5.51541090e-01,
            6.21831596e-01, 0.0, 0.0, 0.0, 6.12051427e-01,
            6.60774767e-01, 5.84670663e-01, 6.16926908e-01,
            6.14389539e-01, 8.13858286e-02, 6.17000282e-01,
            7.20836639e-01, 6.49434566e-01, 4.17966008e-01,
            6.71758413e-01, 6.77563190e-01, 2.14166686e-01,
            5.79003274e-01, 8.19839001e-01, 3.11193556e-01,
            7.50764906e-01, 8.06526184e-01, 0.0, 0.0, 0.0, 0.0, 0.0, 0.0,
            4.80916351e-01, 3.08628738e-01, 6.60857081e-01,
            3.35441202e-01, 3.19581747e-01, 6.35226548e-01 ]
    }
}
