{
    "pose_0": {
        "type_id": "opencv-matrix",
        "rows": 1,
        "cols": 18,
        "dt": "3f",
        "data": [ 0.0, 0.0, 0.0, 4.42262322e-01, 3.85113955e-01,
            8.95038009e-01, 5.68547785e-01, 3.60563397e-01,
            8.42894912e-01, 7.57688880e-01, 3.38761747e-01,
            9.18680370e-01, 8.16080749e-01, 2.51309037e-01,
            8.81899059e-01, 3.01413208e-01, 4.07023668e-01,
            8.16504478e-01, 2.52943218e-01, 5.35341442e-01,
            6.84653342e-01, 0.0, 0.0, 0.0, 6.31580889e-01,
            6.41646147e-01, 5.55112600e-01, 6.41150832e-01,
            5.95296323e-01, 1.64422482e-01, 6.36501253e-01,
            7.07179844e-01, 7.09335268e-01, 4.42262322e-01,
            6.60732985e-01, 6.81799173e-01, 2.43013799e-01,
            5.67943573e-01, 7.55543053e-01, 3.30512077e-01,
            7.34519243e-01, 8.38075519e-01, 0.0, 0.0, 0.0, 0.0, 0.0, 0.0,
            4.81202245e-01, 2.92358756e-01, 6.83825970e-01,
            3.49927008e-01, 3.08666468e-01, 6.42971158e-01 ]
    }
}
