{
    "pose_0": {
        "type_id": "opencv-matrix",
        "rows": 1,
        "cols": 18,
        "dt": "3f",
        "data": [ 0.0, 0.0, 0.0, 4.08315867e-01, 4.23230678e-01,
            9.03859377e-01, 5.48978806e-01, 3.87908876e-01,
            7.87449300e-01, 6.80200696e-01, 3.38713139e-01,
            8.82791877e-01, 7.52921879e-01, 2.56790370e-01,
            8.84197474e-01, 2.72302866e-01, 4.47807401e-01,
            8.42420936e-01, 2.13949248e-01, 5.73373735e-01,
            7.39587069e-01, 0.0, 0.0, 0.0, 5.92695177e-01,
            6.82582676e-01, 5.57355881e-01, 0.0, 0.0, 0.0, 0.0, 0.0, 0.0,
            4.03260112e-01, 6.93526924e-01, 6.64989650e-01,
            1.99514940e-01, 6.03486001e-01, 7.35925019e-01,
            2.87044436e-01, 7.72628129e-01, 8.45501304e-01, 0.0, 0.0,
            0.0, 0.0, 0.0, 0.0, 4.47252035e-01, 3.27848375e-01,
            6.74718976e-01, 3.25554937e-01, 3.41427088e-01,
            6.14768088e-01 ]
    }
}
