{
    "pose_0": {
        "type_id": "opencv-matrix",
        "rows": 1,
        "cols": 18,
        "dt": "3f",
        "data": [ 0.0, 0.0, 0.0, 4.22744632e-01, 4.15092915e-01,
            8.40924621e-01, 5.58807790e-01, 3.82436126e-01,
            8.24925423e-01, 6.99525356e-01, 3.36018980e-01,
            8.76382947e-01, 5.73338747e-01, 2.78701335e-01,
            8.41600776e-01, 2.82099366e-01, 4.42377001e-01,
            8.39033604e-01, 2.38199741e-01, 5.59851110e-01,
            6.89538658e-01, 0.0, 0.0, 0.0, 6.07287705e-01,
            6.74407423e-01, 5.66253603e-01, 0.0, 0.0, 0.0, 0.0, 0.0, 0.0,
            4.17896390e-01, 6.88147783e-01, 6.95992231e-01,
            2.13894010e-01, 5.98025441e-01, 8.24849248e-01,
            3.06234211e-01, 7.59046257e-01, 7.89645374e-01, 0.0, 0.0,
            0.0, 0.0, 0.0, 0.0, 4.76212293e-01, 3.19651246e-01,
            6.69139802e-01, 3.35439026e-01, 3.36000204e-01,
            6.20418131e-01 ]
    }
}
