{
    "pose_0": {
        "type_id": "opencv-matrix",
        "rows": 1,
        "cols": 18,
        "dt": "3f",
        "data": [ 0.0, 0.0, 0.0, 3.64624172e-01, 4.28763270e-01,
            8.99845898e-01, 4.95644778e-01, 4.01425600e-01,
            8.20178509e-01, 6.36295795e-01, 3.41447264e-01,
            8.69333863e-01, 6.75014973e-01, 2.62274504e-01,
            8.71265769e-01, 2.18930244e-01, 4.58760053e-01,
            7.94604719e-01, 1.70206964e-01, 5.78984141e-01,
            7.36526430e-01, 0.0, 0.0, 0.0, 5.49030483e-01,
            6.90827668e-01, 5.51185012e-01, 5.48944533e-01,
            6.36206448e-01, 5.92270270e-02, 5.49011886e-01,
            7.53597438e-01, 6.33813679e-01, 3.50021780e-01,
            7.07194746e-01, 6.78068638e-01, 1.41276091e-01,
            6.17032588e-01, 7.62754321e-01, 2.38268927e-01,
            7.83611476e-01, 7.55827606e-01, 0.0, 0.0, 0.0, 0.0, 0.0, 0.0,
            4.08198863e-01, 3.38644117e-01, 7.10356176e-01,
            2.81887084e-01, 3.55077565e-01, 6.23145759e-01 ]
    }
}
