{
    "pose_0": {
        "type_id": "opencv-matrix",
        "rows": 1,
        "cols": 18,
        "dt": "3f",
        "data": [ 0.0, 0.0, 0.0, 3.93582344e-01, 4.23215091e-01,
            8.64820778e-01, 5.24793863e-01, 3.85060161e-01,
            7.93508232e-01, 6.12135708e-01, 3.22351158e-01,
            8.41392994e-01, 4.76247102e-01, 2.78676301e-01,
            8.24866235e-01, 2.52789587e-01, 4.48005915e-01,
            8.55836391e-01, 2.04258472e-01, 5.76129556e-01,
            7.21702456e-01, 0.0, 0.0, 0.0, 5.83035588e-01,
            6.88042819e-01, 5.23963332e-01, 5.78135610e-01,
            6.22538507e-01, 5.16654067e-02, 5.87847948e-01,
            7.42713034e-01, 6.59413338e-01, 3.98564875e-01,
            7.01728404e-01, 6.55997336e-01, 1.75453126e-01,
            6.08908951e-01, 7.83361614e-01, 2.81864822e-01,
            7.75463581e-01, 8.14025283e-01, 0.0, 0.0, 0.0, 0.0, 0.0, 0.0,
            4.47118044e-01, 3.36008191e-01, 6.43459916e-01,
            3.16006035e-01, 3.41427475e-01, 5.39454281e-01 ]
    }
}
