{
    "pose_0": {
        "type_id": "opencv-matrix",
        "rows": 1,
        "cols": 18,
        "dt": "3f",
        "data": [ 0.0, 0.0, 0.0, 4.13097352e-01, 4.23305809e-01,
            8.88724566e-01, 5.58507800e-01, 3.93343896e-01,
            7.98683822e-01, 6.94681168e-01, 3.46899718e-01,
            7.88596988e-01, 8.59597087e-01, 2.92234004e-01,
            8.32654476e-01, 2.77216643e-01, 4.47877407e-01,
            8.47527027e-01, 2.18847200e-01, 5.76063514e-01,
            6.53510511e-01, 0.0, 0.0, 0.0, 5.97632408e-01,
            6.82632864e-01, 5.66964030e-01, 5.97684324e-01,
            6.36209607e-01, 6.15795478e-02, 6.02479935e-01,
            7.48087406e-01, 6.98844135e-01, 4.08146769e-01,
            6.93590403e-01, 6.77429199e-01, 2.08964571e-01,
            6.03479981e-01, 7.76939988e-01, 2.91708320e-01,
            7.72662640e-01, 8.43794107e-01, 0.0, 0.0, 0.0, 0.0, 0.0, 0.0,
            4.56760585e-01, 3.33212078e-01, 6.40182257e-01,
            3.25700402e-01, 3.46943051e-01, 6.21128917e-01 ]
    }
}
