{
    "pose_0": {
        "type_id": "opencv-matrix",
        "rows": 1,
        "cols": 18,
        "dt": "3f",
        "data": [ 0.0, 0.0, 0.0, 4.18047398e-01, 4.09669876e-01,
            8.46300781e-01, 5.58796644e-01, 3.79748791e-01,
            8.06099713e-01, 6.84953034e-01, 3.27818632e-01,
            8.47810864e-01, 5.58502257e-01, 2.89546102e-01,
            8.34853232e-01, 2.82080293e-01, 4.39648837e-01,
            8.21365178e-01, 2.38211527e-01, 5.59806824e-01,
            6.63647115e-01, 0.0, 0.0, 0.0, 6.02586091e-01,
            6.74420297e-01, 5.42882383e-01, 6.07331812e-01,
            5.95292747e-01, 7.75861219e-02, 6.12210989e-01,
            7.29105353e-01, 6.96685612e-01, 4.13177192e-01,
            6.88009799e-01, 6.85043335e-01, 2.14032426e-01,
            5.97900748e-01, 8.03744316e-01, 3.06340963e-01,
            7.56331325e-01, 7.97574103e-01, 0.0, 0.0, 0.0, 0.0, 0.0, 0.0,
            4.76082474e-01, 3.16916823e-01, 6.08828843e-01,
            3.30803245e-01, 3.35869044e-01, 6.00102305e-01 ]
    }
}
