{
    "pose_0": {
        "type_id": "opencv-matrix",
        "rows": 1,
        "cols": 18,
        "dt": "3f",
        "data": [ 0.0, 0.0, 0.0, 4.37373817e-01, 3.85127932e-01,
            8.63717496e-01, 5.63660324e-01, 3.60562950e-01,
            8.52842808e-01, 7.57556140e-01, 3.38643253e-01,
            9.36154425e-01, 8.06416571e-01, 2.48746216e-01,
            8.57979298e-01, 2.91885644e-01, 4.09655362e-01,
            8.30091953e-01, 2.52920985e-01, 5.35328865e-01,
            6.74275219e-01, 0.0, 0.0, 0.0, 6.31445527e-01,
            6.41710758e-01, 5.41177988e-01, 6.36307299e-01,
            5.84358990e-01, 1.83135331e-01, 6.36297703e-01,
            7.04501867e-01, 6.57754660e-01, 4.42026705e-01,
            6.60761952e-01, 6.90895200e-01, 2.23871320e-01,
            5.67942262e-01, 7.62395501e-01, 3.25919986e-01,
            7.34481633e-01, 8.47567022e-01, 0.0, 0.0, 0.0, 0.0, 0.0, 0.0,
            4.81075078e-01, 2.92283386e-01, 6.78479791e-01,
            3.40187937e-01, 3.03253561e-01, 6.53808653e-01 ]
    }
}
