{
    "pose_0": {
        "type_id": "opencv-matrix",
        "rows": 1,
        "cols": 18,
        "dt": "3f",
        "data": [ 0.0, 0.0, 0.0, 3.64578247e-01, 4.31582510e-01,
            8.81338716e-01, 4.90879685e-01, 4.04253870e-01,
            8.43805373e-01, 6.79901719e-01, 3.74164760e-01,
            8.37122262e-01, 8.49961579e-01, 3.52374583e-01,
            8.26069951e-01, 2.19040602e-01, 4.58831787e-01,
            8.02008092e-01, 1.70287073e-01, 5.78896284e-01,
            7.57138729e-01, 0.0, 0.0, 0.0, 5.58534920e-01,
            6.88102841e-01, 5.79165697e-01, 5.63486218e-01,
            6.33471489e-01, 8.49468410e-02, 5.53822994e-01,
            7.53567636e-01, 6.36436284e-01, 3.59596699e-01,
            7.07286716e-01, 7.07681417e-01, 1.46058276e-01,
            6.14329517e-01, 7.48035252e-01, 2.43101582e-01,
            7.78249443e-01, 8.07232499e-01, 0.0, 0.0, 0.0, 0.0, 0.0, 0.0,
            4.03343827e-01, 3.38764101e-01, 6.24544919e-01,
            2.77231216e-01, 3.57691884e-01, 6.20301485e-01 ]
    }
}
