{
    "pose_0": {
        "type_id": "opencv-matrix",
        "rows": 1,
        "cols": 18,
        "dt": "3f",
        "data": [ 0.0, 0.0, 0.0, 4.46901828e-01, 3.87814164e-01,
            8.88938844e-01, 5.73360384e-01, 3.60666990e-01,
            8.22107375e-01, 7.57859945e-01, 3.38868618e-01,
            8.90985191e-01, 8.20779085e-01, 2.54102677e-01,
            8.44440222e-01, 3.06295544e-01, 4.12422925e-01,
            7.93163538e-01, 2.52972871e-01, 5.38013160e-01,
            6.99433386e-01, 0.0, 0.0, 0.0, 6.36450291e-01,
            6.44450426e-01, 5.82104266e-01, 6.36388063e-01,
            5.89802682e-01, 8.08807760e-02, 6.41162395e-01,
            7.04458296e-01, 6.59706891e-01, 4.46978688e-01,
            6.63507104e-01, 7.03814328e-01, 2.43229657e-01,
            5.70707321e-01, 7.51206100e-01, 3.35358232e-01,
            7.37214088e-01, 8.04786146e-01, 0.0, 0.0, 0.0, 0.0, 0.0, 0.0,
            4.85818535e-01, 2.94938326e-01, 6.66545272e-01,
            3.54842126e-01, 3.08684319e-01, 6.36801481e-01 ]
    }
}
