{
    "pose_0": {
        "type_id": "opencv-matrix",
        "rows": 1,
        "cols": 18,
        "dt": "3f",
        "data": [ 0.0, 0.0, 0.0, 3.93652856e-01, 4.23261404e-01,
            8.72359872e-01, 5.24751902e-01, 3.87810111e-01,
            7.84391105e-01, 6.21755600e-01, 3.19696695e-01,
            8.42282712e-01, 4.85984027e-01, 2.70500362e-01,
            9.19993997e-01, 2.52857924e-01, 4.47958648e-01,
            8.58670413e-01, 2.13855848e-01, 5.76257229e-01,
            6.95947886e-01, 0.0, 0.0, 0.0, 5.87818444e-01,
            6.88068926e-01, 5.46152592e-01, 0.0, 0.0, 0.0, 0.0, 0.0, 0.0,
            3.98416370e-01, 7.04439759e-01, 6.79404438e-01,
            1.80226132e-01, 6.06204152e-01, 7.65674353e-01,
            2.77146041e-01, 7.72710025e-01, 8.11870873e-01, 0.0, 0.0,
            0.0, 0.0, 0.0, 0.0, 4.47277755e-01, 3.33274454e-01,
            6.97126508e-01, 3.20678383e-01, 3.41503799e-01,
            4.99770820e-01 ]
    }
}
