{
    "pose_0": {
        "type_id": "opencv-matrix",
        "rows": 1,
        "cols": 18,
        "dt": "3f",
        "data": [ 0.0, 0.0, 0.0, 4.17962492e-01, 4.23180670e-01,
            8.71325850e-01, 5.58586776e-01, 3.93245786e-01,
            8.15469623e-01, 7.13822424e-01, 3.44138026e-01,
            8.38356137e-01, 6.79842532e-01, 2.70412505e-01,
            9.62194562e-01, 2.86655724e-01, 4.45183039e-01,
            8.79090905e-01, 2.28664324e-01, 5.65229118e-01,
            6.73654914e-01, 0.0, 0.0, 0.0, 6.02554739e-01,
            6.79899573e-01, 5.64780891e-01, 6.12176120e-01,
            6.28050387e-01, 7.13873506e-02, 6.07237875e-01,
            7.37208366e-01, 7.13092387e-01, 4.13112074e-01,
            6.90798938e-01, 6.83359981e-01, 2.14029089e-01,
            6.00719690e-01, 8.46829057e-01, 3.06287795e-01,
            7.69939363e-01, 7.92116046e-01, 0.0, 0.0, 0.0, 0.0, 0.0, 0.0,
            4.71257180e-01, 3.30544621e-01, 6.00264728e-01,
            3.30703080e-01, 3.41422498e-01, 5.90955138e-01 ]
    }
}
