{
    "pose_0": {
        "type_id": "opencv-matrix",
        "rows": 1,
        "cols": 18,
        "dt": "3f",
        "data": [ 0.0, 0.0, 0.0, 3.69521379e-01, 4.26123053e-01,
            8.75782967e-01, 5.00557661e-01, 3.98764163e-01,
            7.73086846e-01, 6.41184926e-01, 3.33222419e-01,
            8.88577521e-01, 5.68454862e-01, 2.64979511e-01,
            8.21971655e-01, 2.38273591e-01, 4.56128418e-01,
            7.72203088e-01, 1.80096924e-01, 5.81610441e-01,
            6.77049160e-01, 0.0, 0.0, 0.0, 5.63548744e-01,
            6.88128293e-01, 5.42100966e-01, 5.73236167e-01,
            6.33500576e-01, 8.67511109e-02, 5.73239446e-01,
            7.50879049e-01, 6.70781016e-01, 3.69443744e-01,
            7.04393923e-01, 6.77691698e-01, 1.70219898e-01,
            6.11638248e-01, 7.32991576e-01, 2.57870108e-01,
            7.75498867e-01, 7.99494267e-01, 0.0, 0.0, 0.0, 0.0, 0.0, 0.0,
            4.37311500e-01, 3.36005926e-01, 6.74332142e-01,
            2.91725785e-01, 3.54995757e-01, 5.97237110e-01 ]
    }
}
