{
    "pose_0": {
        "type_id": "opencv-matrix",
        "rows": 1,
        "cols": 18,
        "dt": "3f",
        "data": [ 0.0, 0.0, 0.0, 4.37408835e-01, 3.85106087e-01,
            8.68393183e-01, 5.63599825e-01, 3.60568345e-01,
            8.57269168e-01, 7.57545650e-01, 3.38682085e-01,
            9.36610818e-01, 8.11136246e-01, 2.48731866e-01,
            8.75253677e-01, 2.96534091e-01, 4.06983763e-01,
            8.33180428e-01, 2.48011857e-01, 5.35203636e-01,
            7.30325937e-01, 0.0, 0.0, 0.0, 6.31396234e-01,
            6.41723931e-01, 5.37754178e-01, 6.36476159e-01,
            5.84356964e-01, 2.25996628e-01, 6.36352658e-01,
            7.09923327e-01, 6.68551803e-01, 4.42000449e-01,
            6.60763204e-01, 6.97119355e-01, 2.28668928e-01,
            5.67950070e-01, 7.42543101e-01, 3.25807631e-01,
            7.31835723e-01, 8.63291025e-01, 0.0, 0.0, 0.0, 0.0, 0.0, 0.0,
            4.81090695e-01, 2.92315364e-01, 6.75256014e-01,
            3.45148772e-01, 3.05993110e-01, 6.30531490e-01 ]
    }
}
