{
    "pose_0": {
        "type_id": "opencv-matrix",
        "rows": 1,
        "cols": 18,
        "dt": "3f",
        "data": [ 0.0, 0.0, 0.0, 3.93741876e-01, 4.23310161e-01,
            8.75145078e-01, 5.24836302e-01, 3.87880772e-01,
            7.82746255e-01, 6.31397188e-01, 3.22305620e-01,
            8.50201368e-01, 5.14837503e-01, 2.67684162e-01,
            8.31706464e-01, 2.52904177e-01, 4.47979093e-01,
            8.64152908e-01, 2.09252447e-01, 5.76082468e-01,
            7.45063305e-01, 0.0, 0.0, 0.0, 5.87784827e-01,
            6.85414970e-01, 5.70266724e-01, 5.78084707e-01,
            6.19909585e-01, 5.48686907e-02, 5.92635632e-01,
            7.50853181e-01, 5.97759426e-01, 3.88860136e-01,
            7.01699376e-01, 6.85394883e-01, 1.80158779e-01,
            6.06174111e-01, 7.87012577e-01, 2.77152151e-01,
            7.72759318e-01, 8.17855418e-01, 0.0, 0.0, 0.0, 0.0, 0.0, 0.0,
            4.47153270e-01, 3.33256841e-01, 7.54542828e-01,
            3.20671320e-01, 3.41536462e-01, 5.18768251e-01 ]
    }
}
