{
    "pose_0": {
        "type_id": "opencv-matrix",
        "rows": 1,
        "cols": 18,
        "dt": "3f",
        "data": [ 0.0, 0.0, 0.0, 4.13219899e-01, 4.23360586e-01,
            8.76492977e-01, 5.53810716e-01, 3.98753941e-01,
            8.20566893e-01, 7.28565395e-01, 3.57854486e-01,
            8.46941829e-01, 9.13011730e-01, 3.33212286e-01,
            8.61315787e-01, 2.86647946e-01, 4.47853357e-01,
            8.66512537e-01, 2.18901157e-01, 5.73457718e-01,
            6.96088970e-01, 0.0, 0.0, 0.0, 6.07200086e-01,
            6.82662606e-01, 5.95483661e-01, 6.16923749e-01,
            6.36236131e-01, 8.67432877e-02, 6.07285380e-01,
            7.50800669e-01, 6.35353804e-01, 4.08412188e-01,
            6.93517029e-01, 6.59465194e-01, 2.09066257e-01,
            6.03480995e-01, 7.84582317e-01, 2.91857898e-01,
            7.69918859e-01, 8.17339659e-01, 0.0, 0.0, 0.0, 0.0, 0.0, 0.0,
            4.56850767e-01, 3.33270282e-01, 6.56100094e-01,
            3.30452979e-01, 3.44188303e-01, 5.93922555e-01 ]
    }
}
