{
    "pose_0": {
        "type_id": "opencv-matrix",
        "rows": 1,
        "cols": 18,
        "dt": "3f",
        "data": [ 0.0, 0.0, 0.0, 3.64604443e-01, 4.31510299e-01,
            8.87845397e-01, 4.95683193e-01, 4.04142171e-01,
            8.40712130e-01, 6.55812085e-01, 3.60665143e-01,
            8.03238392e-01, 8.20869684e-01, 3.19590181e-01,
            8.43745649e-01, 2.18863353e-01, 4.58786845e-01,
            8.09435368e-01, 1.70177877e-01, 5.78982592e-01,
            7.37728894e-01, 0.0, 0.0, 0.0, 5.48978329e-01,
            6.96282506e-01, 5.55668950e-01, 5.48989236e-01,
            6.22512877e-01, 5.45911938e-02, 5.53684354e-01,
            7.53624260e-01, 6.74213171e-01, 3.50008279e-01,
            7.07257032e-01, 6.71761632e-01, 1.41320184e-01,
            6.14386082e-01, 7.39832282e-01, 2.43148729e-01,
            7.86316991e-01, 7.69270897e-01, 0.0, 0.0, 0.0, 0.0, 0.0, 0.0,
            4.08134490e-01, 3.38860273e-01, 7.49378920e-01,
            2.77118981e-01, 3.57826650e-01, 6.25410914e-01 ]
    }
}
