{
    "pose_0": {
        "type_id": "opencv-matrix",
        "rows": 1,
        "cols": 18,
        "dt": "3f",
        "data": [ 0.0, 0.0, 0.0, 3.74204874e-01, 4.26164716e-01,
            8.91027868e-01, 5.10236800e-01, 4.01379496e-01,
            8.20702791e-01, 6.60620928e-01, 3.38672221e-01,
            8.15049291e-01, 6.46063924e-01, 2.62242377e-01,
            8.32690656e-01, 2.38342255e-01, 4.56046075e-01,
            7.80597448e-01, 1.80230781e-01, 5.81661820e-01,
            6.56322718e-01, 0.0, 0.0, 0.0, 5.63633382e-01,
            6.88125134e-01, 5.67922056e-01, 5.63515902e-01,
            6.38924420e-01, 7.17645511e-02, 5.63637495e-01,
            7.59062409e-01, 6.73692405e-01, 3.69548231e-01,
            7.07090676e-01, 6.93458080e-01, 1.65599972e-01,
            6.14345312e-01, 7.26259589e-01, 2.57733464e-01,
            7.78165400e-01, 8.20721626e-01, 0.0, 0.0, 0.0, 0.0, 0.0, 0.0,
            4.22720402e-01, 3.36001188e-01, 6.18480146e-01,
            2.87033290e-01, 3.52407128e-01, 6.50272429e-01 ]
    }
}
