{
    "pose_0": {
        "type_id": "opencv-matrix",
        "rows": 1,
        "cols": 18,
        "dt": "3f",
        "data": [ 0.0, 0.0, 0.0, 4.32454914e-01, 4.01383340e-01,
            8.79829645e-01, 5.63496053e-01, 3.74184817e-01,
            8.22712243e-01, 7.19040632e-01, 3.35831642e-01,
            9.02174354e-01, 6.70264363e-01, 2.48684838e-01,
            9.14864540e-01, 2.87026376e-01, 4.23302740e-01,
            8.78949165e-01, 2.43045196e-01, 5.46164215e-01,
            6.57215238e-01, 0.0, 0.0, 0.0, 6.12047911e-01,
            6.58063531e-01, 5.53360105e-01, 6.02371156e-01,
            5.81660569e-01, 9.38884616e-02, 6.16941154e-01,
            7.26294875e-01, 6.60786390e-01, 4.22729343e-01,
            6.69028342e-01, 6.73910856e-01, 2.18846068e-01,
            5.78910530e-01, 8.24819446e-01, 3.15901846e-01,
            7.48135805e-01, 7.85992980e-01, 0.0, 0.0, 0.0, 0.0, 0.0, 0.0,
            4.80852723e-01, 3.03275585e-01, 6.01217031e-01,
            3.40309083e-01, 3.16851169e-01, 5.82151413e-01 ]
    }
}
