{
    "pose_0": {
        "type_id": "opencv-matrix",
        "rows": 1,
        "cols": 18,
        "dt": "3f",
        "data": [ 0.0, 0.0, 0.0, 4.32376713e-01, 3.98806304e-01,
            8.63883257e-01, 5.58888853e-01, 3.74187976e-01,
            8.24584782e-01, 7.23726034e-01, 3.35962385e-01,
            9.03589189e-01, 6.79868996e-01, 2.48739213e-01,
            9.51490760e-01, 2.87031770e-01, 4.23249811e-01,
            8.72202516e-01, 2.43050024e-01, 5.48846602e-01,
            6.66132450e-01, 0.0, 0.0, 0.0, 6.12201750e-01,
            6.58018589e-01, 5.38686335e-01, 6.02570832e-01,
            5.97962499e-01, 7.47181401e-02, 6.21751428e-01,
            7.18115091e-01, 6.63798332e-01, 4.27567661e-01,
            6.69063926e-01, 6.72549546e-01, 2.14291200e-01,
            5.78942716e-01, 8.24646115e-01, 3.16000283e-01,
            7.48159111e-01, 7.84960866e-01, 0.0, 0.0, 0.0, 0.0, 0.0, 0.0,
            4.80954587e-01, 3.05977762e-01, 6.13490582e-01,
            3.35485727e-01, 3.16825062e-01, 6.22782886e-01 ]
    }
}
