{
    "pose_0": {
        "type_id": "opencv-matrix",
        "rows": 1,
        "cols": 18,
        "dt": "3f",
        "data": [ 0.0, 0.0, 0.0, 3.64676476e-01, 4.31564718e-01,
            8.77214611e-01, 4.95733470e-01, 4.04186636e-01,
            8.23397934e-01, 6.70304954e-01, 3.63238424e-01,
            8.21290135e-01, 8.30562651e-01, 3.36033136e-01,
            9.08159733e-01, 2.18949765e-01, 4.61501569e-01,
            8.03490281e-01, 1.70185402e-01, 5.78920543e-01,
            7.52015591e-01, 0.0, 0.0, 0.0, 5.48960924e-01,
            6.93554699e-01, 5.46397924e-01, 5.39288521e-01,
            6.17080331e-01, 5.59539795e-02, 5.53738654e-01,
            7.53638744e-01, 6.65058672e-01, 3.49987417e-01,
            7.07255304e-01, 6.74670637e-01, 1.46073043e-01,
            6.11692667e-01, 7.31860638e-01, 2.38390878e-01,
            7.80882359e-01, 7.66436398e-01, 0.0, 0.0, 0.0, 0.0, 0.0, 0.0,
            4.08042639e-01, 3.38796794e-01, 7.01252341e-01,
            2.77043790e-01, 3.57806295e-01, 6.18311882e-01 ]
    }
}
