{
    "pose_0": {
        "type_id": "opencv-matrix",
        "rows": 1,
        "cols": 18,
        "dt": "3f",
        "data": [ 0.0, 0.0, 0.0, 3.69604737e-01, 4.28731799e-01,
            8.96902740e-01, 5.10248721e-01, 4.01406378e-01,
            8.19653451e-01, 6.70214891e-01, 3.38867247e-01,
            8.32243860e-01, 7.09203422e-01, 2.64991790e-01,
            8.57256949e-01, 2.38270283e-01, 4.53410655e-01,
            7.78436422e-01, 1.80054978e-01, 5.81724584e-01,
            6.70697868e-01, 0.0, 0.0, 0.0, 5.63432574e-01,
            6.85400903e-01, 5.67960560e-01, 5.58802307e-01,
            6.33484542e-01, 8.22170675e-02, 5.63455939e-01,
            7.50892639e-01, 6.89016104e-01, 3.69392723e-01,
            7.04497099e-01, 6.98802292e-01, 1.65578544e-01,
            6.14374340e-01, 7.17435837e-01, 2.52892375e-01,
            7.75506318e-01, 8.25824201e-01, 0.0, 0.0, 0.0, 0.0, 0.0, 0.0,
            4.08483058e-01, 3.36013585e-01, 6.63514733e-01,
            2.86713481e-01, 3.52389812e-01, 6.47004128e-01 ]
    }
}
