{
    "pose_0": {
        "type_id": "opencv-matrix",
        "rows": 1,
        "cols": 18,
        "dt": "3f",
        "data": [ 0.0, 0.0, 0.0, 3.74202341e-01, 4.26130593e-01,
            8.80451560e-01, 5.10250628e-01, 3.98733586e-01,
            7.91209996e-01, 6.46028936e-01, 3.36029142e-01,
            8.83960962e-01, 6.12084568e-01, 2.62298673e-01,
            8.34545732e-01, 2.38384426e-01, 4.56045806e-01,
            7.86705315e-01, 1.84874296e-01, 5.79024494e-01,
            6.56511128e-01, 0.0, 0.0, 0.0, 5.63717484e-01,
            6.90796852e-01, 5.31890810e-01, 5.68464100e-01,
            6.38895571e-01, 8.31935182e-02, 5.63811958e-01,
            7.53596783e-01, 6.99759007e-01, 3.74283105e-01,
            7.07206607e-01, 6.76965058e-01, 1.70346394e-01,
            6.08933270e-01, 7.45929360e-01, 2.57909209e-01,
            7.75562108e-01, 7.91879117e-01, 0.0, 0.0, 0.0, 0.0, 0.0, 0.0,
            4.27573562e-01, 3.35979640e-01, 6.38833821e-01,
            2.91665226e-01, 3.52370679e-01, 6.38764083e-01 ]
    }
}
