{
    "pose_0": {
        "type_id": "opencv-matrix",
        "rows": 1,
        "cols": 18,
        "dt": "3f",
        "data": [ 0.0, 0.0, 0.0, 3.69593382e-01, 4.28752780e-01,
            8.96379173e-01, 5.10233402e-01, 4.01403725e-01,
            8.26923132e-01, 6.65396750e-01, 3.38737845e-01,
            8.22128475e-01, 6.75018907e-01, 2.59565711e-01,
            8.10992360e-01, 2.33545899e-01, 4.56120759e-01,
            7.72775471e-01, 1.75437123e-01, 5.84412694e-01,
            6.56241715e-01, 0.0, 0.0, 0.0, 5.63538074e-01,
            6.88103139e-01, 5.60685039e-01, 5.63412189e-01,
            6.33456647e-01, 6.08782172e-02, 5.63671887e-01,
            7.56352484e-01, 6.76671386e-01, 3.69392395e-01,
            7.07151949e-01, 7.11200953e-01, 1.70263186e-01,
            6.14349842e-01, 7.11866856e-01, 2.57781208e-01,
            7.80910969e-01, 7.96910703e-01, 0.0, 0.0, 0.0, 0.0, 0.0, 0.0,
            4.13188517e-01, 3.36035311e-01, 6.55094981e-01,
            2.86909014e-01, 3.55000168e-01, 6.53173089e-01 ]
    }
}
