{
    "pose_0": {
        "type_id": "opencv-matrix",
        "rows": 1,
        "cols": 18,
        "dt": "3f",
        "data": [ 0.0, 0.0, 0.0, 3.59731376e-01, 4.25994307e-01,
            9.06027198e-01, 4.86132175e-01, 3.96031648e-01,
            7.75446057e-01, 5.87714374e-01, 3.36008817e-01,
            8.78703117e-01, 4.27641064e-01, 2.92341471e-01,
            7.67415643e-01, 2.14153931e-01, 4.56031382e-01,
            8.22662473e-01, 1.70111865e-01, 5.78826487e-01,
            7.33846307e-01, 0.0, 0.0, 0.0, 5.39331973e-01,
            6.90785646e-01, 5.64819157e-01, 0.0, 0.0, 0.0, 0.0, 0.0, 0.0,
            3.54819983e-01, 7.07083583e-01, 6.93935573e-01,
            1.36570647e-01, 6.11634612e-01, 7.61411905e-01,
            2.28703424e-01, 7.78195858e-01, 7.88882077e-01, 0.0, 0.0,
            0.0, 0.0, 0.0, 0.0, 4.13078904e-01, 3.38736117e-01,
            5.47592223e-01, 2.86798835e-01, 3.46910775e-01,
            5.88034272e-01 ]
    }
}
