{
    "pose_0": {
        "type_id": "opencv-matrix",
        "rows": 1,
        "cols": 18,
        "dt": "3f",
        "data": [ 0.0, 0.0, 0.0, 4.37211365e-01, 3.85145932e-01,
            8.54926825e-01, 5.63422441e-01, 3.60594153e-01,
            8.55994940e-01, 7.52947271e-01, 3.38728279e-01,
            9.27221894e-01, 8.06271791e-01, 2.51259238e-01,
            8.57898951e-01, 2.91792005e-01, 4.09655869e-01,
            8.37230086e-01, 2.47973427e-01, 5.35292625e-01,
            7.01059461e-01, 0.0, 0.0, 0.0, 6.31415844e-01,
            6.41739488e-01, 5.68776608e-01, 6.12130404e-01,
            5.84355593e-01, 9.03017446e-02, 6.31563306e-01,
            7.07204223e-01, 6.70866251e-01, 4.37297612e-01,
            6.63450658e-01, 7.03507423e-01, 2.23783180e-01,
            5.68010509e-01, 7.63398528e-01, 3.25531840e-01,
            7.31845260e-01, 8.39499295e-01, 0.0, 0.0, 0.0, 0.0, 0.0, 0.0,
            4.80838120e-01, 2.94980347e-01, 6.26347542e-01,
            3.35596532e-01, 3.11386466e-01, 6.48688018e-01 ]
    }
}
