{
    "pose_0": {
        "type_id": "opencv-matrix",
        "rows": 1,
        "cols": 18,
        "dt": "3f",
        "data": [ 0.0, 0.0, 0.0, 3.84040773e-01, 4.23283070e-01,
            8.75505686e-01, 5.19944549e-01, 3.85115623e-01,
            8.04245889e-01, 6.07359648e-01, 3.25046778e-01,
            8.49754691e-01, 4.80776757e-01, 2.89514661e-01,
            8.09674561e-01, 2.48154208e-01, 4.50613409e-01,
            8.45405340e-01, 1.99494675e-01, 5.78941524e-01,
            6.53613985e-01, 0.0, 0.0, 0.0, 5.73312163e-01,
            6.88071668e-01, 5.48125505e-01, 0.0, 0.0, 0.0, 0.0, 0.0, 0.0,
            3.84025306e-01, 7.01766253e-01, 6.80017948e-01,
            1.75363749e-01, 6.08900130e-01, 7.41087794e-01,
            2.77112991e-01, 7.78155386e-01, 7.95045853e-01, 0.0, 0.0,
            0.0, 0.0, 0.0, 0.0, 4.42096889e-01, 3.35985035e-01,
            5.13772190e-01, 3.06344897e-01, 3.44133943e-01,
            5.18393695e-01 ]
    }
}
