{
    "pose_0": {
        "type_id": "opencv-matrix",
        "rows": 1,
        "cols": 18,
        "dt": "3f",
        "data": [ 0.0, 0.0, 0.0, 3.64701450e-01, 4.26144272e-01,
            9.09046412e-01, 5.00472844e-01, 3.98736894e-01,
            8.07545900e-01, 6.36096239e-01, 3.38665694e-01,
            8.79492283e-01, 6.41208887e-01, 2.56872028e-01,
            8.80047917e-01, 2.18876347e-01, 4.58762854e-01,
            7.88421333e-01, 1.70091182e-01, 5.78978658e-01,
            7.23143399e-01, 0.0, 0.0, 0.0, 5.48972368e-01,
            6.90842390e-01, 5.54543078e-01, 5.29851794e-01,
            6.38926864e-01, 6.07536063e-02, 5.48939645e-01,
            7.56353438e-01, 6.21858060e-01, 3.54806751e-01,
            7.07182646e-01, 6.89646363e-01, 1.41252160e-01,
            6.14411652e-01, 7.68265069e-01, 2.38296837e-01,
            7.80933797e-01, 7.57469893e-01, 0.0, 0.0, 0.0, 0.0, 0.0, 0.0,
            4.08289284e-01, 3.38655978e-01, 6.75872564e-01,
            2.81870633e-01, 3.55042577e-01, 6.04483604e-01 ]
    }
}
