{
    "pose_0": {
        "type_id": "opencv-matrix",
        "rows": 1,
        "cols": 18,
        "dt": "3f",
        "data": [ 0.0, 0.0, 0.0, 4.22862500e-01, 4.15097833e-01,
            8.32576990e-01, 5.63426614e-01, 3.82437348e-01,
            8.29526901e-01, 7.09058285e-01, 3.38631094e-01,
            9.11473751e-01, 6.02199316e-01, 2.75935531e-01,
            9.34772611e-01, 2.86677033e-01, 4.42425668e-01,
            8.51245999e-01, 2.38404423e-01, 5.65267146e-01,
            6.40580058e-01, 0.0, 0.0, 0.0, 6.07201993e-01,
            6.74423456e-01, 5.63095927e-01, 5.97578645e-01,
            6.00729167e-01, 6.15691431e-02, 6.12136781e-01,
            7.42676258e-01, 6.87915325e-01, 4.13043916e-01,
            6.88206136e-01, 6.98844790e-01, 2.13953823e-01,
            5.98112762e-01, 8.27944160e-01, 3.06382239e-01,
            7.64477670e-01, 7.74456561e-01, 0.0, 0.0, 0.0, 0.0, 0.0, 0.0,
            4.80824381e-01, 3.19693387e-01, 6.85339808e-01,
            3.40202481e-01, 3.36074144e-01, 6.04116082e-01 ]
    }
}
