{
    "pose_0": {
        "type_id": "opencv-matrix",
        "rows": 1,
        "cols": 18,
        "dt": "3f",
        "data": [ 0.0, 0.0, 0.0, 3.64306301e-01, 4.25980538e-01,
            9.21527624e-01, 4.90782857e-01, 3.96044493e-01,
            7.90464520e-01, 5.87764621e-01, 3.36103112e-01,
            8.77470374e-01, 4.32567179e-01, 2.94944406e-01,
            7.61788487e-01, 2.14207143e-01, 4.56035435e-01,
            8.17620575e-01, 1.65498391e-01, 5.78905761e-01,
            6.97078645e-01, 0.0, 0.0, 0.0, 5.34513235e-01,
            6.88077629e-01, 5.63237965e-01, 0.0, 0.0, 0.0, 0.0, 0.0, 0.0,
            3.49977106e-01, 7.04507947e-01, 6.83812082e-01,
            1.36594892e-01, 6.08959973e-01, 7.36028552e-01,
            2.33397394e-01, 7.78229475e-01, 7.86239445e-01, 0.0, 0.0,
            0.0, 0.0, 0.0, 0.0, 4.08352286e-01, 3.38703275e-01,
            5.54761589e-01, 2.86726922e-01, 3.49595875e-01,
            5.85489988e-01 ]
    }
}
