{
    "pose_0": {
        "type_id": "opencv-matrix",
        "rows": 1,
        "cols": 18,
        "dt": "3f",
        "data": [ 0.0, 0.0, 0.0, 4.27676857e-01, 4.01553392e-01,
            8.75218987e-01, 5.63538849e-01, 3.76846284e-01,
            8.08061302e-01, 7.04336107e-01, 3.22391182e-01,
            8.44976664e-01, 5.92694998e-01, 2.59590358e-01,
            8.61070991e-01, 2.86785156e-01, 4.26063508e-01,
            8.75529408e-01, 2.33555943e-01, 5.54297507e-01,
            6.76243603e-01, 0.0, 0.0, 0.0, 6.07195020e-01,
            6.63547993e-01, 5.54914236e-01, 0.0, 0.0, 0.0, 0.0, 0.0, 0.0,
            4.13022339e-01, 6.82565212e-01, 7.02416480e-01,
            2.14068770e-01, 5.81648946e-01, 7.96188772e-01,
            3.06279838e-01, 7.50859380e-01, 8.30897093e-01, 0.0, 0.0,
            0.0, 0.0, 0.0, 0.0, 4.80928063e-01, 3.11466485e-01,
            7.26288915e-01, 3.40205193e-01, 3.19646657e-01,
            6.15519404e-01 ]
    }
}
