{
    "pose_0": {
        "type_id": "opencv-matrix",
        "rows": 1,
        "cols": 18,
        "dt": "3f",
        "data": [ 0.0, 0.0, 0.0, 4.13221747e-01, 4.23336744e-01,
            8.75025868e-01, 5.53911984e-01, 3.98680747e-01,
            8.16078901e-01, 7.14142799e-01, 3.57863605e-01,
            8.80331397e-01, 8.93751740e-01, 3.11375201e-01,
            8.28063726e-01, 2.82074064e-01, 4.47877735e-01,
            8.55453610e-01, 2.18881011e-01, 5.73420167e-01,
            6.89047515e-01, 0.0, 0.0, 0.0, 6.02570951e-01,
            6.82598472e-01, 5.98173976e-01, 6.12104118e-01,
            6.38965011e-01, 1.10959202e-01, 6.07200086e-01,
            7.50891864e-01, 7.04779029e-01, 4.08317864e-01,
            6.90877795e-01, 6.72565639e-01, 2.09170714e-01,
            6.00851893e-01, 8.01525295e-01, 2.91911006e-01,
            7.69900560e-01, 8.24749589e-01, 0.0, 0.0, 0.0, 0.0, 0.0, 0.0,
            4.61632818e-01, 3.33256423e-01, 6.51570618e-01,
            3.30457747e-01, 3.44171852e-01, 6.44322097e-01 ]
    }
}
