{
    "pose_0": {
        "type_id": "opencv-matrix",
        "rows": 1,
        "cols": 18,
        "dt": "3f",
        "data": [ 0.0, 0.0, 0.0, 4.22714859e-01, 4.20581520e-01,
            8.53600681e-01, 5.58669686e-01, 3.90538126e-01,
            8.05405140e-01, 7.09166348e-01, 3.41466337e-01,
            8.79706025e-01, 6.36350334e-01, 2.70596862e-01,
            9.16592062e-01, 2.86646575e-01, 4.45142001e-01,
            8.64071727e-01, 2.33392939e-01, 5.70672035e-01,
            6.31337643e-01, 0.0, 0.0, 0.0, 6.07337058e-01,
            6.74454629e-01, 5.65563262e-01, 6.02464378e-01,
            6.33450091e-01, 7.86513388e-02, 6.12126052e-01,
            7.42707431e-01, 6.59733891e-01, 4.17912632e-01,
            6.90864980e-01, 6.85680747e-01, 2.14082137e-01,
            5.98098338e-01, 7.99504638e-01, 3.06378692e-01,
            7.69919455e-01, 8.02694678e-01, 0.0, 0.0, 0.0, 0.0, 0.0, 0.0,
            4.76247609e-01, 3.27801883e-01, 6.08137548e-01,
            3.35439622e-01, 3.38707030e-01, 6.06085956e-01 ]
    }
}
