{
    "pose_0": {
        "type_id": "opencv-matrix",
        "rows": 1,
        "cols": 18,
        "dt": "3f",
        "data": [ 0.0, 0.0, 0.0, 4.08133894e-01, 4.23308045e-01,
            9.16535735e-01, 5.44157326e-01, 3.90574723e-01,
            7.78265178e-01, 6.80210590e-01, 3.33164006e-01,
            8.42703104e-01, 7.14080870e-01, 2.51403868e-01,
            8.98305953e-01, 2.67405927e-01, 4.47889984e-01,
            8.35456431e-01, 2.14001909e-01, 5.76086462e-01,
            7.22477198e-01, 0.0, 0.0, 0.0, 5.97432852e-01,
            6.82660282e-01, 5.35949767e-01, 0.0, 0.0, 0.0, 0.0, 0.0, 0.0,
            4.03346330e-01, 6.93571270e-01, 6.48585439e-01,
            1.94565743e-01, 6.03490889e-01, 7.22851276e-01,
            2.86963582e-01, 7.72630036e-01, 8.57668698e-01, 0.0, 0.0,
            0.0, 0.0, 0.0, 0.0, 4.47103590e-01, 3.33155155e-01,
            6.61979318e-01, 3.25475246e-01, 3.41547608e-01,
            6.36673689e-01 ]
    }
}
