{
    "pose_0": {
        "type_id": "opencv-matrix",
        "rows": 1,
        "cols": 18,
        "dt": "3f",
        "data": [ 0.0, 0.0, 0.0, 4.37262535e-01, 3.90616298e-01,
            8.43278050e-01, 5.63697100e-01, 3.63326728e-01,
            8.12375605e-01, 7.48048127e-01, 3.38876456e-01,
            8.67631614e-01, 7.91743100e-01, 2.51279354e-01,
            9.00839984e-01, 2.91694552e-01, 4.17804986e-01,
            8.32896113e-01, 2.47998118e-01, 5.38024485e-01,
            6.86859071e-01, 0.0, 0.0, 0.0, 6.17027819e-01,
            6.47122800e-01, 5.59223413e-01, 5.97468615e-01,
            5.73433638e-01, 7.09063783e-02, 6.31329894e-01,
            7.09952354e-01, 6.53746724e-01, 4.32480484e-01,
            6.63589954e-01, 7.03119516e-01, 2.18988940e-01,
            5.73472261e-01, 7.90579081e-01, 3.20825249e-01,
            7.34467566e-01, 8.08591068e-01, 0.0, 0.0, 0.0, 0.0, 0.0, 0.0,
            4.80939656e-01, 2.95106053e-01, 6.76679015e-01,
            3.40332896e-01, 3.11408132e-01, 6.25220358e-01 ]
    }
}
