{
    "pose_0": {
        "type_id": "opencv-matrix",
        "rows": 1,
        "cols": 18,
        "dt": "3f",
        "data": [ 0.0, 0.0, 0.0, 4.13234323e-01, 4.23245519e-01,
            8.72880280e-01, 5.58492184e-01, 3.96034002e-01,
            8.12812805e-01, 7.18705475e-01, 3.52384686e-01,
            8.50383043e-01, 7.62696803e-01, 2.67767906e-01,
            8.47084522e-01, 2.86630780e-01, 4.45265830e-01,
            8.65237772e-01, 2.23861888e-01, 5.68032563e-01,
            6.44763649e-01, 0.0, 0.0, 0.0, 6.07222497e-01,
            6.79893553e-01, 5.77788889e-01, 6.21751249e-01,
            6.28019989e-01, 9.99245122e-02, 6.07409358e-01,
            7.50842929e-01, 6.82664454e-01, 4.13060427e-01,
            6.90831661e-01, 6.79483175e-01, 2.09294513e-01,
            6.00844204e-01, 7.93322980e-01, 2.96659172e-01,
            7.72590101e-01, 8.09323430e-01, 0.0, 0.0, 0.0, 0.0, 0.0, 0.0,
            4.66527581e-01, 3.30545455e-01, 6.28259301e-01,
            3.30598533e-01, 3.41434002e-01, 6.21295094e-01 ]
    }
}
