{
    "pose_0": {
        "type_id": "opencv-matrix",
        "rows": 1,
        "cols": 18,
        "dt": "3f",
        "data": [ 0.0, 0.0, 0.0, 4.42076057e-01, 3.85094583e-01,
            8.81861091e-01, 5.63761473e-01, 3.60568047e-01,
            8.49918902e-01, 7.53045261e-01, 3.38731468e-01,
            9.18888688e-01, 8.11176360e-01, 2.48710319e-01,
            8.73688400e-01, 2.96706647e-01, 4.06996787e-01,
            8.21659148e-01, 2.48077080e-01, 5.35175979e-01,
            7.45941818e-01, 0.0, 0.0, 0.0, 6.31436527e-01,
            6.41715109e-01, 5.48098028e-01, 6.36395454e-01,
            5.76217234e-01, 1.92090333e-01, 6.36431873e-01,
            7.09893346e-01, 6.97017968e-01, 4.37370330e-01,
            6.60701036e-01, 6.84388280e-01, 2.33467415e-01,
            5.65289676e-01, 7.46056676e-01, 3.25838953e-01,
            7.31738806e-01, 8.81291449e-01, 0.0, 0.0, 0.0, 0.0, 0.0, 0.0,
            4.81178761e-01, 2.92299867e-01, 6.74770653e-01,
            3.50050598e-01, 3.05989563e-01, 5.99738181e-01 ]
    }
}
