{
    "pose_0": {
        "type_id": "opencv-matrix",
        "rows": 1,
        "cols": 18,
        "dt": "3f",
        "data": [ 0.0, 0.0, 0.0, 3.59780550e-01, 4.26074326e-01,
            8.86816144e-01, 4.85997558e-01, 3.98798048e-01,
            8.07525158e-01, 6.02224648e-01, 3.33292484e-01,
            8.71701181e-01, 5.24706542e-01, 2.59551585e-01,
            8.32208335e-01, 2.18814686e-01, 4.53363597e-01,
            8.06258440e-01, 1.70162559e-01, 5.78906596e-01,
            7.53605247e-01, 0.0, 0.0, 0.0, 5.44187427e-01,
            6.90786123e-01, 5.65512121e-01, 5.49016237e-01,
            6.38963640e-01, 7.35500306e-02, 5.44214666e-01,
            7.59065032e-01, 6.42785251e-01, 3.54779571e-01,
            7.04492927e-01, 6.72995687e-01, 1.41172260e-01,
            6.11636579e-01, 7.40403473e-01, 2.33500272e-01,
            7.80868948e-01, 7.20609069e-01, 0.0, 0.0, 0.0, 0.0, 0.0, 0.0,
            4.13173079e-01, 3.38723212e-01, 7.12107539e-01,
            2.82026112e-01, 3.54997218e-01, 5.92452645e-01 ]
    }
}
