{
    "pose_0": {
        "type_id": "opencv-matrix",
        "rows": 1,
        "cols": 18,
        "dt": "3f",
        "data": [ 0.0, 0.0, 0.0, 3.69548768e-01, 4.26166922e-01,
            9.06936526e-01, 5.10200918e-01, 4.01406378e-01,
            8.31859469e-01, 6.46250546e-01, 3.57694328e-01,
            8.29039454e-01, 7.57818341e-01, 2.70380318e-01,
            8.64765167e-01, 2.38220721e-01, 4.53395545e-01,
            7.83928037e-01, 1.75366580e-01, 5.81663728e-01,
            6.91053450e-01, 0.0, 0.0, 0.0, 5.63444853e-01,
            6.85374677e-01, 5.68161905e-01, 5.63436806e-01,
            6.38934731e-01, 9.13473591e-02, 5.63395977e-01,
            7.56345093e-01, 6.78695440e-01, 3.69236171e-01,
            7.04500675e-01, 7.04476714e-01, 1.60669178e-01,
            6.14342570e-01, 7.20918536e-01, 2.52949536e-01,
            7.78134227e-01, 8.32382560e-01, 0.0, 0.0, 0.0, 0.0, 0.0, 0.0,
            4.08338875e-01, 3.36011618e-01, 6.78726017e-01,
            2.86826015e-01, 3.52392375e-01, 6.43376768e-01 ]
    }
}
