{
    "pose_0": {
        "type_id": "opencv-matrix",
        "rows": 1,
        "cols": 18,
        "dt": "3f",
        "data": [ 0.0, 0.0, 0.0, 4.13258165e-01, 4.20651853e-01,
            8.72391522e-01, 5.58506370e-01, 3.90596360e-01,
            8.05842996e-01, 7.13937163e-01, 3.49589616e-01,
            8.41843724e-01, 6.84910595e-01, 2.67744541e-01,
            8.83787155e-01, 2.82089591e-01, 4.45238560e-01,
            8.67472172e-01, 2.23837629e-01, 5.65304875e-01,
            6.59372330e-01, 0.0, 0.0, 0.0, 6.02459908e-01,
            6.82589650e-01, 5.73202133e-01, 6.07329667e-01,
            6.11669958e-01, 8.24502409e-02, 6.07314348e-01,
            7.39967048e-01, 6.96150124e-01, 4.13081050e-01,
            6.90866172e-01, 6.75872326e-01, 2.14192703e-01,
            5.98095059e-01, 8.17146897e-01, 3.06273073e-01,
            7.70022213e-01, 7.84628630e-01, 0.0, 0.0, 0.0, 0.0, 0.0, 0.0,
            4.66500074e-01, 3.30497593e-01, 6.14333451e-01,
            3.30682665e-01, 3.38837236e-01, 5.98918080e-01 ]
    }
}
