{
    "pose_0": {
        "type_id": "opencv-matrix",
        "rows": 1,
        "cols": 18,
        "dt": "3f",
        "data": [ 0.0, 0.0, 0.0, 3.69446129e-01, 4.28837627e-01,
            8.96850705e-01, 5.10217249e-01, 4.01604086e-01,
            8.30383480e-01, 6.46218240e-01, 3.57849151e-01,
            7.91463971e-01, 8.20908189e-01, 2.92318821e-01,
            8.27586114e-01, 2.28660509e-01, 4.56083119e-01,
            7.83587933e-01, 1.75237253e-01, 5.81698835e-01,
            7.25132287e-01, 0.0, 0.0, 0.0, 5.58643162e-01,
            6.88120842e-01, 5.76338410e-01, 5.53811431e-01,
            6.41626596e-01, 6.28116727e-02, 5.58885574e-01,
            7.53654599e-01, 6.94863081e-01, 3.64597917e-01,
            7.07222998e-01, 7.13151693e-01, 1.55843288e-01,
            6.11665070e-01, 7.07861185e-01, 2.48149127e-01,
            7.78218150e-01, 8.30315650e-01, 0.0, 0.0, 0.0, 0.0, 0.0, 0.0,
            4.08158481e-01, 3.38628709e-01, 6.74514830e-01,
            2.81946272e-01, 3.55075955e-01, 6.46488190e-01 ]
    }
}
