{
    "pose_0": {
        "type_id": "opencv-matrix",
        "rows": 1,
        "cols": 18,
        "dt": "3f",
        "data": [ 0.0, 0.0, 0.0, 4.37199354e-01, 3.96020412e-01,
            8.50321531e-01, 5.63553214e-01, 3.66022259e-01,
            8.16823363e-01, 7.47874141e-01, 3.38673562e-01,
            8.78078461e-01, 7.57728100e-01, 2.48629004e-01,
            8.81601870e-01, 2.91669399e-01, 4.20569450e-01,
            8.49629283e-01, 2.43173793e-01, 5.40701032e-01,
            6.73793972e-01, 0.0, 0.0, 0.0, 6.21868253e-01,
            6.47188962e-01, 5.66523015e-01, 6.07229590e-01,
            5.89808345e-01, 7.42440000e-02, 6.26690030e-01,
            7.12694168e-01, 6.76854908e-01, 4.32507366e-01,
            6.66301548e-01, 6.93887711e-01, 2.18968183e-01,
            5.76186597e-01, 7.98713684e-01, 3.20905894e-01,
            7.37243116e-01, 8.08448255e-01, 0.0, 0.0, 0.0, 0.0, 0.0, 0.0,
            4.81024742e-01, 3.00472528e-01, 6.34491503e-01,
            3.35578471e-01, 3.14146012e-01, 6.60379231e-01 ]
    }
}
