{
    "pose_0": {
        "type_id": "opencv-matrix",
        "rows": 1,
        "cols": 18,
        "dt": "3f",
        "data": [ 0.0, 0.0, 0.0, 3.98344576e-01, 4.23334748e-01,
            8.76599431e-01, 5.24792194e-01, 3.90589684e-01,
            7.71370769e-01, 6.36185288e-01, 3.19651514e-01,
            8.94029438e-01, 5.24772167e-01, 2.62254775e-01,
            8.93717110e-01, 2.52950788e-01, 4.48009640e-01,
            8.54653776e-01, 2.13863060e-01, 5.76226234e-01,
            7.20505476e-01, 0.0, 0.0, 0.0, 5.83057106e-01,
            6.85358346e-01, 5.50691605e-01, 5.58837473e-01,
            5.92540979e-01, 5.79486787e-02, 5.92787981e-01,
            7.45425403e-01, 6.47555768e-01, 3.98454785e-01,
            7.01699734e-01, 6.80229008e-01, 1.84865385e-01,
            6.06184781e-01, 7.64826417e-01, 2.82031476e-01,
            7.72763610e-01, 8.34227741e-01, 0.0, 0.0, 0.0, 0.0, 0.0, 0.0,
            4.47014034e-01, 3.33220303e-01, 7.49649882e-01,
            3.20660561e-01, 3.41442674e-01, 5.67083359e-01 ]
    }
}
