{
    "pose_0": {
        "type_id": "opencv-matrix",
        "rows": 1,
        "cols": 18,
        "dt": "3f",
        "data": [ 0.0, 0.0, 0.0, 4.03316349e-01, 4.23234105e-01,
            9.02794480e-01, 5.34369707e-01, 3.85132909e-01,
            7.97708452e-01, 6.46211386e-01, 3.27742666e-01,
            8.24508309e-01, 6.02371871e-01, 2.48732746e-01,
            9.66124475e-01, 2.57717580e-01, 4.47965473e-01,
            8.38511765e-01, 2.09104374e-01, 5.73454022e-01,
            7.35163927e-01, 0.0, 0.0, 0.0, 5.97448826e-01,
            6.85330629e-01, 5.59523880e-01, 5.92584908e-01,
            6.36154532e-01, 6.98714256e-02, 5.97547948e-01,
            7.39992082e-01, 7.09211946e-01, 4.03243035e-01,
            6.98983192e-01, 6.67394757e-01, 1.80258870e-01,
            6.03462577e-01, 7.96177983e-01, 2.86717117e-01,
            7.72729814e-01, 8.41230392e-01, 0.0, 0.0, 0.0, 0.0, 0.0, 0.0,
            4.47077066e-01, 3.33213955e-01, 6.37561917e-01,
            3.16039324e-01, 3.44146103e-01, 6.13487899e-01 ]
    }
}
