{
    "pose_0": {
        "type_id": "opencv-matrix",
        "rows": 1,
        "cols": 18,
        "dt": "3f",
        "data": [ 0.0, 0.0, 0.0, 3.64712536e-01, 4.31503683e-01,
            8.84306550e-01, 4.95683432e-01, 4.04186994e-01,
            8.35479558e-01, 6.75105870e-01, 3.60596329e-01,
            8.63473117e-01, 8.45157862e-01, 3.30527663e-01,
            8.09822977e-01, 2.23713547e-01, 4.58854645e-01,
            7.90488958e-01, 1.75131217e-01, 5.79013467e-01,
            7.31618583e-01, 0.0, 0.0, 0.0, 5.58673620e-01,
            6.90837324e-01, 5.51387429e-01, 5.58546066e-01,
            6.25325143e-01, 6.79778680e-02, 5.58642626e-01,
            7.50850797e-01, 6.69249415e-01, 3.64399582e-01,
            7.07287669e-01, 6.99582219e-01, 1.46152720e-01,
            6.14412189e-01, 7.45949149e-01, 2.48052359e-01,
            7.80933619e-01, 8.18950951e-01, 0.0, 0.0, 0.0, 0.0, 0.0, 0.0,
            4.03394431e-01, 3.38658541e-01, 6.51479959e-01,
            2.77112514e-01, 3.55143458e-01, 6.38837039e-01 ]
    }
}
