{
    "pose_0": {
        "type_id": "opencv-matrix",
        "rows": 1,
        "cols": 18,
        "dt": "3f",
        "data": [ 0.0, 0.0, 0.0, 4.32454705e-01, 4.04114336e-01,
            8.78218472e-01, 5.63726962e-01, 3.76940131e-01,
            8.20573628e-01, 6.99545979e-01, 3.25019687e-01,
            8.44776928e-01, 5.68434536e-01, 2.70491481e-01,
            8.84010673e-01, 2.86805660e-01, 4.26146924e-01,
            8.69884491e-01, 2.43035212e-01, 5.54424763e-01,
            6.38584316e-01, 0.0, 0.0, 0.0, 6.02593005e-01,
            6.66287899e-01, 5.38733661e-01, 6.07266545e-01,
            6.14330173e-01, 6.64418712e-02, 6.17032886e-01,
            7.28961289e-01, 6.55884266e-01, 4.17917490e-01,
            6.82623565e-01, 6.87883496e-01, 2.14129359e-01,
            5.84350765e-01, 7.92255640e-01, 3.06280017e-01,
            7.50948727e-01, 8.11492801e-01, 0.0, 0.0, 0.0, 0.0, 0.0, 0.0,
            4.81053263e-01, 3.14183533e-01, 6.69583917e-01,
            3.40245992e-01, 3.25099587e-01, 6.04787350e-01 ]
    }
}
