{
    "pose_0": {
        "type_id": "opencv-matrix",
        "rows": 1,
        "cols": 18,
        "dt": "3f",
        "data": [ 0.0, 0.0, 0.0, 4.13219005e-01, 4.23313379e-01,
            8.74477863e-01, 5.53908348e-01, 3.98653626e-01,
            8.19123507e-01, 7.09240258e-01, 3.57881993e-01,
            8.48774195e-01, 8.79110932e-01, 2.92166799e-01,
            8.42748642e-01, 2.82089263e-01, 4.47831690e-01,
            8.57770860e-01, 2.18944326e-01, 5.70740521e-01,
            6.96691871e-01, 0.0, 0.0, 0.0, 6.02581263e-01,
            6.79880619e-01, 6.06017411e-01, 6.07288539e-01,
            6.38976276e-01, 9.99260396e-02, 6.07222795e-01,
            7.50917673e-01, 7.02388525e-01, 4.08355147e-01,
            6.90877259e-01, 6.98617339e-01, 2.09264994e-01,
            6.00824296e-01, 8.00097227e-01, 2.96601206e-01,
            7.70004094e-01, 8.10286820e-01, 0.0, 0.0, 0.0, 0.0, 0.0, 0.0,
            4.61598843e-01, 3.33279610e-01, 6.49564922e-01,
            3.30593348e-01, 3.46909255e-01, 6.08932078e-01 ]
    }
}
