{
    "pose_0": {
        "type_id": "opencv-matrix",
        "rows": 1,
        "cols": 18,
        "dt": "3f",
        "data": [ 0.0, 0.0, 0.0, 4.37318265e-01, 3.82513970e-01,
            8.62718940e-01, 5.63540101e-01, 3.60492587e-01,
            8.57441545e-01, 7.53107309e-01, 3.38669181e-01,
            9.44706798e-01, 8.01641703e-01, 2.51246214e-01,
            8.71601582e-01, 2.91891158e-01, 4.07019258e-01,
            8.28775942e-01, 2.48067215e-01, 5.35255969e-01,
            7.12168276e-01, 0.0, 0.0, 0.0, 6.26732767e-01,
            6.44380271e-01, 5.49141288e-01, 6.36457384e-01,
            5.87059498e-01, 1.22289911e-01, 6.36089206e-01,
            7.04457402e-01, 6.50776386e-01, 4.42058176e-01,
            6.63419485e-01, 6.84904099e-01, 2.23886669e-01,
            5.68005323e-01, 7.72706926e-01, 3.25775981e-01,
            7.31885672e-01, 8.47109199e-01, 0.0, 0.0, 0.0, 0.0, 0.0, 0.0,
            4.81046736e-01, 2.92354256e-01, 6.57517016e-01,
            3.40343982e-01, 3.08695942e-01, 6.25655055e-01 ]
    }
}
