{
    "pose_0": {
        "type_id": "opencv-matrix",
        "rows": 1,
        "cols": 18,
        "dt": "3f",
        "data": [ 0.0, 0.0, 0.0, 3.64609510e-01, 4.28822279e-01,
            8.94782186e-01, 4.95647430e-01, 4.01561201e-01,
            8.35163116e-01, 6.41490579e-01, 3.57873321e-01,
            8.55291367e-01, 7.86821425e-01, 2.95073807e-01,
            8.75345588e-01, 2.18993485e-01, 4.56116617e-01,
            8.02006245e-01, 1.70268267e-01, 5.78946114e-01,
            7.48877823e-01, 0.0, 0.0, 0.0, 5.48998713e-01,
            6.93567693e-01, 5.42312622e-01, 5.44203520e-01,
            6.25331342e-01, 6.01538680e-02, 5.49058139e-01,
            7.56346166e-01, 6.70035601e-01, 3.54766607e-01,
            7.07275391e-01, 6.75137758e-01, 1.41288236e-01,
            6.14359319e-01, 7.41312742e-01, 2.43024543e-01,
            7.83606052e-01, 7.67928958e-01, 0.0, 0.0, 0.0, 0.0, 0.0, 0.0,
            4.08116221e-01, 3.38782519e-01, 7.52136171e-01,
            2.77145654e-01, 3.57760042e-01, 5.93679905e-01 ]
    }
}
