{
    "pose_0": {
        "type_id": "opencv-matrix",
        "rows": 1,
        "cols": 18,
        "dt": "3f",
        "data": [ 0.0, 0.0, 0.0, 3.69442225e-01, 4.28836197e-01,
            8.99700046e-01, 5.10194838e-01, 4.01579738e-01,
            8.32634151e-01, 6.46174490e-01, 3.57765704e-01,
            8.13472629e-01, 8.20903540e-01, 2.78642148e-01,
            7.84570098e-01, 2.28627652e-01, 4.56064284e-01,
            7.84346759e-01, 1.75156116e-01, 5.81663549e-01,
            7.15842962e-01, 0.0, 0.0, 0.0, 5.58754683e-01,
            6.90840065e-01, 5.60459971e-01, 5.58762848e-01,
            6.38970494e-01, 8.06371719e-02, 5.58924258e-01,
            7.56362200e-01, 6.43241763e-01, 3.64704937e-01,
            7.07175434e-01, 7.15113401e-01, 1.60628125e-01,
            6.11649513e-01, 7.05006182e-01, 2.52771646e-01,
            7.80857682e-01, 8.33698750e-01, 0.0, 0.0, 0.0, 0.0, 0.0, 0.0,
            4.08098429e-01, 3.36032361e-01, 6.57966733e-01,
            2.82009840e-01, 3.52408379e-01, 6.33995175e-01 ]
    }
}
