{
    "pose_0": {
        "type_id": "opencv-matrix",
        "rows": 1,
        "cols": 18,
        "dt": "3f",
        "data": [ 0.0, 0.0, 0.0, 4.13176715e-01, 4.23331380e-01,
            8.84014487e-01, 5.58552504e-01, 3.96079242e-01,
            8.08059454e-01, 7.19005585e-01, 3.55116278e-01,
            8.67595792e-01, 8.88819396e-01, 3.17008823e-01,
            8.58949184e-01, 2.81917542e-01, 4.47847784e-01,
            8.55874717e-01, 2.18882412e-01, 5.76063216e-01,
            6.93941891e-01, 0.0, 0.0, 0.0, 6.02360845e-01,
            6.85304642e-01, 5.66277325e-01, 6.02402747e-01,
            6.30724728e-01, 5.81505410e-02, 6.02530301e-01,
            7.42638052e-01, 6.74246550e-01, 4.08076435e-01,
            6.96318150e-01, 6.61435664e-01, 2.09136903e-01,
            6.00847960e-01, 7.92065203e-01, 2.91784108e-01,
            7.69979656e-01, 8.39097500e-01, 0.0, 0.0, 0.0, 0.0, 0.0, 0.0,
            4.56820756e-01, 3.30555826e-01, 6.04959071e-01,
            3.30464631e-01, 3.41445953e-01, 6.41153514e-01 ]
    }
}
