{
    "pose_0": {
        "type_id": "opencv-matrix",
        "rows": 1,
        "cols": 18,
        "dt": "3f",
        "data": [ 0.0, 0.0, 0.0, 3.69461805e-01, 4.28820699e-01,
            8.97910297e-01, 5.10225534e-01, 4.01529282e-01,
            8.30572367e-01, 6.41445220e-01, 3.57866377e-01,
            8.37449908e-01, 7.91717172e-01, 2.75937915e-01,
            8.71375144e-01, 2.28667274e-01, 4.56133932e-01,
            7.74252951e-01, 1.75293624e-01, 5.84337890e-01,
            6.73030734e-01, 0.0, 0.0, 0.0, 5.58824539e-01,
            6.90802753e-01, 5.57792604e-01, 5.63668787e-01,
            6.38931036e-01, 1.18103407e-01, 5.58921278e-01,
            7.61772513e-01, 6.56611025e-01, 3.69284451e-01,
            7.07138777e-01, 7.19111800e-01, 1.60685167e-01,
            6.14359975e-01, 7.14715838e-01, 2.52887189e-01,
            7.78265536e-01, 8.20215762e-01, 0.0, 0.0, 0.0, 0.0, 0.0, 0.0,
            4.08246845e-01, 3.36087078e-01, 6.54596865e-01,
            2.82054454e-01, 3.55107427e-01, 6.60728514e-01 ]
    }
}
