{
    "pose_0": {
        "type_id": "opencv-matrix",
        "rows": 1,
        "cols": 18,
        "dt": "3f",
        "data": [ 0.0, 0.0, 0.0, 3.69479537e-01, 4.28767830e-01,
            9.02798057e-01, 5.10209799e-01, 4.01450157e-01,
            8.30887914e-01, 6.46086335e-01, 3.57764572e-01,
            8.39733958e-01, 7.72384286e-01, 2.70552009e-01,
            8.34176660e-01, 2.33396068e-01, 4.56117362e-01,
            7.77596354e-01, 1.75275028e-01, 5.81678152e-01,
            7.06594706e-01, 0.0, 0.0, 0.0, 5.63443899e-01,
            6.88074946e-01, 5.59972763e-01, 5.68398833e-01,
            6.38902545e-01, 1.19072564e-01, 5.63404620e-01,
            7.56331682e-01, 6.66140318e-01, 3.69319111e-01,
            7.07090199e-01, 7.11436808e-01, 1.60632670e-01,
            6.14416301e-01, 7.17742562e-01, 2.53006399e-01,
            7.78238416e-01, 8.12954843e-01, 0.0, 0.0, 0.0, 0.0, 0.0, 0.0,
            4.08232599e-01, 3.36066067e-01, 6.53833389e-01,
            2.82004386e-01, 3.55064183e-01, 6.67042315e-01 ]
    }
}
