{
    "pose_0": {
        "type_id": "opencv-matrix",
        "rows": 1,
        "cols": 18,
        "dt": "3f",
        "data": [ 0.0, 0.0, 0.0, 4.37170595e-01, 3.98773462e-01,
            8.73081505e-01, 5.63520610e-01, 3.71500909e-01,
            8.19147706e-01, 7.28601158e-01, 3.36092412e-01,
            8.63617182e-01, 7.09032059e-01, 2.48761013e-01,
            8.88684690e-01, 2.91591942e-01, 4.23200011e-01,
            8.65370750e-01, 2.43188977e-01, 5.46113133e-01,
            6.85086966e-01, 0.0, 0.0, 0.0, 6.12127066e-01,
            6.58064544e-01, 5.29270113e-01, 6.16948426e-01,
            5.95235765e-01, 7.02707618e-02, 6.17030621e-01,
            7.15418875e-01, 6.50536656e-01, 4.22830820e-01,
            6.68960214e-01, 6.63611352e-01, 2.14243636e-01,
            5.78940094e-01, 7.83375502e-01, 3.15935820e-01,
            7.45395005e-01, 7.56297708e-01, 0.0, 0.0, 0.0, 0.0, 0.0, 0.0,
            4.80900913e-01, 3.05964768e-01, 6.10620022e-01,
            3.35455120e-01, 3.16803336e-01, 6.75886154e-01 ]
    }
}
