{
    "pose_0": {
        "type_id": "opencv-matrix",
        "rows": 1,
        "cols": 18,
        "dt": "3f",
        "data": [ 0.0, 0.0, 0.0, 3.69611651e-01, 4.26191479e-01,
            8.95221949e-01, 5.14867663e-01, 4.01410341e-01,
            8.24945331e-01, 6.65439188e-01, 3.46878946e-01,
            7.92276382e-01, 7.19176233e-01, 2.62309909e-01,
            8.46383154e-01, 2.38254979e-01, 4.53421980e-01,
            7.76843250e-01, 1.80100590e-01, 5.81674993e-01,
            6.70838237e-01, 0.0, 0.0, 0.0, 5.58745205e-01,
            6.85398936e-01, 5.66087484e-01, 5.63692451e-01,
            6.19892895e-01, 1.30070582e-01, 5.63526213e-01,
            7.56307304e-01, 6.53005064e-01, 3.69246662e-01,
            7.04414427e-01, 7.00787783e-01, 1.65508881e-01,
            6.14334524e-01, 7.19122529e-01, 2.52913386e-01,
            7.75560558e-01, 8.29750061e-01, 0.0, 0.0, 0.0, 0.0, 0.0, 0.0,
            4.12993908e-01, 3.36003363e-01, 6.45285130e-01,
            2.82087743e-01, 3.52369457e-01, 6.39408588e-01 ]
    }
}
