{
    "pose_0": {
        "type_id": "opencv-matrix",
        "rows": 1,
        "cols": 18,
        "dt": "3f",
        "data": [ 0.0, 0.0, 0.0, 4.13173050e-01, 4.23329204e-01,
            8.84768307e-01, 5.58596849e-01, 3.95971686e-01,
            7.97985196e-01, 7.09235966e-01, 3.49641651e-01,
            8.00160110e-01, 8.69402230e-01, 3.00494939e-01,
            8.58197093e-01, 2.81842262e-01, 4.47853297e-01,
            8.53672743e-01, 2.14218065e-01, 5.73451161e-01,
            6.98091865e-01, 0.0, 0.0, 0.0, 6.02285445e-01,
            6.82592273e-01, 5.72573900e-01, 6.02282822e-01,
            6.38970613e-01, 9.31009427e-02, 6.02465391e-01,
            7.48098075e-01, 7.19730377e-01, 4.03517425e-01,
            6.96261644e-01, 6.85437024e-01, 2.08987027e-01,
            6.03432953e-01, 7.88405538e-01, 2.91779190e-01,
            7.72711039e-01, 8.40449691e-01, 0.0, 0.0, 0.0, 0.0, 0.0, 0.0,
            4.52065438e-01, 3.30568552e-01, 6.19707644e-01,
            3.25844109e-01, 3.44169945e-01, 6.67003274e-01 ]
    }
}
