{
    "pose_0": {
        "type_id": "opencv-matrix",
        "rows": 1,
        "cols": 18,
        "dt": "3f",
        "data": [ 0.0, 0.0, 0.0, 3.88831913e-01, 4.23218250e-01,
            8.68501067e-01, 5.24712026e-01, 3.82504731e-01,
            8.02049875e-01, 6.07201278e-01, 3.22333038e-01,
            8.89084995e-01, 4.76035297e-01, 2.92253852e-01,
            8.08336556e-01, 2.52700478e-01, 4.50593889e-01,
            8.53814185e-01, 1.99423149e-01, 5.78848541e-01,
            6.81288183e-01, 0.0, 0.0, 0.0, 5.78104258e-01,
            6.85376644e-01, 5.64260244e-01, 5.73253989e-01,
            6.19906843e-01, 5.34842238e-02, 5.87763011e-01,
            7.48080015e-01, 6.84716105e-01, 3.84006619e-01,
            7.01734960e-01, 6.56587303e-01, 1.75331831e-01,
            6.08920157e-01, 7.49639690e-01, 2.67469972e-01,
            7.72742927e-01, 7.50799060e-01, 0.0, 0.0, 0.0, 0.0, 0.0, 0.0,
            4.42240536e-01, 3.35919887e-01, 5.34525812e-01,
            3.11199725e-01, 3.41519445e-01, 5.56587815e-01 ]
    }
}
