{
    "pose_0": {
        "type_id": "opencv-matrix",
        "rows": 1,
        "cols": 18,
        "dt": "3f",
        "data": [ 0.0, 0.0, 0.0, 4.27668214e-01, 4.04363185e-01,
            8.55282843e-01, 5.63614309e-01, 3.79563481e-01,
            8.04132462e-01, 6.80229723e-01, 3.25037062e-01,
            8.64003122e-01, 5.44166505e-01, 2.89498508e-01,
            7.87777662e-01, 2.86721289e-01, 4.31580186e-01,
            8.35385084e-01, 2.38215178e-01, 5.59775233e-01,
            6.56916261e-01, 0.0, 0.0, 0.0, 6.07256234e-01,
            6.74402714e-01, 5.75392306e-01, 6.07293427e-01,
            6.14362061e-01, 6.28042519e-02, 6.12182617e-01,
            7.31725037e-01, 6.69214606e-01, 4.17888254e-01,
            6.85426414e-01, 6.86017454e-01, 2.14114204e-01,
            5.95240474e-01, 7.70709753e-01, 3.06303442e-01,
            7.56315351e-01, 8.03186595e-01, 0.0, 0.0, 0.0, 0.0, 0.0, 0.0,
            4.80921865e-01, 3.16826880e-01, 5.73100209e-01,
            3.35422426e-01, 3.33260715e-01, 5.93167007e-01 ]
    }
}
