{
    "pose_0": {
        "type_id": "opencv-matrix",
        "rows": 1,
        "cols": 18,
        "dt": "3f",
        "data": [ 0.0, 0.0, 0.0, 3.64262611e-01, 4.25962627e-01,
            9.13847208e-01, 4.90727633e-01, 3.93338501e-01,
            7.83600390e-01, 5.82978368e-01, 3.36062551e-01,
            8.77163410e-01, 4.27722871e-01, 2.95067221e-01,
            7.48495996e-01, 2.14173049e-01, 4.56036806e-01,
            8.19720626e-01, 1.65578827e-01, 5.78883529e-01,
            7.10591435e-01, 0.0, 0.0, 0.0, 5.39245963e-01,
            6.88078165e-01, 5.65340996e-01, 0.0, 0.0, 0.0, 0.0, 0.0, 0.0,
            3.50006163e-01, 7.04503417e-01, 6.81664109e-01,
            1.36609122e-01, 6.11621976e-01, 7.45285571e-01,
            2.28678271e-01, 7.78187335e-01, 7.94770360e-01, 0.0, 0.0,
            0.0, 0.0, 0.0, 0.0, 4.08263355e-01, 3.38651925e-01,
            5.06910682e-01, 2.86792725e-01, 3.46889198e-01,
            5.73725581e-01 ]
    }
}
