{
    "pose_0": {
        "type_id": "opencv-matrix",
        "rows": 1,
        "cols": 18,
        "dt": "3f",
        "data": [ 0.0, 0.0, 0.0, 4.42202508e-01, 3.85135442e-01,
            8.95586431e-01, 5.63793957e-01, 3.60573977e-01,
            8.53131056e-01, 7.57621348e-01, 3.38809669e-01,
            9.14466918e-01, 8.20900440e-01, 2.51351595e-01,
            8.84614348e-01, 3.01498204e-01, 4.09638911e-01,
            8.16866159e-01, 2.52754599e-01, 5.35303771e-01,
            7.19181359e-01, 0.0, 0.0, 0.0, 6.36288404e-01,
            6.41725957e-01, 5.77428401e-01, 6.41195118e-01,
            5.89784801e-01, 1.19172990e-01, 6.36449873e-01,
            7.04502940e-01, 7.04781532e-01, 4.42347765e-01,
            6.60769045e-01, 6.87970817e-01, 2.38245055e-01,
            5.68023145e-01, 7.47202039e-01, 3.30517322e-01,
            7.31793761e-01, 8.44937027e-01, 0.0, 0.0, 0.0, 0.0, 0.0, 0.0,
            4.85694975e-01, 2.92309076e-01, 6.97239399e-01,
            3.54876816e-01, 3.03257436e-01, 6.25398278e-01 ]
    }
}
