{
    "pose_0": {
        "type_id": "opencv-matrix",
        "rows": 1,
        "cols": 18,
        "dt": "3f",
        "data": [ 0.0, 0.0, 0.0, 3.64680022e-01, 4.31531906e-01,
            8.81496906e-01, 4.95696872e-01, 4.04185325e-01,
            8.26994002e-01, 6.75286293e-01, 3.66090119e-01,
            8.17832708e-01, 8.35485160e-01, 3.41493338e-01,
            8.98349524e-01, 2.19002768e-01, 4.58856672e-01,
            8.05017948e-01, 1.70162588e-01, 5.78893483e-01,
            7.50587702e-01, 0.0, 0.0, 0.0, 5.48934460e-01,
            6.90811336e-01, 5.55859149e-01, 5.44157326e-01,
            6.19896591e-01, 6.01190254e-02, 5.53852141e-01,
            7.53642738e-01, 6.40984833e-01, 3.54748577e-01,
            7.07264543e-01, 6.89694464e-01, 1.46136045e-01,
            6.11640275e-01, 7.29511619e-01, 2.38396704e-01,
            7.80869842e-01, 7.70165920e-01, 0.0, 0.0, 0.0, 0.0, 0.0, 0.0,
            4.03515130e-01, 3.38721126e-01, 6.88256502e-01,
            2.77187824e-01, 3.57693762e-01, 5.98620415e-01 ]
    }
}
