{
    "pose_0": {
        "type_id": "opencv-matrix",
        "rows": 1,
        "cols": 18,
        "dt": "3f",
        "data": [ 0.0, 0.0, 0.0, 4.42225128e-01, 3.85156304e-01,
            8.92447650e-01, 5.63810647e-01, 3.60577881e-01,
            8.53982151e-01, 7.57796526e-01, 3.38776916e-01,
            9.19028223e-01, 8.20920169e-01, 2.51359701e-01,
            8.89823258e-01, 3.01524758e-01, 4.09690827e-01,
            8.04669857e-01, 2.52705276e-01, 5.37924170e-01,
            6.84626520e-01, 0.0, 0.0, 0.0, 6.36415482e-01,
            6.41740620e-01, 5.98979414e-01, 6.36250198e-01,
            5.92586100e-01, 9.41424146e-02, 6.36554241e-01,
            7.04491138e-01, 7.01194108e-01, 4.47090060e-01,
            6.60840452e-01, 6.97774708e-01, 2.43000135e-01,
            5.67979455e-01, 7.51056492e-01, 3.30664814e-01,
            7.31878936e-01, 8.17270517e-01, 0.0, 0.0, 0.0, 0.0, 0.0, 0.0,
            4.85756129e-01, 2.92404741e-01, 6.67060137e-01,
            3.50026846e-01, 3.08640808e-01, 6.43644154e-01 ]
    }
}
