{
    "pose_0": {
        "type_id": "opencv-matrix",
        "rows": 1,
        "cols": 18,
        "dt": "3f",
        "data": [ 0.0, 0.0, 0.0, 4.42221016e-01, 3.85124177e-01,
            8.93586457e-01, 5.68439245e-01, 3.60571414e-01,
            8.49636793e-01, 7.57625580e-01, 3.38785708e-01,
            9.17134702e-01, 8.20880294e-01, 2.51263887e-01,
            8.98584962e-01, 3.01357418e-01, 4.07016486e-01,
            8.21841955e-01, 2.52849996e-01, 5.35316586e-01,
            7.09889531e-01, 0.0, 0.0, 0.0, 6.36226714e-01,
            6.41664505e-01, 5.73255956e-01, 6.41234875e-01,
            5.92511654e-01, 1.68538049e-01, 6.36563718e-01,
            7.07173347e-01, 7.15264320e-01, 4.42339659e-01,
            6.60743296e-01, 7.04582453e-01, 2.38350973e-01,
            5.67968786e-01, 7.52644360e-01, 3.30484003e-01,
            7.34450698e-01, 8.43178809e-01, 0.0, 0.0, 0.0, 0.0, 0.0, 0.0,
            4.81245130e-01, 2.92332232e-01, 6.85733140e-01,
            3.49924952e-01, 3.08625281e-01, 6.30307138e-01 ]
    }
}
