{
    "pose_0": {
        "type_id": "opencv-matrix",
        "rows": 1,
        "cols": 18,
        "dt": "3f",
        "data": [ 0.0, 0.0, 0.0, 4.27570760e-01, 4.04189885e-01,
            8.76397491e-01, 5.63435197e-01, 3.79503340e-01,
            8.08061361e-01, 6.94557369e-01, 3.25071841e-01,
            8.29150081e-01, 5.63437998e-01, 2.75999159e-01,
            8.80089462e-01, 2.86764532e-01, 4.28741872e-01,
            8.64400685e-01, 2.33413637e-01, 5.57006299e-01,
            6.75492764e-01, 0.0, 0.0, 0.0, 6.02389812e-01,
            6.66220367e-01, 5.38158655e-01, 6.12223744e-01,
            6.11648798e-01, 6.18990250e-02, 6.07457340e-01,
            7.29000747e-01, 6.86245561e-01, 4.13001925e-01,
            6.82606757e-01, 6.96197033e-01, 2.14024439e-01,
            5.84364235e-01, 7.44475007e-01, 3.01503897e-01,
            7.53500879e-01, 8.10851872e-01, 0.0, 0.0, 0.0, 0.0, 0.0, 0.0,
            4.80844170e-01, 3.16828400e-01, 6.36960447e-01,
            3.35527122e-01, 3.27788800e-01, 5.79423547e-01 ]
    }
}
