{
    "pose_0": {
        "type_id": "opencv-matrix",
        "rows": 1,
        "cols": 18,
        "dt": "3f",
        "data": [ 0.0, 0.0, 0.0, 4.18045878e-01, 4.23190713e-01,
            8.64459515e-01, 5.58706820e-01, 3.90601397e-01,
            8.18631113e-01, 7.13913321e-01, 3.44202131e-01,
            8.50423753e-01, 6.65564299e-01, 2.70462066e-01,
            8.95322084e-01, 2.86649585e-01, 4.45194751e-01,
            8.75497997e-01, 2.33469784e-01, 5.65310776e-01,
            6.41341031e-01, 0.0, 0.0, 0.0, 6.02531493e-01,
            6.79859757e-01, 5.52768350e-01, 0.0, 0.0, 0.0, 0.0, 0.0, 0.0,
            4.13041115e-01, 6.90826118e-01, 6.76388860e-01,
            2.14010075e-01, 6.00716114e-01, 8.28789055e-01,
            3.01543146e-01, 7.67268956e-01, 7.96819389e-01, 0.0, 0.0,
            0.0, 0.0, 0.0, 0.0, 4.66527909e-01, 3.27825516e-01,
            6.06449366e-01, 3.35336745e-01, 3.38783681e-01,
            5.85644841e-01 ]
    }
}
