{
    "pose_0": {
        "type_id": "opencv-matrix",
        "rows": 1,
        "cols": 18,
        "dt": "3f",
        "data": [ 0.0, 0.0, 0.0, 4.13066924e-01, 4.23348606e-01,
            8.91910017e-01, 5.53739309e-01, 3.98739070e-01,
            8.15298200e-01, 7.23931968e-01, 3.57745379e-01,
            8.45690012e-01, 9.08163846e-01, 3.25085551e-01,
            8.35818827e-01, 2.81952083e-01, 4.47882026e-01,
            8.54140878e-01, 2.23752975e-01, 5.76084554e-01,
            6.78403258e-01, 0.0, 0.0, 0.0, 6.02424026e-01,
            6.82635128e-01, 5.77754319e-01, 6.12091482e-01,
            6.33506775e-01, 1.10606872e-01, 6.02512300e-01,
            7.48079717e-01, 6.48485422e-01, 4.08255905e-01,
            6.93598211e-01, 6.62099600e-01, 2.09159181e-01,
            6.00871205e-01, 8.01510990e-01, 2.91869789e-01,
            7.72601724e-01, 8.48033607e-01, 0.0, 0.0, 0.0, 0.0, 0.0, 0.0,
            4.56866801e-01, 3.33235741e-01, 6.24883354e-01,
            3.25850725e-01, 3.41526061e-01, 6.47522390e-01 ]
    }
}
