{
    "pose_0": {
        "type_id": "opencv-matrix",
        "rows": 1,
        "cols": 18,
        "dt": "3f",
        "data": [ 0.0, 0.0, 0.0, 4.22724336e-01, 4.09685224e-01,
            8.39436471e-01, 5.58857381e-01, 3.79755586e-01,
            8.03756773e-01, 6.84856832e-01, 3.27744961e-01,
            8.49048316e-01, 5.48918068e-01, 2.89617300e-01,
            8.29599857e-01, 2.82084286e-01, 4.37004268e-01,
            8.15961421e-01, 2.42996991e-01, 5.57207823e-01,
            6.42264068e-01, 0.0, 0.0, 0.0, 6.02591634e-01,
            6.71731293e-01, 5.67119122e-01, 6.02234304e-01,
            6.14354014e-01, 5.94493300e-02, 6.12169147e-01,
            7.31825829e-01, 6.71865940e-01, 4.17973518e-01,
            6.85456753e-01, 6.75766885e-01, 2.14099377e-01,
            5.95260859e-01, 7.88913727e-01, 3.01469237e-01,
            7.53692865e-01, 7.96125829e-01, 0.0, 0.0, 0.0, 0.0, 0.0, 0.0,
            4.76151109e-01, 3.16942900e-01, 5.57867229e-01,
            3.35426658e-01, 3.35885763e-01, 6.22272491e-01 ]
    }
}
