{
    "pose_0": {
        "type_id": "opencv-matrix",
        "rows": 1,
        "cols": 18,
        "dt": "3f",
        "data": [ 0.0, 0.0, 0.0, 4.08032924e-01, 4.23278630e-01,
            9.10272658e-01, 5.39252281e-01, 3.90544713e-01,
            7.74829328e-01, 6.75393045e-01, 3.30555022e-01,
            8.65331531e-01, 6.94575787e-01, 2.51310945e-01,
            8.80850136e-01, 2.62687415e-01, 4.47876543e-01,
            8.37834299e-01, 2.13962778e-01, 5.73498785e-01,
            7.37869024e-01, 0.0, 0.0, 0.0, 5.97415447e-01,
            6.82626486e-01, 5.49841285e-01, 0.0, 0.0, 0.0, 0.0, 0.0, 0.0,
            4.03399318e-01, 6.96271300e-01, 6.69835269e-01,
            1.89876243e-01, 6.03511810e-01, 7.31425345e-01,
            2.87014067e-01, 7.72715151e-01, 8.60201716e-01, 0.0, 0.0,
            0.0, 0.0, 0.0, 0.0, 4.47060376e-01, 3.33154917e-01,
            6.46900773e-01, 3.20876867e-01, 3.44184101e-01,
            6.07304335e-01 ]
    }
}
