{
    "pose_0": {
        "type_id": "opencv-matrix",
        "rows": 1,
        "cols": 18,
        "dt": "3f",
        "data": [ 0.0, 0.0, 0.0, 4.08359379e-01, 4.23288196e-01,
            9.03881013e-01, 5.53735971e-01, 3.90589267e-01,
            7.95506239e-01, 6.80180073e-01, 3.41427565e-01,
            8.45215023e-01, 7.77218163e-01, 2.54113674e-01,
            8.27470541e-01, 2.72258312e-01, 4.47887957e-01,
            8.29788208e-01, 2.14088127e-01, 5.73434472e-01,
            7.40035295e-01, 0.0, 0.0, 0.0, 5.97630024e-01,
            6.79896891e-01, 5.64475596e-01, 5.73260903e-01,
            6.38946295e-01, 6.21304289e-02, 6.02270782e-01,
            7.48079658e-01, 7.16896594e-01, 4.03522104e-01,
            6.93554580e-01, 6.80801213e-01, 1.99486613e-01,
            6.03507280e-01, 7.42653906e-01, 2.91544914e-01,
            7.72642612e-01, 8.53145599e-01, 0.0, 0.0, 0.0, 0.0, 0.0, 0.0,
            4.47319984e-01, 3.33158165e-01, 6.47793055e-01,
            3.25536370e-01, 3.44220102e-01, 5.90942442e-01 ]
    }
}
