{
    "pose_0": {
        "type_id": "opencv-matrix",
        "rows": 1,
        "cols": 18,
        "dt": "3f",
        "data": [ 0.0, 0.0, 0.0, 4.22879040e-01, 4.06931549e-01,
            8.51132751e-01, 5.63501656e-01, 3.79601419e-01,
            8.03757429e-01, 6.80318952e-01, 3.25021178e-01,
            8.53451431e-01, 5.49019277e-01, 2.86822736e-01,
            7.86283851e-01, 2.86655128e-01, 4.34217066e-01,
            8.28671753e-01, 2.33491495e-01, 5.57200372e-01,
            6.54267311e-01, 0.0, 0.0, 0.0, 6.02480650e-01,
            6.68988168e-01, 5.35577416e-01, 6.07351363e-01,
            5.95290661e-01, 8.68656635e-02, 6.12093210e-01,
            7.31750667e-01, 7.00322747e-01, 4.13041919e-01,
            6.85343683e-01, 6.92442894e-01, 2.14055210e-01,
            5.89804828e-01, 7.36830115e-01, 3.06224704e-01,
            7.53698826e-01, 7.96859205e-01, 0.0, 0.0, 0.0, 0.0, 0.0, 0.0,
            4.80860412e-01, 3.16843688e-01, 6.29942596e-01,
            3.30715567e-01, 3.33227426e-01, 6.04404092e-01 ]
    }
}
