{
    "pose_0": {
        "type_id": "opencv-matrix",
        "rows": 1,
        "cols": 18,
        "dt": "3f",
        "data": [ 0.0, 0.0, 0.0, 4.46886003e-01, 3.87797862e-01,
            8.88484120e-01, 5.73295295e-01, 3.60650182e-01,
            8.20564210e-01, 7.57827401e-01, 3.41395706e-01,
            8.95872116e-01, 8.20843518e-01, 2.51502693e-01,
            8.64423811e-01, 3.06333691e-01, 4.09748584e-01,
            7.94963598e-01, 2.52821356e-01, 5.38026929e-01,
            7.10861683e-01, 0.0, 0.0, 0.0, 6.36363864e-01,
            6.44401193e-01, 5.89073539e-01, 6.31545842e-01,
            5.89786947e-01, 8.21668804e-02, 6.41154230e-01,
            7.07129419e-01, 6.66587710e-01, 4.42312419e-01,
            6.60826206e-01, 7.08237529e-01, 2.43209094e-01,
            5.68018734e-01, 7.31870353e-01, 3.30670476e-01,
            7.31858075e-01, 8.39175045e-01, 0.0, 0.0, 0.0, 0.0, 0.0, 0.0,
            4.85850096e-01, 2.92371631e-01, 6.42888069e-01,
            3.59531164e-01, 3.08674902e-01, 6.31387949e-01 ]
    }
}
