{
    "pose_0": {
        "type_id": "opencv-matrix",
        "rows": 1,
        "cols": 18,
        "dt": "3f",
        "data": [ 0.0, 0.0, 0.0, 3.69580537e-01, 4.26121831e-01,
            8.82392466e-01, 5.00563920e-01, 4.01364982e-01,
            7.76110530e-01, 6.41271293e-01, 3.35956722e-01,
            9.09249008e-01, 5.97527027e-01, 2.62246192e-01,
            8.46811473e-01, 2.43030027e-01, 4.53363687e-01,
            7.93241858e-01, 1.80193916e-01, 5.81587911e-01,
            6.70051098e-01, 0.0, 0.0, 0.0, 5.63608766e-01,
            6.88129842e-01, 5.32278955e-01, 5.78067899e-01,
            6.41717434e-01, 8.41285288e-02, 5.68379939e-01,
            7.50934958e-01, 6.71478152e-01, 3.69488180e-01,
            7.07092822e-01, 6.89829350e-01, 1.70536831e-01,
            6.11611247e-01, 7.40250885e-01, 2.57921457e-01,
            7.78115332e-01, 7.99212098e-01, 0.0, 0.0, 0.0, 0.0, 0.0, 0.0,
            4.32384461e-01, 3.36021125e-01, 5.96510351e-01,
            2.91722476e-01, 3.52326930e-01, 6.08873487e-01 ]
    }
}
