{
    "pose_0": {
        "type_id": "opencv-matrix",
        "rows": 1,
        "cols": 18,
        "dt": "3f",
        "data": [ 0.0, 0.0, 0.0, 3.69358689e-01, 4.28852558e-01,
            8.95928860e-01, 5.05399466e-01, 4.04109836e-01,
            8.24733734e-01, 6.65439010e-01, 3.57737243e-01,
            7.94327736e-01, 8.30402315e-01, 2.97857285e-01,
            8.20392072e-01, 2.28555828e-01, 4.58759367e-01,
            7.82699406e-01, 1.75179005e-01, 5.81670761e-01,
            7.33078599e-01, 0.0, 0.0, 0.0, 5.58701038e-01,
            6.88103259e-01, 5.89217424e-01, 5.53791225e-01,
            6.38984442e-01, 7.35466778e-02, 5.58864117e-01,
            7.53647506e-01, 6.84041798e-01, 3.69232625e-01,
            7.07145810e-01, 7.14534760e-01, 1.55811071e-01,
            6.14414334e-01, 7.25488544e-01, 2.48180509e-01,
            7.80905604e-01, 8.21488917e-01, 0.0, 0.0, 0.0, 0.0, 0.0, 0.0,
            4.08086181e-01, 3.38607520e-01, 6.51581645e-01,
            2.77240574e-01, 3.55025858e-01, 6.36980057e-01 ]
    }
}
