{
    "pose_0": {
        "type_id": "opencv-matrix",
        "rows": 1,
        "cols": 18,
        "dt": "3f",
        "data": [ 0.0, 0.0, 0.0, 4.22771841e-01, 4.20547098e-01,
            8.52308691e-01, 5.58737040e-01, 3.87813121e-01,
            8.11818838e-01, 7.09255576e-01, 3.38766485e-01,
            9.22158897e-01, 6.21786952e-01, 2.73092836e-01,
            8.68961930e-01, 2.86682367e-01, 4.45115298e-01,
            8.68829489e-01, 2.28591621e-01, 5.67978919e-01,
            6.45820320e-01, 0.0, 0.0, 0.0, 6.07349396e-01,
            6.71729267e-01, 5.70640206e-01, 5.97693384e-01,
            6.30747318e-01, 8.12714770e-02, 6.12169445e-01,
            7.45391607e-01, 6.77448213e-01, 4.17951018e-01,
            6.90813541e-01, 7.02439547e-01, 2.13896185e-01,
            6.00642264e-01, 8.16944897e-01, 3.06271434e-01,
            7.67192781e-01, 7.64758110e-01, 0.0, 0.0, 0.0, 0.0, 0.0, 0.0,
            4.76262808e-01, 3.25115293e-01, 5.91976821e-01,
            3.35401595e-01, 3.38654071e-01, 5.93862712e-01 ]
    }
}
