{
    "pose_0": {
        "type_id": "opencv-matrix",
        "rows": 1,
        "cols": 18,
        "dt": "3f",
        "data": [ 0.0, 0.0, 0.0, 4.13243562e-01, 4.23369229e-01,
            8.75431955e-01, 5.53861260e-01, 3.98817539e-01,
            8.25468183e-01, 7.23814547e-01, 3.60554188e-01,
            8.56042087e-01, 9.12903309e-01, 3.35930526e-01,
            8.94073486e-01, 2.86625206e-01, 4.47853416e-01,
            8.60698223e-01, 2.18824252e-01, 5.76061964e-01,
            7.03797102e-01, 0.0, 0.0, 0.0, 6.07183456e-01,
            6.82612717e-01, 5.96333623e-01, 6.07197225e-01,
            6.38916969e-01, 8.67467597e-02, 6.07246757e-01,
            7.50913501e-01, 6.48637831e-01, 4.08324122e-01,
            6.90877795e-01, 6.75912201e-01, 2.09056079e-01,
            6.03501439e-01, 7.72330761e-01, 2.91767836e-01,
            7.67236471e-01, 8.26061428e-01, 0.0, 0.0, 0.0, 0.0, 0.0, 0.0,
            4.61611807e-01, 3.33292991e-01, 6.45082176e-01,
            3.30424130e-01, 3.44210118e-01, 5.99044204e-01 ]
    }
}
