{
    "pose_0": {
        "type_id": "opencv-matrix",
        "rows": 1,
        "cols": 18,
        "dt": "3f",
        "data": [ 0.0, 0.0, 0.0, 4.13194031e-01, 4.23371792e-01,
            8.84366274e-01, 5.53846776e-01, 4.01341170e-01,
            8.27482641e-01, 7.23817408e-01, 3.60553712e-01,
            8.63692522e-01, 9.08341348e-01, 3.36036891e-01,
            9.12078559e-01, 2.82031417e-01, 4.47852343e-01,
            8.60042214e-01, 2.23788649e-01, 5.73439240e-01,
            6.69917643e-01, 0.0, 0.0, 0.0, 6.02454901e-01,
            6.82606876e-01, 6.03005111e-01, 6.07383311e-01,
            6.36198580e-01, 9.25509334e-02, 6.02685094e-01,
            7.50871480e-01, 6.38353109e-01, 4.08344746e-01,
            6.90883696e-01, 6.70750558e-01, 2.09070653e-01,
            6.03516638e-01, 7.89996326e-01, 2.91798055e-01,
            7.70025849e-01, 8.56998682e-01, 0.0, 0.0, 0.0, 0.0, 0.0, 0.0,
            4.56890196e-01, 3.33274037e-01, 6.23788953e-01,
            3.30451906e-01, 3.41542035e-01, 6.11642659e-01 ]
    }
}
