{
    "pose_0": {
        "type_id": "opencv-matrix",
        "rows": 1,
        "cols": 18,
        "dt": "3f",
        "data": [ 0.0, 0.0, 0.0, 4.22826648e-01, 4.15158987e-01,
            8.35765660e-01, 5.58810949e-01, 3.85079980e-01,
            8.27262759e-01, 7.09172785e-01, 3.38697076e-01,
            9.31088388e-01, 6.02496803e-01, 2.73198724e-01,
            9.26710665e-01, 2.86730796e-01, 4.42428559e-01,
            8.57194662e-01, 2.38296390e-01, 5.65225422e-01,
            6.58248425e-01, 0.0, 0.0, 0.0, 6.07229412e-01,
            6.77135050e-01, 5.49025118e-01, 6.02245629e-01,
            6.11663103e-01, 5.74564300e-02, 6.12193108e-01,
            7.39957631e-01, 6.85162783e-01, 4.17945921e-01,
            6.90808475e-01, 6.92766428e-01, 2.13922083e-01,
            6.00674212e-01, 8.33549559e-01, 3.11113060e-01,
            7.69908488e-01, 7.85337329e-01, 0.0, 0.0, 0.0, 0.0, 0.0, 0.0,
            4.76204604e-01, 3.22345078e-01, 6.76610470e-01,
            3.35462153e-01, 3.38643640e-01, 5.93813539e-01 ]
    }
}
