{
    "pose_0": {
        "type_id": "opencv-matrix",
        "rows": 1,
        "cols": 18,
        "dt": "3f",
        "data": [ 0.0, 0.0, 0.0, 3.69218439e-01, 4.28766578e-01,
            8.96706045e-01, 5.05364239e-01, 4.01433945e-01,
            8.18899155e-01, 6.41163409e-01, 3.57844025e-01,
            8.90341461e-01, 7.53032923e-01, 2.89507359e-01,
            8.67004335e-01, 2.18989596e-01, 4.58778322e-01,
            7.87849247e-01, 1.70355245e-01, 5.78998804e-01,
            7.29003787e-01, 0.0, 0.0, 0.0, 5.48902333e-01,
            6.90819979e-01, 5.34039676e-01, 0.0, 0.0, 0.0, 0.0, 0.0, 0.0,
            3.54747564e-01, 7.07156181e-01, 7.00266838e-01,
            1.46126866e-01, 6.11623824e-01, 7.28539824e-01,
            2.38308832e-01, 7.78190553e-01, 7.73006499e-01, 0.0, 0.0,
            0.0, 0.0, 0.0, 0.0, 4.08210754e-01, 3.38721752e-01,
            7.33593822e-01, 2.81857640e-01, 3.55110794e-01,
            6.21108055e-01 ]
    }
}
