{
    "pose_0": {
        "type_id": "opencv-matrix",
        "rows": 1,
        "cols": 18,
        "dt": "3f",
        "data": [ 0.0, 0.0, 0.0, 4.32377487e-01, 4.01586592e-01,
            8.76316667e-01, 5.63630342e-01, 3.76894742e-01,
            8.21270347e-01, 7.04248548e-01, 3.25022370e-01,
            8.46841753e-01, 5.87725997e-01, 2.67697096e-01,
            8.22362423e-01, 2.86754340e-01, 4.26148057e-01,
            8.59647989e-01, 2.38272816e-01, 5.56980252e-01,
            6.61760032e-01, 0.0, 0.0, 0.0, 6.07231617e-01,
            6.63517833e-01, 5.61978459e-01, 6.21875942e-01,
            6.19757950e-01, 8.50389153e-02, 6.12197816e-01,
            7.28953362e-01, 6.87426329e-01, 4.13155228e-01,
            6.82602346e-01, 7.00756431e-01, 2.14055017e-01,
            5.81704438e-01, 7.71751702e-01, 3.06296825e-01,
            7.53493726e-01, 7.97388673e-01, 0.0, 0.0, 0.0, 0.0, 0.0, 0.0,
            4.80918854e-01, 3.14023614e-01, 6.69730484e-01,
            3.40314567e-01, 3.22336584e-01, 6.18283927e-01 ]
    }
}
