{
    "pose_0": {
        "type_id": "opencv-matrix",
        "rows": 1,
        "cols": 18,
        "dt": "3f",
        "data": [ 0.0, 0.0, 0.0, 3.74221265e-01, 4.26001489e-01,
            8.76388311e-01, 5.05411088e-01, 3.96007866e-01,
            7.61665761e-01, 6.36392951e-01, 3.33162010e-01,
            8.85002017e-01, 5.24847746e-01, 2.70546108e-01,
            9.23272192e-01, 2.43187904e-01, 4.53382134e-01,
            8.03433359e-01, 1.94668099e-01, 5.78955710e-01,
            6.61963642e-01, 0.0, 0.0, 0.0, 5.68400323e-01,
            6.88119471e-01, 5.53609192e-01, 5.68563521e-01,
            6.36207163e-01, 8.20534825e-02, 5.73226869e-01,
            7.53631830e-01, 6.62756979e-01, 3.79075915e-01,
            7.07081556e-01, 6.88542604e-01, 1.75089523e-01,
            6.08930111e-01, 7.27880061e-01, 2.67449111e-01,
            7.75560796e-01, 7.88737774e-01, 0.0, 0.0, 0.0, 0.0, 0.0, 0.0,
            4.37383473e-01, 3.35986823e-01, 7.72668481e-01,
            2.96634585e-01, 3.44205678e-01, 5.36336303e-01 ]
    }
}
