{
    "pose_0": {
        "type_id": "opencv-matrix",
        "rows": 1,
        "cols": 18,
        "dt": "3f",
        "data": [ 0.0, 0.0, 0.0, 3.74409795e-01, 4.23400104e-01,
            8.66211951e-01, 5.15006542e-01, 3.87875915e-01,
            7.75882602e-01, 6.31608248e-01, 3.27796459e-01,
            8.50349665e-01, 5.15110552e-01, 2.73236692e-01,
            8.85044873e-01, 2.47818992e-01, 4.53337342e-01,
            8.04877579e-01, 1.94697365e-01, 5.79007864e-01,
            6.34903312e-01, 0.0, 0.0, 0.0, 5.68453431e-01,
            6.85395777e-01, 5.51526308e-01, 5.63460529e-01,
            6.17109060e-01, 7.17507303e-02, 5.73365629e-01,
            7.50887573e-01, 6.55269802e-01, 3.79075319e-01,
            7.04400003e-01, 6.74916983e-01, 1.75275370e-01,
            6.11608744e-01, 7.44461060e-01, 2.62628943e-01,
            7.75441468e-01, 8.06064427e-01, 0.0, 0.0, 0.0, 0.0, 0.0, 0.0,
            4.37366337e-01, 3.33301067e-01, 7.18624115e-01,
            2.96702355e-01, 3.44201684e-01, 5.38666189e-01 ]
    }
}
