{
    "pose_0": {
        "type_id": "opencv-matrix",
        "rows": 1,
        "cols": 18,
        "dt": "3f",
        "data": [ 0.0, 0.0, 0.0, 3.69589567e-01, 4.26065356e-01,
            8.75710011e-01, 5.05377710e-01, 3.98673713e-01,
            7.60888934e-01, 6.36581719e-01, 3.33155483e-01,
            8.89360428e-01, 5.58505952e-01, 2.67797410e-01,
            8.68285239e-01, 2.38343731e-01, 4.56134111e-01,
            7.68325329e-01, 1.89695433e-01, 5.81643879e-01,
            6.32789791e-01, 0.0, 0.0, 0.0, 5.63643157e-01,
            6.85400903e-01, 5.61234772e-01, 5.68326652e-01,
            6.38951302e-01, 8.12494457e-02, 5.73355734e-01,
            7.50792980e-01, 7.03374505e-01, 3.74164432e-01,
            7.04416513e-01, 6.76648319e-01, 1.70280203e-01,
            6.11679852e-01, 7.34740078e-01, 2.57894605e-01,
            7.75439322e-01, 7.92196989e-01, 0.0, 0.0, 0.0, 0.0, 0.0, 0.0,
            4.37386543e-01, 3.35918605e-01, 6.94501638e-01,
            2.96515971e-01, 3.46941561e-01, 5.51027656e-01 ]
    }
}
