{
    "pose_0": {
        "type_id": "opencv-matrix",
        "rows": 1,
        "cols": 18,
        "dt": "3f",
        "data": [ 0.0, 0.0, 0.0, 4.32527423e-01, 3.98742855e-01,
            8.63615990e-01, 5.63383162e-01, 3.74137193e-01,
            8.21403503e-01, 7.38234520e-01, 3.38611245e-01,
            8.58704925e-01, 7.14277387e-01, 2.48588547e-01,
            9.03839588e-01, 2.91605294e-01, 4.20631289e-01,
            8.58223796e-01, 2.43115157e-01, 5.46135664e-01,
            6.45717025e-01, 0.0, 0.0, 0.0, 6.21848941e-01,
            6.49906754e-01, 5.58417022e-01, 6.21785223e-01,
            5.98033190e-01, 8.51922706e-02, 6.26583517e-01,
            7.15346754e-01, 6.51274800e-01, 4.27666813e-01,
            6.66367352e-01, 6.60020292e-01, 2.18905061e-01,
            5.78859568e-01, 7.89103925e-01, 3.16072106e-01,
            7.42644370e-01, 7.49404430e-01, 0.0, 0.0, 0.0, 0.0, 0.0, 0.0,
            4.80863124e-01, 3.00570726e-01, 5.97546101e-01,
            3.40196431e-01, 3.14202517e-01, 6.25041008e-01 ]
    }
}
