{
    "pose_0": {
        "type_id": "opencv-matrix",
        "rows": 1,
        "cols": 18,
        "dt": "3f",
        "data": [ 0.0, 0.0, 0.0, 4.27562654e-01, 4.04332459e-01,
            8.59846592e-01, 5.63494682e-01, 3.79653692e-01,
            8.04344654e-01, 6.85027659e-01, 3.22404861e-01,
            8.40232491e-01, 5.53866625e-01, 2.84104437e-01,
            8.10302436e-01, 2.86758631e-01, 4.28861290e-01,
            8.48549485e-01, 2.38261655e-01, 5.57128251e-01,
            6.25934660e-01, 0.0, 0.0, 0.0, 6.02566183e-01,
            6.68985128e-01, 5.46787739e-01, 6.02605462e-01,
            6.00753844e-01, 6.87040314e-02, 6.12216890e-01,
            7.29093730e-01, 6.83935404e-01, 4.13212657e-01,
            6.85282409e-01, 6.77623987e-01, 2.14099064e-01,
            5.87072194e-01, 7.51330018e-01, 2.96613485e-01,
            7.50971556e-01, 8.23369563e-01, 0.0, 0.0, 0.0, 0.0, 0.0, 0.0,
            4.81068522e-01, 3.16916764e-01, 6.43961549e-01,
            3.40330124e-01, 3.30486149e-01, 5.28780758e-01 ]
    }
}
