{
    "pose_0": {
        "type_id": "opencv-matrix",
        "rows": 1,
        "cols": 18,
        "dt": "3f",
        "data": [ 0.0, 0.0, 0.0, 3.59787136e-01, 4.26052302e-01,
            8.91954243e-01, 4.86040473e-01, 4.01341259e-01,
            7.99080729e-01, 5.97651482e-01, 3.35836589e-01,
            9.03116405e-01, 5.00485241e-01, 2.67749250e-01,
            7.89928973e-01, 2.18825758e-01, 4.53358084e-01,
            8.10257196e-01, 1.70219749e-01, 5.78952670e-01,
            7.40546227e-01, 0.0, 0.0, 0.0, 5.44216037e-01,
            6.90802217e-01, 5.62146544e-01, 5.49074531e-01,
            6.33476019e-01, 7.42020905e-02, 5.44174075e-01,
            7.59027839e-01, 6.43526673e-01, 3.54758650e-01,
            7.07085788e-01, 6.75011635e-01, 1.41181216e-01,
            6.11646771e-01, 7.36613393e-01, 2.33414024e-01,
            7.78221011e-01, 7.29268193e-01, 0.0, 0.0, 0.0, 0.0, 0.0, 0.0,
            4.13236946e-01, 3.38797390e-01, 7.28125393e-01,
            2.82101512e-01, 3.54992867e-01, 5.95680714e-01 ]
    }
}
