{
    "pose_0": {
        "type_id": "opencv-matrix",
        "rows": 1,
        "cols": 18,
        "dt": "3f",
        "data": [ 0.0, 0.0, 0.0, 4.32556272e-01, 3.85165572e-01,
            8.45105886e-01, 5.63398600e-01, 3.60583395e-01,
            8.54968369e-01, 7.52761841e-01, 3.38838875e-01,
            8.96570504e-01, 8.01582217e-01, 2.51266211e-01,
            8.74111056e-01, 2.91756421e-01, 4.09704119e-01,
            8.34391236e-01, 2.48203710e-01, 5.35345793e-01,
            7.19404101e-01, 0.0, 0.0, 0.0, 6.31392658e-01,
            6.47120416e-01, 5.69468021e-01, 6.12163186e-01,
            5.76132238e-01, 8.65026787e-02, 6.31360590e-01,
            7.09883153e-01, 6.28599405e-01, 4.37271416e-01,
            6.63483381e-01, 6.96282983e-01, 2.19039306e-01,
            5.73445261e-01, 7.90942550e-01, 3.25477153e-01,
            7.34467685e-01, 8.30469847e-01, 0.0, 0.0, 0.0, 0.0, 0.0, 0.0,
            4.80867267e-01, 2.94967622e-01, 6.67061865e-01,
            3.40388417e-01, 3.08660954e-01, 5.93589962e-01 ]
    }
}
