{
    "pose_0": {
        "type_id": "opencv-matrix",
        "rows": 1,
        "cols": 18,
        "dt": "3f",
        "data": [ 0.0, 0.0, 0.0, 3.59588176e-01, 4.23429787e-01,
            8.82254004e-01, 4.85743016e-01, 4.01368588e-01,
            8.40445638e-01, 6.36591971e-01, 3.49637061e-01,
            8.46858263e-01, 5.68614602e-01, 2.73253053e-01,
            8.77957463e-01, 2.14169100e-01, 4.47944373e-01,
            8.44522357e-01, 1.65601313e-01, 5.78899980e-01,
            7.00478077e-01, 0.0, 0.0, 0.0, 5.34380734e-01,
            6.88112259e-01, 5.53532422e-01, 5.29729605e-01,
            6.36200905e-01, 5.29756173e-02, 5.39276779e-01,
            7.50830591e-01, 6.86037660e-01, 3.45199168e-01,
            7.04420507e-01, 6.64537370e-01, 1.36312947e-01,
            6.14353120e-01, 7.66583920e-01, 2.28589579e-01,
            7.75560141e-01, 7.91915059e-01, 0.0, 0.0, 0.0, 0.0, 0.0, 0.0,
            4.03515339e-01, 3.38621199e-01, 6.67448640e-01,
            2.67499655e-01, 3.52301985e-01, 5.94015539e-01 ]
    }
}
