{
    "pose_0": {
        "type_id": "opencv-matrix",
        "rows": 1,
        "cols": 18,
        "dt": "3f",
        "data": [ 0.0, 0.0, 0.0, 3.79212081e-01, 4.23296660e-01,
            8.65242839e-01, 5.19879103e-01, 3.85078430e-01,
            7.91265368e-01, 6.12234533e-01, 3.22386861e-01,
            8.27092767e-01, 4.80951935e-01, 2.81401157e-01,
            8.46988440e-01, 2.47983292e-01, 4.50664431e-01,
            8.38104784e-01, 1.99429005e-01, 5.78928828e-01,
            6.69587016e-01, 0.0, 0.0, 0.0, 5.68541884e-01,
            6.85331166e-01, 5.63694417e-01, 5.58798373e-01,
            6.36139810e-01, 6.12465255e-02, 5.87709010e-01,
            7.50808418e-01, 6.65496290e-01, 3.79167199e-01,
            7.04390407e-01, 6.93078816e-01, 1.75295293e-01,
            6.08914733e-01, 7.43586242e-01, 2.62682050e-01,
            7.75400639e-01, 8.10642660e-01, 0.0, 0.0, 0.0, 0.0, 0.0, 0.0,
            4.42187995e-01, 3.36069405e-01, 6.32624328e-01,
            3.01415116e-01, 3.46918404e-01, 4.98185039e-01 ]
    }
}
