{
    "pose_0": {
        "type_id": "opencv-matrix",
        "rows": 1,
        "cols": 18,
        "dt": "3f",
        "data": [ 0.0, 0.0, 0.0, 4.32417244e-01, 4.04227197e-01,
            8.79746795e-01, 5.63618600e-01, 3.79503042e-01,
            8.10983658e-01, 6.89820290e-01, 3.22396934e-01,
            8.37349474e-01, 5.58892190e-01, 2.81395197e-01,
            8.49850059e-01, 2.86791772e-01, 4.28811729e-01,
            8.59596372e-01, 2.33545646e-01, 5.57076573e-01,
            6.56313777e-01, 0.0, 0.0, 0.0, 6.07204020e-01,
            6.68965697e-01, 5.47009945e-01, 6.07458174e-01,
            6.14400566e-01, 8.91292244e-02, 6.07448876e-01,
            7.31702447e-01, 6.54121935e-01, 4.17924047e-01,
            6.85277581e-01, 6.79666519e-01, 2.14090988e-01,
            5.87107182e-01, 7.46637642e-01, 3.01450133e-01,
            7.53573179e-01, 8.07280123e-01, 0.0, 0.0, 0.0, 0.0, 0.0, 0.0,
            4.80872005e-01, 3.16809148e-01, 6.28387868e-01,
            3.35536689e-01, 3.30478191e-01, 6.04915500e-01 ]
    }
}
