{
    "pose_0": {
        "type_id": "opencv-matrix",
        "rows": 1,
        "cols": 18,
        "dt": "3f",
        "data": [ 0.0, 0.0, 0.0, 3.64493191e-01, 4.26172554e-01,
            8.92161250e-01, 4.90938246e-01, 4.01373416e-01,
            8.02034616e-01, 6.07393861e-01, 3.36060584e-01,
            8.57312739e-01, 5.87721229e-01, 2.54062951e-01,
            8.78523409e-01, 2.18883738e-01, 4.56120461e-01,
            7.94255257e-01, 1.70201346e-01, 5.78978717e-01,
            7.29371607e-01, 0.0, 0.0, 0.0, 5.44109404e-01,
            6.88144624e-01, 5.65063477e-01, 5.44080973e-01,
            6.33516848e-01, 5.72594926e-02, 5.48939824e-01,
            7.59058714e-01, 6.45741701e-01, 3.50036681e-01,
            7.07081795e-01, 6.78467691e-01, 1.41209051e-01,
            6.11654639e-01, 7.50003934e-01, 2.38202170e-01,
            7.80867875e-01, 7.53375769e-01, 0.0, 0.0, 0.0, 0.0, 0.0, 0.0,
            4.08435106e-01, 3.38752389e-01, 6.55479610e-01,
            2.82013386e-01, 3.55033219e-01, 5.93208730e-01 ]
    }
}
