{
    "pose_0": {
        "type_id": "opencv-matrix",
        "rows": 1,
        "cols": 18,
        "dt": "3f",
        "data": [ 0.0, 0.0, 0.0, 4.13148493e-01, 4.23358560e-01,
            8.91574502e-01, 5.53823650e-01, 3.98741513e-01,
            8.22970152e-01, 7.23874748e-01, 3.57915580e-01,
            8.55781913e-01, 9.08414304e-01, 3.35856736e-01,
            8.74118805e-01, 2.81988472e-01, 4.47911531e-01,
            8.55236471e-01, 2.19051555e-01, 5.73496819e-01,
            6.83384001e-01, 0.0, 0.0, 0.0, 6.02513134e-01,
            6.82614505e-01, 5.87156773e-01, 6.07208371e-01,
            6.33504331e-01, 9.71176624e-02, 6.02605820e-01,
            7.45413661e-01, 6.34542048e-01, 4.08389628e-01,
            6.93527758e-01, 6.72113717e-01, 2.09079221e-01,
            6.03456259e-01, 7.87687898e-01, 2.91790277e-01,
            7.70013928e-01, 8.49253535e-01, 0.0, 0.0, 0.0, 0.0, 0.0, 0.0,
            4.56842571e-01, 3.33251387e-01, 6.50076151e-01,
            3.25865000e-01, 3.41504306e-01, 6.13062441e-01 ]
    }
}
