{
    "pose_0": {
        "type_id": "opencv-matrix",
        "rows": 1,
        "cols": 18,
        "dt": "3f",
        "data": [ 0.0, 0.0, 0.0, 3.64658743e-01, 4.31549340e-01,
            8.82958949e-01, 4.95555192e-01, 4.04232532e-01,
            8.35792303e-01, 6.80062115e-01, 3.74211073e-01,
            8.36198568e-01, 8.64423752e-01, 3.57753873e-01,
            8.61784697e-01, 2.19077513e-01, 4.58821952e-01,
            7.93469906e-01, 1.70416266e-01, 5.79014838e-01,
            7.32634306e-01, 0.0, 0.0, 0.0, 5.53898156e-01,
            6.90821409e-01, 5.45579135e-01, 5.58622837e-01,
            6.22579455e-01, 7.80443251e-02, 5.53868771e-01,
            7.53567874e-01, 6.59957647e-01, 3.54883671e-01,
            7.07239032e-01, 6.87738776e-01, 1.46096945e-01,
            6.14367187e-01, 7.40948021e-01, 2.43153170e-01,
            7.78152704e-01, 8.28398228e-01, 0.0, 0.0, 0.0, 0.0, 0.0, 0.0,
            4.03247386e-01, 3.38713706e-01, 6.37437105e-01,
            2.72275805e-01, 3.55141550e-01, 6.07054114e-01 ]
    }
}
