{
    "pose_0": {
        "type_id": "opencv-matrix",
        "rows": 1,
        "cols": 18,
        "dt": "3f",
        "data": [ 0.0, 0.0, 0.0, 4.13227856e-01, 4.23251569e-01,
            8.73780549e-01, 5.53947926e-01, 3.96072894e-01,
            8.23348403e-01, 7.13978708e-01, 3.57755423e-01,
            8.81924391e-01, 8.30310047e-01, 2.73282409e-01,
            8.75752270e-01, 2.86639869e-01, 4.45227712e-01,
            8.68342936e-01, 2.18979135e-01, 5.67992151e-01,
            7.12269902e-01, 3.50032330e-01, 5.51527023e-01,
            1.15607321e-01, 6.02421761e-01, 6.82586133e-01,
            5.74465394e-01, 6.07211709e-01, 6.33494377e-01,
            6.30178899e-02, 6.07276261e-01, 7.45388567e-01,
            6.82615817e-01, 4.08265084e-01, 6.93537652e-01,
            6.90349519e-01, 2.09302768e-01, 6.00839853e-01,
            8.08856845e-01, 2.91985214e-01, 7.69926548e-01,
            8.23077261e-01, 0.0, 0.0, 0.0, 0.0, 0.0, 0.0, 4.61602926e-01,
            3.33246052e-01, 6.35494828e-01, 3.30504745e-01,
            3.46861690e-01, 5.64733088e-01 ]
    }
}
