{
    "pose_0": {
        "type_id": "opencv-matrix",
        "rows": 1,
        "cols": 18,
        "dt": "3f",
        "data": [ 0.0, 0.0, 0.0, 4.13224548e-01, 4.23373491e-01,
            8.73106956e-01, 5.58494925e-01, 3.98716807e-01,
            8.22708726e-01, 7.13885903e-01, 3.57768208e-01,
            8.49047184e-01, 8.79146039e-01, 2.95078665e-01,
            8.51440251e-01, 2.82075018e-01, 4.47886467e-01,
            8.56698334e-01, 2.19027460e-01, 5.70742607e-01,
            6.95570052e-01, 0.0, 0.0, 0.0, 6.02502882e-01,
            6.82621181e-01, 5.95714629e-01, 6.17009103e-01,
            6.30764902e-01, 7.96983168e-02, 6.07226253e-01,
            7.50835180e-01, 7.01913357e-01, 4.08231407e-01,
            6.90867424e-01, 6.86671615e-01, 2.09247023e-01,
            6.00849569e-01, 7.94726968e-01, 2.91927576e-01,
            7.69893825e-01, 8.13741326e-01, 0.0, 0.0, 0.0, 0.0, 0.0, 0.0,
            4.61577684e-01, 3.33291054e-01, 6.48097336e-01,
            3.30453187e-01, 3.44236225e-01, 6.26089394e-01 ]
    }
}
