{
    "pose_0": {
        "type_id": "opencv-matrix",
        "rows": 1,
        "cols": 18,
        "dt": "3f",
        "data": [ 0.0, 0.0, 0.0, 3.98380339e-01, 4.23299968e-01,
            8.75670016e-01, 5.24811924e-01, 3.87882680e-01,
            7.73940027e-01, 6.41087949e-01, 3.22295249e-01,
            8.98419142e-01, 5.48912644e-01, 2.56791502e-01,
            8.58598471e-01, 2.52928883e-01, 4.50605214e-01,
            8.47237468e-01, 2.09181741e-01, 5.76129973e-01,
            7.42885768e-01, 0.0, 0.0, 0.0, 5.87791860e-01,
            6.85307860e-01, 5.71790814e-01, 5.78184247e-01,
            6.28009260e-01, 8.13932046e-02, 5.97308695e-01,
            7.48163640e-01, 6.82486236e-01, 3.93725157e-01,
            6.98969960e-01, 6.63231134e-01, 1.80160776e-01,
            6.06195629e-01, 7.76470542e-01, 2.86632568e-01,
            7.72698820e-01, 8.39412451e-01, 0.0, 0.0, 0.0, 0.0, 0.0, 0.0,
            4.47146535e-01, 3.33234757e-01, 7.12678552e-01,
            3.20847154e-01, 3.38840365e-01, 5.95170021e-01 ]
    }
}
