{
    "pose_0": {
        "type_id": "opencv-matrix",
        "rows": 1,
        "cols": 18,
        "dt": "3f",
        "data": [ 0.0, 0.0, 0.0, 4.37189311e-01, 3.85109305e-01,
            8.53494883e-01, 5.63411474e-01, 3.60538214e-01,
            8.57092798e-01, 7.52960503e-01, 3.38706344e-01,
            9.30020034e-01, 8.06207895e-01, 2.51283944e-01,
            8.62864077e-01, 2.91758478e-01, 4.09651011e-01,
            8.37975740e-01, 2.47780815e-01, 5.35194576e-01,
            6.89750910e-01, 0.0, 0.0, 0.0, 6.31422639e-01,
            6.41728342e-01, 5.70514917e-01, 6.21830285e-01,
            5.81656039e-01, 7.98808187e-02, 6.31548047e-01,
            7.04452813e-01, 6.64260626e-01, 4.37291652e-01,
            6.60792589e-01, 6.95787191e-01, 2.23811418e-01,
            5.67942262e-01, 7.57530272e-01, 3.25515151e-01,
            7.31779397e-01, 8.43166292e-01, 0.0, 0.0, 0.0, 0.0, 0.0, 0.0,
            4.80864882e-01, 2.92389780e-01, 6.38841808e-01,
            3.40223014e-01, 3.08711708e-01, 6.37836635e-01 ]
    }
}
