{
    "pose_0": {
        "type_id": "opencv-matrix",
        "rows": 1,
        "cols": 18,
        "dt": "3f",
        "data": [ 0.0, 0.0, 0.0, 4.22868431e-01, 4.15084481e-01,
            8.32292736e-01, 5.63439429e-01, 3.82375956e-01,
            8.32487941e-01, 7.04370141e-01, 3.36106390e-01,
            8.83517385e-01, 5.87937236e-01, 2.76026934e-01,
            8.45905542e-01, 2.86640733e-01, 4.42433506e-01,
            8.39495480e-01, 2.33442530e-01, 5.67950130e-01,
            6.39238596e-01, 0.0, 0.0, 0.0, 6.12043977e-01,
            6.74445868e-01, 5.72859943e-01, 6.07227206e-01,
            6.28033280e-01, 5.29392064e-02, 6.12139106e-01,
            7.37208426e-01, 6.89932346e-01, 4.13239509e-01,
            6.90825462e-01, 6.90868378e-01, 2.14036614e-01,
            5.98019302e-01, 8.07516336e-01, 3.06330770e-01,
            7.64493883e-01, 7.72446036e-01, 0.0, 0.0, 0.0, 0.0, 0.0, 0.0,
            4.76285100e-01, 3.19694281e-01, 6.79269075e-01,
            3.35455030e-01, 3.36053759e-01, 6.41064048e-01 ]
    }
}
