{
    "pose_0": {
        "type_id": "opencv-matrix",
        "rows": 1,
        "cols": 18,
        "dt": "3f",
        "data": [ 0.0, 0.0, 0.0, 4.03568923e-01, 4.23296660e-01,
            9.17096257e-01, 5.34400344e-01, 3.90566587e-01,
            7.83444285e-01, 6.74954593e-01, 3.30478579e-01,
            8.29596341e-01, 6.55797839e-01, 2.48708531e-01,
            8.63251150e-01, 2.62660861e-01, 4.47907984e-01,
            8.34393263e-01, 2.09358200e-01, 5.73470294e-01,
            7.24097729e-01, 0.0, 0.0, 0.0, 5.97394049e-01,
            6.82615876e-01, 5.74760020e-01, 5.92744410e-01,
            6.38992548e-01, 8.13759491e-02, 5.97682893e-01,
            7.48123109e-01, 7.27131426e-01, 4.03533965e-01,
            6.98975861e-01, 6.68095052e-01, 1.89819857e-01,
            6.03538513e-01, 7.21241534e-01, 2.86929101e-01,
            7.72728562e-01, 8.50200415e-01, 0.0, 0.0, 0.0, 0.0, 0.0, 0.0,
            4.46897388e-01, 3.33189726e-01, 6.39691412e-01,
            3.20820153e-01, 3.46887141e-01, 6.06623292e-01 ]
    }
}
