{
    "pose_0": {
        "type_id": "opencv-matrix",
        "rows": 1,
        "cols": 18,
        "dt": "3f",
        "data": [ 0.0, 0.0, 0.0, 4.32406247e-01, 3.98757994e-01,
            8.63859832e-01, 5.58848381e-01, 3.74228358e-01,
            8.28116834e-01, 7.23889530e-01, 3.36031884e-01,
            8.91329050e-01, 6.84831262e-01, 2.48620376e-01,
            9.33102608e-01, 2.91567296e-01, 4.20634240e-01,
            8.63097131e-01, 2.47816488e-01, 5.48879385e-01,
            6.67371631e-01, 0.0, 0.0, 0.0, 6.12190902e-01,
            6.55328393e-01, 5.11817992e-01, 6.16929531e-01,
            5.95305741e-01, 1.07779659e-01, 6.21766448e-01,
            7.26244330e-01, 6.64248228e-01, 4.32486296e-01,
            6.69023156e-01, 6.83243930e-01, 2.18885496e-01,
            5.78896284e-01, 8.28082860e-01, 3.15893680e-01,
            7.45399892e-01, 7.68407345e-01, 0.0, 0.0, 0.0, 0.0, 0.0, 0.0,
            4.80879605e-01, 3.03247899e-01, 5.98285735e-01,
            3.35578054e-01, 3.14252198e-01, 6.55724049e-01 ]
    }
}
