{
    "pose_0": {
        "type_id": "opencv-matrix",
        "rows": 1,
        "cols": 18,
        "dt": "3f",
        "data": [ 0.0, 0.0, 0.0, 4.13177490e-01, 4.23283964e-01,
            8.76977324e-01, 5.53900182e-01, 3.98658842e-01,
            8.21759164e-01, 7.09176064e-01, 3.60523969e-01,
            8.54645729e-01, 8.64454329e-01, 2.75978118e-01,
            8.37155163e-01, 2.82083869e-01, 4.45272297e-01,
            8.62223804e-01, 2.18977988e-01, 5.70683479e-01,
            7.02753544e-01, 0.0, 0.0, 0.0, 6.02521300e-01,
            6.79902732e-01, 6.10939801e-01, 6.02302551e-01,
            6.36215627e-01, 6.10671937e-02, 6.02700770e-01,
            7.45422900e-01, 6.98033333e-01, 4.08294827e-01,
            6.90899670e-01, 7.02606201e-01, 2.09305108e-01,
            6.00840867e-01, 8.02616775e-01, 2.96642035e-01,
            7.72597313e-01, 8.05790722e-01, 0.0, 0.0, 0.0, 0.0, 0.0, 0.0,
            4.56879914e-01, 3.33254397e-01, 6.42370820e-01,
            3.30518544e-01, 3.46907377e-01, 5.89324951e-01 ]
    }
}
