{
    "pose_0": {
        "type_id": "opencv-matrix",
        "rows": 1,
        "cols": 18,
        "dt": "3f",
        "data": [ 0.0, 0.0, 0.0, 3.74270946e-01, 4.26145643e-01,
            8.82392228e-01, 5.14966607e-01, 3.98808539e-01,
            8.13783765e-01, 6.50900543e-01, 3.38641524e-01,
            8.44617248e-01, 6.36299372e-01, 2.59548157e-01,
            8.82870436e-01, 2.43000954e-01, 4.53395426e-01,
            7.88434863e-01, 1.84891880e-01, 5.79008818e-01,
            6.47196829e-01, 0.0, 0.0, 0.0, 5.63664973e-01,
            6.88079715e-01, 5.69917858e-01, 5.63627362e-01,
            6.38983488e-01, 8.04838017e-02, 5.63763976e-01,
            7.53637850e-01, 7.10063398e-01, 3.74164760e-01,
            7.07095206e-01, 6.80884242e-01, 1.70247585e-01,
            6.08916759e-01, 7.27977812e-01, 2.57822722e-01,
            7.75534511e-01, 8.00337851e-01, 0.0, 0.0, 0.0, 0.0, 0.0, 0.0,
            4.17988241e-01, 3.35988700e-01, 6.17563009e-01,
            2.91572034e-01, 3.52376461e-01, 6.32863760e-01 ]
    }
}
