{
    "pose_0": {
        "type_id": "opencv-matrix",
        "rows": 1,
        "cols": 18,
        "dt": "3f",
        "data": [ 4.91026610e-01, 2.73254156e-01, 7.65136838e-01,
            4.54238892e-01, 3.38613361e-01, 6.95500493e-01,
            4.58829135e-01, 3.38735640e-01, 8.19944620e-01,
            4.43474263e-01, 4.47941780e-01, 8.64617348e-01,
            4.84877884e-01, 5.07788360e-01, 8.82450640e-01,
            4.48150247e-01, 3.33277434e-01, 6.11144423e-01,
            4.51180488e-01, 4.53293204e-01, 6.15168102e-02, 0.0, 0.0,
            0.0, 4.60396856e-01, 5.40540218e-01, 6.23322606e-01,
            4.80290979e-01, 7.09725797e-01, 7.85874188e-01,
            4.83368993e-01, 8.65243673e-01, 7.47704387e-01,
            4.49646473e-01, 5.37877142e-01, 5.10306954e-01,
            4.48132694e-01, 7.06893563e-01, 8.44920337e-01,
            3.99045885e-01, 8.48749340e-01, 7.67435610e-01,
            4.85000849e-01, 2.65012771e-01, 7.78291583e-01, 0.0, 0.0,
            0.0, 4.72654462e-01, 2.67786145e-01, 7.10542500e-01, 0.0,
            0.0, 0.0 ]
    }
}
