{
    "pose_0": {
        "type_id": "opencv-matrix",
        "rows": 1,
        "cols": 18,
        "dt": "3f",
        "data": [ 4.46583956e-01, 2.76013762e-01, 9.18563664e-01,
            4.08243418e-01, 3.36027414e-01, 6.54418766e-01,
            4.09732729e-01, 3.36037278e-01, 8.52159321e-01,
            3.88326555e-01, 4.42253649e-01, 8.71793985e-01,
            4.29714411e-01, 4.91583198e-01, 8.82631660e-01,
            4.06702489e-01, 3.35865259e-01, 5.35680652e-01,
            4.03617620e-01, 4.45123613e-01, 5.68190701e-02, 0.0, 0.0,
            0.0, 4.11279649e-01, 5.37900388e-01, 6.33237064e-01,
            4.55795556e-01, 6.93269789e-01, 7.59327173e-01,
            4.89513040e-01, 8.37895691e-01, 7.80048251e-01,
            4.06721950e-01, 5.37853420e-01, 5.42784750e-01,
            4.00605977e-01, 7.09698439e-01, 7.98534334e-01,
            3.85254979e-01, 8.62443209e-01, 8.32187712e-01,
            4.40448314e-01, 2.67766386e-01, 8.72356415e-01,
            4.46553618e-01, 2.67735600e-01, 1.20082423e-01,
            4.22097147e-01, 2.67723709e-01, 7.92774498e-01, 0.0, 0.0,
            0.0 ]
    }
}
