{
    "pose_0": {
        "type_id": "opencv-matrix",
        "rows": 1,
        "cols": 18,
        "dt": "3f",
        "data": [ 4.34338480e-01, 2.73205638e-01, 9.65795219e-01,
            3.99099290e-01, 3.33287835e-01, 7.65215218e-01,
            3.92871767e-01, 3.33263755e-01, 8.31411839e-01,
            3.72892886e-01, 4.36907917e-01, 8.93068612e-01,
            4.11383301e-01, 4.91499662e-01, 8.89555871e-01,
            4.09765214e-01, 3.33248854e-01, 6.75828099e-01, 0.0, 0.0,
            0.0, 0.0, 0.0, 0.0, 3.97444040e-01, 5.35201252e-01,
            6.88338995e-01, 4.45059210e-01, 6.87985480e-01,
            7.80109406e-01, 4.89514202e-01, 8.24237645e-01,
            7.45839775e-01, 4.00577337e-01, 5.32433271e-01,
            5.54525673e-01, 3.97421688e-01, 7.06907988e-01,
            8.04840088e-01, 3.85251522e-01, 8.62391233e-01,
            8.15024555e-01, 4.29704577e-01, 2.59634048e-01,
            8.59368503e-01, 4.35766757e-01, 2.54252881e-01,
            1.82941183e-01, 4.11275893e-01, 2.59612888e-01,
            8.02832425e-01, 0.0, 0.0, 0.0 ]
    }
}
