{
    "pose_0": {
        "type_id": "opencv-matrix",
        "rows": 1,
        "cols": 18,
        "dt": "3f",
        "data": [ 8.04027915e-01, 2.70390153e-01, 6.51515365e-01,
            7.65576541e-01, 3.30527693e-01, 8.46884131e-01,
            7.79338300e-01, 3.33194017e-01, 8.39549303e-01,
            7.64021218e-01, 4.31423783e-01, 8.49013925e-01,
            8.02350223e-01, 4.91559178e-01, 9.37115729e-01,
            7.50254989e-01, 3.27835441e-01, 6.90135598e-01,
            7.41031468e-01, 4.20552880e-01, 2.58831322e-01,
            7.44109154e-01, 4.61389422e-01, 2.20884040e-01,
            7.76321054e-01, 5.35124481e-01, 6.58069670e-01,
            8.02331924e-01, 6.90668881e-01, 8.04376721e-01,
            8.02386343e-01, 8.54216516e-01, 7.46533275e-01,
            7.53265858e-01, 5.35088778e-01, 6.26404524e-01,
            7.67213464e-01, 6.98747337e-01, 8.24785590e-01,
            7.67143428e-01, 8.48795295e-01, 8.10469985e-01,
            8.02480102e-01, 2.51462728e-01, 7.08316803e-01, 0.0, 0.0,
            0.0, 7.90127158e-01, 2.51522571e-01, 6.68931663e-01,
            7.64089286e-01, 2.62273073e-01, 5.26881777e-02 ]
    }
}
