{
    "pose_0": {
        "type_id": "opencv-matrix",
        "rows": 1,
        "cols": 18,
        "dt": "3f",
        "data": [ 9.80302155e-01, 2.73310661e-01, 1.54246569e-01,
            9.38872993e-01, 3.38633329e-01, 9.19173419e-01,
            9.58827913e-01, 3.38600188e-01, 8.65064263e-01,
            9.40436900e-01, 4.45166618e-01, 8.80341172e-01,
            9.77253914e-01, 5.10481417e-01, 9.31676984e-01,
            9.18974876e-01, 3.38700801e-01, 7.61292398e-01,
            9.12812769e-01, 4.39676940e-01, 7.33148754e-01,
            9.18974042e-01, 4.66947168e-01, 4.41016138e-01,
            9.49585319e-01, 5.40541947e-01, 6.51290357e-01,
            9.52730894e-01, 7.09702134e-01, 8.55002344e-01,
            8.94427180e-01, 8.40581179e-01, 8.05883527e-01,
            9.35816169e-01, 5.35143793e-01, 4.65667725e-01,
            9.63497043e-01, 7.09733903e-01, 7.42057681e-01,
            9.61937785e-01, 8.59695554e-01, 7.95269787e-01,
            9.75767672e-01, 2.67663836e-01, 2.19904125e-01, 0.0, 0.0,
            0.0, 9.71104741e-01, 2.70386726e-01, 6.36370778e-01,
            9.37335789e-01, 2.56840080e-01, 1.68023437e-01 ]
    }
}
