{
    "pose_0": {
        "type_id": "opencv-matrix",
        "rows": 1,
        "cols": 18,
        "dt": "3f",
        "data": [ 5.07890880e-01, 2.73258477e-01, 8.30962360e-01,
            4.71095920e-01, 3.38688672e-01, 6.91165090e-01,
            4.72659379e-01, 3.41381133e-01, 8.19490910e-01,
            4.58835363e-01, 4.50559467e-01, 9.25531745e-01,
            5.00251710e-01, 5.10456920e-01, 8.82869720e-01,
            4.64996636e-01, 3.35869551e-01, 5.56692541e-01, 0.0, 0.0,
            0.0, 0.0, 0.0, 0.0, 4.72668111e-01, 5.40545225e-01,
            7.02869534e-01, 4.89535660e-01, 7.04267383e-01,
            7.32147455e-01, 4.83415157e-01, 8.70663643e-01,
            7.52953768e-01, 4.81859237e-01, 5.35124660e-01,
            5.01686990e-01, 4.86469150e-01, 7.04147279e-01,
            6.44941628e-01, 4.34283286e-01, 8.18799675e-01,
            7.29142368e-01, 5.04820526e-01, 2.64992207e-01,
            7.47478545e-01, 0.0, 0.0, 0.0, 4.88026530e-01,
            2.65041590e-01, 6.95178211e-01, 0.0, 0.0, 0.0 ]
    }
}
