{
    "pose_0": {
        "type_id": "opencv-matrix",
        "rows": 1,
        "cols": 18,
        "dt": "3f",
        "data": [ 2.48743296e-01, 2.92176038e-01, 9.57436383e-01,
            2.13464543e-01, 3.55082124e-01, 7.85508335e-01,
            2.02701703e-01, 3.49620134e-01, 8.42171311e-01,
            1.78207636e-01, 4.56053793e-01, 8.81710052e-01,
            2.24178404e-01, 5.15998304e-01, 8.68325889e-01,
            2.25685507e-01, 3.57781678e-01, 6.96620822e-01, 0.0, 0.0,
            0.0, 0.0, 0.0, 0.0, 2.07303256e-01, 5.59624970e-01,
            6.61970139e-01, 2.39471704e-01, 7.15179086e-01,
            7.90084422e-01, 2.64139563e-01, 8.78744125e-01,
            7.64537215e-01, 2.16503844e-01, 5.56971431e-01,
            5.39388955e-01, 1.91975191e-01, 7.28665531e-01,
            7.92953968e-01, 1.65872067e-01, 8.62434864e-01,
            7.76370347e-01, 2.41098464e-01, 2.73157597e-01,
            9.52486575e-01, 2.50284314e-01, 2.73262173e-01,
            2.95302331e-01, 2.24190742e-01, 2.70416826e-01,
            8.27497721e-01, 0.0, 0.0, 0.0 ]
    }
}
