{
    "pose_0": {
        "type_id": "opencv-matrix",
        "rows": 1,
        "cols": 18,
        "dt": "3f",
        "data": [ 1.42951772e-01, 2.92232603e-01, 9.38153744e-01,
            1.09130323e-01, 3.57692391e-01, 8.04428577e-01,
            9.07814428e-02, 3.54961276e-01, 8.11783254e-01,
            7.07880259e-02, 4.66848880e-01, 8.20275962e-01,
            1.12197295e-01, 5.26936233e-01, 8.17016661e-01,
            1.27610505e-01, 3.60437810e-01, 7.57341743e-01,
            1.36774078e-01, 4.69646841e-01, 1.40637457e-01,
            1.42872706e-01, 5.02389371e-01, 5.80444932e-02,
            9.53709483e-02, 5.62425852e-01, 6.64467335e-01,
            9.53753963e-02, 7.31413841e-01, 7.86243796e-01,
            7.85198882e-02, 8.89687955e-01, 7.45631516e-01,
            1.30674183e-01, 5.62382102e-01, 6.67671502e-01,
            1.41440138e-01, 7.23295748e-01, 7.99472868e-01,
            1.62818745e-01, 8.65206957e-01, 7.58768857e-01,
            1.39891461e-01, 2.73133188e-01, 9.78837907e-01,
            1.47528380e-01, 2.73361832e-01, 4.54509616e-01,
            1.18396088e-01, 2.65097409e-01, 7.53511250e-01, 0.0, 0.0,
            0.0 ]
    }
}
