{
    "pose_0": {
        "type_id": "opencv-matrix",
        "rows": 1,
        "cols": 18,
        "dt": "3f",
        "data": [ 3.95947903e-01, 2.73279309e-01, 9.80874181e-01,
            3.60742360e-01, 3.38673174e-01, 7.91364849e-01,
            3.50024492e-01, 3.36029917e-01, 9.17223811e-01,
            3.34612399e-01, 4.45204705e-01, 9.07318354e-01,
            3.73021245e-01, 5.07758617e-01, 9.00197923e-01,
            3.72904301e-01, 3.38686258e-01, 6.89148366e-01, 0.0, 0.0,
            0.0, 0.0, 0.0, 0.0, 3.62271756e-01, 5.46013892e-01,
            7.03561246e-01, 3.66830796e-01, 7.09763587e-01,
            8.23296547e-01, 3.00926536e-01, 8.32456887e-01,
            8.08283091e-01, 3.85236144e-01, 5.40606022e-01,
            5.95913291e-01, 3.86778235e-01, 7.09709644e-01,
            8.39053750e-01, 3.85191262e-01, 8.62394273e-01,
            8.15007627e-01, 3.88325512e-01, 2.59654969e-01,
            8.91724646e-01, 3.97453040e-01, 2.59633750e-01,
            1.15938708e-01, 3.71413052e-01, 2.56936550e-01,
            7.97323942e-01, 0.0, 0.0, 0.0 ]
    }
}
