{
    "pose_0": {
        "type_id": "opencv-matrix",
        "rows": 1,
        "cols": 18,
        "dt": "3f",
        "data": [ 3.71418357e-01, 2.78687507e-01, 9.40165281e-01,
            3.36119086e-01, 3.41531247e-01, 7.94019282e-01,
            3.25373232e-01, 3.38780433e-01, 8.80744815e-01,
            3.02435011e-01, 4.47938442e-01, 8.96187067e-01,
            3.46822768e-01, 5.10635972e-01, 9.03602064e-01,
            3.46912563e-01, 3.44167173e-01, 6.95300996e-01,
            3.60711545e-01, 4.66903269e-01, 2.69654006e-01,
            3.72887164e-01, 5.10594487e-01, 2.20687255e-01,
            3.31544578e-01, 5.54126143e-01, 6.80910468e-01,
            3.14718068e-01, 7.12401271e-01, 7.65238225e-01,
            2.73229122e-01, 8.56994271e-01, 7.83101559e-01,
            3.62160563e-01, 5.54178834e-01, 6.94181681e-01,
            3.66799563e-01, 7.06896603e-01, 7.93519557e-01,
            3.83703202e-01, 8.59733701e-01, 8.13206315e-01,
            3.63804251e-01, 2.67761111e-01, 9.17854965e-01,
            3.72931361e-01, 2.67839700e-01, 1.37436479e-01,
            3.46860021e-01, 2.62285531e-01, 7.81448543e-01, 0.0, 0.0,
            0.0 ]
    }
}
