{
    "pose_0": {
        "type_id": "opencv-matrix",
        "rows": 1,
        "cols": 18,
        "dt": "3f",
        "data": [ 5.44686615e-01, 2.73351341e-01, 8.98292601e-01,
            5.07944345e-01, 3.38818669e-01, 6.77644014e-01,
            5.06360292e-01, 3.38856250e-01, 8.10077429e-01,
            4.86446708e-01, 4.47974980e-01, 9.16658401e-01,
            5.24795592e-01, 5.13288379e-01, 8.82686138e-01,
            5.11017501e-01, 3.38728964e-01, 5.57805836e-01,
            5.07934749e-01, 4.66819137e-01, 5.29312789e-02, 0.0, 0.0,
            0.0, 5.04849672e-01, 5.40554941e-01, 6.74126327e-01,
            5.04838765e-01, 7.07044661e-01, 7.42673635e-01,
            4.84852225e-01, 8.65156233e-01, 8.25433016e-01,
            5.15604019e-01, 5.37790358e-01, 5.73909461e-01,
            5.32476962e-01, 6.87820196e-01, 7.15212107e-01,
            5.67724586e-01, 8.35138023e-01, 7.73808420e-01,
            5.37094414e-01, 2.67676324e-01, 8.24269295e-01,
            5.44667304e-01, 2.62343556e-01, 1.81363851e-01,
            5.20241857e-01, 2.65056938e-01, 7.48028398e-01, 0.0, 0.0,
            0.0 ]
    }
}
