{
    "pose_0": {
        "type_id": "opencv-matrix",
        "rows": 1,
        "cols": 18,
        "dt": "3f",
        "data": [ 2.13461280e-01, 2.81472266e-01, 9.30208743e-01,
            1.78162485e-01, 3.44217390e-01, 8.41683865e-01,
            1.64302334e-01, 3.41528118e-01, 8.23096991e-01,
            1.41352043e-01, 4.47935879e-01, 9.34247494e-01,
            1.84288725e-01, 5.10532856e-01, 8.75475764e-01,
            1.93494648e-01, 3.44172180e-01, 7.33231664e-01,
            2.01180980e-01, 4.64072824e-01, 2.30276480e-01,
            2.13440523e-01, 4.69621330e-01, 9.42728817e-02,
            1.75083011e-01, 5.56913197e-01, 7.05673635e-01,
            1.99661553e-01, 7.23289192e-01, 8.04386377e-01,
            1.64419949e-01, 8.62492561e-01, 7.13081956e-01,
            1.98141828e-01, 5.54197907e-01, 6.06726289e-01,
            1.84311211e-01, 7.20591545e-01, 7.18552947e-01,
            1.65853605e-01, 8.59628320e-01, 6.07418537e-01,
            2.07318291e-01, 2.70352334e-01, 9.09515023e-01,
            2.14941874e-01, 2.70515352e-01, 2.99270868e-01,
            1.88836917e-01, 2.62331128e-01, 7.96005070e-01, 0.0, 0.0,
            0.0 ]
    }
}
