{
    "pose_0": {
        "type_id": "opencv-matrix",
        "rows": 1,
        "cols": 18,
        "dt": "3f",
        "data": [ 8.40724349e-01, 2.73387253e-01, 2.80418485e-01,
            8.02370250e-01, 3.36061895e-01, 9.15267885e-01,
            8.20801079e-01, 3.36000532e-01, 8.58687639e-01,
            8.03983033e-01, 4.42315996e-01, 8.71541858e-01,
            8.40695918e-01, 4.99681860e-01, 8.87956858e-01,
            7.80905724e-01, 3.38742793e-01, 7.97388673e-01,
            7.73247004e-01, 4.42378879e-01, 5.84265471e-01,
            7.77915716e-01, 5.29625356e-01, 3.31378013e-01,
            8.14695239e-01, 5.43273151e-01, 6.60689890e-01,
            8.40784490e-01, 7.01536775e-01, 7.78694928e-01,
            8.63746107e-01, 8.59780490e-01, 8.43122303e-01,
            7.80976713e-01, 5.40539503e-01, 6.66985571e-01,
            7.88605928e-01, 7.06844985e-01, 7.93688536e-01,
            7.67203987e-01, 8.51486564e-01, 7.49950588e-01,
            8.39258552e-01, 2.67734498e-01, 3.53503495e-01, 0.0, 0.0,
            0.0, 8.30025017e-01, 2.70430446e-01, 7.04158545e-01,
            8.02376807e-01, 2.64997900e-01, 1.27231538e-01 ]
    }
}
