{
    "pose_0": {
        "type_id": "opencv-matrix",
        "rows": 1,
        "cols": 18,
        "dt": "3f",
        "data": [ 7.88608372e-01, 2.67779529e-01, 6.28910840e-01,
            7.45678604e-01, 3.30518454e-01, 8.25111568e-01,
            7.61008441e-01, 3.33224475e-01, 8.20244849e-01,
            7.44102001e-01, 4.34201479e-01, 8.54862452e-01,
            7.80993640e-01, 4.96875435e-01, 8.62848699e-01,
            7.30394781e-01, 3.30506563e-01, 7.54323363e-01,
            7.19567597e-01, 4.17804927e-01, 6.00118160e-01,
            7.27231324e-01, 4.58726913e-01, 4.93427396e-01,
            7.54831791e-01, 5.32437444e-01, 6.77279651e-01,
            7.67152548e-01, 7.04162002e-01, 8.00402641e-01,
            7.11909294e-01, 8.29653740e-01, 7.61172056e-01,
            7.42619216e-01, 5.29684246e-01, 4.87476826e-01,
            7.74780750e-01, 6.96043253e-01, 6.08695328e-01,
            7.67199099e-01, 8.56970131e-01, 8.08978558e-01,
            7.85531461e-01, 2.51399815e-01, 6.68708384e-01, 0.0, 0.0,
            0.0, 7.71723986e-01, 2.51541436e-01, 6.66700006e-01,
            7.42608786e-01, 2.51466691e-01, 1.06970996e-01 ]
    }
}
