{
    "pose_0": {
        "type_id": "opencv-matrix",
        "rows": 1,
        "cols": 18,
        "dt": "3f",
        "data": [ 1.79704189e-01, 2.89627939e-01, 9.21228886e-01,
            1.44461632e-01, 3.55026692e-01, 8.02551687e-01,
            1.27572924e-01, 3.49604368e-01, 7.95523286e-01,
            1.04611523e-01, 4.53237832e-01, 8.60719800e-01,
            1.47523627e-01, 5.16107798e-01, 8.35799575e-01,
            1.65858045e-01, 3.57760131e-01, 7.63892353e-01,
            1.76640868e-01, 4.66854006e-01, 3.26243460e-01,
            1.88865259e-01, 5.18735290e-01, 2.54009545e-01,
            1.38282761e-01, 5.57003796e-01, 6.80059612e-01,
            1.29072487e-01, 7.23324716e-01, 8.17729235e-01,
            9.07010287e-02, 8.62422884e-01, 8.12814891e-01,
            1.72062173e-01, 5.56975603e-01, 6.60835326e-01,
            1.69003636e-01, 7.23353446e-01, 7.76466668e-01,
            1.68966770e-01, 8.73368204e-01, 7.45952427e-01,
            1.76639959e-01, 2.70637572e-01, 9.60462689e-01,
            1.82779998e-01, 2.73255587e-01, 4.42940265e-01,
            1.53682813e-01, 2.67680198e-01, 7.78725743e-01, 0.0, 0.0,
            0.0 ]
    }
}
