{
    "pose_0": {
        "type_id": "opencv-matrix",
        "rows": 1,
        "cols": 18,
        "dt": "3f",
        "data": [ 9.20532167e-01, 2.70501882e-01, 8.39838013e-02,
            8.77547085e-01, 3.35879862e-01, 9.08399761e-01,
            8.98969948e-01, 3.35879564e-01, 8.57672393e-01,
            8.79072905e-01, 4.42284793e-01, 8.39957476e-01,
            9.14371848e-01, 5.05114317e-01, 9.18348372e-01,
            8.59163105e-01, 3.35939467e-01, 7.70084560e-01,
            8.51453722e-01, 4.39573407e-01, 7.00730562e-01,
            8.65277350e-01, 4.69579190e-01, 1.15146078e-01,
            8.88248444e-01, 5.35058379e-01, 6.55335844e-01,
            8.82187009e-01, 7.07021713e-01, 7.72382975e-01,
            8.65238905e-01, 8.62448573e-01, 8.78336608e-01,
            8.66818070e-01, 5.32408655e-01, 5.99650502e-01,
            9.00614679e-01, 6.90563500e-01, 7.61528194e-01,
            9.28231657e-01, 8.35200429e-01, 7.46202111e-01,
            9.15908992e-01, 2.54185498e-01, 1.28433213e-01, 0.0, 0.0,
            0.0, 9.11269546e-01, 2.62282819e-01, 5.93611121e-01,
            8.76090467e-01, 2.51376122e-01, 1.82161838e-01 ]
    }
}
