{
    "pose_0": {
        "type_id": "opencv-matrix",
        "rows": 1,
        "cols": 18,
        "dt": "3f",
        "data": [ 5.20161331e-01, 2.73367167e-01, 8.01165104e-01,
            4.81865436e-01, 3.36055368e-01, 6.92842066e-01,
            4.84908611e-01, 3.38724911e-01, 8.26865613e-01,
            4.71077234e-01, 4.50574160e-01, 9.16870177e-01,
            5.07926583e-01, 5.07871449e-01, 9.04014468e-01,
            4.75713581e-01, 3.33200246e-01, 5.72772026e-01, 0.0, 0.0,
            0.0, 0.0, 0.0, 0.0, 4.84913319e-01, 5.43321729e-01,
            7.31421232e-01, 4.94086891e-01, 7.07037270e-01,
            7.98517525e-01, 4.83420253e-01, 8.62477124e-01,
            8.20127189e-01, 4.95674461e-01, 5.37884593e-01,
            5.58808804e-01, 5.18690407e-01, 7.04215109e-01,
            8.40908766e-01, 4.72703636e-01, 8.37826073e-01,
            7.33501196e-01, 5.15585363e-01, 2.65073150e-01,
            7.21405804e-01, 5.20173430e-01, 2.65077114e-01,
            1.22364379e-01, 4.98735756e-01, 2.62321919e-01,
            6.79905593e-01, 0.0, 0.0, 0.0 ]
    }
}
