{
    "pose_0": {
        "type_id": "opencv-matrix",
        "rows": 1,
        "cols": 18,
        "dt": "3f",
        "data": [ 3.91375393e-01, 2.73312837e-01, 9.65181172e-01,
            3.57595503e-01, 3.38704079e-01, 7.44466603e-01,
            3.48425359e-01, 3.36101353e-01, 9.18817580e-01,
            3.27004969e-01, 4.47703749e-01, 8.98616135e-01,
            3.71409237e-01, 5.07784784e-01, 8.77482176e-01,
            3.63801450e-01, 3.38610113e-01, 6.56804502e-01, 0.0, 0.0,
            0.0, 0.0, 0.0, 0.0, 3.59161466e-01, 5.48775256e-01,
            6.92395866e-01, 3.60619426e-01, 7.09698796e-01,
            8.32463503e-01, 2.96253055e-01, 8.35089087e-01,
            7.71395802e-01, 3.76062959e-01, 5.48760533e-01,
            6.09813988e-01, 3.85240078e-01, 7.09591687e-01,
            8.90997648e-01, 3.85199577e-01, 8.62338006e-01,
            7.93012619e-01, 3.86791706e-01, 2.59621471e-01,
            9.17718112e-01, 0.0, 0.0, 0.0, 3.68356317e-01,
            2.54150927e-01, 8.01708102e-01, 0.0, 0.0, 0.0 ]
    }
}
