{
    "pose_0": {
        "type_id": "opencv-matrix",
        "rows": 1,
        "cols": 18,
        "dt": "3f",
        "data": [ 4.72675771e-01, 2.86865294e-01, 9.07539368e-01,
            4.35837924e-01, 3.38830590e-01, 7.19868898e-01,
            4.40471411e-01, 3.41478646e-01, 7.83136725e-01,
            4.25137818e-01, 4.50615078e-01, 8.78776312e-01,
            4.68017250e-01, 5.10452032e-01, 8.96242619e-01,
            4.31248099e-01, 3.36056888e-01, 6.04209483e-01, 0.0, 0.0,
            0.0, 0.0, 0.0, 0.0, 4.46519971e-01, 5.54140091e-01,
            6.29570961e-01, 4.61956561e-01, 7.12442160e-01,
            7.49286771e-01, 4.81859833e-01, 8.62544179e-01,
            7.93813109e-01, 4.28197592e-01, 5.54098845e-01,
            5.66537738e-01, 4.21990395e-01, 7.09588826e-01,
            8.33599210e-01, 3.88318211e-01, 8.59713197e-01,
            7.64170706e-01, 4.71057475e-01, 2.70585656e-01,
            9.13536608e-01, 0.0, 0.0, 0.0, 4.51156467e-01,
            2.70483077e-01, 7.53087521e-01, 0.0, 0.0, 0.0 ]
    }
}
