{
    "pose_0": {
        "type_id": "opencv-matrix",
        "rows": 1,
        "cols": 18,
        "dt": "3f",
        "data": [ 6.79727852e-01, 2.73202568e-01, 6.21807158e-01,
            6.39811873e-01, 3.33267540e-01, 8.07971716e-01,
            6.49042487e-01, 3.35986137e-01, 7.91439533e-01,
            6.33710265e-01, 4.44958031e-01, 8.64186704e-01,
            6.75118148e-01, 5.07766604e-01, 8.78844738e-01,
            6.27574146e-01, 3.33144277e-01, 6.96007192e-01,
            6.09184802e-01, 4.12401170e-01, 4.60278422e-01,
            6.16831183e-01, 4.55950052e-01, 3.72115076e-01,
            6.44506335e-01, 5.37812889e-01, 6.52778864e-01,
            6.72024131e-01, 6.98753893e-01, 7.20770836e-01,
            6.87353313e-01, 8.62344682e-01, 7.87588656e-01,
            6.22978806e-01, 5.35110593e-01, 6.26851022e-01,
            6.19862258e-01, 6.87965095e-01, 8.32132459e-01,
            5.83144248e-01, 8.40675771e-01, 7.82175720e-01,
            6.78152978e-01, 2.59623706e-01, 6.08788192e-01, 0.0, 0.0,
            0.0, 6.64394200e-01, 2.62353688e-01, 6.89952016e-01, 0.0,
            0.0, 0.0 ]
    }
}
