{
    "pose_0": {
        "type_id": "opencv-matrix",
        "rows": 1,
        "cols": 18,
        "dt": "3f",
        "data": [ 9.60355818e-01, 2.78718710e-01, 9.09023359e-02,
            9.17412043e-01, 3.41471493e-01, 8.43995094e-01,
            9.37417209e-01, 3.41391146e-01, 8.98683131e-01,
            9.22011077e-01, 4.45196807e-01, 8.54019403e-01,
            9.57309365e-01, 5.10664225e-01, 9.53106105e-01,
            8.97517860e-01, 3.46845627e-01, 7.55538464e-01,
            8.89835477e-01, 4.45125133e-01, 7.63151407e-01,
            9.02141273e-01, 4.72351372e-01, 5.45575202e-01,
            9.28226531e-01, 5.51434994e-01, 6.46581054e-01,
            9.12823617e-01, 7.09798634e-01, 8.02099228e-01,
            8.65376770e-01, 8.57014120e-01, 7.67020464e-01,
            9.09751475e-01, 5.48726380e-01, 5.22509277e-01,
            9.40472901e-01, 7.06908226e-01, 7.32697308e-01,
            9.60377097e-01, 8.51533949e-01, 7.26012588e-01,
            9.58841324e-01, 2.67807603e-01, 1.68667406e-01, 0.0, 0.0,
            0.0, 9.49625731e-01, 2.70533830e-01, 7.05852091e-01,
            9.15910602e-01, 2.67721027e-01, 1.62029982e-01 ]
    }
}
