{
    "pose_0": {
        "type_id": "opencv-matrix",
        "rows": 1,
        "cols": 18,
        "dt": "3f",
        "data": [ 0.0, 0.0, 0.0, 1.00184727e+00, 3.52353841e-01,
            5.21010943e-02, 1.00180483e+00, 3.54981780e-01,
            5.15416086e-01, 9.81842518e-01, 4.45129424e-01,
            5.36900759e-01, 1.00180376e+00, 4.86029953e-01,
            3.05780172e-01, 1.00183022e+00, 3.49608481e-01,
            6.27968684e-02, 9.78814483e-01, 4.50526297e-01,
            6.12905100e-02, 0.0, 0.0, 0.0, 0.0, 0.0, 0.0, 0.0, 0.0, 0.0,
            0.0, 0.0, 0.0, 0.0, 0.0, 0.0, 0.0, 0.0, 0.0, 0.0, 0.0, 0.0,
            0.0, 0.0, 0.0, 0.0, 0.0, 0.0, 0.0, 0.0, 0.0, 0.0, 0.0, 0.0 ]
    }
}
