{
    "pose_0": {
        "type_id": "opencv-matrix",
        "rows": 1,
        "cols": 18,
        "dt": "3f",
        "data": [ 7.18002200e-01, 2.70413339e-01, 7.45695949e-01,
            6.76641703e-01, 3.27745765e-01, 8.03142071e-01,
            6.90465391e-01, 3.30484927e-01, 8.01038742e-01,
            6.73577964e-01, 4.42277044e-01, 8.29217672e-01,
            7.11934328e-01, 4.94185656e-01, 8.75809431e-01,
            6.59754813e-01, 3.27754468e-01, 7.09550381e-01,
            6.50594831e-01, 4.15080935e-01, 5.25794923e-01,
            6.56677186e-01, 4.50560451e-01, 3.78981292e-01,
            6.81266904e-01, 5.32379150e-01, 6.76022410e-01,
            6.90469384e-01, 6.87970281e-01, 7.31510282e-01,
            6.84299588e-01, 8.62424493e-01, 7.31226981e-01,
            6.68927133e-01, 5.32335043e-01, 5.48070073e-01,
            6.88892484e-01, 6.87862635e-01, 6.78367198e-01,
            6.39812589e-01, 8.07917595e-01, 7.10023224e-01,
            7.16459811e-01, 2.51503021e-01, 7.60467112e-01, 0.0, 0.0,
            0.0, 7.01159239e-01, 2.51412690e-01, 6.91662312e-01, 0.0,
            0.0, 0.0 ]
    }
}
