{
    "pose_0": {
        "type_id": "opencv-matrix",
        "rows": 1,
        "cols": 18,
        "dt": "3f",
        "data": [ 6.15313768e-01, 2.73122787e-01, 8.88912439e-01,
            5.78449249e-01, 3.35915744e-01, 7.00231314e-01,
            5.81519485e-01, 3.36050063e-01, 8.27428758e-01,
            5.63126206e-01, 4.45145130e-01, 8.74890387e-01,
            6.04538023e-01, 4.96875733e-01, 8.77147198e-01,
            5.72369933e-01, 3.30534041e-01, 6.07061505e-01,
            5.75396776e-01, 4.45146143e-01, 6.77435026e-02, 0.0, 0.0,
            0.0, 5.81546843e-01, 5.37824690e-01, 6.91267908e-01,
            6.06059551e-01, 7.09576428e-01, 8.10584068e-01,
            5.47786593e-01, 8.21567833e-01, 7.55253136e-01,
            5.83045065e-01, 5.35036504e-01, 4.88394409e-01,
            5.92239797e-01, 7.06878722e-01, 7.07915068e-01,
            5.83039165e-01, 8.54252815e-01, 7.72758126e-01,
            6.09156013e-01, 2.56905079e-01, 8.50481153e-01,
            6.16855919e-01, 2.56839275e-01, 1.84901983e-01,
            5.93800604e-01, 2.62279421e-01, 7.02202499e-01, 0.0, 0.0,
            0.0 ]
    }
}
