{
    "pose_0": {
        "type_id": "opencv-matrix",
        "rows": 1,
        "cols": 18,
        "dt": "3f",
        "data": [ 7.44156003e-01, 2.67757237e-01, 6.39806688e-01,
            7.04234779e-01, 3.22340131e-01, 7.96589077e-01,
            7.14957058e-01, 3.27777207e-01, 7.92627692e-01,
            6.93512380e-01, 4.36849207e-01, 9.01112556e-01,
            7.30284810e-01, 4.99604672e-01, 9.39386606e-01,
            6.93466127e-01, 3.17002118e-01, 6.99231446e-01,
            6.81294978e-01, 4.25982267e-01, 7.39089623e-02, 0.0, 0.0,
            0.0, 7.02678323e-01, 5.32332480e-01, 6.84736431e-01,
            6.96568787e-01, 6.90563798e-01, 7.09080815e-01,
            6.82792008e-01, 8.59742284e-01, 8.15205574e-01,
            6.98097467e-01, 5.29633760e-01, 4.88180816e-01,
            7.22656488e-01, 6.71505034e-01, 6.63855195e-01,
            7.54918218e-01, 8.24292183e-01, 7.26508915e-01,
            7.42556155e-01, 2.51334101e-01, 7.23752975e-01, 0.0, 0.0,
            0.0, 7.28761375e-01, 2.51409948e-01, 6.89396858e-01, 0.0,
            0.0, 0.0 ]
    }
}
