{
    "pose_0": {
        "type_id": "opencv-matrix",
        "rows": 1,
        "cols": 18,
        "dt": "3f",
        "data": [ 3.98974925e-01, 2.73363888e-01, 9.86552358e-01,
            3.63773763e-01, 3.38614106e-01, 7.84104764e-01,
            3.54580700e-01, 3.36026043e-01, 8.56729269e-01,
            3.36216480e-01, 4.47707742e-01, 9.58468378e-01,
            3.76050502e-01, 5.05080938e-01, 8.65553975e-01,
            3.74462098e-01, 3.36003482e-01, 6.99122012e-01, 0.0, 0.0,
            0.0, 0.0, 0.0, 0.0, 3.63784224e-01, 5.51403224e-01,
            6.87157750e-01, 3.74507904e-01, 7.12368309e-01,
            8.57058644e-01, 3.11543763e-01, 8.32384467e-01,
            7.77682662e-01, 3.85278195e-01, 5.43318272e-01,
            5.88009119e-01, 3.88282299e-01, 7.12417603e-01,
            7.80529082e-01, 3.85190278e-01, 8.62368405e-01,
            8.04786444e-01, 3.94396335e-01, 2.64986336e-01,
            8.84222448e-01, 3.97574544e-01, 2.65030682e-01,
            1.75444722e-01, 3.73005778e-01, 2.56939381e-01,
            8.22189987e-01, 0.0, 0.0, 0.0 ]
    }
}
