{
    "pose_0": {
        "type_id": "opencv-matrix",
        "rows": 1,
        "cols": 18,
        "dt": "3f",
        "data": [ 9.88064647e-01, 2.75966495e-01, 1.46972194e-01,
            9.51152980e-01, 3.35946888e-01, 9.23178136e-01,
            9.71113145e-01, 3.35966527e-01, 8.65268886e-01,
            9.51198757e-01, 4.44965988e-01, 8.82762849e-01,
            9.89597142e-01, 5.02416313e-01, 8.06779861e-01,
            9.31260884e-01, 3.36006761e-01, 7.82466888e-01,
            9.25130308e-01, 4.31463063e-01, 7.43850648e-01,
            9.29730833e-01, 4.66829628e-01, 4.76784408e-01,
            9.63447273e-01, 5.37897587e-01, 6.48060501e-01,
            9.86431837e-01, 7.09618092e-01, 7.91965663e-01,
            9.35800076e-01, 8.29675674e-01, 6.27356172e-01,
            9.37352777e-01, 5.37861645e-01, 6.18075490e-01,
            9.60377693e-01, 7.04176843e-01, 7.46286809e-01,
            9.61936235e-01, 8.54242146e-01, 6.38166547e-01,
            9.87928987e-01, 2.70316452e-01, 2.12022260e-01, 0.0, 0.0,
            0.0, 9.77303624e-01, 2.70408690e-01, 6.55660093e-01,
            9.49599981e-01, 2.59644955e-01, 1.55483529e-01 ]
    }
}
