{
    "pose_0": {
        "type_id": "opencv-matrix",
        "rows": 1,
        "cols": 18,
        "dt": "3f",
        "data": [ 8.80607367e-01, 2.70477027e-01, 2.71438301e-01,
            8.40721071e-01, 3.36081982e-01, 9.44470942e-01,
            8.63687992e-01, 3.35984528e-01, 9.14415717e-01,
            8.51518214e-01, 4.45031285e-01, 9.09912288e-01,
            8.88214886e-01, 4.99617338e-01, 8.99049997e-01,
            8.17777097e-01, 3.38697702e-01, 8.14611614e-01,
            8.14601362e-01, 4.45063859e-01, 7.39245653e-01,
            8.34618092e-01, 4.75115299e-01, 2.29123399e-01,
            8.56127977e-01, 5.40532172e-01, 6.34212732e-01,
            8.65377426e-01, 7.12442398e-01, 7.84093976e-01,
            8.65343809e-01, 8.65191042e-01, 7.87952483e-01,
            8.28427851e-01, 5.37882507e-01, 6.58614874e-01,
            8.40771735e-01, 7.04269171e-01, 8.48069072e-01,
            7.93229342e-01, 8.35151553e-01, 7.24062443e-01,
            8.79075289e-01, 2.54174739e-01, 3.55160058e-01, 0.0, 0.0,
            0.0, 8.71419013e-01, 2.62366533e-01, 6.76067293e-01,
            8.39128971e-01, 2.56864637e-01, 1.30993739e-01 ]
    }
}
