{
    "pose_0": {
        "type_id": "opencv-matrix",
        "rows": 1,
        "cols": 18,
        "dt": "3f",
        "data": [ 3.48347157e-01, 2.73348391e-01, 9.79395807e-01,
            3.10047001e-01, 3.38667750e-01, 7.07784295e-01,
            3.00898939e-01, 3.35970998e-01, 9.09639597e-01,
            2.76387036e-01, 4.45013374e-01, 9.24028277e-01,
            3.17747116e-01, 5.10516942e-01, 8.74076188e-01,
            3.13206553e-01, 3.38630170e-01, 6.17224574e-01, 0.0, 0.0,
            0.0, 0.0, 0.0, 0.0, 3.02384377e-01, 5.51424325e-01,
            6.83373213e-01, 2.96277136e-01, 7.09740818e-01,
            8.02366078e-01, 2.65651226e-01, 8.62493873e-01,
            7.84885108e-01, 3.25403363e-01, 5.48766732e-01,
            6.36386275e-01, 3.48384768e-01, 6.87985241e-01,
            8.12325060e-01, 3.80653292e-01, 8.40536058e-01,
            7.91680515e-01, 3.42288315e-01, 2.59604067e-01,
            8.78455520e-01, 3.48395526e-01, 2.56904691e-01,
            7.67308697e-02, 3.22352678e-01, 2.51484364e-01,
            8.29729319e-01, 0.0, 0.0, 0.0 ]
    }
}
