{
    "pose_0": {
        "type_id": "opencv-matrix",
        "rows": 1,
        "cols": 18,
        "dt": "3f",
        "data": [ 0.0, 0.0, 0.0, 9.74116802e-01, 3.38657558e-01,
            8.04474294e-01, 9.89549577e-01, 3.36080521e-01,
            7.09157586e-01, 9.83407617e-01, 4.36941087e-01,
            7.04100907e-01, 1.00180435e+00, 4.88713652e-01,
            6.60271868e-02, 9.51180518e-01, 3.38703752e-01,
            7.76399612e-01, 9.40435112e-01, 4.47716504e-01,
            7.87818074e-01, 9.61905360e-01, 4.88704890e-01,
            3.54149520e-01, 9.88026857e-01, 5.40548205e-01,
            4.69567150e-01, 0.0, 0.0, 0.0, 0.0, 0.0, 0.0, 9.55772221e-01,
            5.40593565e-01, 6.01861715e-01, 9.71143901e-01,
            7.07022846e-01, 7.90233135e-01, 9.63455200e-01,
            8.62376750e-01, 7.39052653e-01, 0.0, 0.0, 0.0, 0.0, 0.0, 0.0,
            1.00182736e+00, 2.67800659e-01, 2.49005750e-01,
            9.72645223e-01, 2.56899267e-01, 2.08582789e-01 ]
    }
}
