{
    "pose_0": {
        "type_id": "opencv-matrix",
        "rows": 1,
        "cols": 18,
        "dt": "3f",
        "data": [ 9.68037724e-01, 2.73144096e-01, 3.03807110e-01,
            9.26610649e-01, 3.38673145e-01, 9.23566580e-01,
            9.48096633e-01, 3.36079925e-01, 8.95413756e-01,
            9.28234875e-01, 4.45033938e-01, 8.49318027e-01,
            9.66544926e-01, 5.10473609e-01, 9.15888667e-01,
            9.05175447e-01, 3.38827908e-01, 7.72695303e-01,
            9.02089953e-01, 4.45036650e-01, 7.04321802e-01,
            9.09751415e-01, 4.69553769e-01, 3.69938701e-01,
            9.38886344e-01, 5.46046197e-01, 6.49668694e-01,
            9.26605761e-01, 7.09657848e-01, 8.17274809e-01,
            8.76038790e-01, 8.56928229e-01, 7.85369217e-01,
            9.17471826e-01, 5.40588915e-01, 5.22232831e-01,
            9.49689329e-01, 7.04163074e-01, 7.17815578e-01,
            9.60374296e-01, 8.54223907e-01, 7.30712950e-01,
            9.64958549e-01, 2.62282282e-01, 3.81748080e-01, 0.0, 0.0,
            0.0, 9.54250515e-01, 2.67707318e-01, 6.57565951e-01,
            9.25109029e-01, 2.62314200e-01, 1.27745688e-01 ]
    }
}
