{
    "pose_0": {
        "type_id": "opencv-matrix",
        "rows": 1,
        "cols": 18,
        "dt": "3f",
        "data": [ 8.63835514e-01, 2.73394883e-01, 8.09612498e-02,
            8.25375497e-01, 3.38622153e-01, 9.06924844e-01,
            8.43856275e-01, 3.36100519e-01, 8.81392300e-01,
            8.37629557e-01, 4.45058644e-01, 8.92219782e-01,
            8.72950792e-01, 4.99666721e-01, 8.57416451e-01,
            8.02354813e-01, 3.38758022e-01, 8.41772139e-01,
            7.93255329e-01, 4.44985121e-01, 7.30555177e-01,
            8.11605930e-01, 4.83262241e-01, 4.24734563e-01,
            8.40813160e-01, 5.43319464e-01, 6.44071996e-01,
            8.59155118e-01, 7.07048535e-01, 7.61152029e-01,
            8.65338922e-01, 8.62539232e-01, 8.26548576e-01,
            8.08529615e-01, 5.40562987e-01, 6.38442874e-01,
            8.13142002e-01, 7.04212427e-01, 8.16852152e-01,
            7.77820826e-01, 8.40634644e-01, 7.78450310e-01,
            8.63794863e-01, 2.67804354e-01, 1.41797319e-01, 0.0, 0.0,
            0.0, 8.56100082e-01, 2.70479262e-01, 6.93100393e-01,
            8.22369397e-01, 2.62287229e-01, 2.10833415e-01 ]
    }
}
