{
    "pose_0": {
        "type_id": "opencv-matrix",
        "rows": 1,
        "cols": 18,
        "dt": "3f",
        "data": [ 0.0, 0.0, 0.0, 1.00181007e+00, 3.41441929e-01,
            5.88212550e-01, 1.00184965e+00, 3.35962534e-01,
            1.62686318e-01, 0.0, 0.0, 0.0, 0.0, 0.0, 0.0, 9.64965999e-01,
            3.38793218e-01, 7.37308741e-01, 9.51114416e-01,
            4.45101380e-01, 8.15089285e-01, 9.74145412e-01,
            4.88775581e-01, 4.21162963e-01, 1.00183797e+00,
            5.48741043e-01, 1.71744168e-01, 0.0, 0.0, 0.0, 0.0, 0.0, 0.0,
            9.68064189e-01, 5.51487148e-01, 6.05838597e-01,
            9.77276444e-01, 7.09738016e-01, 8.06454122e-01,
            9.63492751e-01, 8.59652817e-01, 7.12442875e-01, 0.0, 0.0,
            0.0, 0.0, 0.0, 0.0, 0.0, 0.0, 0.0, 9.83393610e-01,
            2.59580553e-01, 1.16383240e-01 ]
    }
}
