{
    "pose_0": {
        "type_id": "opencv-matrix",
        "rows": 1,
        "cols": 18,
        "dt": "3f",
        "data": [ 0.0, 0.0, 0.0, 9.77302790e-01, 3.38697404e-01,
            7.62988508e-01, 1.00181508e+00, 3.38664144e-01,
            6.39836550e-01, 9.89549756e-01, 4.39591736e-01,
            5.78303337e-01, 0.0, 0.0, 0.0, 9.58850145e-01,
            3.38711858e-01, 7.23665059e-01, 9.43539917e-01,
            4.45044696e-01, 7.66788125e-01, 9.63422537e-01,
            4.77851152e-01, 4.90330577e-01, 1.00180757e+00,
            5.43251574e-01, 3.67364079e-01, 0.0, 0.0, 0.0, 0.0, 0.0, 0.0,
            9.61959660e-01, 5.43270409e-01, 6.20845318e-01,
            9.74223673e-01, 7.07043052e-01, 8.30229759e-01,
            9.63496506e-01, 8.62484992e-01, 7.53710210e-01, 0.0, 0.0,
            0.0, 0.0, 0.0, 0.0, 1.00184059e+00, 2.70456314e-01,
            1.99477017e-01, 9.75707650e-01, 2.56835222e-01,
            1.41281605e-01 ]
    }
}
