{
    "pose_0": {
        "type_id": "opencv-matrix",
        "rows": 1,
        "cols": 18,
        "dt": "3f",
        "data": [ 4.11264986e-01, 2.73267835e-01, 9.96253908e-01,
            3.74556929e-01, 3.36061507e-01, 7.91102767e-01,
            3.66811961e-01, 3.35920423e-01, 8.58117402e-01,
            3.48418176e-01, 4.45047736e-01, 9.52105165e-01,
            3.86821955e-01, 4.94246811e-01, 9.18792903e-01,
            3.85243595e-01, 3.36002976e-01, 6.97060227e-01, 0.0, 0.0,
            0.0, 0.0, 0.0, 0.0, 3.74508560e-01, 5.45982659e-01,
            6.98236048e-01, 3.99058014e-01, 7.09596395e-01,
            8.53129447e-01, 3.60743225e-01, 8.59730959e-01,
            8.21174264e-01, 3.86769950e-01, 5.40522635e-01,
            5.50728738e-01, 3.95919651e-01, 7.07008481e-01,
            6.85765386e-01, 3.83710563e-01, 8.51544023e-01,
            7.38950908e-01, 4.06706005e-01, 2.62282073e-01,
            8.92976463e-01, 4.11230922e-01, 2.59588271e-01,
            1.79239094e-01, 3.85291368e-01, 2.56896406e-01,
            8.21615934e-01, 0.0, 0.0, 0.0 ]
    }
}
