{
    "pose_0": {
        "type_id": "opencv-matrix",
        "rows": 1,
        "cols": 18,
        "dt": "3f",
        "data": [ 2.93188065e-01, 2.73191452e-01, 9.66349661e-01,
            2.54855931e-01, 3.38637024e-01, 7.14637637e-01,
            2.50265062e-01, 3.36027116e-01, 9.11408305e-01,
            2.28837550e-01, 4.47804898e-01, 9.16988075e-01,
            2.74824381e-01, 5.05147517e-01, 8.68223369e-01,
            2.62539357e-01, 3.36027265e-01, 6.59584165e-01, 0.0, 0.0,
            0.0, 0.0, 0.0, 0.0, 2.57913053e-01, 5.45988500e-01,
            6.25809312e-01, 2.74781942e-01, 7.06989765e-01,
            7.52323508e-01, 2.65653133e-01, 8.73311996e-01,
            7.19218969e-01, 2.65634954e-01, 5.37845731e-01,
            5.11089206e-01, 2.65600652e-01, 7.06841826e-01,
            7.16143548e-01, 2.05808580e-01, 8.18888426e-01,
            7.24130929e-01, 2.88605452e-01, 2.54235417e-01,
            9.41908777e-01, 0.0, 0.0, 0.0, 2.67130584e-01,
            2.51469582e-01, 8.28176737e-01, 0.0, 0.0, 0.0 ]
    }
}
