{
    "pose_0": {
        "type_id": "opencv-matrix",
        "rows": 1,
        "cols": 18,
        "dt": "3f",
        "data": [ 1.38263956e-01, 2.89656430e-01, 9.07899141e-01,
            9.99556929e-02, 3.49626333e-01, 7.64418721e-01,
            8.30800533e-02, 3.46878886e-01, 7.49865949e-01,
            6.46310672e-02, 4.56036240e-01, 7.49760091e-01,
            1.03039689e-01, 5.26924253e-01, 8.27456117e-01,
            1.15347110e-01, 3.52348506e-01, 7.05338418e-01, 0.0, 0.0,
            0.0, 0.0, 0.0, 0.0, 9.07242000e-02, 5.59698105e-01,
            6.73594952e-01, 9.22309160e-02, 7.31414914e-01,
            8.43860030e-01, 7.85063133e-02, 8.87039065e-01,
            7.49812484e-01, 1.24465331e-01, 5.56985378e-01,
            6.34087861e-01, 1.38317496e-01, 7.20587909e-01,
            7.84501672e-01, 1.61294699e-01, 8.62468898e-01,
            7.64141202e-01, 1.30625963e-01, 2.70627409e-01,
            9.41482604e-01, 1.39843583e-01, 2.73301482e-01,
            4.73815054e-01, 1.13692015e-01, 2.65058696e-01,
            7.63321102e-01, 0.0, 0.0, 0.0 ]
    }
}
