{
    "pose_0": {
        "type_id": "opencv-matrix",
        "rows": 1,
        "cols": 18,
        "dt": "3f",
        "data": [ 1.22953035e-01, 2.89551973e-01, 8.75855744e-01,
            8.61672238e-02, 3.49623948e-01, 7.58514464e-01,
            6.78173155e-02, 3.46910685e-01, 7.65643954e-01,
            5.38847297e-02, 4.53325599e-01, 7.67265022e-01,
            9.06859189e-02, 5.18761098e-01, 7.72605300e-01,
            1.03069790e-01, 3.52345914e-01, 6.95772767e-01, 0.0, 0.0,
            0.0, 0.0, 0.0, 0.0, 7.99884871e-02, 5.59640169e-01,
            6.65516496e-01, 8.00809264e-02, 7.28752434e-01,
            7.73161530e-01, 7.38912895e-02, 8.81474793e-01,
            7.15160489e-01, 1.07643254e-01, 5.56923985e-01,
            6.07920289e-01, 1.02940150e-01, 7.28721857e-01,
            8.02716851e-01, 9.37984660e-02, 8.59656453e-01,
            7.52848446e-01, 1.16864324e-01, 2.70558864e-01,
            9.70736146e-01, 1.27482966e-01, 2.73206741e-01,
            3.84626299e-01, 9.84167010e-02, 2.62368262e-01,
            7.50419378e-01, 0.0, 0.0, 0.0 ]
    }
}
