{
    "pose_0": {
        "type_id": "opencv-matrix",
        "rows": 1,
        "cols": 18,
        "dt": "3f",
        "data": [ 2.80922621e-01, 2.76008666e-01, 9.19333935e-01,
            2.45643616e-01, 3.38724166e-01, 7.45174587e-01,
            2.38003656e-01, 3.38613480e-01, 9.15701032e-01,
            2.18037054e-01, 4.47861314e-01, 8.88378322e-01,
            2.64019549e-01, 5.07789552e-01, 8.30036759e-01,
            2.51816452e-01, 3.38645369e-01, 6.70963585e-01,
            2.53362477e-01, 4.56048489e-01, 1.96603745e-01,
            2.79390395e-01, 4.91527319e-01, 2.23075911e-01,
            2.48691455e-01, 5.43291509e-01, 6.66418612e-01,
            2.68680185e-01, 7.09711850e-01, 7.98744142e-01,
            2.70206749e-01, 8.73375356e-01, 7.47775197e-01,
            2.53337890e-01, 5.40551066e-01, 5.34471154e-01,
            2.38010094e-01, 7.06933796e-01, 7.90601075e-01,
            1.82802126e-01, 8.40722382e-01, 7.08614469e-01,
            2.76350170e-01, 2.65063584e-01, 9.45723474e-01,
            2.87010670e-01, 2.65033185e-01, 1.24985866e-01,
            2.56397963e-01, 2.54239023e-01, 7.94333696e-01, 0.0, 0.0,
            0.0 ]
    }
}
