{
    "pose_0": {
        "type_id": "opencv-matrix",
        "rows": 1,
        "cols": 18,
        "dt": "3f",
        "data": [ 3.33098054e-01, 2.73137420e-01, 9.80818987e-01,
            2.91701704e-01, 3.35985571e-01, 6.90033376e-01,
            2.87126273e-01, 3.35883945e-01, 8.85697842e-01,
            2.64066696e-01, 4.42403138e-01, 9.20264482e-01,
            3.05481374e-01, 5.07841885e-01, 8.49215746e-01,
            2.99334407e-01, 3.35919559e-01, 6.47625327e-01, 0.0, 0.0,
            0.0, 0.0, 0.0, 0.0, 2.88644195e-01, 5.40554762e-01,
            7.12802529e-01, 2.88541675e-01, 7.09596395e-01,
            8.63351107e-01, 2.65570104e-01, 8.65122676e-01,
            8.08160126e-01, 3.11566591e-01, 5.37864387e-01,
            6.13720179e-01, 3.26966852e-01, 6.87790334e-01,
            7.42268205e-01, 3.60661685e-01, 8.40602577e-01,
            8.14113617e-01, 3.26926827e-01, 2.54161626e-01,
            9.37860548e-01, 3.36062372e-01, 2.56856650e-01,
            1.21013232e-01, 3.07009548e-01, 2.51426309e-01,
            8.07853639e-01, 0.0, 0.0, 0.0 ]
    }
}
