{
    "pose_0": {
        "type_id": "opencv-matrix",
        "rows": 1,
        "cols": 18,
        "dt": "3f",
        "data": [ 6.68978214e-01, 2.78665066e-01, 7.83231139e-01,
            6.30634367e-01, 3.35880727e-01, 8.47090364e-01,
            6.42820299e-01, 3.36003602e-01, 8.22659612e-01,
            6.21472478e-01, 4.44950312e-01, 8.66715968e-01,
            6.62857354e-01, 5.07751465e-01, 8.65055144e-01,
            6.18405581e-01, 3.30546111e-01, 7.33443022e-01,
            6.03034139e-01, 4.15118963e-01, 3.60055417e-01,
            6.07607663e-01, 4.64134216e-01, 3.34838331e-01,
            6.33719563e-01, 5.37870169e-01, 6.16345406e-01,
            6.67354643e-01, 6.98804021e-01, 7.54795790e-01,
            6.82769179e-01, 8.59792113e-01, 8.11502516e-01,
            6.10704243e-01, 5.35147965e-01, 6.03836179e-01,
            6.09143138e-01, 7.01457560e-01, 7.93297946e-01,
            5.81615746e-01, 8.48808289e-01, 7.90020227e-01,
            6.67441845e-01, 2.70362794e-01, 8.25987220e-01, 0.0, 0.0,
            0.0, 6.52121365e-01, 2.65097409e-01, 6.92824602e-01, 0.0,
            0.0, 0.0 ]
    }
}
