{
    "pose_0": {
        "type_id": "opencv-matrix",
        "rows": 1,
        "cols": 18,
        "dt": "3f",
        "data": [ 6.18325353e-01, 2.73180008e-01, 9.40953374e-01,
            5.81538558e-01, 3.35939318e-01, 7.13623166e-01,
            5.83057642e-01, 3.36059093e-01, 8.70031655e-01,
            5.66235363e-01, 4.45027083e-01, 8.71419132e-01,
            6.06132925e-01, 4.96903718e-01, 9.03380692e-01,
            5.78487039e-01, 3.33164275e-01, 5.48314035e-01,
            5.76943636e-01, 4.45132166e-01, 8.06395933e-02, 0.0, 0.0,
            0.0, 5.83108246e-01, 5.37833571e-01, 6.85096025e-01,
            6.09151900e-01, 7.06948936e-01, 8.35970759e-01,
            5.58535755e-01, 8.37873936e-01, 8.16769242e-01,
            5.81493914e-01, 5.35129130e-01, 4.97633338e-01,
            5.87671399e-01, 7.04273939e-01, 7.23463058e-01,
            5.83053291e-01, 8.40713501e-01, 8.23426545e-01,
            6.12229168e-01, 2.59576529e-01, 8.27811182e-01,
            6.18290663e-01, 2.56854147e-01, 1.25931025e-01,
            5.95301390e-01, 2.59634376e-01, 7.48569191e-01, 0.0, 0.0,
            0.0 ]
    }
}
