{
    "pose_0": {
        "type_id": "opencv-matrix",
        "rows": 1,
        "cols": 18,
        "dt": "3f",
        "data": [ 1.27530858e-01, 2.92188555e-01, 9.47100759e-01,
            9.06959549e-02, 3.54968786e-01, 7.96651363e-01,
            7.38851205e-02, 3.49578649e-01, 7.40152359e-01,
            6.00596219e-02, 4.66813087e-01, 7.41489828e-01,
            9.38214734e-02, 5.29576540e-01, 7.60848224e-01,
            1.04612067e-01, 3.55108887e-01, 7.15618193e-01,
            1.13771975e-01, 4.66899633e-01, 1.27261370e-01, 0.0, 0.0,
            0.0, 7.99944252e-02, 5.70573866e-01, 6.76500916e-01,
            8.91671777e-02, 7.28822947e-01, 8.10592771e-01,
            7.84532875e-02, 8.81524086e-01, 7.99216747e-01,
            1.13720544e-01, 5.67818999e-01, 6.47726476e-01,
            1.29060388e-01, 7.25981236e-01, 8.50935936e-01,
            1.16832465e-01, 8.62358630e-01, 7.90562510e-01,
            1.19920850e-01, 2.70616889e-01, 9.19551849e-01,
            1.29053339e-01, 2.73335338e-01, 5.38305581e-01,
            1.01474985e-01, 2.67679989e-01, 7.79722214e-01, 0.0, 0.0,
            0.0 ]
    }
}
