{
    "pose_0": {
        "type_id": "opencv-matrix",
        "rows": 1,
        "cols": 18,
        "dt": "3f",
        "data": [ 1.24509752e-01, 2.89639145e-01, 9.13807631e-01,
            8.91693756e-02, 3.54970276e-01, 7.86072493e-01,
            6.92653432e-02, 3.52293164e-01, 7.60052860e-01,
            5.54557107e-02, 4.61458772e-01, 7.62345493e-01,
            9.07824114e-02, 5.24204493e-01, 7.77357638e-01,
            1.04572423e-01, 3.55057836e-01, 7.19242215e-01,
            1.09151609e-01, 4.64126408e-01, 7.34321922e-02, 0.0, 0.0,
            0.0, 7.99827576e-02, 5.65113068e-01, 6.72598302e-01,
            8.76867622e-02, 7.31585681e-01, 7.61942446e-01,
            7.69022778e-02, 8.81570518e-01, 7.34735429e-01,
            1.07629739e-01, 5.59716344e-01, 6.05185330e-01,
            1.04591623e-01, 7.31552303e-01, 8.35281909e-01,
            9.38355699e-02, 8.59763324e-01, 7.37341464e-01,
            1.18344501e-01, 2.70629287e-01, 9.49826241e-01,
            1.27546713e-01, 2.73317128e-01, 2.89834172e-01,
            1.01431414e-01, 2.67728120e-01, 7.87918329e-01, 0.0, 0.0,
            0.0 ]
    }
}
