{
    "pose_0": {
        "type_id": "opencv-matrix",
        "rows": 1,
        "cols": 18,
        "dt": "3f",
        "data": [ 5.60051084e-01, 2.81394362e-01, 8.81469905e-01,
            5.21725416e-01, 3.41413260e-01, 6.63075864e-01,
            5.21799922e-01, 3.41491729e-01, 8.06347966e-01,
            5.03333688e-01, 4.47900832e-01, 8.76477897e-01,
            5.40122509e-01, 5.13259411e-01, 8.69687796e-01,
            5.20203650e-01, 3.38681489e-01, 5.41652739e-01, 0.0, 0.0,
            0.0, 0.0, 0.0, 0.0, 5.20129085e-01, 5.43307424e-01,
            6.85789585e-01, 5.09486437e-01, 7.09760427e-01,
            8.08580220e-01, 4.84880924e-01, 8.65164042e-01,
            8.30020368e-01, 5.30915797e-01, 5.40576398e-01,
            5.58627188e-01, 5.56957901e-01, 7.01456010e-01,
            7.67152011e-01, 5.83143294e-01, 8.40648293e-01,
            8.02136064e-01, 5.56988776e-01, 2.70367444e-01,
            9.09420729e-01, 5.60067296e-01, 2.70401150e-01,
            1.97051734e-01, 5.35519361e-01, 2.67702281e-01,
            7.27414250e-01, 0.0, 0.0, 0.0 ]
    }
}
