{
    "pose_0": {
        "type_id": "opencv-matrix",
        "rows": 1,
        "cols": 18,
        "dt": "3f",
        "data": [ 1.22973926e-01, 2.89536387e-01, 8.75510156e-01,
            8.61704797e-02, 3.49641323e-01, 7.62837827e-01,
            6.78128004e-02, 3.49586904e-01, 7.66709030e-01,
            5.39341234e-02, 4.56039369e-01, 7.67026365e-01,
            9.07183662e-02, 5.21510184e-01, 7.73047030e-01,
            1.03078850e-01, 3.52346122e-01, 7.02439547e-01, 0.0, 0.0,
            0.0, 0.0, 0.0, 0.0, 8.00083429e-02, 5.59705198e-01,
            6.79111958e-01, 8.15261975e-02, 7.28776157e-01,
            7.60932148e-01, 7.39044398e-02, 8.81598234e-01,
            7.21245170e-01, 1.07633233e-01, 5.56967378e-01,
            6.14957273e-01, 1.02976248e-01, 7.28760719e-01,
            8.15900683e-01, 9.37921628e-02, 8.59598041e-01,
            7.42670774e-01, 1.16870381e-01, 2.70551413e-01,
            9.68037963e-01, 1.27484024e-01, 2.73205787e-01,
            3.79265368e-01, 9.84129831e-02, 2.65014410e-01,
            7.52249897e-01, 0.0, 0.0, 0.0 ]
    }
}
