{
    "pose_0": {
        "type_id": "opencv-matrix",
        "rows": 1,
        "cols": 18,
        "dt": "3f",
        "data": [ 4.60320592e-01, 2.81459510e-01, 9.09151971e-01,
            4.22080278e-01, 3.41400146e-01, 6.28531158e-01,
            4.23511475e-01, 3.41448963e-01, 8.31248045e-01,
            4.08207744e-01, 4.47922111e-01, 8.89311731e-01,
            4.46569264e-01, 5.05097210e-01, 8.70133162e-01,
            4.22038883e-01, 3.38686615e-01, 5.08742154e-01,
            4.21959311e-01, 4.64061677e-01, 5.74874058e-02, 0.0, 0.0,
            0.0, 4.23612237e-01, 5.37823737e-01, 6.41892612e-01,
            4.58767325e-01, 7.06932783e-01, 8.18486869e-01,
            4.75752801e-01, 8.62433493e-01, 7.91923761e-01,
            4.20529187e-01, 5.37813485e-01, 5.17894626e-01,
            4.09718752e-01, 7.09591627e-01, 8.36146832e-01,
            3.85283172e-01, 8.62372577e-01, 8.13303947e-01,
            4.55770046e-01, 2.70442128e-01, 8.77347231e-01, 0.0, 0.0,
            0.0, 4.35801297e-01, 2.70386189e-01, 7.88536131e-01, 0.0,
            0.0, 0.0 ]
    }
}
