{
    "pose_0": {
        "type_id": "opencv-matrix",
        "rows": 1,
        "cols": 18,
        "dt": "3f",
        "data": [ 4.95573372e-01, 2.73260683e-01, 8.90485525e-01,
            4.58892733e-01, 3.38700652e-01, 7.07211852e-01,
            4.61934507e-01, 3.38811368e-01, 8.19608808e-01,
            4.48067784e-01, 4.50502098e-01, 9.29115236e-01,
            4.88020897e-01, 5.10398388e-01, 9.04858232e-01,
            4.52731580e-01, 3.35900277e-01, 5.68818748e-01,
            4.58875388e-01, 4.64142710e-01, 5.08374833e-02, 0.0, 0.0,
            0.0, 4.61969227e-01, 5.51501751e-01, 6.40618742e-01,
            4.81846303e-01, 7.17863381e-01, 7.44926512e-01,
            4.83384579e-01, 8.73378336e-01, 7.28896439e-01,
            4.57282513e-01, 5.51481128e-01, 4.96849746e-01,
            4.58839417e-01, 7.09674597e-01, 8.48745167e-01,
            4.06665921e-01, 8.40607822e-01, 7.52599716e-01,
            4.86513168e-01, 2.62354136e-01, 8.05318236e-01,
            4.95611668e-01, 2.65046954e-01, 3.02835405e-01,
            4.71158832e-01, 2.65080333e-01, 7.02405035e-01, 0.0, 0.0,
            0.0 ]
    }
}
