{
    "pose_0": {
        "type_id": "opencv-matrix",
        "rows": 1,
        "cols": 18,
        "dt": "3f",
        "data": [ 7.19653785e-01, 2.70391583e-01, 7.52201915e-01,
            6.81238532e-01, 3.19701910e-01, 8.00163925e-01,
            6.91992640e-01, 3.25113505e-01, 7.91102469e-01,
            6.76647425e-01, 4.34140295e-01, 8.55649948e-01,
            7.16445863e-01, 4.94225651e-01, 8.99106026e-01,
            6.69019997e-01, 3.16959739e-01, 6.99933648e-01,
            6.56732619e-01, 4.04152781e-01, 1.19516112e-01, 0.0, 0.0,
            0.0, 6.82758510e-01, 5.32444477e-01, 7.05029964e-01,
            6.92026794e-01, 6.93329692e-01, 7.82408535e-01,
            6.82836711e-01, 8.59770715e-01, 7.73926973e-01,
            6.84287846e-01, 5.32294989e-01, 4.41432595e-01,
            7.05817819e-01, 6.90600097e-01, 7.26803601e-01,
            6.56639636e-01, 8.18707943e-01, 8.02416325e-01,
            7.18065321e-01, 2.51466900e-01, 8.09164584e-01, 0.0, 0.0,
            0.0, 7.04215467e-01, 2.51381278e-01, 7.22346187e-01, 0.0,
            0.0, 0.0 ]
    }
}
