{
    "pose_0": {
        "type_id": "opencv-matrix",
        "rows": 1,
        "cols": 18,
        "dt": "3f",
        "data": [ 1.41417965e-01, 2.92247176e-01, 9.71947134e-01,
            1.04545452e-01, 3.55071336e-01, 8.35626423e-01,
            8.92427638e-02, 3.52330208e-01, 7.83368230e-01,
            6.77634403e-02, 4.64200258e-01, 8.53924990e-01,
            1.07644178e-01, 5.29615939e-01, 8.35429668e-01,
            1.22932605e-01, 3.57731819e-01, 7.03051746e-01,
            1.27553880e-01, 4.66938168e-01, 7.70831406e-02, 0.0, 0.0,
            0.0, 9.23396498e-02, 5.65104365e-01, 6.79174125e-01,
            9.38705802e-02, 7.28835881e-01, 8.07345152e-01,
            7.85278156e-02, 8.92403424e-01, 7.47130215e-01,
            1.29031569e-01, 5.59657514e-01, 6.87167287e-01,
            1.41346037e-01, 7.20556676e-01, 8.17070067e-01,
            1.62851855e-01, 8.62537265e-01, 7.73178041e-01,
            1.39808983e-01, 2.73199588e-01, 9.61060345e-01,
            1.42921314e-01, 2.73340583e-01, 3.35556954e-01,
            1.16899505e-01, 2.67815351e-01, 7.81648040e-01, 0.0, 0.0,
            0.0 ]
    }
}
