{
    "pose_0": {
        "type_id": "opencv-matrix",
        "rows": 1,
        "cols": 18,
        "dt": "3f",
        "data": [ 3.08515251e-01, 2.70610780e-01, 9.71106887e-01,
            2.68638313e-01, 3.35942835e-01, 6.54454231e-01,
            2.64028519e-01, 3.35887820e-01, 8.83346558e-01,
            2.41044372e-01, 4.44956452e-01, 9.00222063e-01,
            2.87034750e-01, 5.05080819e-01, 8.57471347e-01,
            2.74763077e-01, 3.33295137e-01, 6.03239477e-01, 0.0, 0.0,
            0.0, 0.0, 0.0, 0.0, 2.71700233e-01, 5.45999408e-01,
            6.51280940e-01, 2.79420078e-01, 7.09663808e-01,
            7.94595897e-01, 2.64126241e-01, 8.67916644e-01,
            8.17815840e-01, 2.88580000e-01, 5.40564656e-01,
            6.14698112e-01, 3.03958595e-01, 7.07028389e-01,
            8.20211172e-01, 2.47213051e-01, 8.10586393e-01,
            5.88927865e-01, 3.00946563e-01, 2.54096001e-01,
            9.54143345e-01, 3.11549813e-01, 2.54235357e-01,
            1.69814527e-01, 2.82480627e-01, 2.51370430e-01,
            8.14555466e-01, 0.0, 0.0, 0.0 ]
    }
}
