{
    "pose_0": {
        "type_id": "opencv-matrix",
        "rows": 1,
        "cols": 18,
        "dt": "3f",
        "data": [ 7.33403921e-01, 2.67713040e-01, 8.12768817e-01,
            6.93491518e-01, 3.19683045e-01, 7.87509680e-01,
            7.04201281e-01, 3.25087786e-01, 7.69364178e-01,
            6.82791471e-01, 4.36924487e-01, 8.63788664e-01,
            7.19640195e-01, 4.94227618e-01, 8.86754394e-01,
            6.81295753e-01, 3.16897631e-01, 6.89920187e-01,
            6.76609516e-01, 4.06881541e-01, 7.90013149e-02, 0.0, 0.0,
            0.0, 6.92012191e-01, 5.29647171e-01, 6.67449713e-01,
            6.95065141e-01, 6.93312764e-01, 7.11332262e-01,
            6.82828963e-01, 8.57010722e-01, 8.03290546e-01,
            6.91998839e-01, 5.24204016e-01, 4.34838623e-01,
            7.16579795e-01, 6.85139060e-01, 7.71879435e-01,
            7.16537714e-01, 8.37891459e-01, 8.08506489e-01,
            7.30321586e-01, 2.51293838e-01, 8.98231983e-01, 0.0, 0.0,
            0.0, 7.13475883e-01, 2.48752460e-01, 7.33773172e-01, 0.0,
            0.0, 0.0 ]
    }
}
