{
    "pose_0": {
        "type_id": "opencv-matrix",
        "rows": 1,
        "cols": 18,
        "dt": "3f",
        "data": [ 5.33992290e-01, 2.73362011e-01, 9.20226693e-01,
            4.97173488e-01, 3.38807017e-01, 6.48987353e-01,
            4.95683163e-01, 3.38827252e-01, 8.29453528e-01,
            4.77268994e-01, 4.50497478e-01, 8.84975910e-01,
            5.17116308e-01, 5.10448754e-01, 8.72735202e-01,
            4.98726398e-01, 3.38690877e-01, 5.33566236e-01, 0.0, 0.0,
            0.0, 0.0, 0.0, 0.0, 4.95673120e-01, 5.40587544e-01,
            7.22236335e-01, 4.97272998e-01, 7.04250216e-01,
            8.09383988e-01, 4.84854281e-01, 8.62406313e-01,
            8.14332306e-01, 5.09418130e-01, 5.37804365e-01,
            5.97240686e-01, 5.24817824e-01, 6.90613389e-01,
            7.50202954e-01, 5.34030437e-01, 8.40653598e-01,
            7.61663377e-01, 5.30890167e-01, 2.65007257e-01,
            8.26375604e-01, 5.32536745e-01, 2.67674625e-01,
            1.67509601e-01, 5.09507358e-01, 2.62284219e-01,
            7.28429437e-01, 0.0, 0.0, 0.0 ]
    }
}
