{
    "pose_0": {
        "type_id": "opencv-matrix",
        "rows": 1,
        "cols": 18,
        "dt": "3f",
        "data": [ 8.45375299e-01, 2.73269296e-01, 4.04187620e-01,
            8.04003596e-01, 3.38704735e-01, 9.16061223e-01,
            8.26979399e-01, 3.36023897e-01, 9.48582649e-01,
            8.14651012e-01, 4.44955438e-01, 8.99371147e-01,
            8.49936545e-01, 5.07736981e-01, 8.98281217e-01,
            7.83990443e-01, 3.41504753e-01, 7.83879638e-01,
            7.77858555e-01, 4.47920591e-01, 7.67382443e-01,
            7.93216050e-01, 4.94184971e-01, 2.89377630e-01,
            8.19290161e-01, 5.48724473e-01, 6.41879678e-01,
            8.42259228e-01, 7.07034588e-01, 7.83659279e-01,
            8.63782108e-01, 8.59765708e-01, 8.49389076e-01,
            7.90099919e-01, 5.43314993e-01, 6.52473271e-01,
            7.90165007e-01, 7.09589362e-01, 8.33500683e-01,
            7.68658996e-01, 8.48797739e-01, 7.41910100e-01,
            8.42268825e-01, 2.65056580e-01, 4.62349981e-01, 0.0, 0.0,
            0.0, 8.30038786e-01, 2.67801315e-01, 6.89832091e-01,
            8.02436173e-01, 2.67755866e-01, 1.11827083e-01 ]
    }
}
