{
    "pose_0": {
        "type_id": "opencv-matrix",
        "rows": 1,
        "cols": 18,
        "dt": "3f",
        "data": [ 6.12228215e-01, 2.73230195e-01, 8.77030969e-01,
            5.73863983e-01, 3.36055398e-01, 6.94628000e-01,
            5.76973319e-01, 3.38677377e-01, 7.91757286e-01,
            5.58622181e-01, 4.47730005e-01, 9.32423651e-01,
            6.01464152e-01, 4.99597311e-01, 8.59611988e-01,
            5.70851028e-01, 3.33251715e-01, 5.98015785e-01,
            5.76923370e-01, 4.47775096e-01, 6.53952509e-02, 0.0, 0.0,
            0.0, 5.79974055e-01, 5.35189152e-01, 6.77088916e-01,
            5.96934736e-01, 7.09686399e-01, 7.75957525e-01,
            5.37072062e-01, 8.18812966e-01, 7.69432902e-01,
            5.81538260e-01, 5.32429099e-01, 5.05355120e-01,
            5.90733469e-01, 7.06984997e-01, 6.87733531e-01,
            5.83130717e-01, 8.59778345e-01, 8.22099626e-01,
            6.07609391e-01, 2.59618402e-01, 8.60900760e-01,
            6.15315259e-01, 2.59612620e-01, 2.19377890e-01,
            5.90730071e-01, 2.62330562e-01, 6.78002834e-01, 0.0, 0.0,
            0.0 ]
    }
}
