{
    "pose_0": {
        "type_id": "opencv-matrix",
        "rows": 1,
        "cols": 18,
        "dt": "3f",
        "data": [ 2.60979563e-01, 2.89657086e-01, 9.50484037e-01,
            2.25650012e-01, 3.49603355e-01, 7.03529656e-01,
            2.15012014e-01, 3.46878767e-01, 8.39532673e-01,
            1.95023239e-01, 4.58719403e-01, 8.33783865e-01,
            2.39536926e-01, 5.13376176e-01, 8.86254728e-01,
            2.31853738e-01, 3.49622369e-01, 6.01245463e-01, 0.0, 0.0,
            0.0, 0.0, 0.0, 0.0, 2.22671077e-01, 5.54228902e-01,
            6.41653419e-01, 2.50235677e-01, 7.15101302e-01,
            7.86050200e-01, 2.73235261e-01, 8.81413341e-01,
            8.07979107e-01, 2.27291882e-01, 5.54150999e-01,
            5.18579543e-01, 2.01228976e-01, 7.15095222e-01,
            8.00156176e-01, 1.67420968e-01, 8.62430274e-01,
            7.40708053e-01, 2.53367186e-01, 2.73142159e-01,
            9.60698545e-01, 2.62519985e-01, 2.70654291e-01,
            1.50756508e-01, 2.36439452e-01, 2.70366400e-01,
            8.20851326e-01, 0.0, 0.0, 0.0 ]
    }
}
