{
    "pose_0": {
        "type_id": "opencv-matrix",
        "rows": 1,
        "cols": 18,
        "dt": "3f",
        "data": [ 2.16540471e-01, 2.86865741e-01, 9.07780468e-01,
            1.84319779e-01, 3.49617243e-01, 7.76627421e-01,
            1.67457834e-01, 3.44209194e-01, 8.11110556e-01,
            1.47499755e-01, 4.50602353e-01, 8.49861681e-01,
            1.90510392e-01, 5.10627866e-01, 8.85017574e-01,
            2.01172292e-01, 3.54969680e-01, 7.12825894e-01, 0.0, 0.0,
            0.0, 0.0, 0.0, 0.0, 1.78178117e-01, 5.56895316e-01,
            7.26325512e-01, 2.01223016e-01, 7.20541596e-01,
            8.23666930e-01, 1.90531105e-01, 8.84161651e-01,
            7.89915144e-01, 2.01128155e-01, 5.54192185e-01,
            5.78009665e-01, 1.82796523e-01, 7.23273456e-01,
            7.36428142e-01, 1.67409554e-01, 8.70603919e-01,
            7.86393523e-01, 2.13517144e-01, 2.70500928e-01,
            9.95998025e-01, 2.19588935e-01, 2.70573884e-01,
            2.60296434e-01, 1.92033589e-01, 2.65023470e-01,
            7.65600324e-01, 0.0, 0.0, 0.0 ]
    }
}
