{
    "pose_0": {
        "type_id": "opencv-matrix",
        "rows": 1,
        "cols": 18,
        "dt": "3f",
        "data": [ 4.31243807e-01, 2.73164004e-01, 9.56688046e-01,
            3.95919055e-01, 3.35877717e-01, 6.96418703e-01,
            3.86799335e-01, 3.35836023e-01, 8.64916682e-01,
            3.65290433e-01, 4.34215844e-01, 8.55388463e-01,
            4.08203125e-01, 4.91526753e-01, 9.27200675e-01,
            3.99054587e-01, 3.33270788e-01, 6.40464962e-01, 0.0, 0.0,
            0.0, 0.0, 0.0, 0.0, 3.89852107e-01, 5.43331087e-01,
            6.25725508e-01, 4.35845345e-01, 6.98796153e-01,
            7.88375139e-01, 4.80297059e-01, 8.35101008e-01,
            7.62096941e-01, 3.97512317e-01, 5.40561080e-01,
            5.58317780e-01, 3.95933449e-01, 7.09658027e-01,
            8.09464037e-01, 3.85207295e-01, 8.62376869e-01,
            8.13693047e-01, 4.25081760e-01, 2.56902307e-01,
            8.83131683e-01, 4.32783276e-01, 2.54172564e-01,
            1.23185247e-01, 4.08205271e-01, 2.56880164e-01,
            7.93036401e-01, 0.0, 0.0, 0.0 ]
    }
}
