{
    "pose_0": {
        "type_id": "opencv-matrix",
        "rows": 1,
        "cols": 18,
        "dt": "3f",
        "data": [ 7.79481232e-01, 2.67800927e-01, 7.32909203e-01,
            7.42569268e-01, 3.27825755e-01, 8.32034886e-01,
            7.54855394e-01, 3.30519289e-01, 8.47620606e-01,
            7.41003990e-01, 4.31492537e-01, 8.79106343e-01,
            7.77879298e-01, 4.96912509e-01, 8.97790074e-01,
            7.28823841e-01, 3.27761918e-01, 7.10828245e-01,
            7.18076527e-01, 4.20509875e-01, 1.94728076e-01,
            7.24162579e-01, 4.56062227e-01, 8.03432614e-02,
            7.45663762e-01, 5.29654384e-01, 6.92887127e-01,
            7.53249526e-01, 6.98762834e-01, 7.66591251e-01,
            6.98122561e-01, 8.40612650e-01, 7.89612532e-01,
            7.44116902e-01, 5.26873529e-01, 4.12159920e-01,
            7.65635490e-01, 6.96026623e-01, 6.82431221e-01,
            7.67176986e-01, 8.48798871e-01, 7.66413927e-01,
            7.77909398e-01, 2.51382649e-01, 7.91408122e-01,
            7.82462001e-01, 2.48770133e-01, 1.72183484e-01,
            7.64057815e-01, 2.51358002e-01, 6.92223907e-01,
            7.40995288e-01, 2.59576529e-01, 5.53351231e-02 ]
    }
}
