{
    "pose_0": {
        "type_id": "opencv-matrix",
        "rows": 1,
        "cols": 18,
        "dt": "3f",
        "data": [ 7.67089009e-01, 2.73117274e-01, 8.07959378e-01,
            7.27228820e-01, 3.33222896e-01, 8.13528240e-01,
            7.39518821e-01, 3.35952848e-01, 8.36804330e-01,
            7.19557703e-01, 4.44954813e-01, 8.95966053e-01,
            7.56456435e-01, 5.07731616e-01, 8.73859882e-01,
            7.13439405e-01, 3.27837914e-01, 6.95836484e-01,
            7.04235375e-01, 4.17782187e-01, 1.16734728e-01, 0.0, 0.0,
            0.0, 7.30321825e-01, 5.35087228e-01, 6.79961562e-01,
            7.16572821e-01, 7.01497138e-01, 7.60861516e-01,
            6.85839951e-01, 8.59639943e-01, 7.71801949e-01,
            7.22668588e-01, 5.32340705e-01, 4.91388559e-01,
            7.44121671e-01, 6.87980056e-01, 7.29789376e-01,
            7.67101169e-01, 8.40676904e-01, 7.39990354e-01,
            7.64092982e-01, 2.56830364e-01, 7.44456947e-01, 0.0, 0.0,
            0.0, 7.47178197e-01, 2.54207700e-01, 6.74954057e-01, 0.0,
            0.0, 0.0 ]
    }
}
