{
    "pose_0": {
        "type_id": "opencv-matrix",
        "rows": 1,
        "cols": 18,
        "dt": "3f",
        "data": [ 2.45631069e-01, 2.89628565e-01, 9.14808035e-01,
            2.10358500e-01, 3.55085164e-01, 7.84286857e-01,
            1.96596056e-01, 3.49650681e-01, 7.80041873e-01,
            1.76568031e-01, 4.55966711e-01, 8.68860781e-01,
            2.16521710e-01, 5.13285398e-01, 9.04290974e-01,
            2.24148825e-01, 3.57785463e-01, 7.05269933e-01,
            2.22634137e-01, 4.69694793e-01, 1.96956530e-01,
            2.33377114e-01, 4.91544574e-01, 1.31289959e-01,
            2.01229364e-01, 5.56983948e-01, 7.20605552e-01,
            2.36396834e-01, 7.20571578e-01, 7.52615511e-01,
            2.62556165e-01, 8.67871761e-01, 7.88360298e-01,
            2.14939654e-01, 5.56930184e-01, 5.82177520e-01,
            1.88973829e-01, 7.28784561e-01, 8.36713076e-01,
            1.65912479e-01, 8.67925823e-01, 7.46004701e-01,
            2.39550263e-01, 2.73133725e-01, 1.00044572e+00,
            2.47190654e-01, 2.73134321e-01, 1.53208241e-01,
            2.21098587e-01, 2.70386904e-01, 7.91596889e-01, 0.0, 0.0,
            0.0 ]
    }
}
