{
    "pose_0": {
        "type_id": "opencv-matrix",
        "rows": 1,
        "cols": 18,
        "dt": "3f",
        "data": [ 9.22025144e-01, 2.70537794e-01, 6.25211522e-02,
            8.79073143e-01, 3.35901588e-01, 8.88762116e-01,
            9.00523484e-01, 3.35906446e-01, 8.97064686e-01,
            8.82188022e-01, 4.39624399e-01, 8.09855938e-01,
            9.15943623e-01, 5.07770777e-01, 8.92723560e-01,
            8.62199187e-01, 3.35971117e-01, 8.01518679e-01,
            8.51504028e-01, 4.39648062e-01, 7.09597707e-01,
            8.74505341e-01, 4.53332722e-01, 7.38593936e-02,
            8.88355255e-01, 5.35135269e-01, 6.54741645e-01,
            8.82182956e-01, 7.06990838e-01, 7.46292114e-01,
            8.65240276e-01, 8.62427592e-01, 8.70002329e-01,
            8.66849422e-01, 5.35066605e-01, 6.05987489e-01,
            9.02153909e-01, 6.85103297e-01, 7.37856150e-01,
            9.37433004e-01, 8.24295402e-01, 7.35550284e-01,
            9.18994427e-01, 2.54217923e-01, 9.52590927e-02, 0.0, 0.0,
            0.0, 9.12798703e-01, 2.64999092e-01, 6.01877093e-01,
            8.77571583e-01, 2.51375079e-01, 1.97258756e-01 ]
    }
}
