{
    "pose_0": {
        "type_id": "opencv-matrix",
        "rows": 1,
        "cols": 18,
        "dt": "3f",
        "data": [ 8.17731321e-01, 2.73224831e-01, 6.08466506e-01,
            7.77896404e-01, 3.33164394e-01, 8.78935516e-01,
            7.91753531e-01, 3.33148271e-01, 8.38132977e-01,
            7.77825952e-01, 4.28730756e-01, 8.79029453e-01,
            8.14643919e-01, 4.91594166e-01, 9.34964478e-01,
            7.60985196e-01, 3.33265603e-01, 7.50052333e-01,
            7.53297627e-01, 4.17801529e-01, 5.82953036e-01,
            7.54857123e-01, 4.61455882e-01, 5.54688513e-01,
            7.88626075e-01, 5.37820697e-01, 6.49161756e-01,
            8.16280544e-01, 6.87963247e-01, 7.62340963e-01,
            8.51540983e-01, 8.37961495e-01, 8.34565639e-01,
            7.60968447e-01, 5.35149157e-01, 6.03956938e-01,
            7.77802467e-01, 7.04255879e-01, 8.06038618e-01,
            7.67209649e-01, 8.51554096e-01, 7.67812312e-01,
            8.16165864e-01, 2.59591758e-01, 5.96883953e-01, 0.0, 0.0,
            0.0, 8.02423716e-01, 2.59634465e-01, 6.50698781e-01,
            7.77824938e-01, 2.64972776e-01, 7.18440861e-02 ]
    }
}
