{
    "pose_0": {
        "type_id": "opencv-matrix",
        "rows": 1,
        "cols": 18,
        "dt": "3f",
        "data": [ 0.0, 0.0, 0.0, 8.17722380e-01, 3.38717520e-01,
            9.08225000e-01, 8.40743005e-01, 3.38659883e-01,
            9.36734617e-01, 8.28540325e-01, 4.45103317e-01,
            8.98304164e-01, 8.65295112e-01, 5.07726729e-01,
            9.13452625e-01, 7.94718087e-01, 3.41393709e-01,
            8.12989533e-01, 7.91748881e-01, 4.61426675e-01,
            7.21353829e-01, 8.13145936e-01, 4.88720477e-01,
            1.98562443e-01, 8.39154124e-01, 5.37891209e-01,
            6.63455129e-01, 8.53070021e-01, 7.06862032e-01,
            7.96798766e-01, 8.65347207e-01, 8.62499475e-01,
            8.34548652e-01, 8.03967357e-01, 5.40585101e-01,
            6.79077089e-01, 8.03981960e-01, 7.04213440e-01,
            8.23626459e-01, 7.71756530e-01, 8.46056700e-01,
            7.20712185e-01, 8.54549646e-01, 2.67716795e-01,
            5.97333685e-02, 0.0, 0.0, 0.0, 8.49956930e-01,
            2.70466000e-01, 6.40122771e-01, 8.16173732e-01,
            2.62319148e-01, 2.65467882e-01 ]
    }
}
