{
    "pose_0": {
        "type_id": "opencv-matrix",
        "rows": 1,
        "cols": 18,
        "dt": "3f",
        "data": [ 9.87967134e-01, 2.73299754e-01, 3.36322218e-01,
            9.49654579e-01, 3.35983038e-01, 9.05890048e-01,
            9.65008795e-01, 3.36034328e-01, 8.73425126e-01,
            9.49591815e-01, 4.44958031e-01, 8.91030550e-01,
            9.86509025e-01, 5.05083382e-01, 9.22546148e-01,
            9.29692984e-01, 3.36084872e-01, 7.74901152e-01,
            9.23547745e-01, 4.34198946e-01, 6.66634619e-01,
            9.28150356e-01, 4.66896713e-01, 4.82060373e-01,
            9.57333803e-01, 5.37829518e-01, 6.21315420e-01,
            9.78761256e-01, 7.09778249e-01, 7.24297881e-01,
            9.22061145e-01, 8.26988161e-01, 7.03873098e-01,
            9.37313318e-01, 5.35196483e-01, 5.80273986e-01,
            9.61952507e-01, 7.09643722e-01, 7.39838243e-01,
            9.61975455e-01, 8.59734178e-01, 8.06214392e-01,
            9.86482263e-01, 2.67654926e-01, 3.70311230e-01, 0.0, 0.0,
            0.0, 9.75721657e-01, 2.67829508e-01, 6.54052377e-01,
            9.48104739e-01, 2.59588987e-01, 1.17375799e-01 ]
    }
}
