{
    "pose_0": {
        "type_id": "opencv-matrix",
        "rows": 1,
        "cols": 18,
        "dt": "3f",
        "data": [ 7.01184511e-01, 2.67716199e-01, 5.64095736e-01,
            6.58276737e-01, 3.30463976e-01, 7.86341369e-01,
            6.70507014e-01, 3.33175689e-01, 7.74789393e-01,
            6.56765878e-01, 4.42303389e-01, 8.62509429e-01,
            6.95097446e-01, 4.91538793e-01, 9.12424684e-01,
            6.46004915e-01, 3.25117946e-01, 6.80744469e-01,
            6.41379714e-01, 4.20537531e-01, 1.31994128e-01, 0.0, 0.0,
            0.0, 6.68974936e-01, 5.35077989e-01, 6.45429850e-01,
            6.84301853e-01, 6.96079493e-01, 7.35642970e-01,
            6.88872218e-01, 8.59771073e-01, 7.47456312e-01,
            6.45972848e-01, 5.35077691e-01, 6.64941907e-01,
            6.55090034e-01, 6.85143471e-01, 8.46327364e-01,
            6.04503095e-01, 8.21579814e-01, 7.02166498e-01,
            6.98088944e-01, 2.51344800e-01, 6.52998567e-01, 0.0, 0.0,
            0.0, 6.82799816e-01, 2.51489997e-01, 7.11327732e-01, 0.0,
            0.0, 0.0 ]
    }
}
