{
    "pose_0": {
        "type_id": "opencv-matrix",
        "rows": 1,
        "cols": 18,
        "dt": "3f",
        "data": [ 1.19926475e-01, 2.86911130e-01, 8.59302402e-01,
            8.61412808e-02, 3.46944392e-01, 7.58456409e-01,
            6.92648515e-02, 3.44207078e-01, 7.68082500e-01,
            5.54436408e-02, 4.58746374e-01, 7.53754973e-01,
            9.07526240e-02, 5.18797457e-01, 7.75937974e-01,
            1.03051275e-01, 3.52317780e-01, 7.03525782e-01,
            1.12200528e-01, 4.64127332e-01, 8.10027122e-02, 0.0, 0.0,
            0.0, 7.99791515e-02, 5.59649885e-01, 6.58197761e-01,
            7.99579173e-02, 7.28713810e-01, 7.68427253e-01,
            7.23194256e-02, 8.81518304e-01, 7.01107681e-01,
            1.09147914e-01, 5.56867838e-01, 5.98036706e-01,
            1.01498634e-01, 7.28672802e-01, 7.89913952e-01,
            9.22983810e-02, 8.62354338e-01, 7.61204302e-01,
            1.16808660e-01, 2.70479441e-01, 9.59192395e-01,
            1.25988409e-01, 2.73137867e-01, 3.77431095e-01,
            9.68588442e-02, 2.59569049e-01, 7.36154795e-01, 0.0, 0.0,
            0.0 ]
    }
}
