{
    "pose_0": {
        "type_id": "opencv-matrix",
        "rows": 1,
        "cols": 18,
        "dt": "3f",
        "data": [ 9.40455019e-01, 2.73312867e-01, 1.41265467e-01,
            9.00541365e-01, 3.38641673e-01, 9.16546583e-01,
            9.18981373e-01, 3.38650346e-01, 8.42200339e-01,
            9.02050495e-01, 4.45114404e-01, 8.98807764e-01,
            9.37368691e-01, 5.10584950e-01, 1.00988233e+00,
            8.77632678e-01, 3.38736445e-01, 7.88214624e-01,
            8.68345559e-01, 4.45153952e-01, 6.97965145e-01,
            8.83721709e-01, 4.69733864e-01, 2.83399373e-01,
            9.08234179e-01, 5.40590048e-01, 6.37754202e-01,
            8.97497356e-01, 7.09700584e-01, 7.75066793e-01,
            8.65225375e-01, 8.62355411e-01, 8.29458535e-01,
            8.88255835e-01, 5.40535152e-01, 5.84436655e-01,
            9.26589608e-01, 6.87812924e-01, 7.67484665e-01,
            9.57326770e-01, 8.40549290e-01, 7.69054174e-01,
            9.38880861e-01, 2.65049875e-01, 2.12395132e-01, 0.0, 0.0,
            0.0, 9.31247473e-01, 2.67720968e-01, 6.18251085e-01,
            9.00530279e-01, 2.54158795e-01, 1.49955705e-01 ]
    }
}
