{
    "pose_0": {
        "type_id": "opencv-matrix",
        "rows": 1,
        "cols": 18,
        "dt": "3f",
        "data": [ 1.59788027e-01, 2.92274415e-01, 9.14827466e-01,
            1.22964710e-01, 3.57732356e-01, 7.75576949e-01,
            1.04558729e-01, 3.55048150e-01, 7.99920678e-01,
            8.30754936e-02, 4.55996364e-01, 8.00342202e-01,
            1.26037061e-01, 5.29561639e-01, 8.42950106e-01,
            1.41349614e-01, 3.57890218e-01, 7.12193251e-01, 0.0, 0.0,
            0.0, 0.0, 0.0, 0.0, 1.15241185e-01, 5.62380672e-01,
            6.81436002e-01, 1.04617104e-01, 7.28798211e-01,
            8.34228635e-01, 7.99944103e-02, 8.84293616e-01,
            7.73543119e-01, 1.48996890e-01, 5.59677064e-01,
            6.60464525e-01, 1.53596878e-01, 7.25988448e-01,
            8.29062462e-01, 1.65898636e-01, 8.76026928e-01,
            7.70156085e-01, 1.53703332e-01, 2.73229748e-01,
            9.57081556e-01, 1.64326251e-01, 2.75931925e-01,
            3.73368651e-01, 1.35253176e-01, 2.70376056e-01,
            7.68555224e-01, 0.0, 0.0, 0.0 ]
    }
}
