{
    "pose_0": {
        "type_id": "opencv-matrix",
        "rows": 1,
        "cols": 18,
        "dt": "3f",
        "data": [ 6.44399881e-01, 2.73242027e-01, 9.24679577e-01,
            6.06074333e-01, 3.33162606e-01, 7.12080240e-01,
            6.09168947e-01, 3.33243579e-01, 8.28427911e-01,
            5.93812108e-01, 4.42264318e-01, 8.87768269e-01,
            6.32149756e-01, 4.96926308e-01, 9.05558705e-01,
            5.96913397e-01, 3.25057894e-01, 6.01909280e-01,
            5.95334947e-01, 4.45138007e-01, 9.60861295e-02, 0.0, 0.0,
            0.0, 6.06121361e-01, 5.35143971e-01, 6.47122979e-01,
            6.41376257e-01, 6.93364620e-01, 7.21512556e-01,
            6.72062397e-01, 8.46115410e-01, 7.38200128e-01,
            5.92287064e-01, 5.35050750e-01, 6.07905984e-01,
            5.95342696e-01, 7.04255223e-01, 8.44346642e-01,
            5.81491232e-01, 8.59614670e-01, 8.09357643e-01,
            6.41346812e-01, 2.59619355e-01, 8.33464980e-01,
            6.44370317e-01, 2.59608656e-01, 1.46064430e-01,
            6.21409833e-01, 2.56905437e-01, 7.36437321e-01, 0.0, 0.0,
            0.0 ]
    }
}
