{
    "pose_0": {
        "type_id": "opencv-matrix",
        "rows": 1,
        "cols": 18,
        "dt": "3f",
        "data": [ 2.54844159e-01, 2.92175770e-01, 9.37228084e-01,
            2.16556728e-01, 3.55033427e-01, 7.09299386e-01,
            2.11896718e-01, 3.52302402e-01, 8.12359750e-01,
            1.90383986e-01, 4.58763093e-01, 8.90770137e-01,
            2.34935373e-01, 5.16009569e-01, 8.64144266e-01,
            2.25741029e-01, 3.54989260e-01, 6.19805336e-01, 0.0, 0.0,
            0.0, 0.0, 0.0, 0.0, 2.18052194e-01, 5.56985080e-01,
            5.98598421e-01, 2.48680040e-01, 7.26023793e-01,
            7.45367527e-01, 2.71721363e-01, 8.81424010e-01,
            7.85017014e-01, 2.21095562e-01, 5.56945741e-01,
            4.98001307e-01, 2.01110661e-01, 7.12443292e-01,
            7.80926228e-01, 1.65976182e-01, 8.62363040e-01,
            7.69991040e-01, 2.51770198e-01, 2.73161024e-01,
            1.00283825e+00, 0.0, 0.0, 0.0, 2.31841579e-01,
            2.70375162e-01, 7.90326595e-01, 0.0, 0.0, 0.0 ]
    }
}
