{
    "pose_0": {
        "type_id": "opencv-matrix",
        "rows": 1,
        "cols": 18,
        "dt": "3f",
        "data": [ 9.08210754e-01, 2.73183703e-01, 1.76668674e-01,
            8.65355611e-01, 3.35854322e-01, 8.97720218e-01,
            8.86762381e-01, 3.35832536e-01, 8.70547533e-01,
            8.68398368e-01, 4.42261189e-01, 8.17145348e-01,
            9.05182660e-01, 5.05139947e-01, 8.75416577e-01,
            8.49924088e-01, 3.35942268e-01, 8.04005742e-01,
            8.39272678e-01, 4.31408793e-01, 6.32468581e-01,
            8.46913993e-01, 4.61444736e-01, 1.75447389e-01,
            8.77587855e-01, 5.37800014e-01, 6.57750487e-01,
            8.77566338e-01, 7.06960142e-01, 7.93333709e-01,
            8.65221202e-01, 8.62373412e-01, 8.77720535e-01,
            8.59147251e-01, 5.35091698e-01, 5.77557504e-01,
            8.95951629e-01, 7.01474011e-01, 7.42280781e-01,
            8.89793992e-01, 8.40581715e-01, 8.19465876e-01,
            9.03672874e-01, 2.56931126e-01, 2.22620636e-01, 0.0, 0.0,
            0.0, 8.97495031e-01, 2.59646326e-01, 5.92994869e-01,
            8.65247250e-01, 2.48773873e-01, 1.77584201e-01 ]
    }
}
