{
    "pose_0": {
        "type_id": "opencv-matrix",
        "rows": 1,
        "cols": 18,
        "dt": "3f",
        "data": [ 4.60452080e-01, 2.84109116e-01, 8.98204863e-01,
            4.25109237e-01, 3.41431141e-01, 6.42807424e-01,
            4.26648408e-01, 3.41529071e-01, 7.58823991e-01,
            4.11308140e-01, 4.50580776e-01, 9.10275757e-01,
            4.52701658e-01, 5.10660589e-01, 8.90863061e-01,
            4.23578829e-01, 3.38704854e-01, 5.49685478e-01, 0.0, 0.0,
            0.0, 0.0, 0.0, 0.0, 4.31225359e-01, 5.40597558e-01,
            6.42181337e-01, 4.55797881e-01, 7.07035899e-01,
            7.83128917e-01, 4.77282584e-01, 8.62455189e-01,
            7.71360159e-01, 4.23544258e-01, 5.40569007e-01,
            5.23280203e-01, 4.11236495e-01, 7.09691346e-01,
            8.31369162e-01, 3.85278732e-01, 8.62413883e-01,
            8.09841096e-01, 4.57345098e-01, 2.70518690e-01,
            9.11336422e-01, 4.58857208e-01, 2.70510525e-01,
            5.83066344e-02, 4.37353879e-01, 2.70587415e-01,
            7.78854489e-01, 0.0, 0.0, 0.0 ]
    }
}
