{
    "pose_0": {
        "type_id": "opencv-matrix",
        "rows": 1,
        "cols": 18,
        "dt": "3f",
        "data": [ 5.35589933e-01, 2.75989622e-01, 8.70435297e-01,
            5.01813531e-01, 3.38803470e-01, 6.60364151e-01,
            4.97260928e-01, 3.41422975e-01, 8.22477818e-01,
            4.83300805e-01, 4.50581819e-01, 9.22278404e-01,
            5.20152032e-01, 5.10447323e-01, 9.11615968e-01,
            5.07881701e-01, 3.38708162e-01, 5.75000823e-01, 0.0, 0.0,
            0.0, 0.0, 0.0, 0.0, 4.97184932e-01, 5.40529311e-01,
            7.26671875e-01, 4.98713046e-01, 7.07029879e-01,
            8.09876442e-01, 4.83433127e-01, 8.62501085e-01,
            8.14958751e-01, 5.11016130e-01, 5.35164297e-01,
            6.03606224e-01, 5.27862847e-01, 6.93357110e-01,
            7.17834055e-01, 5.46283066e-01, 8.40656936e-01,
            7.67318189e-01, 5.32464564e-01, 2.65105397e-01,
            8.52636218e-01, 5.35597742e-01, 2.67685443e-01,
            3.08914840e-01, 5.10980546e-01, 2.65039861e-01,
            7.22341657e-01, 0.0, 0.0, 0.0 ]
    }
}
