{
    "pose_0": {
        "type_id": "opencv-matrix",
        "rows": 1,
        "cols": 18,
        "dt": "3f",
        "data": [ 0.0, 0.0, 0.0, 9.68053222e-01, 3.38604629e-01,
            8.05760562e-01, 9.87984598e-01, 3.38600218e-01,
            7.90572762e-01, 9.75804806e-01, 4.36949730e-01,
            7.55752444e-01, 1.00182927e+00, 4.94192600e-01,
            1.00579321e-01, 9.48139846e-01, 3.38719010e-01,
            7.80224442e-01, 9.38956141e-01, 4.47914988e-01,
            7.32143700e-01, 9.60407853e-01, 4.83272403e-01,
            3.25556636e-01, 9.86426413e-01, 5.37825584e-01,
            5.64265013e-01, 1.00184560e+00, 6.98730886e-01,
            2.07887873e-01, 0.0, 0.0, 0.0, 9.51252401e-01,
            5.37891328e-01, 6.43172681e-01, 9.65028226e-01,
            7.04183161e-01, 7.71259964e-01, 9.63482678e-01,
            8.59612346e-01, 7.40536571e-01, 0.0, 0.0, 0.0, 0.0, 0.0, 0.0,
            1.00181854e+00, 2.65066832e-01, 2.66942114e-01,
            9.69586492e-01, 2.54201084e-01, 1.73357472e-01 ]
    }
}
