{
    "pose_0": {
        "type_id": "opencv-matrix",
        "rows": 1,
        "cols": 18,
        "dt": "3f",
        "data": [ 9.28216577e-01, 2.73266196e-01, 1.18065067e-01,
            8.88325453e-01, 3.35982561e-01, 9.30083871e-01,
            9.08255458e-01, 3.36027831e-01, 8.45346153e-01,
            8.89803350e-01, 4.45049822e-01, 9.15703595e-01,
            9.25067008e-01, 5.10465384e-01, 9.53735352e-01,
            8.66878152e-01, 3.36013526e-01, 7.92966783e-01,
            8.56113255e-01, 4.34179187e-01, 6.84355319e-01,
            8.68379653e-01, 4.91493374e-01, 2.78467953e-01,
            8.95983279e-01, 5.35113156e-01, 6.35372162e-01,
            8.88298631e-01, 7.06896186e-01, 8.07024240e-01,
            8.65222573e-01, 8.62353742e-01, 8.68697047e-01,
            8.76020968e-01, 5.35071433e-01, 6.26222908e-01,
            9.15876210e-01, 6.85109317e-01, 6.98285997e-01,
            9.51142788e-01, 8.29737067e-01, 7.60541260e-01,
            9.26624596e-01, 2.65019357e-01, 1.69231355e-01, 0.0, 0.0,
            0.0, 9.22015488e-01, 2.65075505e-01, 6.11797035e-01,
            8.88313711e-01, 2.51462907e-01, 1.84495062e-01 ]
    }
}
