{
    "pose_0": {
        "type_id": "opencv-matrix",
        "rows": 1,
        "cols": 18,
        "dt": "3f",
        "data": [ 9.51200128e-01, 2.78761506e-01, 1.30214557e-01,
            9.11309838e-01, 3.41386586e-01, 8.46085072e-01,
            9.28197384e-01, 3.41385692e-01, 8.34313273e-01,
            9.12814558e-01, 4.47854936e-01, 9.20179129e-01,
            9.49581861e-01, 5.10675669e-01, 1.00287867e+00,
            8.89804125e-01, 3.41499418e-01, 7.67518222e-01,
            8.80649924e-01, 4.45166171e-01, 7.18167126e-01,
            8.94419849e-01, 4.75070685e-01, 4.39988434e-01,
            9.20485914e-01, 5.51408172e-01, 6.41126096e-01,
            9.02164757e-01, 7.09758997e-01, 7.87186265e-01,
            8.65298033e-01, 8.59751105e-01, 8.02002907e-01,
            9.00542438e-01, 5.51408350e-01, 5.38580537e-01,
            9.34275448e-01, 6.93360925e-01, 7.07455695e-01,
            9.54266310e-01, 8.40676844e-01, 7.57370830e-01,
            9.49696422e-01, 2.70431727e-01, 2.37812221e-01, 0.0, 0.0,
            0.0, 9.40472543e-01, 2.70614177e-01, 6.55757189e-01,
            9.11239147e-01, 2.67688274e-01, 1.54424474e-01 ]
    }
}
