{
    "pose_0": {
        "type_id": "opencv-matrix",
        "rows": 1,
        "cols": 18,
        "dt": "3f",
        "data": [ 5.21817982e-01, 2.73184031e-01, 7.16978550e-01,
            4.84956145e-01, 3.38615060e-01, 6.82017505e-01,
            4.86461282e-01, 3.38743180e-01, 8.11478317e-01,
            4.72587347e-01, 4.47927743e-01, 9.49144065e-01,
            5.09507239e-01, 5.10462284e-01, 8.89919579e-01,
            4.83384699e-01, 3.33254158e-01, 5.16916871e-01, 0.0, 0.0,
            0.0, 0.0, 0.0, 0.0, 4.86467034e-01, 5.46012938e-01,
            6.94795430e-01, 4.95578319e-01, 7.09675014e-01,
            7.60597646e-01, 4.83383715e-01, 8.62552226e-01,
            8.20989907e-01, 4.98734415e-01, 5.40532589e-01,
            5.57933450e-01, 5.21678507e-01, 7.04270780e-01,
            8.70462775e-01, 4.94079769e-01, 8.37777913e-01,
            6.68261290e-01, 5.20184696e-01, 2.59586245e-01,
            6.83868766e-01, 0.0, 0.0, 0.0, 5.04826427e-01,
            2.62338161e-01, 6.38525248e-01, 0.0, 0.0, 0.0 ]
    }
}
