{
    "pose_0": {
        "type_id": "opencv-matrix",
        "rows": 1,
        "cols": 18,
        "dt": "3f",
        "data": [ 7.67190933e-01, 2.70612717e-01, 8.16259086e-01,
            7.28811443e-01, 3.33188534e-01, 8.50470185e-01,
            7.41095006e-01, 3.35865319e-01, 8.52607846e-01,
            7.25695550e-01, 4.42408770e-01, 8.59492660e-01,
            7.65506387e-01, 5.05051851e-01, 8.91780198e-01,
            7.16489673e-01, 3.30452353e-01, 7.25574374e-01,
            7.02704370e-01, 4.20484662e-01, 2.82259107e-01, 0.0, 0.0,
            0.0, 7.33419478e-01, 5.32358289e-01, 6.94921017e-01,
            7.19584405e-01, 7.01509953e-01, 7.43660808e-01,
            6.87360823e-01, 8.57007146e-01, 7.40120292e-01,
            7.28813171e-01, 5.29604614e-01, 4.64440823e-01,
            7.50238717e-01, 6.90645278e-01, 7.17163920e-01,
            7.67131805e-01, 8.43345344e-01, 7.17877626e-01,
            7.65585601e-01, 2.54231602e-01, 7.77104020e-01,
            7.68660009e-01, 2.51486003e-01, 1.46318123e-01,
            7.48703063e-01, 2.54221976e-01, 6.58383548e-01, 0.0, 0.0,
            0.0 ]
    }
}
