{
    "pose_0": {
        "type_id": "opencv-matrix",
        "rows": 1,
        "cols": 18,
        "dt": "3f",
        "data": [ 7.53387392e-01, 2.67816603e-01, 8.67362916e-01,
            7.08870232e-01, 3.22346747e-01, 8.13054144e-01,
            7.21127093e-01, 3.30520034e-01, 7.93667018e-01,
            7.02698708e-01, 4.34218973e-01, 8.77808273e-01,
            7.36485481e-01, 4.94281530e-01, 9.04274344e-01,
            6.96559012e-01, 3.16957533e-01, 7.74542928e-01,
            6.87361538e-01, 4.06946063e-01, 1.55643418e-01, 0.0, 0.0,
            0.0, 7.08842278e-01, 5.29640257e-01, 6.98773086e-01,
            7.04250216e-01, 6.98785126e-01, 7.81254709e-01,
            6.82785451e-01, 8.59724283e-01, 8.26284111e-01,
            7.05769420e-01, 5.26874781e-01, 4.73949224e-01,
            7.30360031e-01, 6.74255967e-01, 6.83315635e-01,
            7.62533009e-01, 8.32375407e-01, 6.88923597e-01,
            7.51809895e-01, 2.51424938e-01, 8.54066968e-01, 0.0, 0.0,
            0.0, 7.34908760e-01, 2.51302034e-01, 7.36939073e-01, 0.0,
            0.0, 0.0 ]
    }
}
