{
    "pose_0": {
        "type_id": "opencv-matrix",
        "rows": 1,
        "cols": 18,
        "dt": "3f",
        "data": [ 3.25421900e-01, 2.70558536e-01, 1.00811470e+00,
            2.87125200e-01, 3.35899055e-01, 7.34390795e-01,
            2.80929029e-01, 3.33282769e-01, 8.42175841e-01,
            2.60993421e-01, 4.42400366e-01, 8.76371026e-01,
            3.00837666e-01, 5.07791519e-01, 8.99170697e-01,
            2.93226182e-01, 3.33269328e-01, 6.01738274e-01, 0.0, 0.0,
            0.0, 0.0, 0.0, 0.0, 2.85479933e-01, 5.40580988e-01,
            6.79469466e-01, 2.85550505e-01, 7.06970155e-01,
            8.13157678e-01, 2.65634984e-01, 8.62452686e-01,
            8.06377709e-01, 3.05455565e-01, 5.37845552e-01,
            6.29016459e-01, 3.23857546e-01, 6.93279862e-01,
            7.72918165e-01, 3.37621182e-01, 8.48771811e-01,
            7.76857793e-01, 3.22365791e-01, 2.51570553e-01,
            9.50245976e-01, 3.25451553e-01, 2.51570910e-01,
            1.75303549e-01, 3.00852656e-01, 2.51374811e-01,
            8.29342663e-01, 0.0, 0.0, 0.0 ]
    }
}
