{
    "pose_0": {
        "type_id": "opencv-matrix",
        "rows": 1,
        "cols": 18,
        "dt": "3f",
        "data": [ 0.0, 0.0, 0.0, 1.00184727e+00, 3.46847981e-01,
            5.39812557e-02, 1.00184047e+00, 3.52295369e-01,
            2.85154730e-01, 9.87974107e-01, 4.45152909e-01,
            2.64981598e-01, 1.00183499e+00, 4.88745779e-01,
            9.34090540e-02, 1.00180960e+00, 3.49621058e-01,
            2.29891434e-01, 9.87909734e-01, 4.47839230e-01,
            4.35004652e-01, 1.00182843e+00, 4.80547994e-01,
            1.68950856e-01, 0.0, 0.0, 0.0, 0.0, 0.0, 0.0, 0.0, 0.0, 0.0,
            0.0, 0.0, 0.0, 0.0, 0.0, 0.0, 0.0, 0.0, 0.0, 0.0, 0.0, 0.0,
            0.0, 0.0, 0.0, 0.0, 0.0, 0.0, 0.0, 0.0, 0.0 ]
    }
}
