{
    "pose_0": {
        "type_id": "opencv-matrix",
        "rows": 1,
        "cols": 18,
        "dt": "3f",
        "data": [ 8.11602712e-01, 2.70587623e-01, 7.00945854e-01,
            7.68657923e-01, 3.30534130e-01, 8.36885273e-01,
            7.84021616e-01, 3.33181113e-01, 8.15234840e-01,
            7.67150104e-01, 4.28827673e-01, 8.87250543e-01,
            8.05508375e-01, 4.91528064e-01, 9.15257454e-01,
            7.53345907e-01, 3.30534011e-01, 7.66835570e-01,
            7.42620528e-01, 4.23185110e-01, 5.28689504e-01,
            7.51786172e-01, 4.64122772e-01, 4.02179599e-01,
            7.79433608e-01, 5.35102725e-01, 6.72530413e-01,
            8.05478334e-01, 6.96091831e-01, 7.61293471e-01,
            8.28485310e-01, 8.56982291e-01, 8.12300563e-01,
            7.54808187e-01, 5.35055578e-01, 6.36991978e-01,
            7.70221651e-01, 7.01470971e-01, 7.84797430e-01,
            7.68643618e-01, 8.56886327e-01, 7.80750215e-01,
            8.06982398e-01, 2.54192948e-01, 6.83768511e-01,
            8.14628720e-01, 2.51483142e-01, 1.23590507e-01,
            7.91715741e-01, 2.54159689e-01, 6.70690775e-01,
            7.67066896e-01, 2.62322664e-01, 6.31801933e-02 ]
    }
}
