{
    "pose_0": {
        "type_id": "opencv-matrix",
        "rows": 1,
        "cols": 18,
        "dt": "3f",
        "data": [ 8.94462109e-01, 2.67832786e-01, 7.18503296e-02,
            8.52994144e-01, 3.35923851e-01, 9.22921062e-01,
            8.74502361e-01, 3.35842729e-01, 8.86368811e-01,
            8.62195432e-01, 4.39629167e-01, 8.43487501e-01,
            8.94464791e-01, 4.94262010e-01, 8.85371566e-01,
            8.31551015e-01, 3.38606894e-01, 8.05476308e-01,
            8.26909602e-01, 4.44994122e-01, 7.69280195e-01,
            8.39232564e-01, 4.69686031e-01, 2.38870412e-01,
            8.66855741e-01, 5.37842929e-01, 6.58872545e-01,
            8.75984788e-01, 6.93295896e-01, 6.96502626e-01,
            8.65357399e-01, 8.62529159e-01, 7.73299158e-01,
            8.40733886e-01, 5.37841320e-01, 6.28763497e-01,
            8.68363261e-01, 6.87918663e-01, 7.54516840e-01,
            8.36110532e-01, 7.96977699e-01, 7.46389210e-01,
            8.89902651e-01, 2.51541495e-01, 1.22732349e-01, 0.0, 0.0,
            0.0, 8.85224104e-01, 2.56875962e-01, 6.13316596e-01,
            8.49982440e-01, 2.51382381e-01, 2.50132471e-01 ]
    }
}
