{
    "pose_0": {
        "type_id": "opencv-matrix",
        "rows": 1,
        "cols": 18,
        "dt": "3f",
        "data": [ 2.37983912e-01, 2.89580464e-01, 9.44795191e-01,
            2.02733845e-01, 3.49601537e-01, 8.06548595e-01,
            1.90439850e-01, 3.41533333e-01, 8.37990165e-01,
            1.65932998e-01, 4.50527132e-01, 9.18169022e-01,
            2.10388258e-01, 5.13247252e-01, 8.80956054e-01,
            2.16520518e-01, 3.52301687e-01, 6.91380262e-01,
            2.21093729e-01, 4.66925830e-01, 1.36659056e-01,
            2.25720555e-01, 5.07843792e-01, 9.76558402e-02,
            1.95043936e-01, 5.57000816e-01, 6.97317362e-01,
            2.25719258e-01, 7.17838466e-01, 7.77104795e-01,
            2.53343761e-01, 8.62548351e-01, 7.43726969e-01,
            2.13416770e-01, 5.56928635e-01, 5.86036742e-01,
            1.88853219e-01, 7.23280311e-01, 7.49011636e-01,
            1.65949285e-01, 8.65196109e-01, 7.37900496e-01,
            2.30364442e-01, 2.70572275e-01, 9.15951848e-01,
            2.39477530e-01, 2.73243666e-01, 4.56479430e-01,
            2.11938545e-01, 2.65070021e-01, 8.01655531e-01, 0.0, 0.0,
            0.0 ]
    }
}
