{
    "pose_0": {
        "type_id": "opencv-matrix",
        "rows": 1,
        "cols": 18,
        "dt": "3f",
        "data": [ 1.19881570e-01, 2.86878198e-01, 8.77478600e-01,
            8.30651447e-02, 3.46926957e-01, 7.78281510e-01,
            6.76975697e-02, 3.46858352e-01, 7.80298293e-01,
            5.24171740e-02, 4.58697349e-01, 7.41328359e-01,
            9.07575488e-02, 5.16072273e-01, 8.01852107e-01,
            1.02967694e-01, 3.49635422e-01, 6.93136692e-01,
            1.10686742e-01, 4.58732456e-01, 7.10409358e-02, 0.0, 0.0,
            0.0, 7.85209462e-02, 5.57014465e-01, 6.56980991e-01,
            8.00139010e-02, 7.28675961e-01, 7.88374662e-01,
            6.92910403e-02, 8.81479025e-01, 6.89035535e-01,
            1.06131151e-01, 5.56908667e-01, 5.96698344e-01,
            1.01427101e-01, 7.26092756e-01, 7.51887500e-01,
            9.22448263e-02, 8.59645605e-01, 7.21389234e-01,
            1.16781846e-01, 2.70464629e-01, 9.65106606e-01,
            1.24473713e-01, 2.70618737e-01, 3.26186359e-01,
            9.53407735e-02, 2.62316078e-01, 7.53101289e-01, 0.0, 0.0,
            0.0 ]
    }
}
