{
    "pose_0": {
        "type_id": "opencv-matrix",
        "rows": 1,
        "cols": 18,
        "dt": "3f",
        "data": [ 9.14321840e-01, 2.73245096e-01, 2.07588166e-01,
            8.72984648e-01, 3.35826278e-01, 8.67170870e-01,
            8.89861941e-01, 3.35872650e-01, 8.74589324e-01,
            8.75970304e-01, 4.39663708e-01, 8.62239122e-01,
            9.11319852e-01, 5.05092204e-01, 9.04827416e-01,
            8.53004098e-01, 3.35970432e-01, 8.18968773e-01,
            8.42267215e-01, 4.34216768e-01, 6.95771933e-01,
            8.62194657e-01, 4.58747089e-01, 1.87839732e-01,
            8.79149556e-01, 5.35064757e-01, 6.62644148e-01,
            8.79139423e-01, 7.06851721e-01, 7.74637282e-01,
            8.65247965e-01, 8.62391055e-01, 8.92794609e-01,
            8.62178683e-01, 5.32409906e-01, 5.94986439e-01,
            8.95974994e-01, 6.90655708e-01, 7.06180632e-01,
            9.12805974e-01, 8.40617895e-01, 8.08376968e-01,
            9.12843883e-01, 2.62345672e-01, 2.74935752e-01, 0.0, 0.0,
            0.0, 9.02147412e-01, 2.67780423e-01, 6.79986954e-01,
            8.74426663e-01, 2.51397014e-01, 1.32416487e-01 ]
    }
}
