{
    "pose_0": {
        "type_id": "opencv-matrix",
        "rows": 1,
        "cols": 18,
        "dt": "3f",
        "data": [ 7.42642820e-01, 2.62357622e-01, 7.92466700e-01,
            7.02674747e-01, 3.22302341e-01, 7.87360609e-01,
            7.10407495e-01, 3.27775687e-01, 7.73420691e-01,
            6.92044735e-01, 4.34194654e-01, 8.93583775e-01,
            7.28772163e-01, 4.96971279e-01, 9.22136426e-01,
            6.90425932e-01, 3.16951275e-01, 6.94993854e-01,
            6.70534372e-01, 3.85084987e-01, 1.04604498e-01, 0.0, 0.0,
            0.0, 7.01149881e-01, 5.24220526e-01, 6.71379387e-01,
            6.95072234e-01, 6.90576732e-01, 7.03413963e-01,
            6.82775021e-01, 8.59693825e-01, 8.10469627e-01,
            7.01183200e-01, 5.21484375e-01, 4.75602239e-01,
            7.18116701e-01, 6.66084886e-01, 7.46409416e-01,
            7.51758218e-01, 8.21581483e-01, 7.27857888e-01,
            7.41040409e-01, 2.48758912e-01, 8.62587452e-01,
            7.44126081e-01, 2.48643309e-01, 1.74175769e-01,
            7.22660601e-01, 2.48743832e-01, 7.06343293e-01, 0.0, 0.0,
            0.0 ]
    }
}
