{
    "pose_0": {
        "type_id": "opencv-matrix",
        "rows": 1,
        "cols": 18,
        "dt": "3f",
        "data": [ 1.26033649e-01, 2.89658248e-01, 9.21319723e-01,
            8.91819224e-02, 3.52302462e-01, 7.73469150e-01,
            7.23285824e-02, 3.46928060e-01, 7.34701812e-01,
            5.39744496e-02, 4.58700240e-01, 7.69186735e-01,
            9.22239199e-02, 5.24174631e-01, 8.04912329e-01,
            1.04529314e-01, 3.54983628e-01, 6.92824006e-01,
            1.06092252e-01, 4.61475492e-01, 8.31566006e-02, 0.0, 0.0,
            0.0, 7.99778551e-02, 5.62439263e-01, 6.63326442e-01,
            8.76570269e-02, 7.31451690e-01, 7.81425416e-01,
            7.69116953e-02, 8.81607413e-01, 7.38173187e-01,
            1.12249576e-01, 5.59642732e-01, 6.37692392e-01,
            1.27630755e-01, 7.28684962e-01, 9.05921698e-01,
            1.06120676e-01, 8.62336099e-01, 7.60872185e-01,
            1.18390277e-01, 2.70628661e-01, 9.35304880e-01,
            1.27600282e-01, 2.73314327e-01, 4.76854414e-01,
            9.99730751e-02, 2.67740577e-01, 7.79375792e-01, 0.0, 0.0,
            0.0 ]
    }
}
