{
    "pose_0": {
        "type_id": "opencv-matrix",
        "rows": 1,
        "cols": 18,
        "dt": "3f",
        "data": [ 0.0, 0.0, 0.0, 9.52714503e-01, 3.35914195e-01,
            8.98542941e-01, 9.74165678e-01, 3.35901499e-01,
            8.90187085e-01, 9.55789566e-01, 4.36943084e-01,
            7.92059958e-01, 9.95677054e-01, 5.02351165e-01,
            7.24290371e-01, 9.35812414e-01, 3.36051285e-01,
            8.39025378e-01, 9.25169408e-01, 4.42322046e-01,
            8.09814334e-01, 9.38899100e-01, 4.69708592e-01,
            5.20744383e-01, 9.66546655e-01, 5.37807763e-01,
            6.47484899e-01, 9.87984240e-01, 7.06906676e-01,
            7.97940016e-01, 9.60408866e-01, 8.40693653e-01,
            7.29751766e-01, 9.38895345e-01, 5.37814438e-01,
            6.38942063e-01, 9.58818555e-01, 6.96056664e-01,
            7.41730273e-01, 9.48090613e-01, 8.18796039e-01,
            7.15465605e-01, 0.0, 0.0, 0.0, 0.0, 0.0, 0.0, 9.83396173e-01,
            2.67790943e-01, 5.82813561e-01, 9.51169074e-01,
            2.54195243e-01, 2.52284944e-01 ]
    }
}
