{
    "pose_0": {
        "type_id": "opencv-matrix",
        "rows": 1,
        "cols": 18,
        "dt": "3f",
        "data": [ 7.30295002e-01, 2.65079021e-01, 7.92423248e-01,
            6.88876390e-01, 3.19667369e-01, 7.55565405e-01,
            6.96568429e-01, 3.25025082e-01, 7.58945823e-01,
            6.81212187e-01, 4.34179544e-01, 8.76982033e-01,
            7.18031704e-01, 4.94199783e-01, 9.27580953e-01,
            6.76644385e-01, 3.16958725e-01, 6.76468968e-01,
            6.59792840e-01, 4.01476860e-01, 1.08416438e-01, 0.0, 0.0,
            0.0, 6.90439582e-01, 5.35076559e-01, 6.69808269e-01,
            6.93523586e-01, 7.01512575e-01, 7.43953288e-01,
            6.84326172e-01, 8.57002199e-01, 7.49762237e-01,
            6.91989481e-01, 5.32293379e-01, 4.64660615e-01,
            7.16479957e-01, 6.93337202e-01, 7.45554745e-01,
            6.95028067e-01, 8.32385361e-01, 5.79609752e-01,
            7.28716314e-01, 2.51304805e-01, 8.29749703e-01, 0.0, 0.0,
            0.0, 7.08866179e-01, 2.48793438e-01, 7.03471661e-01, 0.0,
            0.0, 0.0 ]
    }
}
