{
    "pose_0": {
        "type_id": "opencv-matrix",
        "rows": 1,
        "cols": 18,
        "dt": "3f",
        "data": [ 5.81587851e-01, 2.81416029e-01, 8.99969518e-01,
            5.46243012e-01, 3.44185263e-01, 6.62753999e-01,
            5.44804811e-01, 3.46912473e-01, 7.97071755e-01,
            5.27887702e-01, 4.53246683e-01, 8.31028581e-01,
            5.66231668e-01, 5.13311386e-01, 8.71177375e-01,
            5.46313763e-01, 3.38831127e-01, 5.55844784e-01, 0.0, 0.0,
            0.0, 0.0, 0.0, 0.0, 5.44759333e-01, 5.45997381e-01,
            6.91585779e-01, 5.30960262e-01, 7.09661484e-01,
            8.09948325e-01, 4.86484557e-01, 8.59768510e-01,
            7.76371837e-01, 5.57025790e-01, 5.43276429e-01,
            5.60393870e-01, 5.69336414e-01, 7.07063317e-01,
            7.93899894e-01, 5.83146691e-01, 8.59707475e-01,
            8.04205000e-01, 5.78471780e-01, 2.70456851e-01,
            8.84316981e-01, 5.81559181e-01, 2.67808646e-01,
            1.15743078e-01, 5.58587670e-01, 2.67834067e-01,
            7.52188027e-01, 0.0, 0.0, 0.0 ]
    }
}
