{
    "pose_0": {
        "type_id": "opencv-matrix",
        "rows": 1,
        "cols": 18,
        "dt": "3f",
        "data": [ 1.22968465e-01, 2.89553255e-01, 8.80563736e-01,
            8.61606002e-02, 3.52287769e-01, 7.61747479e-01,
            6.92539215e-02, 3.49646837e-01, 7.60946512e-01,
            5.55075631e-02, 4.64103013e-01, 7.62776256e-01,
            9.07969177e-02, 5.26870012e-01, 7.79353678e-01,
            1.03064306e-01, 3.54978055e-01, 7.05085695e-01, 0.0, 0.0,
            0.0, 0.0, 0.0, 0.0, 8.00185949e-02, 5.62360466e-01,
            6.64487839e-01, 8.15249234e-02, 7.31429935e-01,
            7.64363348e-01, 7.39019215e-02, 8.84291053e-01,
            7.10982442e-01, 1.07631713e-01, 5.59617758e-01,
            6.04741454e-01, 1.02998920e-01, 7.31405854e-01,
            8.35861683e-01, 9.23464745e-02, 8.62351775e-01,
            7.28038073e-01, 1.16865791e-01, 2.70559758e-01,
            9.63254213e-01, 1.27478361e-01, 2.73207217e-01,
            3.42504054e-01, 9.84207913e-02, 2.65059203e-01,
            7.48114347e-01, 0.0, 0.0, 0.0 ]
    }
}
