{
    "pose_0": {
        "type_id": "opencv-matrix",
        "rows": 1,
        "cols": 18,
        "dt": "3f",
        "data": [ 8.76100302e-01, 2.70543158e-01, 1.67699337e-01,
            8.36133122e-01, 3.36049408e-01, 8.95075381e-01,
            8.56071413e-01, 3.36053371e-01, 8.76615405e-01,
            8.46894562e-01, 4.42395121e-01, 8.62178147e-01,
            8.83706450e-01, 4.99601841e-01, 8.62362504e-01,
            8.13148618e-01, 3.38620156e-01, 8.21506917e-01,
            8.05501461e-01, 4.42338198e-01, 7.28133202e-01,
            8.26968551e-01, 4.88749295e-01, 4.00111198e-01,
            8.54542494e-01, 5.40541589e-01, 6.46104515e-01,
            8.65278840e-01, 7.09719300e-01, 8.19555283e-01,
            8.65366340e-01, 8.65191698e-01, 7.77626157e-01,
            8.22342157e-01, 5.37810624e-01, 6.34022772e-01,
            8.37629080e-01, 7.04204619e-01, 8.33786726e-01,
            7.90097475e-01, 8.37930739e-01, 7.86830723e-01,
            8.76013219e-01, 2.56923765e-01, 2.37847924e-01, 0.0, 0.0,
            0.0, 8.65334153e-01, 2.65078336e-01, 6.75409913e-01,
            8.33111942e-01, 2.54138976e-01, 1.92565992e-01 ]
    }
}
