{
    "pose_0": {
        "type_id": "opencv-matrix",
        "rows": 1,
        "cols": 18,
        "dt": "3f",
        "data": [ 1.21401355e-01, 2.89542437e-01, 8.76889825e-01,
            8.61537978e-02, 3.49645555e-01, 7.61825442e-01,
            6.78140074e-02, 3.46910477e-01, 7.69242227e-01,
            5.54499850e-02, 4.58769977e-01, 7.54413545e-01,
            9.07292664e-02, 5.18732786e-01, 7.79432178e-01,
            1.03073798e-01, 3.54977727e-01, 7.02934206e-01, 0.0, 0.0,
            0.0, 0.0, 0.0, 0.0, 7.99819157e-02, 5.59692264e-01,
            6.57311022e-01, 8.00065100e-02, 7.31421590e-01,
            7.86637425e-01, 7.23504573e-02, 8.84220243e-01,
            7.02517629e-01, 1.09169066e-01, 5.56966424e-01,
            6.03855371e-01, 1.02952652e-01, 7.28817880e-01,
            8.20668340e-01, 9.23359767e-02, 8.62409770e-01,
            7.46231854e-01, 1.16807900e-01, 2.70544618e-01,
            9.66598988e-01, 1.26002625e-01, 2.73183346e-01,
            4.22768503e-01, 9.68661681e-02, 2.62306780e-01,
            7.30956078e-01, 0.0, 0.0, 0.0 ]
    }
}
