{
    "pose_0": {
        "type_id": "opencv-matrix",
        "rows": 1,
        "cols": 18,
        "dt": "3f",
        "data": [ 7.37971425e-01, 2.65052289e-01, 8.21649075e-01,
            6.93523705e-01, 3.22386354e-01, 8.00790012e-01,
            7.04298377e-01, 3.27764779e-01, 7.94210196e-01,
            6.84313118e-01, 4.36935335e-01, 8.50508273e-01,
            7.21143842e-01, 4.94271755e-01, 8.66428614e-01,
            6.81285083e-01, 3.19621533e-01, 7.17998147e-01,
            6.69009805e-01, 4.06883121e-01, 1.39015779e-01, 0.0, 0.0,
            0.0, 6.93507969e-01, 5.29681742e-01, 6.73464596e-01,
            6.95087433e-01, 6.98726773e-01, 7.14528739e-01,
            6.82799339e-01, 8.59640300e-01, 8.15143287e-01,
            6.91971719e-01, 5.26930511e-01, 4.35261607e-01,
            7.18022525e-01, 6.87781096e-01, 7.59889901e-01,
            7.30283439e-01, 8.40660453e-01, 8.04782689e-01,
            7.31888175e-01, 2.48765841e-01, 8.88216376e-01, 0.0, 0.0,
            0.0, 7.16527224e-01, 2.48737127e-01, 7.55504191e-01, 0.0,
            0.0, 0.0 ]
    }
}
