{
    "pose_0": {
        "type_id": "opencv-matrix",
        "rows": 1,
        "cols": 18,
        "dt": "3f",
        "data": [ 1.52088761e-01, 2.92320132e-01, 9.72309232e-01,
            1.15291841e-01, 3.55107844e-01, 8.25106740e-01,
            9.99224335e-02, 3.55042756e-01, 7.74208903e-01,
            7.84865320e-02, 4.66805607e-01, 8.52727413e-01,
            1.16845936e-01, 5.29618800e-01, 8.48908961e-01,
            1.30653471e-01, 3.55121136e-01, 7.06142545e-01,
            1.35231078e-01, 4.66839731e-01, 6.73129410e-02, 0.0, 0.0,
            0.0, 1.04581319e-01, 5.65070748e-01, 6.65510595e-01,
            1.02951154e-01, 7.31489182e-01, 8.30348969e-01,
            7.85328150e-02, 8.95172834e-01, 7.67973185e-01,
            1.39835954e-01, 5.56987286e-01, 6.71638072e-01,
            1.49040088e-01, 7.23358512e-01, 7.70105064e-01,
            1.64348170e-01, 8.73378217e-01, 7.67035186e-01,
            1.45954803e-01, 2.73195893e-01, 9.08341110e-01,
            1.53654918e-01, 2.75965840e-01, 5.80758750e-01,
            1.26003951e-01, 2.67784536e-01, 8.09380352e-01, 0.0, 0.0,
            0.0 ]
    }
}
