{
    "pose_0": {
        "type_id": "opencv-matrix",
        "rows": 1,
        "cols": 18,
        "dt": "3f",
        "data": [ 8.08535099e-01, 2.70457238e-01, 5.82661510e-01,
            7.67088711e-01, 3.33132982e-01, 8.64404202e-01,
            7.80928075e-01, 3.33167404e-01, 8.36805046e-01,
            7.65563309e-01, 4.31407690e-01, 8.70553613e-01,
            8.03975403e-01, 4.91567314e-01, 9.39816535e-01,
            7.51759470e-01, 3.30533653e-01, 7.18912363e-01,
            7.41057456e-01, 4.20565069e-01, 6.18508756e-01,
            7.45641589e-01, 4.61483121e-01, 4.97997671e-01,
            7.77882338e-01, 5.40608346e-01, 6.53860390e-01,
            8.02369118e-01, 6.96034014e-01, 7.75945783e-01,
            8.16183865e-01, 8.54291439e-01, 7.80344427e-01,
            7.53271699e-01, 5.37883580e-01, 6.16917551e-01,
            7.68683076e-01, 6.98778570e-01, 8.09827983e-01,
            7.67178774e-01, 8.48835468e-01, 7.70860851e-01,
            8.05460632e-01, 2.51509309e-01, 6.28132939e-01, 0.0, 0.0,
            0.0, 7.91720033e-01, 2.51528352e-01, 6.77739859e-01,
            7.65610158e-01, 2.56871372e-01, 6.18800558e-02 ]
    }
}
