{
    "pose_0": {
        "type_id": "opencv-matrix",
        "rows": 1,
        "cols": 18,
        "dt": "3f",
        "data": [ 0.0, 0.0, 0.0, 9.75694478e-01, 3.38752538e-01,
            7.92335272e-01, 9.92613018e-01, 3.38684857e-01,
            6.51429951e-01, 0.0, 0.0, 0.0, 0.0, 0.0, 0.0, 9.54254568e-01,
            3.38781506e-01, 7.13414371e-01, 9.40505207e-01,
            4.44976300e-01, 7.58306623e-01, 9.61933374e-01,
            4.88674283e-01, 4.04505491e-01, 9.89533603e-01,
            5.40533304e-01, 3.89023572e-01, 0.0, 0.0, 0.0, 0.0, 0.0, 0.0,
            9.60351646e-01, 5.40589631e-01, 6.08931839e-01,
            9.72681582e-01, 7.07019687e-01, 8.15599859e-01,
            9.63498175e-01, 8.62493694e-01, 7.31905222e-01, 0.0, 0.0,
            0.0, 0.0, 0.0, 0.0, 0.0, 0.0, 0.0, 9.75663424e-01,
            2.54120350e-01, 1.56255171e-01 ]
    }
}
