{
    "pose_0": {
        "type_id": "opencv-matrix",
        "rows": 1,
        "cols": 18,
        "dt": "3f",
        "data": [ 8.82147372e-01, 2.73213774e-01, 2.28550658e-01,
            8.40822279e-01, 3.36056530e-01, 9.30439353e-01,
            8.63819122e-01, 3.35958600e-01, 9.28163946e-01,
            8.53019476e-01, 4.45010900e-01, 9.18211222e-01,
            8.88346493e-01, 4.99673516e-01, 8.90071094e-01,
            8.20787966e-01, 3.38648349e-01, 8.11913788e-01,
            8.14674735e-01, 4.45133954e-01, 7.62824416e-01,
            8.36149752e-01, 4.83310997e-01, 2.40959466e-01,
            8.63682568e-01, 5.37882149e-01, 6.31102324e-01,
            8.68380785e-01, 7.09784687e-01, 7.33884275e-01,
            8.65361094e-01, 8.65214169e-01, 7.91708350e-01,
            8.28559160e-01, 5.35173297e-01, 6.49926841e-01,
            8.51476848e-01, 6.98790610e-01, 8.40676069e-01,
            8.02461505e-01, 8.18895578e-01, 7.70107687e-01,
            8.79067302e-01, 2.62312561e-01, 2.90717781e-01, 0.0, 0.0,
            0.0, 8.69875312e-01, 2.67678499e-01, 6.41208053e-01,
            8.39283586e-01, 2.56889522e-01, 1.23342186e-01 ]
    }
}
