{
    "pose_0": {
        "type_id": "opencv-matrix",
        "rows": 1,
        "cols": 18,
        "dt": "3f",
        "data": [ 6.38270557e-01, 2.73261726e-01, 8.64216447e-01,
            5.98420501e-01, 3.30568343e-01, 6.68829620e-01,
            6.04533732e-01, 3.33267272e-01, 7.76993811e-01,
            5.84668875e-01, 4.42265481e-01, 8.71526003e-01,
            6.24500573e-01, 4.94191945e-01, 8.79903555e-01,
            5.93864441e-01, 3.25037450e-01, 6.07207239e-01,
            5.95366955e-01, 4.28735673e-01, 5.63246459e-02, 0.0, 0.0,
            0.0, 5.98419070e-01, 5.37871659e-01, 6.16656184e-01,
            6.30617678e-01, 7.01519310e-01, 7.55949438e-01,
            6.56644166e-01, 8.56986821e-01, 7.78059602e-01,
            5.86161554e-01, 5.37792623e-01, 5.35576880e-01,
            5.93768716e-01, 7.06891775e-01, 8.34208727e-01,
            5.81520617e-01, 8.59587193e-01, 8.01515996e-01,
            6.32209003e-01, 2.62285560e-01, 8.41230512e-01,
            6.41326308e-01, 2.62318611e-01, 1.35105699e-01,
            6.18288457e-01, 2.59642422e-01, 7.06060290e-01, 0.0, 0.0,
            0.0 ]
    }
}
