{
    "pose_0": {
        "type_id": "opencv-matrix",
        "rows": 1,
        "cols": 18,
        "dt": "3f",
        "data": [ 4.05178696e-01, 2.73304015e-01, 9.67175305e-01,
            3.69864702e-01, 3.36040765e-01, 7.09148526e-01,
            3.62199455e-01, 3.35970640e-01, 9.09116387e-01,
            3.40744466e-01, 4.45064902e-01, 8.90761614e-01,
            3.85206729e-01, 4.99621063e-01, 8.85824680e-01,
            3.74504417e-01, 3.35905224e-01, 6.63655221e-01, 0.0, 0.0,
            0.0, 0.0, 0.0, 0.0, 3.71427804e-01, 5.43293417e-01,
            6.78872347e-01, 3.86816740e-01, 7.06955135e-01,
            8.45053256e-01, 3.34630847e-01, 8.37912917e-01,
            8.18741441e-01, 3.85252029e-01, 5.37818670e-01,
            5.67055225e-01, 3.89823109e-01, 7.06896484e-01,
            6.98632240e-01, 3.85247946e-01, 8.59790623e-01,
            8.28522801e-01, 3.99106741e-01, 2.62274981e-01,
            9.13353086e-01, 4.09695536e-01, 2.54154027e-01,
            9.54767168e-02, 3.83640260e-01, 2.56851703e-01,
            8.10419440e-01, 0.0, 0.0, 0.0 ]
    }
}
