{
    "pose_0": {
        "type_id": "opencv-matrix",
        "rows": 1,
        "cols": 18,
        "dt": "3f",
        "data": [ 7.05805361e-01, 2.70398408e-01, 7.14365304e-01,
            6.67415261e-01, 3.30468386e-01, 8.39389980e-01,
            6.79768026e-01, 3.33198667e-01, 8.41903687e-01,
            6.67424321e-01, 4.39589173e-01, 8.48396242e-01,
            7.04316199e-01, 4.94132072e-01, 9.38228488e-01,
            6.52114809e-01, 3.27750236e-01, 6.87905431e-01,
            6.42946720e-01, 4.06957269e-01, 3.62272590e-01,
            6.53652906e-01, 4.45128083e-01, 1.38907135e-01,
            6.76630199e-01, 5.35055697e-01, 6.33352935e-01,
            6.84324026e-01, 6.98779762e-01, 7.19882965e-01,
            6.85855806e-01, 8.59787166e-01, 7.42796183e-01,
            6.55176640e-01, 5.32421529e-01, 6.73806429e-01,
            6.67491555e-01, 6.87963545e-01, 8.49529207e-01,
            6.13747776e-01, 8.16026926e-01, 7.33076096e-01,
            7.04275727e-01, 2.51483560e-01, 7.71550417e-01, 0.0, 0.0,
            0.0, 6.91910923e-01, 2.51508474e-01, 6.60981894e-01, 0.0,
            0.0, 0.0 ]
    }
}
