{
    "pose_0": {
        "type_id": "opencv-matrix",
        "rows": 1,
        "cols": 18,
        "dt": "3f",
        "data": [ 1.35221004e-01, 2.89655417e-01, 8.93016875e-01,
            9.53643620e-02, 3.49613726e-01, 7.55664229e-01,
            8.00600797e-02, 3.49571496e-01, 7.68284321e-01,
            6.01013899e-02, 4.56043690e-01, 7.43292093e-01,
            1.03021808e-01, 5.26900947e-01, 8.16909432e-01,
            1.13774776e-01, 3.52339059e-01, 6.77394092e-01,
            1.16807401e-01, 4.61483926e-01, 5.21930531e-02, 0.0, 0.0,
            0.0, 8.92084017e-02, 5.59632301e-01, 6.60625339e-01,
            9.07919407e-02, 7.28815377e-01, 8.26228499e-01,
            7.84518123e-02, 8.87048781e-01, 7.33689070e-01,
            1.21415935e-01, 5.56916475e-01, 6.29650176e-01,
            1.36744261e-01, 7.20590115e-01, 7.50688195e-01,
            1.53699458e-01, 8.62348080e-01, 7.81056583e-01,
            1.29167601e-01, 2.73117781e-01, 9.60405886e-01,
            1.39761984e-01, 2.73321509e-01, 3.27825367e-01,
            1.13702856e-01, 2.65090078e-01, 7.75831223e-01, 0.0, 0.0,
            0.0 ]
    }
}
