{
    "pose_0": {
        "type_id": "opencv-matrix",
        "rows": 1,
        "cols": 18,
        "dt": "3f",
        "data": [ 9.87893343e-01, 2.70600885e-01, 2.64381349e-01,
            9.46551621e-01, 3.36005718e-01, 8.76842201e-01,
            9.63439584e-01, 3.36088210e-01, 9.07211423e-01,
            9.48052108e-01, 4.45065022e-01, 8.73066843e-01,
            9.86363530e-01, 5.07772624e-01, 8.97939265e-01,
            9.25140083e-01, 3.36073220e-01, 8.18980455e-01,
            9.17434394e-01, 4.36936647e-01, 7.02294707e-01,
            9.26689565e-01, 4.67005879e-01, 4.67521250e-01,
            9.52751815e-01, 5.46044946e-01, 6.41600370e-01,
            9.69606459e-01, 7.09817708e-01, 7.86999583e-01,
            9.11254644e-01, 8.37765455e-01, 7.41106868e-01,
            9.31246698e-01, 5.37900746e-01, 5.45168638e-01,
            9.64995742e-01, 7.09744990e-01, 6.28049433e-01,
            9.61953700e-01, 8.59626710e-01, 7.70082653e-01,
            9.86371279e-01, 2.56930798e-01, 2.79934078e-01, 0.0, 0.0,
            0.0, 9.74227369e-01, 2.67738342e-01, 6.22470617e-01,
            9.40474510e-01, 2.54216760e-01, 1.75412312e-01 ]
    }
}
