{
    "pose_0": {
        "type_id": "opencv-matrix",
        "rows": 1,
        "cols": 18,
        "dt": "3f",
        "data": [ 8.53046775e-01, 2.75952220e-01, 8.10896531e-02,
            8.14716995e-01, 3.38725835e-01, 9.39362884e-01,
            8.37700009e-01, 3.38649958e-01, 9.05020118e-01,
            8.26999247e-01, 4.47747350e-01, 9.26618516e-01,
            8.62171769e-01, 5.07845938e-01, 8.95673275e-01,
            7.91692972e-01, 3.38839084e-01, 8.32222342e-01,
            7.85555542e-01, 4.47886616e-01, 7.76749253e-01,
            8.04002225e-01, 4.88783211e-01, 4.45024431e-01,
            8.31539750e-01, 5.48765481e-01, 6.39299810e-01,
            8.51399302e-01, 7.07004249e-01, 7.85224319e-01,
            8.65318716e-01, 8.62481833e-01, 8.48879635e-01,
            8.00862789e-01, 5.46050072e-01, 6.31660700e-01,
            8.00838530e-01, 7.06834853e-01, 7.90127814e-01,
            7.70190477e-01, 8.46101344e-01, 7.18026757e-01,
            8.51561785e-01, 2.70314753e-01, 1.35231137e-01, 0.0, 0.0,
            0.0, 8.45336795e-01, 2.70571381e-01, 6.35461569e-01,
            8.13142836e-01, 2.65096396e-01, 2.31212109e-01 ]
    }
}
