{
    "pose_0": {
        "type_id": "opencv-matrix",
        "rows": 1,
        "cols": 18,
        "dt": "3f",
        "data": [ 7.51765132e-01, 2.70387292e-01, 8.61256719e-01,
            7.07286477e-01, 3.22388381e-01, 8.18570793e-01,
            7.18092680e-01, 3.30469221e-01, 8.23028266e-01,
            6.96608126e-01, 4.36921626e-01, 8.64486217e-01,
            7.31912136e-01, 4.94303316e-01, 9.07227099e-01,
            6.93577945e-01, 3.17025661e-01, 7.77410924e-01,
            6.81289077e-01, 3.98733467e-01, 1.67763025e-01, 0.0, 0.0,
            0.0, 7.05733299e-01, 5.32310426e-01, 6.91617966e-01,
            7.04167902e-01, 6.96004987e-01, 7.48698533e-01,
            6.82776749e-01, 8.59686196e-01, 8.15407097e-01,
            7.01180458e-01, 5.29582858e-01, 4.80672479e-01,
            7.30346203e-01, 6.82335913e-01, 6.88138187e-01,
            7.62541473e-01, 8.35076153e-01, 7.15335488e-01,
            7.47200549e-01, 2.51469970e-01, 8.35683882e-01, 0.0, 0.0,
            0.0, 7.30368197e-01, 2.51329869e-01, 7.71890402e-01, 0.0,
            0.0, 0.0 ]
    }
}
