{
    "pose_0": {
        "type_id": "opencv-matrix",
        "rows": 1,
        "cols": 18,
        "dt": "3f",
        "data": [ 8.89867544e-01, 2.70620555e-01, 1.53963491e-01,
            8.51421297e-01, 3.35927188e-01, 9.22973990e-01,
            8.69913399e-01, 3.35862488e-01, 8.49388361e-01,
            8.56132925e-01, 4.39627945e-01, 8.33582640e-01,
            8.92897248e-01, 4.94286895e-01, 8.85405183e-01,
            8.28472733e-01, 3.36075604e-01, 8.42099667e-01,
            8.22348654e-01, 4.39610988e-01, 7.15159297e-01,
            8.33095908e-01, 4.72360641e-01, 3.53527755e-01,
            8.65342498e-01, 5.40525138e-01, 6.43510759e-01,
            8.72922659e-01, 7.04265714e-01, 6.79442883e-01,
            8.65372837e-01, 8.65134180e-01, 7.61960566e-01,
            8.37681770e-01, 5.37836015e-01, 6.19613707e-01,
            8.63806546e-01, 6.96051538e-01, 7.45059192e-01,
            8.16285372e-01, 8.15962374e-01, 7.43936539e-01,
            8.88352752e-01, 2.56877124e-01, 2.18484372e-01, 0.0, 0.0,
            0.0, 8.77625465e-01, 2.62285382e-01, 6.39157414e-01,
            8.48399341e-01, 2.54160613e-01, 1.87071383e-01 ]
    }
}
