{
    "pose_0": {
        "type_id": "opencv-matrix",
        "rows": 1,
        "cols": 18,
        "dt": "3f",
        "data": [ 4.08256620e-01, 2.73275733e-01, 9.90297437e-01,
            3.72969300e-01, 3.38611484e-01, 7.81951070e-01,
            3.62300724e-01, 3.36009145e-01, 9.15709138e-01,
            3.46845239e-01, 4.45065439e-01, 9.01065111e-01,
            3.85283530e-01, 4.94217455e-01, 9.17917967e-01,
            3.82167876e-01, 3.36063027e-01, 6.64230824e-01, 0.0, 0.0,
            0.0, 0.0, 0.0, 0.0, 3.72955859e-01, 5.40588975e-01,
            7.15270817e-01, 3.91387701e-01, 7.06993639e-01,
            8.12128663e-01, 3.46866757e-01, 8.46140265e-01,
            7.69004285e-01, 3.85258436e-01, 5.35186529e-01,
            5.53286493e-01, 3.92903388e-01, 7.06892550e-01,
            6.98068142e-01, 3.85273635e-01, 8.54288518e-01,
            7.80864179e-01, 4.02083397e-01, 2.59650052e-01,
            8.82078648e-01, 4.09762919e-01, 2.64992774e-01,
            1.40489712e-01, 3.85153472e-01, 2.56843328e-01,
            8.05394828e-01, 0.0, 0.0, 0.0 ]
    }
}
