{
    "pose_0": {
        "type_id": "opencv-matrix",
        "rows": 1,
        "cols": 18,
        "dt": "3f",
        "data": [ 3.00828218e-01, 2.70621836e-01, 1.00533438e+00,
            2.64023185e-01, 3.36035430e-01, 7.21593738e-01,
            2.59445280e-01, 3.35930079e-01, 8.52520943e-01,
            2.38032728e-01, 4.45153773e-01, 9.51332450e-01,
            2.77931213e-01, 5.02400339e-01, 8.30654025e-01,
            2.70186752e-01, 3.35952461e-01, 5.96552670e-01, 0.0, 0.0,
            0.0, 0.0, 0.0, 0.0, 2.64034301e-01, 5.43330789e-01,
            6.88858390e-01, 2.76366085e-01, 7.06845462e-01,
            7.46375918e-01, 2.65620708e-01, 8.76052260e-01,
            7.39026487e-01, 2.77849197e-01, 5.37872553e-01,
            5.76259732e-01, 2.88653225e-01, 7.04260290e-01,
            7.67979860e-01, 2.37942100e-01, 7.96890557e-01,
            7.55839467e-01, 2.97773838e-01, 2.54112780e-01,
            9.40197766e-01, 3.00848216e-01, 2.51537621e-01,
            1.02032110e-01, 2.74798930e-01, 2.51399130e-01,
            8.45696926e-01, 0.0, 0.0, 0.0 ]
    }
}
