{
    "pose_0": {
        "type_id": "opencv-matrix",
        "rows": 1,
        "cols": 18,
        "dt": "3f",
        "data": [ 6.52081728e-01, 2.73250520e-01, 8.68819296e-01,
            6.10725105e-01, 3.30535859e-01, 7.37608552e-01,
            6.18407786e-01, 3.33298951e-01, 8.22735906e-01,
            5.98433852e-01, 4.42360997e-01, 8.71232450e-01,
            6.38273418e-01, 4.94259357e-01, 8.75222743e-01,
            6.06027186e-01, 3.22392195e-01, 6.74886167e-01,
            5.95379949e-01, 4.45112228e-01, 1.69134855e-01, 0.0, 0.0,
            0.0, 6.16780221e-01, 5.35177648e-01, 5.95578969e-01,
            6.49013340e-01, 6.96067870e-01, 6.75959945e-01,
            6.81243420e-01, 8.40719938e-01, 8.02287698e-01,
            5.95379889e-01, 5.35164535e-01, 5.99494457e-01,
            5.96920550e-01, 7.06986785e-01, 8.13315868e-01,
            5.81531763e-01, 8.56960714e-01, 8.10473144e-01,
            6.45994186e-01, 2.62299925e-01, 8.22305739e-01, 0.0, 0.0,
            0.0, 6.32123768e-01, 2.62297571e-01, 7.45565891e-01, 0.0,
            0.0, 0.0 ]
    }
}
