{
    "pose_0": {
        "type_id": "opencv-matrix",
        "rows": 1,
        "cols": 18,
        "dt": "3f",
        "data": [ 9.03656423e-01, 2.70522952e-01, 2.38535449e-01,
            8.63802195e-01, 3.35829735e-01, 9.14148331e-01,
            8.83719265e-01, 3.35824728e-01, 8.42285693e-01,
            8.66804540e-01, 4.34219986e-01, 8.32954168e-01,
            9.02169228e-01, 5.02391398e-01, 8.96071076e-01,
            8.43828738e-01, 3.35944027e-01, 8.07416797e-01,
            8.37640405e-01, 4.28690344e-01, 6.82995737e-01,
            8.45379889e-01, 4.58747476e-01, 2.53571808e-01,
            8.77515912e-01, 5.35093009e-01, 6.57201231e-01,
            8.77524436e-01, 7.07055449e-01, 8.05854201e-01,
            8.63813162e-01, 8.62564683e-01, 8.65030110e-01,
            8.54594767e-01, 5.32389998e-01, 5.75075328e-01,
            8.92895579e-01, 7.04173744e-01, 7.43232369e-01,
            8.76033485e-01, 8.51548195e-01, 7.01856256e-01,
            9.02119756e-01, 2.54104853e-01, 3.12849909e-01, 0.0, 0.0,
            0.0, 8.91376436e-01, 2.56899893e-01, 6.18733108e-01,
            8.63714457e-01, 2.51400650e-01, 1.47340864e-01 ]
    }
}
