{
    "pose_0": {
        "type_id": "opencv-matrix",
        "rows": 1,
        "cols": 18,
        "dt": "3f",
        "data": [ 6.29046977e-01, 2.73244381e-01, 8.84725094e-01,
            5.90725720e-01, 3.33207279e-01, 6.88480258e-01,
            5.93869686e-01, 3.35878462e-01, 8.39199185e-01,
            5.78459859e-01, 4.42283332e-01, 8.44130278e-01,
            6.18338346e-01, 4.94254619e-01, 9.28424001e-01,
            5.83133399e-01, 3.27763885e-01, 6.11739397e-01,
            5.87691665e-01, 4.42370385e-01, 5.31808957e-02,
            6.18301570e-01, 4.88743246e-01, 6.57525659e-02,
            5.93777180e-01, 5.35192311e-01, 6.58537984e-01,
            6.18383527e-01, 6.98757589e-01, 7.91349769e-01,
            6.16851449e-01, 8.59631300e-01, 7.40449965e-01,
            5.81583083e-01, 5.35112023e-01, 5.58442414e-01,
            5.87689877e-01, 7.04136729e-01, 7.71253586e-01,
            5.81577718e-01, 8.54283333e-01, 7.95371294e-01,
            6.21461332e-01, 2.62322307e-01, 8.23737621e-01,
            6.30520403e-01, 2.59622961e-01, 1.59393907e-01,
            6.06128991e-01, 2.62285352e-01, 7.31458426e-01, 0.0, 0.0,
            0.0 ]
    }
}
