{
    "pose_0": {
        "type_id": "opencv-matrix",
        "rows": 1,
        "cols": 18,
        "dt": "3f",
        "data": [ 3.59182298e-01, 2.75962651e-01, 9.60504115e-01,
            3.19304019e-01, 3.38737726e-01, 7.39340901e-01,
            3.11664134e-01, 3.38636279e-01, 9.04927313e-01,
            2.88575381e-01, 4.47746307e-01, 9.68044877e-01,
            3.26939076e-01, 5.10509253e-01, 8.83134961e-01,
            3.26928258e-01, 3.38679582e-01, 6.71830535e-01, 0.0, 0.0,
            0.0, 0.0, 0.0, 0.0, 3.14700872e-01, 5.51430106e-01,
            6.80806398e-01, 3.02397430e-01, 7.15121925e-01,
            7.62312233e-01, 2.65645772e-01, 8.65134716e-01,
            7.69934714e-01, 3.39256614e-01, 5.51421046e-01,
            6.27378762e-01, 3.60660374e-01, 7.01529920e-01,
            7.76154399e-01, 3.82176220e-01, 8.56949806e-01,
            7.74655104e-01, 3.53015393e-01, 2.64998198e-01,
            8.82673979e-01, 3.60668093e-01, 2.65021056e-01,
            1.07603751e-01, 3.34643930e-01, 2.56827921e-01,
            8.12449276e-01, 0.0, 0.0, 0.0 ]
    }
}
