{
    "pose_0": {
        "type_id": "opencv-matrix",
        "rows": 1,
        "cols": 18,
        "dt": "3f",
        "data": [ 2.62566179e-01, 2.89535105e-01, 9.60239887e-01,
            2.27298722e-01, 3.49596888e-01, 7.31979251e-01,
            2.19580516e-01, 3.44153702e-01, 8.13910604e-01,
            2.01188862e-01, 4.53256875e-01, 8.88196707e-01,
            2.44144425e-01, 5.13248563e-01, 8.80784094e-01,
            2.37984836e-01, 3.49614322e-01, 6.20585203e-01, 0.0, 0.0,
            0.0, 0.0, 0.0, 0.0, 2.27254853e-01, 5.54173350e-01,
            6.72084868e-01, 2.53331989e-01, 7.12404191e-01,
            7.58593082e-01, 2.71702617e-01, 8.76101911e-01,
            7.64489174e-01, 2.33383670e-01, 5.54123402e-01,
            4.95527953e-01, 2.04295918e-01, 7.17859626e-01,
            7.69658148e-01, 1.67459294e-01, 8.57001722e-01,
            7.14900434e-01, 2.57956475e-01, 2.70541161e-01,
            9.24107313e-01, 2.64045954e-01, 2.73156881e-01,
            2.74870872e-01, 2.37954721e-01, 2.65012205e-01,
            8.19601119e-01, 0.0, 0.0, 0.0 ]
    }
}
