{
    "pose_0": {
        "type_id": "opencv-matrix",
        "rows": 1,
        "cols": 18,
        "dt": "3f",
        "data": [ 9.41991866e-01, 2.78643429e-01, 1.02133349e-01,
            9.02084827e-01, 3.38711351e-01, 9.15770948e-01,
            9.23582852e-01, 3.38656664e-01, 8.87467980e-01,
            9.02181447e-01, 4.45105314e-01, 8.73398423e-01,
            9.38950300e-01, 5.10582268e-01, 9.99080479e-01,
            8.80619764e-01, 3.38810295e-01, 7.74325728e-01,
            8.74506235e-01, 4.42345351e-01, 6.63103938e-01,
            8.80641758e-01, 4.69569176e-01, 3.22642148e-01,
            9.11278188e-01, 5.45994520e-01, 6.27484918e-01,
            9.00515795e-01, 7.09796369e-01, 7.78703809e-01,
            8.65256906e-01, 8.62353921e-01, 8.04495633e-01,
            8.89807522e-01, 5.43304503e-01, 5.59086919e-01,
            9.28152442e-01, 6.90576911e-01, 7.36396372e-01,
            9.57298875e-01, 8.40727210e-01, 7.66764462e-01,
            9.38980043e-01, 2.67762303e-01, 1.64890140e-01, 0.0, 0.0,
            0.0, 9.35816944e-01, 2.70398736e-01, 6.46142960e-01,
            9.02041137e-01, 2.59577990e-01, 1.74340099e-01 ]
    }
}
