{
    "pose_0": {
        "type_id": "opencv-matrix",
        "rows": 1,
        "cols": 18,
        "dt": "3f",
        "data": [ 4.00593728e-01, 2.73320019e-01, 9.75337863e-01,
            3.65314066e-01, 3.38595092e-01, 7.43559182e-01,
            3.59181732e-01, 3.36041331e-01, 8.76747727e-01,
            3.37714940e-01, 4.45100754e-01, 9.48720813e-01,
            3.82122934e-01, 4.99695837e-01, 8.39489460e-01,
            3.74487579e-01, 3.35955530e-01, 6.82040036e-01, 0.0, 0.0,
            0.0, 0.0, 0.0, 0.0, 3.69884282e-01, 5.43304026e-01,
            6.73515677e-01, 3.82138252e-01, 7.07057059e-01,
            8.52993250e-01, 3.22314739e-01, 8.29678416e-01,
            7.81287313e-01, 3.86711538e-01, 5.37899971e-01,
            5.88668942e-01, 3.88288081e-01, 7.07046330e-01,
            7.22728372e-01, 3.85236889e-01, 8.59794557e-01,
            7.99897194e-01, 3.97550493e-01, 2.62274742e-01,
            9.22195673e-01, 0.0, 0.0, 0.0, 3.79073560e-01,
            2.56857425e-01, 7.82526612e-01, 0.0, 0.0, 0.0 ]
    }
}
