{
    "pose_0": {
        "type_id": "opencv-matrix",
        "rows": 1,
        "cols": 18,
        "dt": "3f",
        "data": [ 3.28510016e-01, 2.70539105e-01, 9.80574369e-01,
            2.90144354e-01, 3.35989028e-01, 7.35950112e-01,
            2.85558403e-01, 3.35872471e-01, 8.75832677e-01,
            2.62575001e-01, 4.42366421e-01, 9.02582943e-01,
            3.00948590e-01, 5.07835984e-01, 8.77435207e-01,
            2.99299419e-01, 3.35925251e-01, 6.51940823e-01, 0.0, 0.0,
            0.0, 0.0, 0.0, 0.0, 2.87091851e-01, 5.40588856e-01,
            7.22551942e-01, 2.86996037e-01, 7.07026780e-01,
            8.35623145e-01, 2.65591830e-01, 8.62497389e-01,
            8.06567609e-01, 3.08537602e-01, 5.37823141e-01,
            6.07839823e-01, 3.25354099e-01, 6.90601230e-01,
            7.80987442e-01, 3.48472804e-01, 8.40642929e-01,
            8.12537134e-01, 3.25383186e-01, 2.51533628e-01,
            9.87071514e-01, 0.0, 0.0, 0.0, 3.03961873e-01,
            2.51330853e-01, 8.23927462e-01, 0.0, 0.0, 0.0 ]
    }
}
