{
    "pose_0": {
        "type_id": "opencv-matrix",
        "rows": 1,
        "cols": 18,
        "dt": "3f",
        "data": [ 0.0, 0.0, 0.0, 1.00184023e+00, 3.52353424e-01,
            3.48085880e-01, 0.0, 0.0, 0.0, 0.0, 0.0, 0.0, 0.0, 0.0, 0.0,
            9.74170983e-01, 3.44117433e-01, 7.15477824e-01,
            9.54274595e-01, 4.45083797e-01, 7.49181390e-01,
            9.75732327e-01, 4.77869362e-01, 2.96638966e-01,
            1.00184286e+00, 5.37885487e-01, 1.50646314e-01, 0.0, 0.0,
            0.0, 0.0, 0.0, 0.0, 9.75718498e-01, 5.43293357e-01,
            5.49704373e-01, 9.84939575e-01, 7.09694743e-01,
            8.24256957e-01, 9.64976430e-01, 8.59786212e-01,
            7.68323421e-01, 0.0, 0.0, 0.0, 0.0, 0.0, 0.0, 0.0, 0.0, 0.0,
            9.89504039e-01, 2.73268610e-01, 8.21986124e-02 ]
    }
}
