{
    "pose_0": {
        "type_id": "opencv-matrix",
        "rows": 1,
        "cols": 18,
        "dt": "3f",
        "data": [ 5.50890148e-01, 2.76009113e-01, 8.62926006e-01,
            5.10990381e-01, 3.38801265e-01, 6.58977330e-01,
            5.12537003e-01, 3.41457546e-01, 7.85109520e-01,
            4.95638281e-01, 4.50529575e-01, 9.32759225e-01,
            5.32427669e-01, 5.13165295e-01, 9.61335778e-01,
            5.09439111e-01, 3.36054772e-01, 5.72835386e-01, 0.0, 0.0,
            0.0, 0.0, 0.0, 0.0, 5.09454489e-01, 5.43269694e-01,
            7.19554484e-01, 5.06401539e-01, 7.09697068e-01,
            8.01468253e-01, 4.84893203e-01, 8.62483561e-01,
            8.48684847e-01, 5.20211101e-01, 5.37880719e-01,
            5.94685018e-01, 5.44703245e-01, 6.90639198e-01,
            7.41856694e-01, 5.80021083e-01, 8.35128784e-01,
            7.83717155e-01, 5.46273768e-01, 2.65098810e-01,
            8.76540542e-01, 5.52392066e-01, 2.67688870e-01,
            1.61373392e-01, 5.26337564e-01, 2.62335300e-01,
            6.97855115e-01, 0.0, 0.0, 0.0 ]
    }
}
