{
    "pose_0": {
        "type_id": "opencv-matrix",
        "rows": 1,
        "cols": 18,
        "dt": "3f",
        "data": [ 4.25091237e-01, 2.73354024e-01, 9.35832083e-01,
            3.88334274e-01, 3.36063772e-01, 7.25112259e-01,
            3.85145247e-01, 3.35971385e-01, 8.73297095e-01,
            3.62158835e-01, 4.39567357e-01, 8.99571300e-01,
            3.99090767e-01, 4.91433769e-01, 9.39834952e-01,
            3.97499740e-01, 3.35959464e-01, 6.64591789e-01, 0.0, 0.0,
            0.0, 0.0, 0.0, 0.0, 3.86782557e-01, 5.46003878e-01,
            6.93323076e-01, 4.23649848e-01, 6.96030915e-01,
            7.70221710e-01, 4.58794892e-01, 8.40512753e-01,
            7.89398611e-01, 3.97440672e-01, 5.40534556e-01,
            5.49418449e-01, 3.89835179e-01, 7.09650636e-01,
            7.91956007e-01, 3.85209560e-01, 8.62378955e-01,
            8.12251151e-01, 4.22040403e-01, 2.62363344e-01,
            8.91655743e-01, 0.0, 0.0, 0.0, 4.02122408e-01,
            2.59603351e-01, 7.64313161e-01, 0.0, 0.0, 0.0 ]
    }
}
