{
    "pose_0": {
        "type_id": "opencv-matrix",
        "rows": 1,
        "cols": 18,
        "dt": "3f",
        "data": [ 5.10989785e-01, 2.73356855e-01, 6.56066239e-01,
            4.74175811e-01, 3.36083323e-01, 6.93109155e-01,
            4.78763700e-01, 3.38728219e-01, 7.87676990e-01,
            4.61970299e-01, 4.47916806e-01, 8.86904180e-01,
            5.06373286e-01, 5.07812142e-01, 8.66969526e-01,
            4.71119106e-01, 3.33264828e-01, 5.76877713e-01, 0.0, 0.0,
            0.0, 0.0, 0.0, 0.0, 4.81849611e-01, 5.43317854e-01,
            6.84102535e-01, 4.89525348e-01, 7.04252720e-01,
            7.43098140e-01, 4.83380109e-01, 8.70576143e-01,
            7.67726123e-01, 4.86494988e-01, 5.37795365e-01,
            5.18031716e-01, 5.09409189e-01, 7.01508522e-01,
            7.91586399e-01, 4.48118985e-01, 8.16089272e-01,
            7.64905334e-01, 5.09426296e-01, 2.65037298e-01,
            6.70041978e-01, 0.0, 0.0, 0.0, 4.97149497e-01,
            2.67695904e-01, 7.16091633e-01, 0.0, 0.0, 0.0 ]
    }
}
