{
    "pose_0": {
        "type_id": "opencv-matrix",
        "rows": 1,
        "cols": 18,
        "dt": "3f",
        "data": [ 7.40976691e-01, 2.67720431e-01, 8.35891545e-01,
            6.95078790e-01, 3.22305918e-01, 7.87183046e-01,
            7.05762208e-01, 3.27749610e-01, 8.14923227e-01,
            6.85863614e-01, 4.34220672e-01, 8.58591855e-01,
            7.22683668e-01, 4.94219720e-01, 8.70247245e-01,
            6.84328675e-01, 3.16979527e-01, 7.12558746e-01,
            6.76628232e-01, 4.06936467e-01, 1.03783779e-01, 0.0, 0.0,
            0.0, 6.95077360e-01, 5.29681921e-01, 6.79826021e-01,
            6.93592608e-01, 6.93275392e-01, 7.15417027e-01,
            6.82800174e-01, 8.59625757e-01, 8.01870584e-01,
            6.96572542e-01, 5.29591084e-01, 4.62449402e-01,
            7.16566443e-01, 6.68815672e-01, 7.63563037e-01,
            7.37999260e-01, 8.32398117e-01, 7.50206590e-01,
            7.36430705e-01, 2.51343697e-01, 8.46746385e-01, 0.0, 0.0,
            0.0, 7.18059063e-01, 2.48802602e-01, 7.57764459e-01, 0.0,
            0.0, 0.0 ]
    }
}
