{
    "pose_0": {
        "type_id": "opencv-matrix",
        "rows": 1,
        "cols": 18,
        "dt": "3f",
        "data": [ 4.71097767e-01, 2.81390160e-01, 9.11547542e-01,
            4.34265226e-01, 3.44129801e-01, 6.57630086e-01,
            4.35905814e-01, 3.46892059e-01, 8.04867804e-01,
            4.22067314e-01, 4.56016541e-01, 8.74809682e-01,
            4.61954355e-01, 5.10583580e-01, 9.18657422e-01,
            4.26633030e-01, 3.38683873e-01, 5.65503478e-01, 0.0, 0.0,
            0.0, 0.0, 0.0, 0.0, 4.38930303e-01, 5.51491797e-01,
            6.14833593e-01, 4.60413933e-01, 7.20584214e-01,
            7.78294206e-01, 4.81823087e-01, 8.67845297e-01,
            7.78733909e-01, 4.28163260e-01, 5.54135025e-01,
            5.25838196e-01, 4.15906549e-01, 7.12363601e-01,
            7.64368474e-01, 3.86765331e-01, 8.59800041e-01,
            7.90740550e-01, 4.64980096e-01, 2.70412356e-01,
            8.67985725e-01, 0.0, 0.0, 0.0, 4.46640521e-01,
            2.70387381e-01, 7.47207522e-01, 0.0, 0.0, 0.0 ]
    }
}
