{
    "pose_0": {
        "type_id": "opencv-matrix",
        "rows": 1,
        "cols": 18,
        "dt": "3f",
        "data": [ 8.69919181e-01, 2.73184627e-01, 6.61838874e-02,
            8.30041766e-01, 3.38578820e-01, 9.02780294e-01,
            8.53005171e-01, 3.36023271e-01, 9.21201587e-01,
            8.40809345e-01, 4.45013911e-01, 8.89149070e-01,
            8.77569795e-01, 5.02346933e-01, 9.01397526e-01,
            8.10064733e-01, 3.38697493e-01, 8.02221060e-01,
            8.03928196e-01, 4.47928458e-01, 7.47859538e-01,
            8.26896489e-01, 4.88693327e-01, 3.70762378e-01,
            8.51482093e-01, 5.43302357e-01, 6.36619329e-01,
            8.65219593e-01, 7.09623575e-01, 8.33707392e-01,
            8.65344882e-01, 8.65121484e-01, 7.97920227e-01,
            8.17741334e-01, 5.40539563e-01, 6.58166707e-01,
            8.28480899e-01, 7.01524258e-01, 8.71308327e-01,
            7.84003913e-01, 8.40540648e-01, 7.56873727e-01,
            8.66848767e-01, 2.59597987e-01, 1.01002887e-01, 0.0, 0.0,
            0.0, 8.63709450e-01, 2.67718345e-01, 6.50591910e-01,
            8.28453422e-01, 2.54158825e-01, 2.24372745e-01 ]
    }
}
