{
    "pose_0": {
        "type_id": "opencv-matrix",
        "rows": 1,
        "cols": 18,
        "dt": "3f",
        "data": [ 6.30629003e-01, 2.73230195e-01, 9.10507619e-01,
            5.93825102e-01, 3.30555975e-01, 7.05243766e-01,
            5.96886694e-01, 3.33275378e-01, 8.34321320e-01,
            5.81461549e-01, 4.42253113e-01, 8.60103011e-01,
            6.19891226e-01, 4.96888727e-01, 9.04113650e-01,
            5.86179495e-01, 3.25030118e-01, 5.74947119e-01, 0.0, 0.0,
            0.0, 0.0, 0.0, 0.0, 5.95363796e-01, 5.37831545e-01,
            6.45181000e-01, 6.19947076e-01, 6.98804200e-01,
            7.89975226e-01, 6.30602539e-01, 8.62423599e-01,
            7.97811687e-01, 5.83089769e-01, 5.37784696e-01,
            5.69127917e-01, 5.90753555e-01, 7.01535940e-01,
            7.77849376e-01, 5.81558466e-01, 8.56969714e-01,
            7.97672212e-01, 6.26014054e-01, 2.62283444e-01,
            7.95621753e-01, 6.30670071e-01, 2.59632051e-01,
            2.22236618e-01, 6.07645571e-01, 2.59589702e-01,
            7.32431412e-01, 0.0, 0.0, 0.0 ]
    }
}
