{
    "pose_0": {
        "type_id": "opencv-matrix",
        "rows": 1,
        "cols": 18,
        "dt": "3f",
        "data": [ 6.67449832e-01, 2.73366719e-01, 8.63910675e-01,
            6.27555430e-01, 3.33230257e-01, 7.79434860e-01,
            6.35232329e-01, 3.35910171e-01, 8.03412318e-01,
            6.18385434e-01, 4.44996685e-01, 8.86256635e-01,
            6.56697273e-01, 5.05073249e-01, 8.87808383e-01,
            6.18293285e-01, 3.27795088e-01, 7.00669169e-01,
            6.03016973e-01, 4.17798966e-01, 1.45578593e-01,
            6.06001854e-01, 4.56044197e-01, 9.57520232e-02,
            6.30683064e-01, 5.35149932e-01, 6.54939950e-01,
            6.65841758e-01, 7.01516509e-01, 7.32635856e-01,
            6.81291997e-01, 8.59751821e-01, 8.28918815e-01,
            6.10687196e-01, 5.35071135e-01, 5.96953928e-01,
            6.07574403e-01, 7.04194367e-01, 8.40433240e-01,
            5.81593752e-01, 8.54198456e-01, 7.87184596e-01,
            6.65853739e-01, 2.65028059e-01, 8.10044646e-01, 0.0, 0.0,
            0.0, 6.47480309e-01, 2.59651005e-01, 7.00066209e-01, 0.0,
            0.0, 0.0 ]
    }
}
