{
    "pose_0": {
        "type_id": "opencv-matrix",
        "rows": 1,
        "cols": 18,
        "dt": "3f",
        "data": [ 9.15946484e-01, 2.70523310e-01, 2.19753921e-01,
            8.76032174e-01, 3.35822344e-01, 8.98132086e-01,
            8.92904818e-01, 3.35914761e-01, 8.38142395e-01,
            8.76093388e-01, 4.42351550e-01, 8.72397542e-01,
            9.12843108e-01, 5.07717669e-01, 9.37549472e-01,
            8.56087506e-01, 3.35847110e-01, 7.56396770e-01,
            8.49930644e-01, 4.31410521e-01, 6.60759270e-01,
            8.60712171e-01, 4.69567537e-01, 1.73619881e-01,
            8.80625248e-01, 5.32443762e-01, 6.66640401e-01,
            8.80659461e-01, 7.06897438e-01, 7.58830249e-01,
            8.65251720e-01, 8.62375021e-01, 8.88792574e-01,
            8.63742709e-01, 5.32375395e-01, 6.13363087e-01,
            8.98991585e-01, 6.87907934e-01, 7.28961408e-01,
            9.22051430e-01, 8.35185051e-01, 7.52177894e-01,
            9.14398849e-01, 2.54102588e-01, 2.91777462e-01, 0.0, 0.0,
            0.0, 9.03647900e-01, 2.56900817e-01, 6.10825181e-01,
            8.75988007e-01, 2.48786420e-01, 1.42493308e-01 ]
    }
}
