{
    "pose_0": {
        "type_id": "opencv-matrix",
        "rows": 1,
        "cols": 18,
        "dt": "3f",
        "data": [ 1.87396526e-01, 2.89630920e-01, 9.37226951e-01,
            1.52122304e-01, 3.52348953e-01, 8.33926916e-01,
            1.33698210e-01, 3.49623501e-01, 7.62108743e-01,
            1.15252346e-01, 4.53289360e-01, 8.71147394e-01,
            1.55211970e-01, 5.15998244e-01, 8.80880713e-01,
            1.70486644e-01, 3.54989022e-01, 7.13287473e-01,
            1.76661760e-01, 4.61462140e-01, 1.13170221e-01,
            1.88953131e-01, 4.86026794e-01, 9.35384780e-02,
            1.45941526e-01, 5.56966186e-01, 6.63981616e-01,
            1.42885983e-01, 7.23355412e-01, 8.11174035e-01,
            9.38298181e-02, 8.62342536e-01, 7.76565552e-01,
            1.76692560e-01, 5.56870043e-01, 6.60569251e-01,
            1.76663995e-01, 7.28713512e-01, 8.50152969e-01,
            1.70486093e-01, 8.70637476e-01, 7.11989820e-01,
            1.79763004e-01, 2.70585150e-01, 9.34517026e-01,
            1.88973710e-01, 2.73281068e-01, 4.69408542e-01,
            1.62793815e-01, 2.62369484e-01, 7.68525362e-01, 0.0, 0.0,
            0.0 ]
    }
}
