{
    "pose_0": {
        "type_id": "opencv-matrix",
        "rows": 1,
        "cols": 18,
        "dt": "3f",
        "data": [ 7.91605890e-01, 2.67833203e-01, 6.23657823e-01,
            7.50230849e-01, 3.30457121e-01, 8.24844539e-01,
            7.64075756e-01, 3.33163410e-01, 8.37406754e-01,
            7.45658755e-01, 4.36869770e-01, 8.34690452e-01,
            7.85515189e-01, 4.94220614e-01, 8.73681366e-01,
            7.33370721e-01, 3.30456734e-01, 7.36853540e-01,
            7.27279603e-01, 4.17829812e-01, 3.10861409e-01,
            7.31857359e-01, 4.61457521e-01, 1.44495711e-01,
            7.56422579e-01, 5.32358050e-01, 6.46385372e-01,
            7.77803898e-01, 7.04162002e-01, 7.50675023e-01,
            7.19597518e-01, 8.29664469e-01, 7.41572499e-01,
            7.41035044e-01, 5.32302201e-01, 5.77141404e-01,
            7.67119706e-01, 7.01522827e-01, 6.85588956e-01,
            7.67206907e-01, 8.48826170e-01, 7.44197786e-01,
            7.90050745e-01, 2.51428217e-01, 6.71743393e-01, 0.0, 0.0,
            0.0, 7.76285112e-01, 2.51552373e-01, 6.68651402e-01,
            7.45643675e-01, 2.54120618e-01, 7.90280998e-02 ]
    }
}
