{
    "pose_0": {
        "type_id": "opencv-matrix",
        "rows": 1,
        "cols": 18,
        "dt": "3f",
        "data": [ 4.18983787e-01, 2.73370504e-01, 9.52760994e-01,
            3.83707374e-01, 3.36070478e-01, 7.46634960e-01,
            3.74508709e-01, 3.35953921e-01, 9.24489975e-01,
            3.54536772e-01, 4.44966465e-01, 8.87162268e-01,
            3.97463322e-01, 4.94278640e-01, 8.98922741e-01,
            3.89835238e-01, 3.36021006e-01, 6.45628572e-01, 0.0, 0.0,
            0.0, 0.0, 0.0, 0.0, 3.83718610e-01, 5.45971394e-01,
            6.92554832e-01, 4.11251962e-01, 7.06953764e-01,
            8.24560165e-01, 4.15932775e-01, 8.70638311e-01,
            7.13975668e-01, 3.95923823e-01, 5.37829340e-01,
            5.31505525e-01, 3.88299078e-01, 7.06944942e-01,
            8.30864131e-01, 3.85180950e-01, 8.51484179e-01,
            7.86935151e-01, 4.11383927e-01, 2.65019149e-01,
            9.14170802e-01, 4.21988308e-01, 2.65023023e-01,
            2.01444522e-01, 3.95918161e-01, 2.59640098e-01,
            7.94196546e-01, 0.0, 0.0, 0.0 ]
    }
}
