{
    "pose_0": {
        "type_id": "opencv-matrix",
        "rows": 1,
        "cols": 18,
        "dt": "3f",
        "data": [ 1.19936869e-01, 2.86844969e-01, 8.50760818e-01,
            8.61435011e-02, 3.46891701e-01, 7.67402828e-01,
            6.78080022e-02, 3.44156027e-01, 7.80364513e-01,
            5.39595783e-02, 4.58700120e-01, 7.83494532e-01,
            9.07797962e-02, 5.18780947e-01, 7.97731817e-01,
            1.03058174e-01, 3.49629253e-01, 7.06505120e-01,
            1.13756180e-01, 4.64108825e-01, 1.00727119e-01, 0.0, 0.0,
            0.0, 7.85096511e-02, 5.59638619e-01, 6.55163944e-01,
            7.99625218e-02, 7.31497586e-01, 8.12107086e-01,
            6.93100020e-02, 8.84283304e-01, 7.02202797e-01,
            1.07625887e-01, 5.56925058e-01, 5.94722927e-01,
            1.01453580e-01, 7.28793979e-01, 7.96756387e-01,
            9.07995328e-02, 8.62435639e-01, 7.39848912e-01,
            1.16808839e-01, 2.70467430e-01, 9.69100118e-01,
            1.25988916e-01, 2.70643324e-01, 3.72246742e-01,
            9.68824700e-02, 2.62344927e-01, 7.51446664e-01, 0.0, 0.0,
            0.0 ]
    }
}
