{
    "pose_0": {
        "type_id": "opencv-matrix",
        "rows": 1,
        "cols": 18,
        "dt": "3f",
        "data": [ 3.37756306e-01, 2.73302287e-01, 9.71411943e-01,
            3.00887883e-01, 3.36078137e-01, 7.66887307e-01,
            2.94741958e-01, 3.35914999e-01, 8.61304998e-01,
            2.71742344e-01, 4.42399502e-01, 8.70219231e-01,
            3.11663091e-01, 5.07787347e-01, 8.92758489e-01,
            3.10067445e-01, 3.36068690e-01, 6.40437484e-01, 0.0, 0.0,
            0.0, 0.0, 0.0, 0.0, 2.96239167e-01, 5.43319345e-01,
            6.54008150e-01, 2.88662255e-01, 7.09646046e-01,
            8.32928479e-01, 2.65580624e-01, 8.62542570e-01,
            7.99586773e-01, 3.16213459e-01, 5.40610254e-01,
            6.26483798e-01, 3.36183399e-01, 6.90653980e-01,
            7.95719564e-01, 3.74426752e-01, 8.37846875e-01,
            8.35919380e-01, 3.36132109e-01, 2.59556830e-01,
            9.22594786e-01, 0.0, 0.0, 0.0, 3.13220739e-01,
            2.51518428e-01, 8.51046562e-01, 0.0, 0.0, 0.0 ]
    }
}
