{
    "pose_0": {
        "type_id": "opencv-matrix",
        "rows": 1,
        "cols": 18,
        "dt": "3f",
        "data": [ 6.61306083e-01, 2.76037872e-01, 7.69588709e-01,
            6.21466100e-01, 3.33225638e-01, 7.41475582e-01,
            6.30680025e-01, 3.35917026e-01, 8.28344226e-01,
            6.12205267e-01, 4.45014536e-01, 8.75533760e-01,
            6.52094603e-01, 4.96966004e-01, 8.53569686e-01,
            6.15285516e-01, 3.27748448e-01, 6.46003604e-01,
            6.12237096e-01, 4.45128292e-01, 1.05636299e-01, 0.0, 0.0,
            0.0, 6.26025319e-01, 5.37837088e-01, 5.94423652e-01,
            6.62815094e-01, 7.01533079e-01, 7.13859260e-01,
            6.82773411e-01, 8.59603167e-01, 7.97039330e-01,
            6.06136799e-01, 5.35160065e-01, 5.96205354e-01,
            6.06057286e-01, 7.04157174e-01, 8.15047801e-01,
            5.81584752e-01, 8.54227066e-01, 7.77337551e-01,
            6.58224344e-01, 2.67757744e-01, 8.20574224e-01, 0.0, 0.0,
            0.0, 6.44370437e-01, 2.65060306e-01, 7.49323308e-01, 0.0,
            0.0, 0.0 ]
    }
}
