{
    "pose_0": {
        "type_id": "opencv-matrix",
        "rows": 1,
        "cols": 18,
        "dt": "3f",
        "data": [ 3.16226065e-01, 2.70568341e-01, 9.67365623e-01,
            2.76408434e-01, 3.35933238e-01, 6.93836451e-01,
            2.74711311e-01, 3.33291650e-01, 8.69897068e-01,
            2.50299782e-01, 4.36908513e-01, 8.62533748e-01,
            2.91701257e-01, 5.05133808e-01, 8.38441074e-01,
            2.85532802e-01, 3.35879445e-01, 6.07403278e-01, 0.0, 0.0,
            0.0, 0.0, 0.0, 0.0, 2.76308000e-01, 5.43260574e-01,
            6.96561277e-01, 2.82459795e-01, 7.09619761e-01,
            7.90926635e-01, 2.65624583e-01, 8.62405539e-01,
            8.06059957e-01, 2.99375147e-01, 5.40522218e-01,
            6.02445722e-01, 3.14721018e-01, 7.06905186e-01,
            8.72363448e-01, 2.91645557e-01, 8.46023023e-01,
            7.89167225e-01, 3.13136548e-01, 2.51549304e-01,
            9.69639301e-01, 0.0, 0.0, 0.0, 2.93229282e-01,
            2.48752519e-01, 8.19575310e-01, 0.0, 0.0, 0.0 ]
    }
}
