{
    "pose_0": {
        "type_id": "opencv-matrix",
        "rows": 1,
        "cols": 18,
        "dt": "3f",
        "data": [ 2.01176316e-01, 2.89534390e-01, 9.34932888e-01,
            1.65879786e-01, 3.49580169e-01, 8.16906750e-01,
            1.50524423e-01, 3.44183117e-01, 7.84846425e-01,
            1.29090026e-01, 4.53244299e-01, 8.87241244e-01,
            1.70508787e-01, 5.13318479e-01, 8.75872672e-01,
            1.82785153e-01, 3.49598557e-01, 6.90206468e-01,
            1.79719567e-01, 4.47836518e-01, 6.39382750e-02, 0.0, 0.0,
            0.0, 1.64323688e-01, 5.56952775e-01, 6.89718425e-01,
            1.78194612e-01, 7.23248124e-01, 8.12410235e-01,
            1.16821229e-01, 8.43411624e-01, 7.77739823e-01,
            1.88910931e-01, 5.51495314e-01, 6.01838768e-01,
            1.81268483e-01, 7.20565319e-01, 6.46284819e-01,
            1.69000596e-01, 8.62492263e-01, 7.36847579e-01,
            1.95029914e-01, 2.70513684e-01, 9.22243834e-01,
            2.02710971e-01, 2.73206472e-01, 6.03913963e-01,
            1.75123379e-01, 2.62347996e-01, 7.90527463e-01, 0.0, 0.0,
            0.0 ]
    }
}
