{
    "pose_0": {
        "type_id": "opencv-matrix",
        "rows": 1,
        "cols": 18,
        "dt": "3f",
        "data": [ 7.48736262e-01, 2.67756492e-01, 7.43056059e-01,
            7.05736756e-01, 3.25053781e-01, 8.07870805e-01,
            7.16490984e-01, 3.30554664e-01, 8.07741344e-01,
            6.93576396e-01, 4.34131622e-01, 8.70341420e-01,
            7.30392337e-01, 4.94237751e-01, 9.40782666e-01,
            6.93535149e-01, 3.19553465e-01, 7.40789890e-01,
            6.79740608e-01, 4.34203923e-01, 2.20561847e-01, 0.0, 0.0,
            0.0, 7.04285443e-01, 5.32366991e-01, 6.69154584e-01,
            6.99633479e-01, 6.96030021e-01, 7.00446963e-01,
            6.82778776e-01, 8.59750628e-01, 8.28585267e-01,
            6.99645162e-01, 5.32283902e-01, 4.97498393e-01,
            7.27203071e-01, 6.74204946e-01, 6.68925345e-01,
            7.59471714e-01, 8.24231684e-01, 7.11751103e-01,
            7.44139493e-01, 2.51368314e-01, 8.03653955e-01, 0.0, 0.0,
            0.0, 7.30287254e-01, 2.51373559e-01, 7.33689368e-01, 0.0,
            0.0, 0.0 ]
    }
}
