{
    "pose_0": {
        "type_id": "opencv-matrix",
        "rows": 1,
        "cols": 18,
        "dt": "3f",
        "data": [ 4.45012718e-01, 2.73365349e-01, 9.07764733e-01,
            4.06696975e-01, 3.35905671e-01, 6.23877883e-01,
            4.06663239e-01, 3.35956097e-01, 7.93202162e-01,
            3.85298997e-01, 4.36907917e-01, 8.81564081e-01,
            4.25096661e-01, 4.91450906e-01, 8.85704517e-01,
            4.06717002e-01, 3.33210856e-01, 5.34765959e-01, 0.0, 0.0,
            0.0, 0.0, 0.0, 0.0, 4.08228010e-01, 5.35053730e-01,
            6.44588113e-01, 4.52721715e-01, 6.87959850e-01,
            7.51262367e-01, 4.91076082e-01, 8.29720318e-01,
            7.50705481e-01, 4.03654128e-01, 5.35035074e-01,
            5.63490212e-01, 3.99104953e-01, 7.09635973e-01,
            8.02741706e-01, 3.85234058e-01, 8.62412333e-01,
            8.27745199e-01, 4.37413543e-01, 2.62371242e-01,
            8.60509217e-01, 0.0, 0.0, 0.0, 4.21987474e-01,
            2.64999956e-01, 7.92671680e-01, 0.0, 0.0, 0.0 ]
    }
}
