{
    "pose_0": {
        "type_id": "opencv-matrix",
        "rows": 1,
        "cols": 18,
        "dt": "3f",
        "data": [ 6.07705653e-01, 2.73267329e-01, 8.62844944e-01,
            5.72316408e-01, 3.36068481e-01, 6.97108567e-01,
            5.73880136e-01, 3.38742673e-01, 8.05321455e-01,
            5.58513045e-01, 4.47805434e-01, 9.57358897e-01,
            5.96926212e-01, 5.07739305e-01, 8.88491690e-01,
            5.70794046e-01, 3.33214760e-01, 5.63203335e-01, 0.0, 0.0,
            0.0, 0.0, 0.0, 0.0, 5.72371960e-01, 5.40531218e-01,
            7.12222934e-01, 5.92314661e-01, 7.07028806e-01,
            8.50000441e-01, 5.30921340e-01, 8.18820417e-01,
            7.89037645e-01, 5.83051443e-01, 5.35171211e-01,
            5.07646143e-01, 5.93810141e-01, 7.06947565e-01,
            6.45193875e-01, 5.83096504e-01, 8.62360835e-01,
            8.26234162e-01, 6.06053650e-01, 2.64981985e-01,
            7.95849562e-01, 6.07705712e-01, 2.59565294e-01,
            1.58167750e-01, 5.86163998e-01, 2.65054822e-01,
            6.60010099e-01, 0.0, 0.0, 0.0 ]
    }
}
