{
    "pose_0": {
        "type_id": "opencv-matrix",
        "rows": 1,
        "cols": 18,
        "dt": "3f",
        "data": [ 8.16215754e-01, 2.73135304e-01, 6.56798899e-01,
            7.76313305e-01, 3.33145142e-01, 8.58607531e-01,
            7.91618526e-01, 3.33147556e-01, 8.78430009e-01,
            7.74821341e-01, 4.31469053e-01, 8.35249662e-01,
            8.13086271e-01, 4.91602957e-01, 9.13641274e-01,
            7.54932106e-01, 3.35885614e-01, 7.93294251e-01,
            7.44121730e-01, 4.20518726e-01, 6.95966721e-01,
            7.53337801e-01, 4.53326643e-01, 6.16636276e-01,
            7.82483399e-01, 5.35062671e-01, 6.68598533e-01,
            8.14620197e-01, 6.87877834e-01, 7.84927607e-01,
            8.43850732e-01, 8.40562999e-01, 7.81124473e-01,
            7.56427944e-01, 5.32378852e-01, 6.16749287e-01,
            7.76309013e-01, 6.98742747e-01, 7.75648117e-01,
            7.67201900e-01, 8.48774314e-01, 7.66480982e-01,
            8.14664483e-01, 2.56831795e-01, 6.40856504e-01, 0.0, 0.0,
            0.0, 8.00853312e-01, 2.56898820e-01, 6.53205335e-01,
            7.73262739e-01, 2.65049517e-01, 6.19363189e-02 ]
    }
}
