{
    "pose_0": {
        "type_id": "opencv-matrix",
        "rows": 1,
        "cols": 18,
        "dt": "3f",
        "data": [ 6.06137991e-01, 2.73366362e-01, 9.24024105e-01,
            5.70765018e-01, 3.38633299e-01, 7.04965055e-01,
            5.70901811e-01, 3.38803709e-01, 8.21250081e-01,
            5.57018161e-01, 4.47853208e-01, 9.47936237e-01,
            5.95373034e-01, 5.07760465e-01, 9.07753468e-01,
            5.67723751e-01, 3.33279997e-01, 5.61506152e-01, 0.0, 0.0,
            0.0, 0.0, 0.0, 0.0, 5.72338581e-01, 5.35217464e-01,
            7.03168631e-01, 5.84590077e-01, 7.07025051e-01,
            7.99264193e-01, 5.21757007e-01, 8.21498692e-01,
            7.84353614e-01, 5.81528306e-01, 5.32456994e-01,
            4.94484425e-01, 5.92309117e-01, 7.06914246e-01,
            6.67071581e-01, 5.83095670e-01, 8.62377346e-01,
            8.27379525e-01, 6.01476848e-01, 2.65102684e-01,
            8.26394558e-01, 6.06107354e-01, 2.65093297e-01,
            1.95027262e-01, 5.83104432e-01, 2.65099734e-01,
            7.42857099e-01, 0.0, 0.0, 0.0 ]
    }
}
