{
    "pose_0": {
        "type_id": "opencv-matrix",
        "rows": 1,
        "cols": 18,
        "dt": "3f",
        "data": [ 9.86383200e-01, 2.73275226e-01, 3.09902996e-01,
            9.40469563e-01, 3.38614434e-01, 8.85593355e-01,
            9.61892366e-01, 3.36094290e-01, 9.16652679e-01,
            9.43523943e-01, 4.45082903e-01, 8.42448950e-01,
            9.80341434e-01, 5.07864118e-01, 8.78917873e-01,
            9.23580885e-01, 3.38720530e-01, 7.93084025e-01,
            9.14387941e-01, 4.44977462e-01, 7.83487678e-01,
            9.26688910e-01, 4.69688684e-01, 4.19714838e-01,
            9.51213837e-01, 5.48744023e-01, 6.58068240e-01,
            9.63399112e-01, 7.09667206e-01, 8.57183576e-01,
            9.02148187e-01, 8.35196912e-01, 7.95872450e-01,
            9.31264758e-01, 5.40551305e-01, 4.98920441e-01,
            9.71104741e-01, 7.09640682e-01, 6.51789546e-01,
            9.61943746e-01, 8.59737039e-01, 8.05055559e-01,
            9.83360410e-01, 2.65025049e-01, 3.36839855e-01, 0.0, 0.0,
            0.0, 9.72663343e-01, 2.70385414e-01, 6.45224452e-01,
            9.38896954e-01, 2.56935775e-01, 1.47761136e-01 ]
    }
}
