{
    "pose_0": {
        "type_id": "opencv-matrix",
        "rows": 1,
        "cols": 18,
        "dt": "3f",
        "data": [ 7.24191189e-01, 2.67740548e-01, 6.58872664e-01,
            6.82781160e-01, 3.19623321e-01, 7.87798107e-01,
            6.93510115e-01, 3.25025946e-01, 7.85726249e-01,
            6.79627240e-01, 4.36949372e-01, 8.65400255e-01,
            7.16535151e-01, 4.94282454e-01, 9.06123340e-01,
            6.70550227e-01, 3.16888601e-01, 6.85054421e-01,
            6.56712174e-01, 4.04149234e-01, 1.51291192e-01, 0.0, 0.0,
            0.0, 6.82814896e-01, 5.35077810e-01, 6.89903975e-01,
            6.91984117e-01, 7.01436937e-01, 7.47726262e-01,
            6.82827652e-01, 8.62388670e-01, 7.90890992e-01,
            6.84295654e-01, 5.32347500e-01, 4.55696762e-01,
            7.07346678e-01, 6.87975407e-01, 7.12625027e-01,
            6.65922046e-01, 8.21514010e-01, 7.31496334e-01,
            7.21093357e-01, 2.51346529e-01, 7.23445356e-01, 0.0, 0.0,
            0.0, 7.05832839e-01, 2.51358002e-01, 7.37300038e-01, 0.0,
            0.0, 0.0 ]
    }
}
