{
    "pose_0": {
        "type_id": "opencv-matrix",
        "rows": 1,
        "cols": 18,
        "dt": "3f",
        "data": [ 5.57027698e-01, 2.78722823e-01, 9.02887404e-01,
            5.17145157e-01, 3.41382712e-01, 6.59948170e-01,
            5.20206690e-01, 3.41476500e-01, 7.99406171e-01,
            4.98739421e-01, 4.47911263e-01, 9.14099574e-01,
            5.35562456e-01, 5.13315439e-01, 8.88292134e-01,
            5.11033297e-01, 3.36034805e-01, 5.87392092e-01, 0.0, 0.0,
            0.0, 0.0, 0.0, 0.0, 5.15590370e-01, 5.46048224e-01,
            6.59656465e-01, 5.07959843e-01, 7.12399840e-01,
            8.15065205e-01, 4.84864116e-01, 8.65245223e-01,
            8.32046092e-01, 5.24796009e-01, 5.43330491e-01,
            5.58041036e-01, 5.55447042e-01, 6.98797405e-01,
            7.48335838e-01, 5.83093166e-01, 8.37855458e-01,
            8.34697068e-01, 5.50876677e-01, 2.67825842e-01,
            8.78577352e-01, 5.57055473e-01, 2.70441562e-01,
            2.67130107e-01, 5.32454729e-01, 2.67682165e-01,
            7.71125972e-01, 0.0, 0.0, 0.0 ]
    }
}
