{
    "pose_0": {
        "type_id": "opencv-matrix",
        "rows": 1,
        "cols": 18,
        "dt": "3f",
        "data": [ 8.88316154e-01, 2.73198098e-01, 3.66854191e-01,
            8.46861005e-01, 3.35971385e-01, 8.90764952e-01,
            8.65363479e-01, 3.35973710e-01, 9.02660847e-01,
            8.54579449e-01, 4.42380607e-01, 8.75350416e-01,
            8.91360581e-01, 5.02327800e-01, 8.59280705e-01,
            8.25424850e-01, 3.36030275e-01, 8.41716766e-01,
            8.16237628e-01, 4.39597934e-01, 7.32136369e-01,
            8.31580639e-01, 4.69550818e-01, 3.30203533e-01,
            8.63796771e-01, 5.40591240e-01, 6.41561866e-01,
            8.69906366e-01, 7.07036674e-01, 7.16484189e-01,
            8.65352869e-01, 8.65220666e-01, 7.87150562e-01,
            8.31525803e-01, 5.37822783e-01, 6.24109089e-01,
            8.54613423e-01, 6.96008623e-01, 8.02779853e-01,
            8.08553517e-01, 8.18836212e-01, 7.15791583e-01,
            8.86756778e-01, 2.59618998e-01, 3.84007812e-01, 0.0, 0.0,
            0.0, 8.74455929e-01, 2.65039623e-01, 6.78181708e-01,
            8.40810299e-01, 2.54189581e-01, 9.91735756e-02 ]
    }
}
