{
    "pose_0": {
        "type_id": "opencv-matrix",
        "rows": 1,
        "cols": 18,
        "dt": "3f",
        "data": [ 4.57292229e-01, 2.76031911e-01, 9.03067231e-01,
            4.15924489e-01, 3.38658988e-01, 6.31547749e-01,
            4.20471340e-01, 3.38689387e-01, 8.13304782e-01,
            4.00581777e-01, 4.45160389e-01, 9.06664252e-01,
            4.45060283e-01, 5.05097032e-01, 8.60276818e-01,
            4.14361358e-01, 3.35962176e-01, 5.40947437e-01, 0.0, 0.0,
            0.0, 0.0, 0.0, 0.0, 4.23527569e-01, 5.45985579e-01,
            6.40369952e-01, 4.58795160e-01, 7.06976831e-01,
            8.06313872e-01, 4.81849194e-01, 8.59806657e-01,
            8.18393826e-01, 4.09808487e-01, 5.46018362e-01,
            5.52607715e-01, 4.06703919e-01, 7.09704995e-01,
            7.85767555e-01, 3.85272652e-01, 8.62382472e-01,
            8.10293496e-01, 4.49626386e-01, 2.67729759e-01,
            8.89108539e-01, 4.58804637e-01, 2.65029162e-01,
            8.23252648e-02, 4.32770848e-01, 2.67791599e-01,
            7.77064025e-01, 0.0, 0.0, 0.0 ]
    }
}
