{
    "pose_0": {
        "type_id": "opencv-matrix",
        "rows": 1,
        "cols": 18,
        "dt": "3f",
        "data": [ 7.73279786e-01, 2.70457149e-01, 8.51236820e-01,
            7.31857717e-01, 3.30513000e-01, 8.00485611e-01,
            7.44148374e-01, 3.33207190e-01, 8.16406488e-01,
            7.30262995e-01, 4.39613372e-01, 8.50991428e-01,
            7.67195463e-01, 5.05028427e-01, 9.03625727e-01,
            7.18087137e-01, 3.27808946e-01, 7.11575389e-01,
            7.13429034e-01, 4.15118724e-01, 1.03542805e-01,
            7.14921474e-01, 4.50680703e-01, 7.53977895e-02,
            7.41009891e-01, 5.32320678e-01, 6.78450048e-01,
            7.28736460e-01, 6.93325281e-01, 7.50413060e-01,
            6.90439761e-01, 8.51526558e-01, 7.73190916e-01,
            7.31859505e-01, 5.29588640e-01, 4.76568937e-01,
            7.53339946e-01, 6.87977314e-01, 7.22246170e-01,
            7.67138600e-01, 8.43341887e-01, 7.42576480e-01,
            7.68656671e-01, 2.51515925e-01, 8.71499598e-01, 0.0, 0.0,
            0.0, 7.53325224e-01, 2.51445740e-01, 7.51132607e-01, 0.0,
            0.0, 0.0 ]
    }
}
