{
    "pose_0": {
        "type_id": "opencv-matrix",
        "rows": 1,
        "cols": 18,
        "dt": "3f",
        "data": [ 3.62234831e-01, 2.78752297e-01, 9.47894633e-01,
            3.25421661e-01, 3.41421396e-01, 7.78896391e-01,
            3.16213310e-01, 3.38724643e-01, 8.63007247e-01,
            2.90203810e-01, 4.47748303e-01, 9.09562230e-01,
            3.34602356e-01, 5.10619640e-01, 9.06093121e-01,
            3.36129725e-01, 3.41436803e-01, 6.76868796e-01, 0.0, 0.0,
            0.0, 0.0, 0.0, 0.0, 3.22332472e-01, 5.51498890e-01,
            6.94707572e-01, 3.06977779e-01, 7.12413967e-01,
            7.70206511e-01, 2.68654972e-01, 8.62416506e-01,
            7.71799624e-01, 3.48347753e-01, 5.51466107e-01,
            6.44703448e-01, 3.60755444e-01, 7.01497734e-01,
            7.80634046e-01, 3.83642435e-01, 8.59781623e-01,
            7.95905113e-01, 3.60618472e-01, 2.67800122e-01,
            9.36052501e-01, 0.0, 0.0, 0.0, 3.37687969e-01,
            2.59573936e-01, 8.00810754e-01, 0.0, 0.0, 0.0 ]
    }
}
