{
    "pose_0": {
        "type_id": "opencv-matrix",
        "rows": 1,
        "cols": 18,
        "dt": "3f",
        "data": [ 5.41633546e-01, 2.75914580e-01, 8.42873335e-01,
            5.04856288e-01, 3.38736743e-01, 6.72328591e-01,
            5.01785457e-01, 3.41403306e-01, 7.78541028e-01,
            4.84899938e-01, 4.50593799e-01, 9.36381996e-01,
            5.21806598e-01, 5.10590374e-01, 9.15798068e-01,
            5.07907450e-01, 3.38628918e-01, 5.67703724e-01, 0.0, 0.0,
            0.0, 0.0, 0.0, 0.0, 4.98733789e-01, 5.40576816e-01,
            6.95954859e-01, 5.01784086e-01, 7.07030416e-01,
            7.66291857e-01, 4.84855503e-01, 8.65221202e-01,
            8.14181805e-01, 5.09517312e-01, 5.37788391e-01,
            5.92160404e-01, 5.30916095e-01, 6.87920034e-01,
            7.21864462e-01, 5.57055414e-01, 8.35132360e-01,
            7.84093142e-01, 5.34039736e-01, 2.67686039e-01,
            8.50484371e-01, 5.43147266e-01, 2.65031755e-01,
            2.49310046e-01, 5.18609405e-01, 2.65063643e-01,
            6.94246113e-01, 0.0, 0.0, 0.0 ]
    }
}
