{
    "pose_0": {
        "type_id": "opencv-matrix",
        "rows": 1,
        "cols": 18,
        "dt": "3f",
        "data": [ 8.25383604e-01, 2.73339689e-01, 5.06943107e-01,
            7.82465577e-01, 3.33252281e-01, 8.51238370e-01,
            8.02327216e-01, 3.33172858e-01, 8.56362224e-01,
            7.80970216e-01, 4.31503713e-01, 8.29895318e-01,
            8.20806861e-01, 4.91566300e-01, 8.80925536e-01,
            7.65647829e-01, 3.35929632e-01, 8.34732115e-01,
            7.56445408e-01, 4.23274755e-01, 6.33709729e-01,
            7.62537599e-01, 4.66891080e-01, 4.82364833e-01,
            7.93210685e-01, 5.35142541e-01, 6.43877208e-01,
            8.28448892e-01, 6.90668166e-01, 8.01567435e-01,
            8.62173200e-01, 8.40737045e-01, 8.07251930e-01,
            7.65606225e-01, 5.35084903e-01, 6.41169548e-01,
            7.77899683e-01, 7.04186141e-01, 8.02046299e-01,
            7.67213643e-01, 8.56963336e-01, 7.81857073e-01,
            8.20795417e-01, 2.65056580e-01, 5.03694117e-01, 0.0, 0.0,
            0.0, 8.08555603e-01, 2.64987320e-01, 6.24948680e-01,
            7.79416382e-01, 2.54181623e-01, 1.12266146e-01 ]
    }
}
