{
    "pose_0": {
        "type_id": "opencv-matrix",
        "rows": 1,
        "cols": 18,
        "dt": "3f",
        "data": [ 7.04301000e-01, 2.67802089e-01, 4.51062500e-01,
            6.65865064e-01, 3.30536127e-01, 8.22160125e-01,
            6.79657519e-01, 3.33257616e-01, 8.36776197e-01,
            6.62841320e-01, 4.42287624e-01, 8.16751838e-01,
            7.02733278e-01, 4.94174749e-01, 9.11152601e-01,
            6.49017751e-01, 3.30501527e-01, 7.07277596e-01,
            6.42882228e-01, 4.28766400e-01, 3.60393494e-01,
            6.52064860e-01, 4.50571716e-01, 1.32682249e-01,
            6.70528471e-01, 5.35100460e-01, 6.79509938e-01,
            6.82803571e-01, 6.98734760e-01, 7.31084943e-01,
            6.85844123e-01, 8.59741926e-01, 7.46402621e-01,
            6.52074456e-01, 5.35034955e-01, 6.52718306e-01,
            6.58297122e-01, 6.87961817e-01, 8.04941952e-01,
            6.07644439e-01, 8.18802357e-01, 7.67349362e-01,
            7.04168439e-01, 2.51426727e-01, 5.33611059e-01, 0.0, 0.0,
            0.0, 6.91956699e-01, 2.56820977e-01, 6.76467061e-01,
            6.59782171e-01, 2.54146278e-01, 6.83846399e-02 ]
    }
}
