{
    "pose_0": {
        "type_id": "opencv-matrix",
        "rows": 1,
        "cols": 18,
        "dt": "3f",
        "data": [ 2.97782153e-01, 2.73170084e-01, 9.92458642e-01,
            2.60947526e-01, 3.38633239e-01, 7.01404512e-01,
            2.51857847e-01, 3.36052448e-01, 8.70642364e-01,
            2.36438349e-01, 4.45204198e-01, 9.06317711e-01,
            2.76356548e-01, 5.05096018e-01, 8.77777100e-01,
            2.64070690e-01, 3.35980654e-01, 6.11044765e-01, 0.0, 0.0,
            0.0, 0.0, 0.0, 0.0, 2.62581438e-01, 5.48783064e-01,
            6.96006119e-01, 2.76403785e-01, 7.09661126e-01,
            7.69625425e-01, 2.65646696e-01, 8.76096845e-01,
            7.25980699e-01, 2.74852157e-01, 5.45979381e-01,
            5.50506771e-01, 2.73266166e-01, 7.06994712e-01,
            6.98963881e-01, 2.15062276e-01, 8.15996587e-01,
            7.77384341e-01, 2.90193409e-01, 2.54198402e-01,
            9.13169682e-01, 2.99300581e-01, 2.59546161e-01,
            8.98264498e-02, 2.71735907e-01, 2.51441419e-01,
            8.22721839e-01, 0.0, 0.0, 0.0 ]
    }
}
