{
    "pose_0": {
        "type_id": "opencv-matrix",
        "rows": 1,
        "cols": 18,
        "dt": "3f",
        "data": [ 5.47793210e-01, 2.75924802e-01, 8.97462666e-01,
            5.09469032e-01, 3.41395050e-01, 6.42539322e-01,
            5.09398460e-01, 3.41429561e-01, 8.34712923e-01,
            4.91079986e-01, 4.53226835e-01, 8.55121315e-01,
            5.30880749e-01, 5.13280213e-01, 9.15434301e-01,
            5.11003852e-01, 3.38757545e-01, 5.19927561e-01, 0.0, 0.0,
            0.0, 0.0, 0.0, 0.0, 5.07891774e-01, 5.43288767e-01,
            7.11510301e-01, 5.06382942e-01, 7.09695935e-01,
            7.87724555e-01, 4.84874040e-01, 8.62529635e-01,
            8.45795989e-01, 5.20153880e-01, 5.37891686e-01,
            5.96751869e-01, 5.41656435e-01, 6.98727190e-01,
            6.86278582e-01, 5.72342575e-01, 8.32397342e-01,
            7.52185822e-01, 5.44701755e-01, 2.65032291e-01,
            8.74645591e-01, 5.46286881e-01, 2.62339771e-01,
            1.39164925e-01, 5.21775901e-01, 2.64998645e-01,
            7.41043925e-01, 0.0, 0.0, 0.0 ]
    }
}
