{
    "pose_0": {
        "type_id": "opencv-matrix",
        "rows": 1,
        "cols": 18,
        "dt": "3f",
        "data": [ 5.32418668e-01, 2.73318678e-01, 8.45853448e-01,
            4.91061747e-01, 3.38609099e-01, 6.48000538e-01,
            4.92607296e-01, 3.38700175e-01, 7.87605762e-01,
            4.74218518e-01, 4.50505555e-01, 8.93844187e-01,
            5.12557328e-01, 5.10477841e-01, 8.75083447e-01,
            4.88017201e-01, 3.33284348e-01, 5.39337754e-01, 0.0, 0.0,
            0.0, 0.0, 0.0, 0.0, 4.94126260e-01, 5.40598750e-01,
            7.03112543e-01, 4.97209698e-01, 7.07055151e-01,
            8.27203512e-01, 4.83425081e-01, 8.65118682e-01,
            8.12429726e-01, 5.07859051e-01, 5.37796795e-01,
            5.90194821e-01, 5.24796963e-01, 7.01514304e-01,
            7.81873226e-01, 5.20153642e-01, 8.46115053e-01,
            7.86654353e-01, 5.26346445e-01, 2.65042633e-01,
            7.64183044e-01, 5.32389104e-01, 2.65064508e-01,
            1.22864209e-01, 5.09506941e-01, 2.64994174e-01,
            6.70133591e-01, 0.0, 0.0, 0.0 ]
    }
}
