{
    "pose_0": {
        "type_id": "opencv-matrix",
        "rows": 1,
        "cols": 18,
        "dt": "3f",
        "data": [ 7.18143821e-01, 2.70373493e-01, 7.63587475e-01,
            6.79686606e-01, 3.22356969e-01, 8.09756875e-01,
            6.91921592e-01, 3.27799410e-01, 7.90807843e-01,
            6.75085425e-01, 4.39578682e-01, 8.36217821e-01,
            7.14950025e-01, 4.94160384e-01, 8.88518095e-01,
            6.67427480e-01, 3.17015260e-01, 7.12536871e-01,
            6.55146897e-01, 4.23225075e-01, 2.93780148e-01,
            6.61300838e-01, 4.47763234e-01, 1.25095502e-01,
            6.81301594e-01, 5.35090804e-01, 6.88297212e-01,
            6.91927612e-01, 6.90577149e-01, 7.31436431e-01,
            6.84306800e-01, 8.59745085e-01, 7.57540286e-01,
            6.75093412e-01, 5.32359421e-01, 4.71503437e-01,
            6.93534732e-01, 6.90560937e-01, 6.93449855e-01,
            6.49023712e-01, 8.05143654e-01, 7.05550969e-01,
            7.16582775e-01, 2.51451939e-01, 8.13006103e-01, 0.0, 0.0,
            0.0, 7.02695131e-01, 2.51360267e-01, 7.03801215e-01, 0.0,
            0.0, 0.0 ]
    }
}
