{
    "pose_0": {
        "type_id": "opencv-matrix",
        "rows": 1,
        "cols": 18,
        "dt": "3f",
        "data": [ 4.12853569e-01, 2.73310006e-01, 9.67333615e-01,
            3.77583623e-01, 3.36088896e-01, 7.46565580e-01,
            3.71411681e-01, 3.35983843e-01, 8.60373855e-01,
            3.49904865e-01, 4.44954187e-01, 9.45250511e-01,
            3.88363659e-01, 4.94188756e-01, 9.04211879e-01,
            3.86777401e-01, 3.35984379e-01, 6.84853196e-01,
            3.74553651e-01, 4.47732210e-01, 8.42348486e-02, 0.0, 0.0,
            0.0, 3.76063377e-01, 5.43289423e-01, 6.73254550e-01,
            4.03623462e-01, 7.09595203e-01, 7.96879828e-01,
            3.79106879e-01, 8.73311162e-01, 7.18112469e-01,
            3.89839500e-01, 5.37841976e-01, 5.10872543e-01,
            3.91341269e-01, 7.06928372e-01, 7.38574028e-01,
            3.85278225e-01, 8.62365067e-01, 6.39899731e-01,
            4.09787834e-01, 2.59656072e-01, 9.26584423e-01,
            4.14391935e-01, 2.51511037e-01, 7.70717263e-02,
            3.89822334e-01, 2.56909966e-01, 7.81093597e-01, 0.0, 0.0,
            0.0 ]
    }
}
