{
    "pose_0": {
        "type_id": "opencv-matrix",
        "rows": 1,
        "cols": 18,
        "dt": "3f",
        "data": [ 6.81306541e-01, 2.73236543e-01, 5.35212636e-01,
            6.42930806e-01, 3.33220631e-01, 8.40620637e-01,
            6.55187786e-01, 3.35929394e-01, 8.19613576e-01,
            6.41382039e-01, 4.42405581e-01, 8.73923481e-01,
            6.79711401e-01, 4.99634594e-01, 9.14536536e-01,
            6.30633533e-01, 3.27792168e-01, 7.06720591e-01,
            6.19862199e-01, 4.06897068e-01, 2.70749301e-01,
            6.27590358e-01, 4.50579643e-01, 9.92238224e-02,
            6.50585353e-01, 5.37793517e-01, 6.22118771e-01,
            6.79699719e-01, 7.01514065e-01, 7.74879754e-01,
            6.88901782e-01, 8.62403274e-01, 8.06426227e-01,
            6.30556762e-01, 5.35103321e-01, 6.38390005e-01,
            6.22991383e-01, 6.90639615e-01, 7.72497952e-01,
            5.84640503e-01, 8.40581179e-01, 7.67838061e-01,
            6.81222379e-01, 2.59626359e-01, 5.61481714e-01, 0.0, 0.0,
            0.0, 6.68940127e-01, 2.62330353e-01, 7.14364529e-01,
            6.42906964e-01, 2.59614140e-01, 5.26994094e-02 ]
    }
}
