{
    "pose_0": {
        "type_id": "opencv-matrix",
        "rows": 1,
        "cols": 18,
        "dt": "3f",
        "data": [ 8.14640224e-01, 2.70624131e-01, 5.71564257e-01,
            7.70242214e-01, 3.33162755e-01, 8.40957582e-01,
            7.90055692e-01, 3.33139092e-01, 8.58829081e-01,
            7.70195603e-01, 4.31437433e-01, 8.26293886e-01,
            8.08563292e-01, 4.91574436e-01, 9.01804864e-01,
            7.54832685e-01, 3.33294898e-01, 8.05958927e-01,
            7.42606819e-01, 4.15095001e-01, 6.54557228e-01,
            7.47221947e-01, 4.53306377e-01, 5.30220330e-01,
            7.80907094e-01, 5.32390475e-01, 6.82005405e-01,
            8.07047486e-01, 6.87857509e-01, 7.69404352e-01,
            8.39141965e-01, 8.40610147e-01, 7.99245954e-01,
            7.54870892e-01, 5.32359064e-01, 6.32515788e-01,
            7.73290992e-01, 6.96045339e-01, 7.62768090e-01,
            7.67200112e-01, 8.51493478e-01, 7.79796124e-01,
            8.11604679e-01, 2.54215479e-01, 5.42729199e-01, 0.0, 0.0,
            0.0, 7.97781229e-01, 2.56865680e-01, 6.25203371e-01,
            7.67199874e-01, 2.56920576e-01, 8.42356086e-02 ]
    }
}
