{
    "pose_0": {
        "type_id": "opencv-matrix",
        "rows": 1,
        "cols": 18,
        "dt": "3f",
        "data": [ 8.34599257e-01, 2.73198485e-01, 3.25703800e-01,
            7.91737199e-01, 3.35883081e-01, 9.05217350e-01,
            8.13106120e-01, 3.35847557e-01, 8.64800692e-01,
            7.93248832e-01, 4.34160829e-01, 8.30933809e-01,
            8.30031574e-01, 4.91574675e-01, 9.41811025e-01,
            7.76353538e-01, 3.35950285e-01, 8.10486674e-01,
            7.65598714e-01, 4.23199773e-01, 6.98719382e-01,
            7.67189205e-01, 4.64199036e-01, 5.47056913e-01,
            8.04004312e-01, 5.37879348e-01, 6.73536003e-01,
            8.39133143e-01, 6.90620601e-01, 7.63329864e-01,
            8.63715112e-01, 8.51494849e-01, 7.92835653e-01,
            7.76314616e-01, 5.37843049e-01, 6.38842583e-01,
            7.79465318e-01, 7.04128921e-01, 7.86183119e-01,
            7.67178416e-01, 8.48765552e-01, 7.48996735e-01,
            8.30066323e-01, 2.62306750e-01, 3.55215907e-01, 0.0, 0.0,
            0.0, 8.23895335e-01, 2.65059739e-01, 6.42337203e-01,
            7.91609466e-01, 2.54225194e-01, 1.20727837e-01 ]
    }
}
