{
    "pose_0": {
        "type_id": "opencv-matrix",
        "rows": 1,
        "cols": 18,
        "dt": "3f",
        "data": [ 7.65543342e-01, 2.70575732e-01, 9.00919914e-01,
            7.21140325e-01, 3.33192736e-01, 8.03253710e-01,
            7.33418107e-01, 3.35871786e-01, 8.10899377e-01,
            7.16538787e-01, 4.42303240e-01, 9.04333353e-01,
            7.53391147e-01, 5.07749140e-01, 9.40121830e-01,
            7.08829641e-01, 3.30479622e-01, 7.11558938e-01,
            6.98112667e-01, 4.28710639e-01, 1.33199170e-01, 0.0, 0.0,
            0.0, 7.25703120e-01, 5.32345474e-01, 6.83441162e-01,
            7.14983284e-01, 7.04253435e-01, 7.68310189e-01,
            6.84289098e-01, 8.59710574e-01, 7.99684286e-01,
            7.18080938e-01, 5.29626787e-01, 5.01503885e-01,
            7.42564380e-01, 6.85191810e-01, 7.45662093e-01,
            7.64087379e-01, 8.37835729e-01, 7.02578485e-01,
            7.61014700e-01, 2.54127026e-01, 8.15095723e-01, 0.0, 0.0,
            0.0, 7.42635965e-01, 2.51512319e-01, 7.08085418e-01, 0.0,
            0.0, 0.0 ]
    }
}
