{
    "pose_0": {
        "type_id": "opencv-matrix",
        "rows": 1,
        "cols": 18,
        "dt": "3f",
        "data": [ 4.83326256e-01, 2.75990605e-01, 7.27394521e-01,
            4.48063195e-01, 3.38769764e-01, 6.71932459e-01,
            4.48167384e-01, 3.41433406e-01, 8.29358280e-01,
            4.34332758e-01, 4.50544029e-01, 9.08016801e-01,
            4.74202394e-01, 5.07804930e-01, 8.98953021e-01,
            4.45029318e-01, 3.35977077e-01, 5.13321698e-01,
            4.45022762e-01, 4.64180201e-01, 6.22500181e-02, 0.0, 0.0,
            0.0, 4.51187909e-01, 5.46010137e-01, 5.99093020e-01,
            4.71153378e-01, 7.09701955e-01, 8.23744595e-01,
            4.83375460e-01, 8.65156233e-01, 7.76753545e-01,
            4.41980422e-01, 5.46034813e-01, 5.03423154e-01,
            4.34272945e-01, 7.09585667e-01, 8.31847429e-01,
            3.94408017e-01, 8.56999278e-01, 7.40818858e-01,
            4.80285972e-01, 2.70353734e-01, 7.27208078e-01, 0.0, 0.0,
            0.0, 4.68069851e-01, 2.70413727e-01, 7.31149435e-01, 0.0,
            0.0, 0.0 ]
    }
}
