{
    "pose_0": {
        "type_id": "opencv-matrix",
        "rows": 1,
        "cols": 18,
        "dt": "3f",
        "data": [ 6.32231236e-01, 2.73389846e-01, 8.63107264e-01,
            5.95361948e-01, 3.33195537e-01, 7.01783776e-01,
            5.98442495e-01, 3.35854948e-01, 7.86529839e-01,
            5.83050966e-01, 4.39636767e-01, 8.82376730e-01,
            6.19979322e-01, 4.91607517e-01, 9.20053244e-01,
            5.92252612e-01, 3.25067341e-01, 5.80052137e-01,
            5.93811929e-01, 4.36947644e-01, 5.60748875e-02,
            6.21418893e-01, 4.88687575e-01, 5.49181551e-02,
            5.96915424e-01, 5.32407820e-01, 6.17661536e-01,
            6.27557755e-01, 7.01517761e-01, 7.23496854e-01,
            6.44365668e-01, 8.62394154e-01, 7.96744645e-01,
            5.84647954e-01, 5.35017133e-01, 5.52896500e-01,
            5.90774775e-01, 7.01531172e-01, 7.61011600e-01,
            5.81531048e-01, 8.59674871e-01, 8.09137166e-01,
            6.30587518e-01, 2.65084237e-01, 8.24721098e-01,
            6.33668184e-01, 2.65044868e-01, 2.13666037e-01,
            6.10677898e-01, 2.59653896e-01, 6.80978775e-01, 0.0, 0.0,
            0.0 ]
    }
}
