{
    "pose_0": {
        "type_id": "opencv-matrix",
        "rows": 1,
        "cols": 18,
        "dt": "3f",
        "data": [ 2.11863533e-01, 2.81463653e-01, 8.93613160e-01,
            1.76613405e-01, 3.44197541e-01, 8.36841941e-01,
            1.58264205e-01, 3.41507316e-01, 8.00418079e-01,
            1.39772803e-01, 4.50541705e-01, 8.94804120e-01,
            1.79713160e-01, 5.10598421e-01, 8.85714650e-01,
            1.90519571e-01, 3.44134599e-01, 7.58151770e-01,
            1.91993535e-01, 4.50582147e-01, 8.34163427e-02, 0.0, 0.0,
            0.0, 1.72044843e-01, 5.56843638e-01, 6.84261382e-01,
            1.95066467e-01, 7.23261833e-01, 7.76082039e-01,
            1.58223048e-01, 8.59646559e-01, 7.04316437e-01,
            1.96598500e-01, 5.54112256e-01, 6.35880053e-01,
            1.84302181e-01, 7.15156138e-01, 7.44280457e-01,
            1.56718269e-01, 8.51563394e-01, 5.88191569e-01,
            2.04230309e-01, 2.70378411e-01, 9.56228912e-01,
            2.13418886e-01, 2.70513147e-01, 3.22354019e-01,
            1.85864478e-01, 2.62296557e-01, 7.74792492e-01, 0.0, 0.0,
            0.0 ]
    }
}
