{
    "pose_0": {
        "type_id": "opencv-matrix",
        "rows": 1,
        "cols": 18,
        "dt": "3f",
        "data": [ 4.32748646e-01, 2.73217112e-01, 9.32151020e-01,
            3.97547901e-01, 3.33282888e-01, 7.37514257e-01,
            3.89839023e-01, 3.33255351e-01, 8.47792864e-01,
            3.68358016e-01, 4.36901242e-01, 8.57308269e-01,
            4.09728557e-01, 4.88856196e-01, 9.37774479e-01,
            4.05178428e-01, 3.33267182e-01, 6.22878671e-01, 0.0, 0.0,
            0.0, 0.0, 0.0, 0.0, 3.95935059e-01, 5.40529430e-01,
            6.32117450e-01, 4.38945830e-01, 6.90640628e-01,
            7.49135613e-01, 4.83450383e-01, 8.24274182e-01,
            7.69802570e-01, 3.97491634e-01, 5.37795961e-01,
            5.66683829e-01, 3.97415578e-01, 7.09611773e-01,
            8.13715219e-01, 3.85256559e-01, 8.62412691e-01,
            7.98908114e-01, 4.25102592e-01, 2.59563148e-01,
            8.78698170e-01, 4.34312701e-01, 2.59576201e-01,
            2.92556047e-01, 4.08253610e-01, 2.56911010e-01,
            7.81695604e-01, 0.0, 0.0, 0.0 ]
    }
}
