{
    "pose_0": {
        "type_id": "opencv-matrix",
        "rows": 1,
        "cols": 18,
        "dt": "3f",
        "data": [ 3.80610168e-01, 2.73391277e-01, 9.51636612e-01,
            3.43796283e-01, 3.38762403e-01, 7.69645870e-01,
            3.34627658e-01, 3.38636279e-01, 8.81491542e-01,
            3.14666390e-01, 4.47788566e-01, 9.37310219e-01,
            3.59097183e-01, 5.07857859e-01, 8.89631391e-01,
            3.52999985e-01, 3.38702232e-01, 6.79144382e-01, 0.0, 0.0,
            0.0, 0.0, 0.0, 0.0, 3.42270702e-01, 5.48775017e-01,
            6.75738215e-01, 3.33078653e-01, 7.09657609e-01,
            8.16425979e-01, 2.76409298e-01, 8.56890976e-01,
            7.74654984e-01, 3.71381909e-01, 5.48704565e-01,
            6.70114040e-01, 3.73007715e-01, 7.06984401e-01,
            8.84317756e-01, 3.85167480e-01, 8.62336040e-01,
            8.29677999e-01, 3.74553442e-01, 2.62331933e-01,
            9.06042337e-01, 0.0, 0.0, 0.0, 3.57597530e-01,
            2.54175723e-01, 7.92500019e-01, 0.0, 0.0, 0.0 ]
    }
}
