{
    "pose_0": {
        "type_id": "opencv-matrix",
        "rows": 1,
        "cols": 18,
        "dt": "3f",
        "data": [ 1.27571210e-01, 2.92204082e-01, 9.55126524e-01,
            9.07501057e-02, 3.52302343e-01, 8.02080393e-01,
            7.69406930e-02, 3.46839935e-01, 7.64194548e-01,
            6.00625426e-02, 4.66782600e-01, 7.53331423e-01,
            9.53369364e-02, 5.29573143e-01, 7.66237557e-01,
            1.04624927e-01, 3.55010659e-01, 7.04652071e-01,
            1.15271688e-01, 4.66864347e-01, 1.03052989e-01, 0.0, 0.0,
            0.0, 8.00345093e-02, 5.65126896e-01, 6.73059642e-01,
            8.76883119e-02, 7.31495500e-01, 7.98027396e-01,
            7.84448311e-02, 8.84249985e-01, 7.95788348e-01,
            1.13770992e-01, 5.59716880e-01, 6.55776203e-01,
            1.29097462e-01, 7.23331690e-01, 8.26802373e-01,
            1.27484888e-01, 8.62540066e-01, 7.84352124e-01,
            1.21423706e-01, 2.70613045e-01, 9.09228206e-01,
            1.29149020e-01, 2.73375213e-01, 6.67973340e-01,
            1.01504676e-01, 2.65051126e-01, 7.72760689e-01, 0.0, 0.0,
            0.0 ]
    }
}
