{
    "pose_0": {
        "type_id": "opencv-matrix",
        "rows": 1,
        "cols": 18,
        "dt": "3f",
        "data": [ 2.02774316e-01, 2.86878049e-01, 9.23185825e-01,
            1.68971434e-01, 3.46883088e-01, 7.88950503e-01,
            1.52132571e-01, 3.44175369e-01, 8.13819587e-01,
            1.30669549e-01, 4.50551599e-01, 8.73898387e-01,
            1.75103486e-01, 5.10658741e-01, 8.93622696e-01,
            1.88909382e-01, 3.49570036e-01, 7.25854456e-01,
            1.93526015e-01, 4.64095950e-01, 8.35231990e-02, 0.0, 0.0,
            0.0, 1.64405972e-01, 5.56947947e-01, 7.03187883e-01,
            1.81254759e-01, 7.23295569e-01, 8.03885341e-01,
            1.30634040e-01, 8.40644896e-01, 8.23818803e-01,
            1.90475032e-01, 5.54188490e-01, 6.19845212e-01,
            1.85810342e-01, 7.20577300e-01, 6.68257117e-01,
            1.72063738e-01, 8.54261994e-01, 7.24286318e-01,
            2.01112196e-01, 2.70466626e-01, 9.63859975e-01,
            2.04310715e-01, 2.73149818e-01, 4.04265791e-01,
            1.78142816e-01, 2.65012920e-01, 8.20875466e-01, 0.0, 0.0,
            0.0 ]
    }
}
