{
    "pose_0": {
        "type_id": "opencv-matrix",
        "rows": 1,
        "cols": 18,
        "dt": "3f",
        "data": [ 4.35913622e-01, 2.73331553e-01, 9.35593784e-01,
            4.00569946e-01, 3.35910231e-01, 7.20449328e-01,
            3.95994544e-01, 3.35821331e-01, 8.56875420e-01,
            3.74465704e-01, 4.34168965e-01, 9.05487120e-01,
            4.15876627e-01, 4.91459370e-01, 8.92963469e-01,
            4.09726501e-01, 3.35872352e-01, 6.56304300e-01,
            3.95953745e-01, 4.47797507e-01, 8.54623318e-02,
            4.22005534e-01, 4.88735378e-01, 1.26718745e-01,
            3.98996383e-01, 5.37799120e-01, 6.63008928e-01,
            4.48072523e-01, 6.87810063e-01, 8.10655475e-01,
            4.91050333e-01, 8.21495235e-01, 7.59426117e-01,
            3.99049342e-01, 5.35112500e-01, 5.39512515e-01,
            3.97495329e-01, 7.06884027e-01, 8.01956534e-01,
            3.85241836e-01, 8.62398565e-01, 8.12190711e-01,
            4.34253365e-01, 2.62330145e-01, 8.89397025e-01,
            4.37368661e-01, 2.54253983e-01, 8.93225297e-02,
            4.12848592e-01, 2.59580344e-01, 7.82559037e-01, 0.0, 0.0,
            0.0 ]
    }
}
