{
    "pose_0": {
        "type_id": "opencv-matrix",
        "rows": 1,
        "cols": 18,
        "dt": "3f",
        "data": [ 2.65639544e-01, 2.84159809e-01, 9.00215447e-01,
            2.33399406e-01, 3.44170958e-01, 7.09310710e-01,
            2.25695372e-01, 3.41452092e-01, 8.50380838e-01,
            2.04301566e-01, 4.50603485e-01, 8.59562516e-01,
            2.50220001e-01, 5.10643601e-01, 8.77826214e-01,
            2.41078734e-01, 3.44198585e-01, 6.10453725e-01, 0.0, 0.0,
            0.0, 0.0, 0.0, 0.0, 2.34926745e-01, 5.54130971e-01,
            6.45282090e-01, 2.62481272e-01, 7.17866421e-01,
            7.77806461e-01, 2.71750927e-01, 8.76080334e-01,
            7.79897809e-01, 2.41062582e-01, 5.48762977e-01,
            5.26576400e-01, 2.13451892e-01, 7.15153873e-01,
            8.05376649e-01, 1.68999031e-01, 8.57019722e-01,
            7.15040326e-01, 2.64016688e-01, 2.70430416e-01,
            9.70173657e-01, 2.73199797e-01, 2.70500273e-01,
            1.47431880e-01, 2.42629215e-01, 2.62329489e-01,
            7.59410739e-01, 0.0, 0.0, 0.0 ]
    }
}
