{
    "pose_0": {
        "type_id": "opencv-matrix",
        "rows": 1,
        "cols": 18,
        "dt": "3f",
        "data": [ 2.05817640e-01, 2.84101516e-01, 8.72315943e-01,
            1.75048724e-01, 3.49608481e-01, 7.90115476e-01,
            1.55160025e-01, 3.41524959e-01, 8.03735137e-01,
            1.35239244e-01, 4.50612515e-01, 8.40721667e-01,
            1.78209275e-01, 5.10650873e-01, 8.73920858e-01,
            1.90451056e-01, 3.54978591e-01, 7.39610672e-01,
            1.91986248e-01, 4.64183360e-01, 1.16340995e-01, 0.0, 0.0,
            0.0, 1.65915906e-01, 5.54277658e-01, 7.07899988e-01,
            1.88963071e-01, 7.20636785e-01, 7.91774571e-01,
            1.41339853e-01, 8.46025407e-01, 7.79161155e-01,
            1.92021906e-01, 5.54128647e-01, 6.14689946e-01,
            1.78228647e-01, 7.17863977e-01, 7.61916816e-01,
            1.65963188e-01, 8.56967926e-01, 7.27890372e-01,
            2.02686116e-01, 2.70372480e-01, 9.65339184e-01,
            2.11863637e-01, 2.70542532e-01, 3.20156157e-01,
            1.81272849e-01, 2.62332767e-01, 7.54266500e-01, 0.0, 0.0,
            0.0 ]
    }
}
