{
    "pose_0": {
        "type_id": "opencv-matrix",
        "rows": 1,
        "cols": 18,
        "dt": "3f",
        "data": [ 9.35830295e-01, 2.73339361e-01, 8.53001699e-02,
            8.91416848e-01, 3.38592440e-01, 8.82389367e-01,
            9.12877858e-01, 3.36090714e-01, 8.99999261e-01,
            8.95956874e-01, 4.44958121e-01, 8.26912284e-01,
            9.28200126e-01, 5.10468721e-01, 9.37440753e-01,
            8.74470353e-01, 3.38703245e-01, 8.03710461e-01,
            8.63754153e-01, 4.45014745e-01, 7.55262911e-01,
            8.83733571e-01, 4.69648689e-01, 1.03274174e-01,
            9.02098477e-01, 5.40535927e-01, 6.34517789e-01,
            8.89859974e-01, 7.09625721e-01, 8.31234694e-01,
            8.63811374e-01, 8.62484515e-01, 8.38649333e-01,
            8.79129827e-01, 5.37832797e-01, 5.86454272e-01,
            9.25092757e-01, 6.85176373e-01, 7.56683230e-01,
            9.52695131e-01, 8.26997101e-01, 7.47123957e-01,
            9.34321880e-01, 2.65038729e-01, 1.19260468e-01, 0.0, 0.0,
            0.0, 9.25130904e-01, 2.67757446e-01, 6.35438323e-01,
            8.91403198e-01, 2.51523077e-01, 1.79803371e-01 ]
    }
}
