{
    "pose_0": {
        "type_id": "opencv-matrix",
        "rows": 1,
        "cols": 18,
        "dt": "3f",
        "data": [ 1.29048079e-01, 2.92192400e-01, 9.64031637e-01,
            9.07780379e-02, 3.49583685e-01, 7.94567049e-01,
            7.84220174e-02, 3.44115257e-01, 7.81222522e-01,
            6.00892566e-02, 4.64194506e-01, 7.46997118e-01,
            9.53734294e-02, 5.26861310e-01, 7.47834623e-01,
            1.06082015e-01, 3.52294803e-01, 6.65645719e-01,
            1.13735080e-01, 4.66843516e-01, 8.51846784e-02, 0.0, 0.0,
            0.0, 8.15318152e-02, 5.65087378e-01, 6.51295304e-01,
            9.06668529e-02, 7.31557548e-01, 7.93253481e-01,
            7.84883574e-02, 8.81515682e-01, 7.58885443e-01,
            1.15215391e-01, 5.59692204e-01, 6.56364739e-01,
            1.29102305e-01, 7.25939751e-01, 8.16395164e-01,
            1.32184282e-01, 8.65231276e-01, 7.50697732e-01,
            1.25994369e-01, 2.70623028e-01, 9.28952456e-01,
            1.29178628e-01, 2.73376316e-01, 4.28673953e-01,
            1.04505531e-01, 2.65084863e-01, 7.91042507e-01, 0.0, 0.0,
            0.0 ]
    }
}
