{
    "pose_0": {
        "type_id": "opencv-matrix",
        "rows": 1,
        "cols": 18,
        "dt": "3f",
        "data": [ 4.49624717e-01, 2.78689414e-01, 8.78491282e-01,
            4.11327094e-01, 3.36083949e-01, 6.63388729e-01,
            4.11289006e-01, 3.36072683e-01, 8.67912352e-01,
            3.95905733e-01, 4.47719842e-01, 9.10498619e-01,
            4.34303373e-01, 4.94157881e-01, 9.39945459e-01,
            4.12825078e-01, 3.35962385e-01, 5.36899924e-01,
            4.09731448e-01, 4.53272879e-01, 6.51101917e-02, 0.0, 0.0,
            0.0, 4.11353886e-01, 5.40557444e-01, 6.56288922e-01,
            4.57261056e-01, 6.96048141e-01, 7.42628932e-01,
            4.84912425e-01, 8.40669036e-01, 8.25171530e-01,
            4.11301911e-01, 5.37882984e-01, 5.30746460e-01,
            4.02095884e-01, 7.12375700e-01, 7.71952689e-01,
            3.85255843e-01, 8.62447739e-01, 8.25858176e-01,
            4.46537256e-01, 2.67793030e-01, 9.05732214e-01,
            4.49647218e-01, 2.70356655e-01, 1.36530235e-01,
            4.25109297e-01, 2.65049905e-01, 7.65949190e-01, 0.0, 0.0,
            0.0 ]
    }
}
