{
    "pose_0": {
        "type_id": "opencv-matrix",
        "rows": 1,
        "cols": 18,
        "dt": "3f",
        "data": [ 8.51416528e-01, 2.73384839e-01, 1.10515527e-01,
            8.10057998e-01, 3.38739932e-01, 8.64168286e-01,
            8.30030441e-01, 3.38691086e-01, 8.83875072e-01,
            8.17752123e-01, 4.47733641e-01, 8.63712728e-01,
            8.53079617e-01, 5.10416090e-01, 9.25741553e-01,
            7.88562655e-01, 3.41480732e-01, 8.10006499e-01,
            7.80923784e-01, 4.50523555e-01, 7.78706253e-01,
            8.03906560e-01, 4.94194925e-01, 3.82137924e-01,
            8.26995909e-01, 5.51503658e-01, 6.54396176e-01,
            8.46879840e-01, 7.12374151e-01, 7.54344583e-01,
            8.65268469e-01, 8.62397373e-01, 8.49349737e-01,
            7.91753531e-01, 5.51473200e-01, 6.89118624e-01,
            7.91755974e-01, 7.09635019e-01, 8.33064198e-01,
            7.68641949e-01, 8.48841310e-01, 7.43742764e-01,
            8.49953711e-01, 2.67827719e-01, 1.74342856e-01, 0.0, 0.0,
            0.0, 8.40755284e-01, 2.70496100e-01, 6.81203544e-01,
            8.08534324e-01, 2.62356311e-01, 1.80996984e-01 ]
    }
}
