{
    "pose_0": {
        "type_id": "opencv-matrix",
        "rows": 1,
        "cols": 18,
        "dt": "3f",
        "data": [ 1.64291799e-01, 2.92236447e-01, 9.40369606e-01,
            1.27582669e-01, 3.55107725e-01, 8.23194325e-01,
            1.12201288e-01, 3.54982227e-01, 7.68436193e-01,
            8.92463624e-02, 4.61406678e-01, 8.18411171e-01,
            1.29102945e-01, 5.29656708e-01, 8.36963594e-01,
            1.44427598e-01, 3.57705444e-01, 6.96421027e-01, 0.0, 0.0,
            0.0, 0.0, 0.0, 0.0, 1.18339024e-01, 5.59623778e-01,
            6.67134166e-01, 1.10668264e-01, 7.26021588e-01,
            7.72555709e-01, 8.00395086e-02, 8.84238243e-01,
            7.81207442e-01, 1.53588638e-01, 5.56943119e-01,
            6.75947845e-01, 1.56699941e-01, 7.17877328e-01,
            7.38881409e-01, 1.67452782e-01, 8.67915332e-01,
            7.27356136e-01, 1.55197963e-01, 2.73138404e-01,
            9.25820351e-01, 1.65882662e-01, 2.75921851e-01,
            6.96121693e-01, 1.36781722e-01, 2.67733395e-01,
            7.71875381e-01, 0.0, 0.0, 0.0 ]
    }
}
