{
    "pose_0": {
        "type_id": "opencv-matrix",
        "rows": 1,
        "cols": 18,
        "dt": "3f",
        "data": [ 3.20819914e-01, 2.70585179e-01, 9.72278178e-01,
            2.79420555e-01, 3.35925967e-01, 6.73067629e-01,
            2.74851769e-01, 3.35827351e-01, 8.80829811e-01,
            2.51830518e-01, 4.39656109e-01, 8.81553233e-01,
            2.96276808e-01, 5.05073249e-01, 8.38960707e-01,
            2.87052125e-01, 3.35862130e-01, 6.30631924e-01, 0.0, 0.0,
            0.0, 0.0, 0.0, 0.0, 2.76396602e-01, 5.40582180e-01,
            6.79943562e-01, 2.83998668e-01, 7.09789693e-01,
            7.64568925e-01, 2.65600860e-01, 8.62439513e-01,
            8.30727160e-01, 2.99394488e-01, 5.40556252e-01,
            6.07441545e-01, 3.16205978e-01, 7.04142869e-01,
            7.86181331e-01, 3.06990594e-01, 8.46130848e-01,
            7.65313864e-01, 3.14657539e-01, 2.51554281e-01,
            9.44980204e-01, 3.22341174e-01, 2.54110783e-01,
            1.17714994e-01, 2.96242923e-01, 2.48792484e-01,
            8.07032228e-01, 0.0, 0.0, 0.0 ]
    }
}
