{
    "pose_0": {
        "type_id": "opencv-matrix",
        "rows": 1,
        "cols": 18,
        "dt": "3f",
        "data": [ 5.93799233e-01, 2.75926262e-01, 8.46011698e-01,
            5.58517694e-01, 3.38740379e-01, 6.82849944e-01,
            5.58555126e-01, 3.41389179e-01, 8.31461251e-01,
            5.43226957e-01, 4.50513363e-01, 9.12636757e-01,
            5.81610441e-01, 5.10497570e-01, 9.13389504e-01,
            5.57023048e-01, 3.35947663e-01, 5.34512401e-01, 0.0, 0.0,
            0.0, 0.0, 0.0, 0.0, 5.58526278e-01, 5.35135329e-01,
            7.69913495e-01, 5.50874054e-01, 7.06880867e-01,
            7.80345142e-01, 4.95708525e-01, 8.51522386e-01,
            7.74469972e-01, 5.72326183e-01, 5.32438397e-01,
            5.91716707e-01, 5.83050787e-01, 7.04172790e-01,
            7.44508982e-01, 5.83145082e-01, 8.59602630e-01,
            8.04328084e-01, 5.90711355e-01, 2.67785966e-01,
            7.91072309e-01, 5.93757451e-01, 2.67692298e-01,
            1.16527766e-01, 5.73893785e-01, 2.67713308e-01,
            7.04718828e-01, 0.0, 0.0, 0.0 ]
    }
}
