{
    "pose_0": {
        "type_id": "opencv-matrix",
        "rows": 1,
        "cols": 18,
        "dt": "3f",
        "data": [ 1.19926833e-01, 2.86894679e-01, 8.57049108e-01,
            8.61344635e-02, 3.46932203e-01, 7.62226284e-01,
            6.78070486e-02, 3.44195455e-01, 7.74582386e-01,
            5.39545231e-02, 4.56022978e-01, 7.76052177e-01,
            9.07671228e-02, 5.18794060e-01, 8.06337297e-01,
            1.03056110e-01, 3.52285117e-01, 7.01517761e-01,
            1.13760985e-01, 4.64089245e-01, 9.79167521e-02, 0.0, 0.0,
            0.0, 7.85146058e-02, 5.59646964e-01, 6.64304793e-01,
            7.85300061e-02, 7.31430829e-01, 7.96550274e-01,
            6.93372414e-02, 8.81601632e-01, 6.92854226e-01,
            1.07653424e-01, 5.56933522e-01, 6.04253650e-01,
            1.01470895e-01, 7.28733540e-01, 7.95754433e-01,
            9.22231898e-02, 8.62419367e-01, 7.37853408e-01,
            1.16800085e-01, 2.70482004e-01, 9.66986418e-01,
            1.24521933e-01, 2.73114294e-01, 3.82254869e-01,
            9.53747854e-02, 2.62283295e-01, 7.44082630e-01, 0.0, 0.0,
            0.0 ]
    }
}
