{
    "pose_0": {
        "type_id": "opencv-matrix",
        "rows": 1,
        "cols": 18,
        "dt": "3f",
        "data": [ 1.72019601e-01, 2.89585441e-01, 8.79110575e-01,
            1.36763796e-01, 3.55023712e-01, 7.81680465e-01,
            1.16840221e-01, 3.52301121e-01, 7.82368422e-01,
            9.53801572e-02, 4.56048816e-01, 8.13728929e-01,
            1.39826462e-01, 5.26876867e-01, 8.68167162e-01,
            1.53670549e-01, 3.57686460e-01, 7.10052729e-01, 0.0, 0.0,
            0.0, 0.0, 0.0, 0.0, 1.27577856e-01, 5.59609175e-01,
            6.95225954e-01, 1.16885684e-01, 7.17907906e-01,
            7.75734007e-01, 8.31131265e-02, 8.67935479e-01,
            6.91735268e-01, 1.62802532e-01, 5.54260850e-01,
            6.77497506e-01, 1.64418295e-01, 7.20623374e-01,
            8.23207140e-01, 1.67489499e-01, 8.73328865e-01,
            7.39883065e-01, 1.65916383e-01, 2.70596355e-01,
            9.67358828e-01, 1.75135672e-01, 2.73241222e-01,
            4.32381928e-01, 1.45964459e-01, 2.67683506e-01,
            7.51506805e-01, 0.0, 0.0, 0.0 ]
    }
}
