{
    "pose_0": {
        "type_id": "opencv-matrix",
        "rows": 1,
        "cols": 18,
        "dt": "3f",
        "data": [ 9.26709473e-01, 2.70431489e-01, 5.99158891e-02,
            8.86723697e-01, 3.35889667e-01, 8.93222213e-01,
            9.03636694e-01, 3.35964650e-01, 8.69813919e-01,
            8.88296664e-01, 4.42412198e-01, 9.16086435e-01,
            9.23542798e-01, 5.07803857e-01, 9.21382904e-01,
            8.65232289e-01, 3.35991502e-01, 8.26088786e-01,
            8.53037357e-01, 4.31460500e-01, 7.23142326e-01,
            8.68340850e-01, 4.72449392e-01, 2.92624474e-01,
            8.91395450e-01, 5.35154939e-01, 6.61633432e-01,
            8.86747658e-01, 7.06882000e-01, 7.54639149e-01,
            8.63818228e-01, 8.62447262e-01, 8.59897733e-01,
            8.71407092e-01, 5.35112023e-01, 6.04388654e-01,
            9.12770212e-01, 6.79714501e-01, 6.85679197e-01,
            9.49685514e-01, 8.35100532e-01, 7.66780376e-01,
            9.26610589e-01, 2.54228920e-01, 9.74939615e-02, 0.0, 0.0,
            0.0, 9.20479000e-01, 2.62330770e-01, 5.68902731e-01,
            8.86771083e-01, 2.51403242e-01, 2.26215512e-01 ]
    }
}
