{
    "pose_0": {
        "type_id": "opencv-matrix",
        "rows": 1,
        "cols": 18,
        "dt": "3f",
        "data": [ 7.94784486e-01, 2.70372510e-01, 5.76340199e-01,
            7.54920483e-01, 3.25111061e-01, 8.07955444e-01,
            7.67186224e-01, 3.30514282e-01, 8.22510004e-01,
            7.53310502e-01, 4.34143096e-01, 8.56064618e-01,
            7.91718423e-01, 4.91532862e-01, 9.22163785e-01,
            7.42623270e-01, 3.22323591e-01, 7.19256401e-01,
            7.42610931e-01, 4.12418038e-01, 8.05392042e-02, 0.0, 0.0,
            0.0, 7.65622199e-01, 5.32370627e-01, 6.55676365e-01,
            7.91761041e-01, 6.93377495e-01, 8.07333827e-01,
            7.56439567e-01, 8.35169315e-01, 7.05488205e-01,
            7.42659152e-01, 5.32342851e-01, 6.13872051e-01,
            7.64059603e-01, 6.90560400e-01, 7.97784686e-01,
            7.51766741e-01, 8.29676509e-01, 5.97238243e-01,
            7.93203831e-01, 2.51444608e-01, 6.35145485e-01, 0.0, 0.0,
            0.0, 7.80944109e-01, 2.51492530e-01, 6.73910439e-01,
            7.54810452e-01, 2.51439154e-01, 7.09380060e-02 ]
    }
}
