{
    "pose_0": {
        "type_id": "opencv-matrix",
        "rows": 1,
        "cols": 18,
        "dt": "3f",
        "data": [ 7.83995032e-01, 2.67741829e-01, 6.76579893e-01,
            7.42660463e-01, 3.30466449e-01, 8.34622622e-01,
            7.56409466e-01, 3.30528140e-01, 8.16681981e-01,
            7.42546678e-01, 4.31516111e-01, 8.59258354e-01,
            7.79446006e-01, 4.96924192e-01, 8.92999828e-01,
            7.30299830e-01, 3.30450773e-01, 7.51880765e-01,
            7.18061626e-01, 4.17830050e-01, 6.11962140e-01,
            7.24188447e-01, 4.58681613e-01, 5.26187837e-01,
            7.53299296e-01, 5.35149574e-01, 6.74336910e-01,
            7.62498021e-01, 7.04196453e-01, 7.94504106e-01,
            7.04267621e-01, 8.37830663e-01, 8.48507762e-01,
            7.42553771e-01, 5.32383919e-01, 4.80602503e-01,
            7.68710911e-01, 7.01498508e-01, 6.74954236e-01,
            7.68663228e-01, 8.56949806e-01, 7.92099118e-01,
            7.79484451e-01, 2.51328021e-01, 7.59695292e-01, 0.0, 0.0,
            0.0, 7.67106652e-01, 2.51411468e-01, 7.16087759e-01,
            7.41096854e-01, 2.62261122e-01, 6.28361106e-02 ]
    }
}
