{
    "pose_0": {
        "type_id": "opencv-matrix",
        "rows": 1,
        "cols": 18,
        "dt": "3f",
        "data": [ 1.93493143e-01, 2.89591104e-01, 9.19286132e-01,
            1.61281645e-01, 3.52331698e-01, 7.81944513e-01,
            1.41415775e-01, 3.46879035e-01, 7.99496114e-01,
            1.21459894e-01, 4.53263372e-01, 8.32104802e-01,
            1.64390236e-01, 5.13322115e-01, 9.14102018e-01,
            1.78158998e-01, 3.55119467e-01, 7.31643081e-01,
            1.87370881e-01, 4.66771752e-01, 7.97509700e-02, 0.0, 0.0,
            0.0, 1.53700367e-01, 5.59690773e-01, 6.86876416e-01,
            1.61282301e-01, 7.26100504e-01, 8.03921103e-01,
            1.02986500e-01, 8.59591126e-01, 8.46366704e-01,
            1.81253970e-01, 5.57017267e-01, 6.21595621e-01,
            1.81229606e-01, 7.25984395e-01, 7.77813673e-01,
            1.70518532e-01, 8.65182757e-01, 7.63970852e-01,
            1.90407246e-01, 2.70585090e-01, 9.78797317e-01,
            1.98101044e-01, 2.73133457e-01, 3.08849722e-01,
            1.67493716e-01, 2.64998198e-01, 7.49388695e-01, 0.0, 0.0,
            0.0 ]
    }
}
