{
    "pose_0": {
        "type_id": "opencv-matrix",
        "rows": 1,
        "cols": 18,
        "dt": "3f",
        "data": [ 9.11334038e-01, 2.70614803e-01, 1.16383523e-01,
            8.68373752e-01, 3.35836351e-01, 8.63029361e-01,
            8.88291061e-01, 3.35869670e-01, 8.88203621e-01,
            8.72938097e-01, 4.42413628e-01, 8.39871526e-01,
            9.08241689e-01, 5.02372980e-01, 8.62245560e-01,
            8.51477444e-01, 3.35962951e-01, 8.32668006e-01,
            8.40764642e-01, 4.28704977e-01, 6.79984748e-01,
            8.54543090e-01, 4.53330576e-01, 2.33976394e-01,
            8.77633631e-01, 5.32427788e-01, 6.68742597e-01,
            8.79068375e-01, 7.06850350e-01, 7.85227120e-01,
            8.65256369e-01, 8.62428665e-01, 8.71592164e-01,
            8.60681236e-01, 5.32339275e-01, 5.86352944e-01,
            8.95947337e-01, 6.93334103e-01, 7.20045805e-01,
            8.99056494e-01, 8.40668082e-01, 7.86195755e-01,
            9.09791112e-01, 2.56840706e-01, 1.54481307e-01, 0.0, 0.0,
            0.0, 9.00585115e-01, 2.62316704e-01, 6.06690586e-01,
            8.65372002e-01, 2.48714387e-01, 1.98948115e-01 ]
    }
}
