{
    "pose_0": {
        "type_id": "opencv-matrix",
        "rows": 1,
        "cols": 18,
        "dt": "3f",
        "data": [ 3.53065342e-01, 2.76011944e-01, 9.28228855e-01,
            3.14708292e-01, 3.38703483e-01, 7.64278114e-01,
            3.10021549e-01, 3.38608503e-01, 8.72574627e-01,
            2.86983132e-01, 4.45143044e-01, 9.34323788e-01,
            3.25349689e-01, 5.10495603e-01, 9.14953470e-01,
            3.23932320e-01, 3.38614076e-01, 6.81141436e-01, 0.0, 0.0,
            0.0, 0.0, 0.0, 0.0, 3.11577618e-01, 5.48711717e-01,
            6.83054507e-01, 3.00833434e-01, 7.12406754e-01,
            8.29653442e-01, 2.65627146e-01, 8.62542570e-01,
            7.73647189e-01, 3.36122185e-01, 5.48715234e-01,
            6.35063410e-01, 3.53038937e-01, 6.93341136e-01,
            7.40550041e-01, 3.83688122e-01, 8.48829448e-01,
            7.64813960e-01, 3.49988163e-01, 2.65012711e-01,
            9.15680051e-01, 0.0, 0.0, 0.0, 3.31554443e-01,
            2.54156500e-01, 7.93488860e-01, 0.0, 0.0, 0.0 ]
    }
}
