{
    "pose_0": {
        "type_id": "opencv-matrix",
        "rows": 1,
        "cols": 18,
        "dt": "3f",
        "data": [ 4.84997720e-01, 2.75930285e-01, 6.97954357e-01,
            4.49653596e-01, 3.38673443e-01, 6.97376788e-01,
            4.54220206e-01, 3.38783175e-01, 7.79007733e-01,
            4.37380493e-01, 4.47949082e-01, 8.98804009e-01,
            4.81852889e-01, 5.07760525e-01, 8.83514583e-01,
            4.46606010e-01, 3.35848808e-01, 5.78782916e-01, 0.0, 0.0,
            0.0, 0.0, 0.0, 0.0, 4.57288742e-01, 5.46038628e-01,
            6.25716925e-01, 4.72710967e-01, 7.09804118e-01,
            8.13011885e-01, 4.83378410e-01, 8.65235686e-01,
            7.48427570e-01, 4.46554273e-01, 5.45994580e-01,
            5.10408521e-01, 4.41971004e-01, 7.09567606e-01,
            8.02255809e-01, 3.97517174e-01, 8.48795950e-01,
            7.42995501e-01, 4.84866917e-01, 2.67725378e-01,
            7.06696212e-01, 0.0, 0.0, 0.0, 4.72633749e-01,
            2.70364821e-01, 7.14391232e-01, 0.0, 0.0, 0.0 ]
    }
}
