{
    "pose_0": {
        "type_id": "opencv-matrix",
        "rows": 1,
        "cols": 18,
        "dt": "3f",
        "data": [ 2.15014219e-01, 2.86805212e-01, 9.28115845e-01,
            1.79748759e-01, 3.46877992e-01, 8.02913308e-01,
            1.65890560e-01, 3.41448486e-01, 8.62212956e-01,
            1.42932326e-01, 4.47963506e-01, 8.90481114e-01,
            1.88830808e-01, 5.10570824e-01, 8.85460734e-01,
            1.98121548e-01, 3.52304786e-01, 6.99572086e-01,
            2.01145068e-01, 4.64219511e-01, 1.19276732e-01, 0.0, 0.0,
            0.0, 1.76640749e-01, 5.56939721e-01, 7.03783929e-01,
            2.01134577e-01, 7.26026237e-01, 8.39703798e-01,
            1.75105378e-01, 8.81448925e-01, 7.54828691e-01,
            1.96582496e-01, 5.56860626e-01, 5.61404765e-01,
            1.82790354e-01, 7.23356366e-01, 7.20112562e-01,
            1.65963367e-01, 8.67895484e-01, 5.66691935e-01,
            2.11938262e-01, 2.70441383e-01, 9.58748221e-01,
            2.16514215e-01, 2.70608097e-01, 3.69352937e-01,
            1.88976124e-01, 2.65035659e-01, 8.21088076e-01, 0.0, 0.0,
            0.0 ]
    }
}
