{
    "pose_0": {
        "type_id": "opencv-matrix",
        "rows": 1,
        "cols": 18,
        "dt": "3f",
        "data": [ 3.49968523e-01, 2.75914580e-01, 9.71515000e-01,
            3.13091427e-01, 3.38678539e-01, 7.70255506e-01,
            3.03969115e-01, 3.36076856e-01, 8.63558650e-01,
            2.80938417e-01, 4.45117056e-01, 8.87166023e-01,
            3.23825151e-01, 5.10485291e-01, 8.89781475e-01,
            3.20809007e-01, 3.38644624e-01, 6.38382733e-01, 0.0, 0.0,
            0.0, 0.0, 0.0, 0.0, 3.03966463e-01, 5.45986772e-01,
            6.48213923e-01, 2.99292952e-01, 7.09803224e-01,
            8.38444531e-01, 2.65613914e-01, 8.65192950e-01,
            7.89853513e-01, 3.26997191e-01, 5.46024978e-01,
            6.31049156e-01, 3.49944592e-01, 6.90551281e-01,
            7.94556439e-01, 3.83694082e-01, 8.43314886e-01,
            7.82344580e-01, 3.48344058e-01, 2.62298495e-01,
            9.05137837e-01, 3.50007772e-01, 2.54292786e-01,
            8.00296441e-02, 3.25416923e-01, 2.54101425e-01,
            8.48560274e-01, 0.0, 0.0, 0.0 ]
    }
}
