{
    "pose_0": {
        "type_id": "opencv-matrix",
        "rows": 1,
        "cols": 18,
        "dt": "3f",
        "data": [ 2.34933674e-01, 2.89651960e-01, 9.20038164e-01,
            2.01126501e-01, 3.46873641e-01, 7.96366274e-01,
            1.87328592e-01, 3.44135880e-01, 7.99299717e-01,
            1.64374053e-01, 4.50594217e-01, 9.07601535e-01,
            2.05760896e-01, 5.13204277e-01, 8.62300336e-01,
            2.14960501e-01, 3.44179422e-01, 7.14718163e-01,
            2.11907059e-01, 4.61472720e-01, 8.14098716e-02, 0.0, 0.0,
            0.0, 1.90458819e-01, 5.56881249e-01, 7.12982357e-01,
            2.18070194e-01, 7.15165019e-01, 7.63650358e-01,
            2.50190675e-01, 8.65192294e-01, 7.46985018e-01,
            2.05779970e-01, 5.54179728e-01, 5.41047752e-01,
            1.85833856e-01, 7.26020813e-01, 7.51634002e-01,
            1.65978670e-01, 8.67903709e-01, 7.45686233e-01,
            2.27343366e-01, 2.73123354e-01, 9.65840459e-01,
            2.37971857e-01, 2.73267269e-01, 3.44525605e-01,
            2.10376441e-01, 2.67696947e-01, 7.85792351e-01, 0.0, 0.0,
            0.0 ]
    }
}
