{
    "pose_0": {
        "type_id": "opencv-matrix",
        "rows": 1,
        "cols": 18,
        "dt": "3f",
        "data": [ 6.55180097e-01, 2.73229569e-01, 8.97820294e-01,
            6.16803706e-01, 3.27835172e-01, 7.37942398e-01,
            6.21431768e-01, 3.33222866e-01, 8.15293968e-01,
            6.04574382e-01, 4.39650804e-01, 8.48564684e-01,
            6.42861068e-01, 4.96916056e-01, 9.05820310e-01,
            6.06130779e-01, 3.22313339e-01, 6.76202536e-01,
            5.96928179e-01, 4.15134430e-01, 9.11051407e-02, 0.0, 0.0,
            0.0, 6.18328691e-01, 5.37826061e-01, 6.29934907e-01,
            6.55158579e-01, 7.01509774e-01, 7.50859797e-01,
            6.84318542e-01, 8.51493239e-01, 7.58647323e-01,
            5.99939406e-01, 5.35130441e-01, 5.83527803e-01,
            5.99935472e-01, 7.04240143e-01, 7.72533834e-01,
            5.81535518e-01, 8.56972754e-01, 8.18914711e-01,
            6.52102590e-01, 2.59621143e-01, 8.07842731e-01, 0.0, 0.0,
            0.0, 6.33673549e-01, 2.59573728e-01, 7.46566236e-01, 0.0,
            0.0, 0.0 ]
    }
}
