{
    "pose_0": {
        "type_id": "opencv-matrix",
        "rows": 1,
        "cols": 18,
        "dt": "3f",
        "data": [ 7.60982156e-01, 2.70604253e-01, 7.97080398e-01,
            7.18055665e-01, 3.30542594e-01, 8.33242893e-01,
            7.30362713e-01, 3.35834682e-01, 8.38010907e-01,
            7.10359812e-01, 4.42321002e-01, 8.71544778e-01,
            7.50261724e-01, 5.05060375e-01, 8.78483236e-01,
            7.05744028e-01, 3.25072140e-01, 7.30536938e-01,
            6.93501770e-01, 4.09614831e-01, 2.36448258e-01, 0.0, 0.0,
            0.0, 7.19587803e-01, 5.32385170e-01, 6.71279252e-01,
            7.10364342e-01, 7.06872225e-01, 7.61073589e-01,
            6.84310675e-01, 8.59747291e-01, 7.88248181e-01,
            7.16530204e-01, 5.29669166e-01, 4.81972933e-01,
            7.41034269e-01, 6.85176671e-01, 7.07560658e-01,
            7.62532234e-01, 8.37933421e-01, 6.56484604e-01,
            7.56423593e-01, 2.54182398e-01, 7.80268073e-01, 0.0, 0.0,
            0.0, 7.42580056e-01, 2.51515567e-01, 7.21394241e-01, 0.0,
            0.0, 0.0 ]
    }
}
