{
    "pose_0": {
        "type_id": "opencv-matrix",
        "rows": 1,
        "cols": 18,
        "dt": "3f",
        "data": [ 1.19880013e-01, 2.86896557e-01, 8.79881859e-01,
            8.30969214e-02, 3.46854597e-01, 7.74119139e-01,
            6.77553713e-02, 3.44167829e-01, 7.85634637e-01,
            5.24093956e-02, 4.56029803e-01, 7.53577828e-01,
            9.07375515e-02, 5.16048312e-01, 7.96414971e-01,
            1.02978110e-01, 3.49593341e-01, 6.96853876e-01,
            1.10691927e-01, 4.61397856e-01, 7.38667548e-02, 0.0, 0.0,
            0.0, 7.99872205e-02, 5.59639215e-01, 6.60287499e-01,
            8.00167248e-02, 7.28795469e-01, 8.00068974e-01,
            6.92755803e-02, 8.81584883e-01, 7.02782333e-01,
            1.06135085e-01, 5.56945860e-01, 5.93858898e-01,
            1.01476565e-01, 7.28726387e-01, 7.93250442e-01,
            9.22570154e-02, 8.59726787e-01, 7.33013391e-01,
            1.16783522e-01, 2.70463467e-01, 9.68794107e-01,
            1.24479719e-01, 2.73114145e-01, 3.63354534e-01,
            9.53516215e-02, 2.59619147e-01, 7.56100655e-01, 0.0, 0.0,
            0.0 ]
    }
}
