{
    "pose_0": {
        "type_id": "opencv-matrix",
        "rows": 1,
        "cols": 18,
        "dt": "3f",
        "data": [ 4.14413482e-01, 2.73364097e-01, 9.48353589e-01,
            3.80620450e-01, 3.38606149e-01, 7.24495053e-01,
            3.72976691e-01, 3.36026043e-01, 9.09935355e-01,
            3.50028902e-01, 4.44967031e-01, 9.36567724e-01,
            3.92915994e-01, 4.94234920e-01, 8.74885917e-01,
            3.86797935e-01, 3.36017847e-01, 6.76898897e-01, 0.0, 0.0,
            0.0, 0.0, 0.0, 0.0, 3.80641460e-01, 5.43299615e-01,
            6.52074277e-01, 4.06720698e-01, 7.09588051e-01,
            8.13136339e-01, 3.97530466e-01, 8.73320639e-01,
            7.81089842e-01, 3.88297409e-01, 5.37822545e-01,
            5.06861269e-01, 3.86737406e-01, 7.06949413e-01,
            8.49339008e-01, 3.79100680e-01, 8.62350166e-01,
            7.64967799e-01, 4.11275804e-01, 2.62335658e-01,
            9.29618001e-01, 4.20516193e-01, 2.67674178e-01,
            2.34507248e-01, 3.92883837e-01, 2.56874532e-01,
            7.84996510e-01, 0.0, 0.0, 0.0 ]
    }
}
