{
    "pose_0": {
        "type_id": "opencv-matrix",
        "rows": 1,
        "cols": 18,
        "dt": "3f",
        "data": [ 2.25751102e-01, 2.86821514e-01, 9.41821575e-01,
            1.90432802e-01, 3.49651873e-01, 8.32332015e-01,
            1.76616371e-01, 3.44212204e-01, 8.20446372e-01,
            1.53634697e-01, 4.47947949e-01, 9.27039206e-01,
            1.98118955e-01, 5.13191164e-01, 8.59418511e-01,
            2.04290658e-01, 3.52306187e-01, 6.94222331e-01,
            2.13445380e-01, 4.66774583e-01, 7.53765255e-02, 0.0, 0.0,
            0.0, 1.84309423e-01, 5.57025850e-01, 6.85487330e-01,
            2.04292670e-01, 7.12396801e-01, 7.37019598e-01,
            2.21101120e-01, 8.78811896e-01, 7.44976103e-01,
            2.02783689e-01, 5.56945443e-01, 6.39355183e-01,
            1.88878894e-01, 7.12383926e-01, 7.58437812e-01,
            1.67482719e-01, 8.62543285e-01, 7.46546149e-01,
            2.21099004e-01, 2.70452946e-01, 9.23929095e-01,
            2.27217883e-01, 2.70608187e-01, 3.26153815e-01,
            2.01129839e-01, 2.64989048e-01, 8.26748013e-01, 0.0, 0.0,
            0.0 ]
    }
}
