{
    "pose_0": {
        "type_id": "opencv-matrix",
        "rows": 1,
        "cols": 18,
        "dt": "3f",
        "data": [ 8.39217842e-01, 2.73197472e-01, 3.45764816e-01,
            7.97834158e-01, 3.35897565e-01, 8.74509156e-01,
            8.16186190e-01, 3.35939676e-01, 9.06102180e-01,
            8.00903201e-01, 4.42300558e-01, 8.52363646e-01,
            8.36163521e-01, 4.94216979e-01, 8.99665892e-01,
            7.77925909e-01, 3.36012393e-01, 8.36138725e-01,
            7.67173588e-01, 4.31416631e-01, 7.24672973e-01,
            7.77864933e-01, 4.72337037e-01, 3.71466905e-01,
            8.10049832e-01, 5.37796080e-01, 6.47858799e-01,
            8.39259148e-01, 7.01494157e-01, 7.88113594e-01,
            8.63755763e-01, 8.59634221e-01, 8.39555621e-01,
            7.79363632e-01, 5.37789881e-01, 6.65279984e-01,
            7.82500267e-01, 7.06820548e-01, 7.76594043e-01,
            7.67191231e-01, 8.51533711e-01, 7.55310535e-01,
            8.37696791e-01, 2.62296826e-01, 3.59808952e-01, 0.0, 0.0,
            0.0, 8.26968491e-01, 2.67753303e-01, 6.89873815e-01,
            7.96290636e-01, 2.56886482e-01, 9.85419154e-02 ]
    }
}
