{
    "pose_0": {
        "type_id": "opencv-matrix",
        "rows": 1,
        "cols": 18,
        "dt": "3f",
        "data": [ 4.26676720e-01, 2.73351640e-01, 9.27900612e-01,
            3.91355991e-01, 3.35988522e-01, 6.93409860e-01,
            3.85290205e-01, 3.35876852e-01, 8.81278992e-01,
            3.62266988e-01, 4.36937660e-01, 9.02527332e-01,
            4.05142426e-01, 4.91595209e-01, 8.85149837e-01,
            3.97529066e-01, 3.35938364e-01, 6.59499526e-01, 0.0, 0.0,
            0.0, 0.0, 0.0, 0.0, 3.88316721e-01, 5.40620148e-01,
            6.51354432e-01, 4.31219727e-01, 6.96028888e-01,
            7.67886400e-01, 4.71044987e-01, 8.37877631e-01,
            8.15781832e-01, 3.95977110e-01, 5.37834108e-01,
            5.41756153e-01, 3.94399047e-01, 7.06995964e-01,
            8.00834537e-01, 3.85205626e-01, 8.62398624e-01,
            8.20927322e-01, 4.23530817e-01, 2.62353688e-01,
            9.10807312e-01, 4.32720274e-01, 2.65041977e-01,
            2.43050635e-01, 4.03615892e-01, 2.56915361e-01,
            7.86797404e-01, 0.0, 0.0, 0.0 ]
    }
}
