{
    "pose_0": {
        "type_id": "opencv-matrix",
        "rows": 1,
        "cols": 18,
        "dt": "3f",
        "data": [ 9.74189878e-01, 2.70631939e-01, 5.93619607e-02,
            9.35839891e-01, 3.36040109e-01, 8.93119097e-01,
            9.52721953e-01, 3.36061478e-01, 8.75501513e-01,
            9.37413514e-01, 4.45085675e-01, 9.11496818e-01,
            9.74224627e-01, 5.07777929e-01, 9.52159822e-01,
            9.14361298e-01, 3.38667810e-01, 8.16797674e-01,
            9.09749508e-01, 4.39629406e-01, 6.60913348e-01,
            9.15929139e-01, 4.69542027e-01, 5.15943527e-01,
            9.45036650e-01, 5.37877262e-01, 6.39078438e-01,
            9.43540931e-01, 7.09646165e-01, 7.73552597e-01,
            8.86740923e-01, 8.43361139e-01, 7.76207983e-01,
            9.26695049e-01, 5.35120368e-01, 4.95325267e-01,
            9.60372269e-01, 7.06929088e-01, 7.23276734e-01,
            9.61877525e-01, 8.59699428e-01, 7.68524885e-01,
            9.74146247e-01, 2.64999151e-01, 9.31879878e-02, 0.0, 0.0,
            0.0, 9.64989126e-01, 2.70362943e-01, 6.14349484e-01,
            9.34268773e-01, 2.56849438e-01, 1.99596003e-01 ]
    }
}
