{
    "pose_0": {
        "type_id": "opencv-matrix",
        "rows": 1,
        "cols": 18,
        "dt": "3f",
        "data": [ 5.24789453e-01, 2.73229241e-01, 5.65571487e-01,
            4.88004684e-01, 3.38683367e-01, 6.59783840e-01,
            4.89502877e-01, 3.38795632e-01, 7.60587633e-01,
            4.72687393e-01, 4.47964638e-01, 9.28445280e-01,
            5.10983586e-01, 5.10522842e-01, 9.14279461e-01,
            4.87990826e-01, 3.35921228e-01, 5.35559535e-01, 0.0, 0.0,
            0.0, 0.0, 0.0, 0.0, 4.91076291e-01, 5.43312430e-01,
            6.79095924e-01, 4.95705634e-01, 7.12384284e-01,
            7.98438251e-01, 4.83392745e-01, 8.62544537e-01,
            8.24550807e-01, 5.06368101e-01, 5.40553927e-01,
            5.54270446e-01, 5.24785817e-01, 7.09594071e-01,
            8.62178862e-01, 5.07931113e-01, 8.48762095e-01,
            8.13309252e-01, 5.21740973e-01, 2.62270600e-01,
            5.70829570e-01, 0.0, 0.0, 0.0, 5.09437501e-01,
            2.65097201e-01, 6.19796634e-01, 0.0, 0.0, 0.0 ]
    }
}
