{
    "pose_0": {
        "type_id": "opencv-matrix",
        "rows": 1,
        "cols": 18,
        "dt": "3f",
        "data": [ 1.24514975e-01, 2.92169333e-01, 9.17824268e-01,
            8.91661495e-02, 3.54992539e-01, 7.92041063e-01,
            6.78081736e-02, 3.52357149e-01, 7.71333098e-01,
            5.39924726e-02, 4.61429983e-01, 7.66304672e-01,
            9.07631516e-02, 5.24207234e-01, 7.79426217e-01,
            1.04581855e-01, 3.55064005e-01, 7.20299542e-01, 0.0, 0.0,
            0.0, 0.0, 0.0, 0.0, 7.85132796e-02, 5.65135121e-01,
            6.67680323e-01, 8.91916603e-02, 7.31626987e-01,
            7.81785190e-01, 7.69022107e-02, 8.81558061e-01,
            7.27563977e-01, 1.07621886e-01, 5.62382579e-01,
            6.10401690e-01, 1.09160990e-01, 7.31584728e-01,
            8.16610634e-01, 9.38008577e-02, 8.59723032e-01,
            7.25243092e-01, 1.18340909e-01, 2.73112804e-01,
            9.47879255e-01, 1.27563134e-01, 2.73360491e-01,
            3.73149604e-01, 1.01434596e-01, 2.67754257e-01,
            7.94370115e-01, 0.0, 0.0, 0.0 ]
    }
}
