{
    "pose_0": {
        "type_id": "opencv-matrix",
        "rows": 1,
        "cols": 18,
        "dt": "3f",
        "data": [ 7.99308360e-01, 2.70471781e-01, 8.33964765e-01,
            7.57904589e-01, 3.25102746e-01, 7.99373329e-01,
            7.70178616e-01, 3.30499023e-01, 7.87295461e-01,
            7.54837751e-01, 4.31460738e-01, 8.97688150e-01,
            7.93258071e-01, 4.91510391e-01, 9.27153766e-01,
            7.44142175e-01, 3.22360933e-01, 7.46639132e-01,
            7.53265202e-01, 4.42357421e-01, 1.54054001e-01, 0.0, 0.0,
            0.0, 7.67099917e-01, 5.32429636e-01, 6.83081865e-01,
            7.94716954e-01, 6.96033597e-01, 7.80381203e-01,
            7.64034331e-01, 8.29716623e-01, 6.76331758e-01,
            7.44132698e-01, 5.32374501e-01, 6.26271427e-01,
            7.65553892e-01, 6.93299234e-01, 7.83380926e-01,
            7.53252387e-01, 8.21517050e-01, 5.58178008e-01,
            7.93244362e-01, 2.51527250e-01, 8.40848446e-01, 0.0, 0.0,
            0.0, 7.79374182e-01, 2.51387507e-01, 7.25715876e-01, 0.0,
            0.0, 0.0 ]
    }
}
