{
    "pose_0": {
        "type_id": "opencv-matrix",
        "rows": 1,
        "cols": 18,
        "dt": "3f",
        "data": [ 7.91697323e-01, 2.70365238e-01, 6.84668899e-01,
            7.53312945e-01, 3.27797383e-01, 8.24283957e-01,
            7.65570402e-01, 3.33174676e-01, 8.24347675e-01,
            7.47209847e-01, 4.39556390e-01, 8.41789305e-01,
            7.87093401e-01, 4.91613179e-01, 8.90840590e-01,
            7.41060257e-01, 3.22321802e-01, 7.19769537e-01,
            7.41064250e-01, 4.42353427e-01, 1.07912362e-01, 0.0, 0.0,
            0.0, 7.56438673e-01, 5.32424212e-01, 6.56955838e-01,
            7.80939877e-01, 7.04145730e-01, 7.54419744e-01,
            7.27264762e-01, 8.18878114e-01, 7.90454865e-01,
            7.42634535e-01, 5.32372892e-01, 5.43366849e-01,
            7.65636504e-01, 6.98728085e-01, 7.03581870e-01,
            7.67109811e-01, 8.40619743e-01, 8.01807880e-01,
            7.90153444e-01, 2.51463383e-01, 7.37248123e-01, 0.0, 0.0,
            0.0, 7.77820408e-01, 2.51553535e-01, 6.88014925e-01,
            7.51779974e-01, 2.59570092e-01, 5.61638698e-02 ]
    }
}
