{
    "pose_0": {
        "type_id": "opencv-matrix",
        "rows": 1,
        "cols": 18,
        "dt": "3f",
        "data": [ 3.66798609e-01, 2.78707862e-01, 9.03640151e-01,
            3.28511119e-01, 3.41383159e-01, 7.75060117e-01,
            3.20795625e-01, 3.38745564e-01, 8.48839104e-01,
            2.99317360e-01, 4.47954565e-01, 9.44778860e-01,
            3.37729067e-01, 5.10580957e-01, 9.18085575e-01,
            3.39220762e-01, 3.38762581e-01, 6.84944510e-01, 0.0, 0.0,
            0.0, 0.0, 0.0, 0.0, 3.25374275e-01, 5.54100513e-01,
            7.06494808e-01, 3.11582237e-01, 7.09783316e-01,
            8.02915812e-01, 2.70174801e-01, 8.59723985e-01,
            7.73910880e-01, 3.51505846e-01, 5.54114580e-01,
            6.57014489e-01, 3.62195581e-01, 7.06959963e-01,
            8.40889454e-01, 3.83715272e-01, 8.59791815e-01,
            8.30888927e-01, 3.62220317e-01, 2.67755687e-01,
            9.50291276e-01, 3.71385425e-01, 2.67693430e-01,
            1.18877351e-01, 3.42281640e-01, 2.59639084e-01,
            7.66101718e-01, 0.0, 0.0, 0.0 ]
    }
}
