{
    "pose_0": {
        "type_id": "opencv-matrix",
        "rows": 1,
        "cols": 18,
        "dt": "3f",
        "data": [ 1.98121846e-01, 2.89487392e-01, 8.98032665e-01,
            1.64313391e-01, 3.52314502e-01, 8.14417779e-01,
            1.44436479e-01, 3.46906394e-01, 7.77461469e-01,
            1.27476573e-01, 4.53273445e-01, 8.67186606e-01,
            1.65969998e-01, 5.13311863e-01, 9.03516889e-01,
            1.79743022e-01, 3.54987592e-01, 7.13272989e-01, 0.0, 0.0,
            0.0, 0.0, 0.0, 0.0, 1.56682029e-01, 5.56984603e-01,
            6.85727715e-01, 1.68974563e-01, 7.25990295e-01,
            8.29984188e-01, 1.07614785e-01, 8.51518869e-01,
            7.89011717e-01, 1.85862795e-01, 5.54193974e-01,
            6.29748940e-01, 1.84289411e-01, 7.26019382e-01,
            7.49893367e-01, 1.70495719e-01, 8.65190387e-01,
            7.53602862e-01, 1.90536812e-01, 2.70482272e-01,
            9.53762889e-01, 2.01185197e-01, 2.73155391e-01,
            4.89002943e-01, 1.72052830e-01, 2.62277246e-01,
            7.49153614e-01, 0.0, 0.0, 0.0 ]
    }
}
