{
    "pose_0": {
        "type_id": "opencv-matrix",
        "rows": 1,
        "cols": 18,
        "dt": "3f",
        "data": [ 9.54270184e-01, 2.78681219e-01, 1.28211036e-01,
            9.14362311e-01, 3.41509998e-01, 8.64808500e-01,
            9.34308469e-01, 3.41421843e-01, 8.26398253e-01,
            9.14436519e-01, 4.47854668e-01, 8.74339342e-01,
            9.52703655e-01, 5.13255298e-01, 9.77481961e-01,
            8.94416988e-01, 3.46868604e-01, 7.28245258e-01,
            8.86775792e-01, 4.47728723e-01, 7.65976548e-01,
            8.97469223e-01, 4.72449869e-01, 4.74898249e-01,
            9.25058722e-01, 5.48754275e-01, 6.72332168e-01,
            9.06707644e-01, 7.09730029e-01, 7.43420899e-01,
            8.65291297e-01, 8.59612405e-01, 7.84773886e-01,
            9.03650284e-01, 5.48700154e-01, 5.45453966e-01,
            9.37317848e-01, 6.93355441e-01, 7.34339118e-01,
            9.60373700e-01, 8.48790646e-01, 7.35636771e-01,
            9.51234102e-01, 2.70390928e-01, 2.28648931e-01, 0.0, 0.0,
            0.0, 9.46564913e-01, 2.70568401e-01, 6.62909031e-01,
            9.12842274e-01, 2.65064895e-01, 1.67359740e-01 ]
    }
}
