{
    "pose_0": {
        "type_id": "opencv-matrix",
        "rows": 1,
        "cols": 18,
        "dt": "3f",
        "data": [ 9.26647007e-01, 2.67777115e-01, 1.16344124e-01,
            8.83671403e-01, 3.35936964e-01, 8.81652713e-01,
            9.02068734e-01, 3.35979342e-01, 9.00808394e-01,
            8.86725843e-01, 4.39608544e-01, 8.51480544e-01,
            9.18977976e-01, 5.07806480e-01, 8.94726872e-01,
            8.63748252e-01, 3.36038679e-01, 8.46567154e-01,
            8.52972269e-01, 4.36925203e-01, 7.37764657e-01,
            8.74474168e-01, 4.64214087e-01, 1.18484020e-01,
            8.89889002e-01, 5.35060406e-01, 6.60967886e-01,
            8.85236681e-01, 7.06912279e-01, 7.52744377e-01,
            8.63825798e-01, 8.62432599e-01, 8.66575956e-01,
            8.72927308e-01, 5.35058498e-01, 6.14325821e-01,
            9.05202866e-01, 6.79663360e-01, 6.82036042e-01,
            9.45066273e-01, 8.24279428e-01, 7.18254268e-01,
            9.25152540e-01, 2.51471490e-01, 1.89099640e-01, 0.0, 0.0,
            0.0, 9.14389133e-01, 2.62337655e-01, 6.04159236e-01,
            8.82158041e-01, 2.51437217e-01, 1.75882071e-01 ]
    }
}
