{
    "pose_0": {
        "type_id": "opencv-matrix",
        "rows": 1,
        "cols": 18,
        "dt": "3f",
        "data": [ 1.26019478e-01, 2.89602548e-01, 9.18342590e-01,
            8.91751796e-02, 3.52370024e-01, 7.85297751e-01,
            6.93198591e-02, 3.52347493e-01, 7.56141543e-01,
            5.69851957e-02, 4.64197844e-01, 7.52285361e-01,
            9.22863930e-02, 5.29618025e-01, 7.73462355e-01,
            1.04555599e-01, 3.55005711e-01, 7.13366330e-01,
            1.09157316e-01, 4.64145392e-01, 9.05379876e-02, 0.0, 0.0,
            0.0, 7.85067081e-02, 5.65128267e-01, 6.59472466e-01,
            8.61453786e-02, 7.31464744e-01, 7.83817291e-01,
            7.69002661e-02, 8.84217978e-01, 7.39877641e-01,
            1.10659711e-01, 5.62368214e-01, 6.15969181e-01,
            1.19922228e-01, 7.31453061e-01, 8.44690919e-01,
            9.99152586e-02, 8.65170538e-01, 7.33216822e-01,
            1.18370526e-01, 2.70606309e-01, 9.41262901e-01,
            1.27594069e-01, 2.73277491e-01, 4.40221459e-01,
            9.99747366e-02, 2.67770737e-01, 7.77779222e-01, 0.0, 0.0,
            0.0 ]
    }
}
