{
    "pose_0": {
        "type_id": "opencv-matrix",
        "rows": 1,
        "cols": 18,
        "dt": "3f",
        "data": [ 7.77827501e-01, 2.70355642e-01, 7.93753266e-01,
            7.36447334e-01, 3.25097740e-01, 7.88556457e-01,
            7.50227571e-01, 3.30468059e-01, 7.77673066e-01,
            7.31830776e-01, 4.34203893e-01, 8.45508695e-01,
            7.71714509e-01, 4.91615891e-01, 8.74677062e-01,
            7.21128106e-01, 3.25064689e-01, 7.05245078e-01,
            7.07370996e-01, 4.17785615e-01, 3.85675371e-01,
            7.16557622e-01, 4.58711565e-01, 2.44468123e-01,
            7.42562354e-01, 5.26924193e-01, 6.57345951e-01,
            7.33365297e-01, 6.96047843e-01, 7.22855031e-01,
            6.92010939e-01, 8.43411148e-01, 8.05534422e-01,
            7.34905064e-01, 5.21467209e-01, 4.61740613e-01,
            7.56407797e-01, 6.87972307e-01, 7.39028811e-01,
            7.65642643e-01, 8.46122444e-01, 7.38252878e-01,
            7.74782360e-01, 2.51461178e-01, 7.89978087e-01, 0.0, 0.0,
            0.0, 7.57953465e-01, 2.51420081e-01, 7.05736220e-01, 0.0,
            0.0, 0.0 ]
    }
}
