{
    "pose_0": {
        "type_id": "opencv-matrix",
        "rows": 1,
        "cols": 18,
        "dt": "3f",
        "data": [ 2.39602849e-01, 2.92195797e-01, 9.63618517e-01,
            2.05790982e-01, 3.52337033e-01, 7.69749641e-01,
            1.93490043e-01, 3.44213814e-01, 7.95218587e-01,
            1.70480460e-01, 4.53251690e-01, 8.51421475e-01,
            2.13438466e-01, 5.13241410e-01, 8.88823986e-01,
            2.21111313e-01, 3.55096132e-01, 6.66535735e-01, 0.0, 0.0,
            0.0, 0.0, 0.0, 0.0, 2.01118961e-01, 5.56986511e-01,
            6.97762966e-01, 2.28816852e-01, 7.23262548e-01,
            7.81414270e-01, 2.62470901e-01, 8.70642066e-01,
            7.90397167e-01, 2.13434041e-01, 5.56886733e-01,
            5.48167229e-01, 1.88921079e-01, 7.26047814e-01,
            8.34927320e-01, 1.65940434e-01, 8.67894053e-01,
            7.47899532e-01, 2.37997189e-01, 2.73192197e-01,
            9.93568480e-01, 2.41100013e-01, 2.73185998e-01,
            1.52839333e-01, 2.15050146e-01, 2.70365894e-01,
            8.02888751e-01, 0.0, 0.0, 0.0 ]
    }
}
