{
    "pose_0": {
        "type_id": "opencv-matrix",
        "rows": 1,
        "cols": 18,
        "dt": "3f",
        "data": [ 6.56763554e-01, 2.76019901e-01, 8.39990139e-01,
            6.18395805e-01, 3.33215386e-01, 7.30636418e-01,
            6.24467909e-01, 3.35874975e-01, 7.94824958e-01,
            6.07656896e-01, 4.42404479e-01, 9.05357182e-01,
            6.44482374e-01, 4.99649525e-01, 8.93852055e-01,
            6.10674024e-01, 3.25088233e-01, 6.15801692e-01,
            6.09176517e-01, 4.47778761e-01, 7.91313499e-02, 0.0, 0.0,
            0.0, 6.19910598e-01, 5.35168469e-01, 6.41857684e-01,
            6.56707585e-01, 6.96014583e-01, 7.75869310e-01,
            6.84301078e-01, 8.51512015e-01, 7.53854096e-01,
            6.04514301e-01, 5.35097182e-01, 6.13294005e-01,
            6.03002608e-01, 7.04129100e-01, 7.61098564e-01,
            5.81538260e-01, 8.54290545e-01, 7.94107914e-01,
            6.55197740e-01, 2.67689288e-01, 8.53573143e-01, 0.0, 0.0,
            0.0, 6.39845014e-01, 2.59611607e-01, 7.31834471e-01, 0.0,
            0.0, 0.0 ]
    }
}
