{
    "pose_0": {
        "type_id": "opencv-matrix",
        "rows": 1,
        "cols": 18,
        "dt": "3f",
        "data": [ 2.51771688e-01, 2.92275906e-01, 9.87718821e-01,
            2.14990973e-01, 3.55099946e-01, 7.69493282e-01,
            2.05763280e-01, 3.52343827e-01, 8.25156689e-01,
            1.82797208e-01, 4.58703756e-01, 8.39611173e-01,
            2.27238983e-01, 5.13368428e-01, 8.92646074e-01,
            2.25674391e-01, 3.57703626e-01, 6.38999701e-01, 0.0, 0.0,
            0.0, 0.0, 0.0, 0.0, 2.13406846e-01, 5.59671342e-01,
            6.67601764e-01, 2.42605552e-01, 7.15129375e-01,
            7.23903716e-01, 2.65643150e-01, 8.73362541e-01,
            7.46819794e-01, 2.18054682e-01, 5.56948781e-01,
            5.24606705e-01, 1.96592197e-01, 7.17850626e-01,
            7.26932585e-01, 1.65900365e-01, 8.59772086e-01,
            7.65669823e-01, 2.48757482e-01, 2.73277521e-01,
            9.62858260e-01, 2.51819432e-01, 2.73237586e-01,
            1.34373531e-01, 2.27262944e-01, 2.70484924e-01,
            8.29143405e-01, 0.0, 0.0, 0.0 ]
    }
}
