{
    "pose_0": {
        "type_id": "opencv-matrix",
        "rows": 1,
        "cols": 18,
        "dt": "3f",
        "data": [ 9.48109627e-01, 2.75949866e-01, 6.42509982e-02,
            9.05187249e-01, 3.38737637e-01, 8.46382022e-01,
            9.25160110e-01, 3.38791490e-01, 8.74471068e-01,
            9.08221841e-01, 4.45166618e-01, 8.36444020e-01,
            9.43515122e-01, 5.10641813e-01, 9.48882401e-01,
            8.86787295e-01, 3.38784724e-01, 7.49550879e-01,
            8.77572656e-01, 4.36883271e-01, 6.61853313e-01,
            8.86722445e-01, 4.69566792e-01, 4.45846915e-01,
            9.14403796e-01, 5.51414192e-01, 6.66755915e-01,
            9.00614202e-01, 7.09778547e-01, 7.98418343e-01,
            8.65254581e-01, 8.62429202e-01, 8.24800849e-01,
            8.95959079e-01, 5.46038330e-01, 5.14938235e-01,
            9.29713190e-01, 6.90665185e-01, 7.11573064e-01,
            9.54282343e-01, 8.43425751e-01, 7.41168916e-01,
            9.48116720e-01, 2.67780721e-01, 1.12482481e-01, 0.0, 0.0,
            0.0, 9.38887596e-01, 2.70505697e-01, 6.64320707e-01,
            9.05199468e-01, 2.56871760e-01, 1.82181641e-01 ]
    }
}
