{
    "pose_0": {
        "type_id": "opencv-matrix",
        "rows": 1,
        "cols": 18,
        "dt": "3f",
        "data": [ 1.25976726e-01, 2.92160481e-01, 9.15514708e-01,
            8.91648680e-02, 3.52371156e-01, 7.82810271e-01,
            6.92782775e-02, 3.52367222e-01, 7.66789436e-01,
            5.54628037e-02, 4.64105457e-01, 7.72432446e-01,
            9.07870233e-02, 5.26885986e-01, 7.81695604e-01,
            1.04558744e-01, 3.52379918e-01, 7.09819674e-01,
            1.07631475e-01, 4.64123666e-01, 7.83027112e-02, 0.0, 0.0,
            0.0, 7.85285309e-02, 5.67837238e-01, 6.63033426e-01,
            8.92317370e-02, 7.34287262e-01, 7.64502823e-01,
            7.69236535e-02, 8.84171069e-01, 7.21545339e-01,
            1.06130213e-01, 5.65075994e-01, 6.01885021e-01,
            1.15224965e-01, 7.31519461e-01, 8.54303598e-01,
            9.53457654e-02, 8.59660387e-01, 7.26558983e-01,
            1.16915315e-01, 2.73117542e-01, 9.53314543e-01,
            1.27574429e-01, 2.73338526e-01, 4.68965828e-01,
            9.99429598e-02, 2.67803520e-01, 7.85120130e-01, 0.0, 0.0,
            0.0 ]
    }
}
