{
    "pose_0": {
        "type_id": "opencv-matrix",
        "rows": 1,
        "cols": 18,
        "dt": "3f",
        "data": [ 6.26000285e-01, 2.73227751e-01, 8.61671388e-01,
            5.86169600e-01, 3.33233356e-01, 6.84493959e-01,
            5.92274964e-01, 3.35936844e-01, 8.05753350e-01,
            5.72393835e-01, 4.42359447e-01, 8.80538940e-01,
            6.15265608e-01, 4.94183451e-01, 8.78667533e-01,
            5.83081603e-01, 3.27781439e-01, 6.01146638e-01,
            5.81553876e-01, 4.34198827e-01, 5.39935268e-02,
            6.18317306e-01, 4.88640159e-01, 5.68529032e-02,
            5.93760312e-01, 5.35198748e-01, 6.37858868e-01,
            6.18281007e-01, 7.01457918e-01, 7.83217192e-01,
            6.01482630e-01, 8.59736145e-01, 7.35585749e-01,
            5.80032706e-01, 5.35121739e-01, 5.57933331e-01,
            5.86189806e-01, 7.01541364e-01, 7.71255434e-01,
            5.81461132e-01, 8.51529181e-01, 7.68873215e-01,
            6.19920313e-01, 2.59661317e-01, 8.36003482e-01,
            6.29042566e-01, 2.59644628e-01, 2.00983509e-01,
            6.04575515e-01, 2.62367338e-01, 6.81171656e-01, 0.0, 0.0,
            0.0 ]
    }
}
