{
    "pose_0": {
        "type_id": "opencv-matrix",
        "rows": 1,
        "cols": 18,
        "dt": "3f",
        "data": [ 1.39869973e-01, 2.92218000e-01, 9.58680630e-01,
            1.02968939e-01, 3.52321863e-01, 7.97338009e-01,
            8.91597793e-02, 3.49610984e-01, 7.53719509e-01,
            6.76817819e-02, 4.64176953e-01, 8.25700402e-01,
            1.04626350e-01, 5.29576540e-01, 8.18637073e-01,
            1.16840020e-01, 3.52359653e-01, 7.06065297e-01,
            1.24487996e-01, 4.66760993e-01, 7.86242262e-02, 0.0, 0.0,
            0.0, 9.07871351e-02, 5.62429249e-01, 6.68106675e-01,
            9.23009589e-02, 7.28874803e-01, 8.48907471e-01,
            7.85112754e-02, 8.87037635e-01, 7.42991805e-01,
            1.27487868e-01, 5.59658885e-01, 6.59093916e-01,
            1.39896870e-01, 7.23276436e-01, 8.16279948e-01,
            1.62820518e-01, 8.62524569e-01, 7.71433234e-01,
            1.36729017e-01, 2.73120046e-01, 9.11233366e-01,
            1.41373068e-01, 2.73307741e-01, 4.28574055e-01,
            1.15235858e-01, 2.65074879e-01, 7.87820756e-01, 0.0, 0.0,
            0.0 ]
    }
}
