{
    "pose_0": {
        "type_id": "opencv-matrix",
        "rows": 1,
        "cols": 18,
        "dt": "3f",
        "data": [ 1.55158445e-01, 2.92287707e-01, 9.53121424e-01,
            1.18329041e-01, 3.57767224e-01, 8.32995415e-01,
            1.02944225e-01, 3.55094939e-01, 8.18245053e-01,
            8.00962150e-02, 4.64223355e-01, 8.35224330e-01,
            1.21446498e-01, 5.29643774e-01, 8.24126542e-01,
            1.38302863e-01, 3.60460967e-01, 7.26252913e-01,
            1.47477582e-01, 4.66952026e-01, 9.09680352e-02, 0.0, 0.0,
            0.0, 1.09168366e-01, 5.59690177e-01, 6.46691501e-01,
            1.03055447e-01, 7.28781641e-01, 8.28696489e-01,
            7.99789280e-02, 8.92427742e-01, 7.43311584e-01,
            1.42899930e-01, 5.57002485e-01, 6.75702274e-01,
            1.52065307e-01, 7.23332584e-01, 7.94303179e-01,
            1.65864438e-01, 8.76031637e-01, 7.60683417e-01,
            1.52138382e-01, 2.73240119e-01, 9.67172742e-01,
            1.56750053e-01, 2.73396909e-01, 3.61378402e-01,
            1.30644128e-01, 2.67810017e-01, 7.85715342e-01, 0.0, 0.0,
            0.0 ]
    }
}
