{
    "pose_0": {
        "type_id": "opencv-matrix",
        "rows": 1,
        "cols": 18,
        "dt": "3f",
        "data": [ 1.18392497e-01, 2.86812067e-01, 8.76520932e-01,
            8.30999091e-02, 3.46898019e-01, 7.75057614e-01,
            6.77004084e-02, 3.44171464e-01, 7.88128912e-01,
            5.24241962e-02, 4.56039459e-01, 7.50316143e-01,
            9.07579139e-02, 5.13411701e-01, 8.39073539e-01,
            1.03013098e-01, 3.52274716e-01, 6.98983014e-01,
            1.13722302e-01, 4.61395860e-01, 8.62500295e-02, 0.0, 0.0,
            0.0, 7.84974769e-02, 5.56946993e-01, 6.61911011e-01,
            8.00614804e-02, 7.26058781e-01, 7.81335950e-01,
            6.78156987e-02, 8.81454408e-01, 6.94583476e-01,
            1.09146714e-01, 5.54239333e-01, 6.16290927e-01,
            1.01432510e-01, 7.26026654e-01, 7.47907221e-01,
            9.07785892e-02, 8.59715164e-01, 7.10322499e-01,
            1.15303777e-01, 2.70413607e-01, 9.66461718e-01,
            1.22981094e-01, 2.70593286e-01, 4.94353414e-01,
            9.23619941e-02, 2.62321025e-01, 7.69693971e-01, 0.0, 0.0,
            0.0 ]
    }
}
