{
    "pose_0": {
        "type_id": "opencv-matrix",
        "rows": 1,
        "cols": 18,
        "dt": "3f",
        "data": [ 0.0, 0.0, 0.0, 9.61870790e-01, 3.35866600e-01,
            8.60225201e-01, 9.81844604e-01, 3.35887641e-01,
            8.27737451e-01, 9.63405073e-01, 4.31455374e-01,
            8.37911963e-01, 1.00181794e+00, 4.99618024e-01,
            6.79814398e-01, 9.38902438e-01, 3.36088985e-01,
            8.09483171e-01, 9.29706693e-01, 4.39580262e-01,
            6.75288260e-01, 9.42027211e-01, 4.72441286e-01,
            4.57344890e-01, 9.74221349e-01, 5.35109520e-01,
            6.56825006e-01, 9.89557087e-01, 7.04177856e-01,
            7.31468618e-01, 9.74187732e-01, 8.35178375e-01,
            7.44659185e-01, 9.42009389e-01, 5.35130262e-01,
            6.29221559e-01, 9.61854875e-01, 7.01436877e-01,
            8.05847228e-01, 9.52759504e-01, 8.37840378e-01,
            6.28162146e-01, 0.0, 0.0, 0.0, 0.0, 0.0, 0.0, 9.89521325e-01,
            2.65002906e-01, 3.98922920e-01, 9.58840013e-01,
            2.56834030e-01, 2.49470770e-01 ]
    }
}
