{
    "pose_0": {
        "type_id": "opencv-matrix",
        "rows": 1,
        "cols": 18,
        "dt": "3f",
        "data": [ 5.69192231e-01, 2.84156471e-01, 8.60415578e-01,
            5.27848601e-01, 3.41507733e-01, 6.39881194e-01,
            5.30927896e-01, 3.44198287e-01, 7.51689792e-01,
            5.09507000e-01, 4.50626165e-01, 9.19090807e-01,
            5.47778606e-01, 5.13267279e-01, 9.27846253e-01,
            5.23295641e-01, 3.38711351e-01, 5.95967472e-01, 0.0, 0.0,
            0.0, 0.0, 0.0, 0.0, 5.23279071e-01, 5.51406324e-01,
            7.00261176e-01, 5.15612125e-01, 7.09724009e-01,
            7.86866367e-01, 4.84914482e-01, 8.65163863e-01,
            8.33996892e-01, 5.34042120e-01, 5.46026587e-01,
            5.82687795e-01, 5.60062945e-01, 7.06843555e-01,
            7.76121795e-01, 5.83025277e-01, 8.51480603e-01,
            7.82905042e-01, 5.63143075e-01, 2.70523995e-01,
            8.71734142e-01, 0.0, 0.0, 0.0, 5.46271205e-01,
            2.70406038e-01, 7.59351194e-01, 0.0, 0.0, 0.0 ]
    }
}
