{
    "pose_0": {
        "type_id": "opencv-matrix",
        "rows": 1,
        "cols": 18,
        "dt": "3f",
        "data": [ 4.40465450e-01, 2.73399532e-01, 8.82822335e-01,
            4.05149162e-01, 3.35891545e-01, 6.26274049e-01,
            4.00566369e-01, 3.35853130e-01, 8.24374557e-01,
            3.82134527e-01, 4.34181929e-01, 8.52314174e-01,
            4.22048450e-01, 4.91404355e-01, 9.05206442e-01,
            4.08226609e-01, 3.33270401e-01, 5.50903380e-01, 0.0, 0.0,
            0.0, 0.0, 0.0, 0.0, 4.03645575e-01, 5.40521324e-01,
            6.12871706e-01, 4.52731043e-01, 6.93284035e-01,
            7.40928113e-01, 4.94114310e-01, 8.29714298e-01,
            7.72078574e-01, 4.02126193e-01, 5.37834406e-01,
            5.63952208e-01, 3.99053782e-01, 7.06927359e-01,
            8.05635691e-01, 3.85244578e-01, 8.62398028e-01,
            8.25051546e-01, 4.35855567e-01, 2.65041411e-01,
            8.94324303e-01, 0.0, 0.0, 0.0, 4.18959379e-01,
            2.62337297e-01, 7.61180401e-01, 0.0, 0.0, 0.0 ]
    }
}
