{
    "pose_0": {
        "type_id": "opencv-matrix",
        "rows": 1,
        "cols": 18,
        "dt": "3f",
        "data": [ 5.09425819e-01, 2.73255646e-01, 7.97120631e-01,
            4.72625822e-01, 3.38625848e-01, 7.18271673e-01,
            4.75716978e-01, 3.38761061e-01, 8.00177753e-01,
            4.60387558e-01, 4.47879314e-01, 9.48967695e-01,
            5.03339469e-01, 5.10447800e-01, 8.95234227e-01,
            4.66511875e-01, 3.33270073e-01, 5.69887578e-01, 0.0, 0.0,
            0.0, 0.0, 0.0, 0.0, 4.75727141e-01, 5.40540636e-01,
            6.82970703e-01, 4.89555776e-01, 7.06855059e-01,
            7.27894306e-01, 4.83363181e-01, 8.65126908e-01,
            7.63431191e-01, 4.83381927e-01, 5.35153806e-01,
            5.11422515e-01, 4.97179925e-01, 7.01542079e-01,
            6.66996896e-01, 4.40445334e-01, 8.16147208e-01,
            7.58594751e-01, 5.07844806e-01, 2.62350768e-01,
            7.33385265e-01, 0.0, 0.0, 0.0, 4.92598921e-01,
            2.64986694e-01, 6.46930277e-01, 0.0, 0.0, 0.0 ]
    }
}
