{
    "pose_0": {
        "type_id": "opencv-matrix",
        "rows": 1,
        "cols": 18,
        "dt": "3f",
        "data": [ 5.70777416e-01, 2.84155756e-01, 8.77474189e-01,
            5.33956289e-01, 3.44180405e-01, 6.48959637e-01,
            5.33983707e-01, 3.46906751e-01, 7.79393911e-01,
            5.12565374e-01, 4.50578004e-01, 8.65826607e-01,
            5.50869107e-01, 5.13309836e-01, 8.80362272e-01,
            5.32504857e-01, 3.38828295e-01, 5.50779939e-01, 0.0, 0.0,
            0.0, 0.0, 0.0, 0.0, 5.30928314e-01, 5.48721850e-01,
            6.92454159e-01, 5.20119250e-01, 7.12443233e-01,
            8.00938368e-01, 4.84909475e-01, 8.62542331e-01,
            8.35694671e-01, 5.43212116e-01, 5.46022117e-01,
            5.69259405e-01, 5.64688087e-01, 7.09583282e-01,
            7.59638309e-01, 5.83019614e-01, 8.57004642e-01,
            8.12920034e-01, 5.67772150e-01, 2.70519435e-01,
            8.92456353e-01, 0.0, 0.0, 0.0, 5.49348474e-01,
            2.67822653e-01, 7.10424185e-01, 0.0, 0.0, 0.0 ]
    }
}
