{
    "pose_0": {
        "type_id": "opencv-matrix",
        "rows": 1,
        "cols": 18,
        "dt": "3f",
        "data": [ 6.93599284e-01, 2.70464152e-01, 5.01470089e-01,
            6.55188501e-01, 3.30552340e-01, 8.49219859e-01,
            6.68911278e-01, 3.33264589e-01, 8.28888357e-01,
            6.55105054e-01, 4.39617604e-01, 8.51439476e-01,
            6.92024708e-01, 4.91596729e-01, 9.36445713e-01,
            6.41380250e-01, 3.27809513e-01, 6.97689176e-01,
            6.32117152e-01, 4.04157728e-01, 3.60062003e-01,
            6.39813185e-01, 4.31439042e-01, 1.28994048e-01,
            6.67383492e-01, 5.35104811e-01, 6.30282819e-01,
            6.85840964e-01, 6.98777318e-01, 7.18052983e-01,
            6.87398791e-01, 8.62349629e-01, 7.59729564e-01,
            6.44385755e-01, 5.35067260e-01, 6.78264797e-01,
            6.45946443e-01, 6.85211718e-01, 8.52111578e-01,
            5.96871078e-01, 8.35073531e-01, 7.63143897e-01,
            6.93485320e-01, 2.51545906e-01, 5.69577634e-01, 0.0, 0.0,
            0.0, 6.79750502e-01, 2.54219711e-01, 6.69840395e-01,
            6.55160725e-01, 2.51461595e-01, 6.71550930e-02 ]
    }
}
