{
    "pose_0": {
        "type_id": "opencv-matrix",
        "rows": 1,
        "cols": 18,
        "dt": "3f",
        "data": [ 3.86810631e-01, 2.73247302e-01, 1.00592589e+00,
            3.53014380e-01, 3.38608593e-01, 7.86253214e-01,
            3.43813509e-01, 3.36076856e-01, 8.55003238e-01,
            3.25373232e-01, 4.47768480e-01, 9.65009987e-01,
            3.63804311e-01, 5.07782042e-01, 8.83108437e-01,
            3.62274379e-01, 3.35949093e-01, 6.93910718e-01, 0.0, 0.0,
            0.0, 0.0, 0.0, 0.0, 3.51534069e-01, 5.48723996e-01,
            6.81191504e-01, 3.49912822e-01, 7.09773064e-01,
            8.47830236e-01, 2.87112862e-01, 8.40677083e-01,
            8.32091808e-01, 3.76013517e-01, 5.48714459e-01,
            6.22415781e-01, 3.82142335e-01, 7.07032144e-01,
            8.07875872e-01, 3.85175496e-01, 8.59751105e-01,
            7.93734610e-01, 3.85160238e-01, 2.59584963e-01,
            9.25665915e-01, 3.86839479e-01, 2.51250207e-01,
            7.60007277e-02, 3.62250030e-01, 2.56823212e-01,
            8.27196062e-01, 0.0, 0.0, 0.0 ]
    }
}
