{
    "pose_0": {
        "type_id": "opencv-matrix",
        "rows": 1,
        "cols": 18,
        "dt": "3f",
        "data": [ 3.11575174e-01, 2.73126602e-01, 9.95150387e-01,
            2.73245662e-01, 3.35881889e-01, 6.88786328e-01,
            2.65606761e-01, 3.35844040e-01, 8.52760911e-01,
            2.47149497e-01, 4.42376465e-01, 8.43460321e-01,
            2.88590580e-01, 5.05135953e-01, 8.82635534e-01,
            2.76330739e-01, 3.33206743e-01, 6.00895405e-01, 0.0, 0.0,
            0.0, 0.0, 0.0, 0.0, 2.73293257e-01, 5.45992136e-01,
            6.76426888e-01, 2.80951291e-01, 7.09665596e-01,
            7.95250773e-01, 2.65607029e-01, 8.65177810e-01,
            7.99047053e-01, 2.90142417e-01, 5.40527701e-01,
            6.13953412e-01, 3.10050666e-01, 7.06972897e-01,
            8.51484716e-01, 2.67111868e-01, 8.43356013e-01,
            4.94331986e-01, 3.07036579e-01, 2.54193425e-01,
            8.99662495e-01, 0.0, 0.0, 0.0, 2.87068576e-01,
            2.51375914e-01, 8.50095272e-01, 0.0, 0.0, 0.0 ]
    }
}
