{
    "pose_0": {
        "type_id": "opencv-matrix",
        "rows": 1,
        "cols": 18,
        "dt": "3f",
        "data": [ 4.78792459e-01, 2.76044011e-01, 8.20430636e-01,
            4.38937545e-01, 3.38777810e-01, 6.82944238e-01,
            4.46543187e-01, 3.41388077e-01, 8.11294496e-01,
            4.31235045e-01, 4.50601280e-01, 8.65007043e-01,
            4.71158415e-01, 5.07778168e-01, 8.91979575e-01,
            4.35811609e-01, 3.36036474e-01, 6.20885730e-01,
            4.41966325e-01, 4.58684623e-01, 6.34804964e-02, 0.0, 0.0,
            0.0, 4.48150337e-01, 5.48708320e-01, 6.30160213e-01,
            4.69573170e-01, 7.09675848e-01, 7.90583789e-01,
            4.83303994e-01, 8.65137160e-01, 7.77875245e-01,
            4.34358090e-01, 5.48748672e-01, 5.57548046e-01,
            4.25096095e-01, 7.07044005e-01, 8.33417237e-01,
            3.89818788e-01, 8.56939435e-01, 7.32377172e-01,
            4.72719401e-01, 2.67803907e-01, 8.81274998e-01, 0.0, 0.0,
            0.0, 4.57329363e-01, 2.70380080e-01, 7.60275781e-01, 0.0,
            0.0, 0.0 ]
    }
}
