{
    "pose_0": {
        "type_id": "opencv-matrix",
        "rows": 1,
        "cols": 18,
        "dt": "3f",
        "data": [ 8.02336991e-01, 2.70492613e-01, 7.25217938e-01,
            7.59470940e-01, 3.27794939e-01, 7.99106598e-01,
            7.74767578e-01, 3.30483198e-01, 7.83258259e-01,
            7.56410241e-01, 4.31493133e-01, 8.66536379e-01,
            7.97814190e-01, 4.91549194e-01, 9.14078832e-01,
            7.44136095e-01, 3.30479473e-01, 7.52016187e-01,
            7.41103768e-01, 4.23229426e-01, 2.25952089e-01,
            7.64049232e-01, 4.88758385e-01, 5.25380187e-02,
            7.68648922e-01, 5.32384932e-01, 6.73169553e-01,
            7.96275437e-01, 6.95996940e-01, 7.75056124e-01,
            7.73269117e-01, 8.43326211e-01, 6.80522799e-01,
            7.45661080e-01, 5.32350123e-01, 6.30851030e-01,
            7.67108560e-01, 6.90656602e-01, 8.28120172e-01,
            7.64019847e-01, 8.26950014e-01, 6.50589347e-01,
            7.99319088e-01, 2.51577765e-01, 7.04060137e-01, 0.0, 0.0,
            0.0, 7.83996761e-01, 2.51535326e-01, 6.78790033e-01, 0.0,
            0.0, 0.0 ]
    }
}
