{
    "pose_0": {
        "type_id": "opencv-matrix",
        "rows": 1,
        "cols": 18,
        "dt": "3f",
        "data": [ 4.37429398e-01, 2.75911868e-01, 9.04362917e-01,
            4.02127385e-01, 3.35857481e-01, 6.73447728e-01,
            3.98977369e-01, 3.35834682e-01, 8.67570877e-01,
            3.76066476e-01, 4.34200197e-01, 8.63141537e-01,
            4.18976367e-01, 4.91447330e-01, 9.01511490e-01,
            4.09753978e-01, 3.33285928e-01, 6.48518443e-01,
            3.97551835e-01, 4.47794527e-01, 8.64564404e-02,
            4.23539281e-01, 4.88664776e-01, 1.34131372e-01,
            3.99100423e-01, 5.35181940e-01, 6.35925829e-01,
            4.49620485e-01, 6.87883198e-01, 7.90668368e-01,
            4.92569625e-01, 8.21509421e-01, 7.67535567e-01,
            4.00538951e-01, 5.35145998e-01, 5.41915774e-01,
            3.97560358e-01, 7.06987977e-01, 8.12300324e-01,
            3.85240942e-01, 8.62422585e-01, 8.14805984e-01,
            4.34320450e-01, 2.65037656e-01, 9.00430202e-01,
            4.41966355e-01, 2.67713755e-01, 2.29956210e-01,
            4.14363980e-01, 2.62322754e-01, 7.63108134e-01, 0.0, 0.0,
            0.0 ]
    }
}
