{
    "pose_0": {
        "type_id": "opencv-matrix",
        "rows": 1,
        "cols": 18,
        "dt": "3f",
        "data": [ 7.91761041e-01, 2.70379961e-01, 6.94474101e-01,
            7.54802167e-01, 3.27840030e-01, 8.20566177e-01,
            7.65664339e-01, 3.33189785e-01, 8.25182617e-01,
            7.50284970e-01, 4.34158087e-01, 8.29993963e-01,
            7.90091157e-01, 4.91576940e-01, 9.16348755e-01,
            7.41088390e-01, 3.25029105e-01, 7.04549074e-01,
            7.41024733e-01, 4.09685582e-01, 9.67173874e-02, 0.0, 0.0,
            0.0, 7.64050066e-01, 5.35047293e-01, 6.41595662e-01,
            7.90190995e-01, 7.01489687e-01, 8.20411026e-01,
            7.34926701e-01, 8.29707205e-01, 7.40152001e-01,
            7.42655218e-01, 5.32408953e-01, 6.05160773e-01,
            7.64022589e-01, 6.90643251e-01, 7.86569774e-01,
            7.65611589e-01, 8.43328357e-01, 7.63053298e-01,
            7.90209532e-01, 2.51456976e-01, 7.47028708e-01, 0.0, 0.0,
            0.0, 7.77829587e-01, 2.51491189e-01, 6.64873183e-01,
            7.53276289e-01, 2.62252986e-01, 5.91476113e-02 ]
    }
}
