{
    "pose_0": {
        "type_id": "opencv-matrix",
        "rows": 1,
        "cols": 18,
        "dt": "3f",
        "data": [ 5.80021203e-01, 2.78665453e-01, 8.60733926e-01,
            5.41687429e-01, 3.44172508e-01, 6.55493498e-01,
            5.43186605e-01, 3.46896738e-01, 7.55393744e-01,
            5.21739781e-01, 4.50639397e-01, 9.05600011e-01,
            5.60052335e-01, 5.13302743e-01, 9.15907681e-01,
            5.41653037e-01, 3.41437370e-01, 5.83349526e-01,
            5.40155292e-01, 4.64154154e-01, 5.83119877e-02, 0.0, 0.0,
            0.0, 5.40151834e-01, 5.51423311e-01, 6.72849834e-01,
            5.23296356e-01, 7.12457359e-01, 7.76490390e-01,
            4.85001981e-01, 8.62412512e-01, 8.06464970e-01,
            5.53908706e-01, 5.48747480e-01, 5.43246150e-01,
            5.69241464e-01, 7.12428629e-01, 7.92821467e-01,
            5.83147466e-01, 8.59654188e-01, 8.08325350e-01,
            5.73854625e-01, 2.70372003e-01, 8.61923754e-01, 0.0, 0.0,
            0.0, 5.57036102e-01, 2.70448446e-01, 7.59711981e-01, 0.0,
            0.0, 0.0 ]
    }
}
