{
    "pose_0": {
        "type_id": "opencv-matrix",
        "rows": 1,
        "cols": 18,
        "dt": "3f",
        "data": [ 1.19896434e-01, 2.86860526e-01, 8.66620719e-01,
            8.46338719e-02, 3.46845299e-01, 7.67369866e-01,
            6.77960292e-02, 3.44137281e-01, 7.82135487e-01,
            5.39440587e-02, 4.58749771e-01, 7.79712200e-01,
            9.07674059e-02, 5.18750012e-01, 7.94061244e-01,
            1.03032865e-01, 3.49588484e-01, 7.01898575e-01,
            1.09149434e-01, 4.61422086e-01, 6.90224841e-02, 0.0, 0.0,
            0.0, 7.85201415e-02, 5.59694290e-01, 6.54653430e-01,
            7.99904466e-02, 7.31473386e-01, 8.10957909e-01,
            6.92666546e-02, 8.84295344e-01, 7.05778360e-01,
            1.07598193e-01, 5.59616745e-01, 5.93516827e-01,
            1.01481996e-01, 7.28820443e-01, 8.14789414e-01,
            9.08146650e-02, 8.62365186e-01, 7.28364885e-01,
            1.16778806e-01, 2.70455778e-01, 9.69099283e-01,
            1.24509029e-01, 2.70642757e-01, 3.97782564e-01,
            9.53598022e-02, 2.62299329e-01, 7.55771518e-01, 0.0, 0.0,
            0.0 ]
    }
}
