{
    "pose_0": {
        "type_id": "opencv-matrix",
        "rows": 1,
        "cols": 18,
        "dt": "3f",
        "data": [ 3.02471399e-01, 2.70578802e-01, 9.72577751e-01,
            2.65630633e-01, 3.35936338e-01, 6.95845008e-01,
            2.62499630e-01, 3.35897505e-01, 8.95634055e-01,
            2.39505053e-01, 4.42387879e-01, 9.10197020e-01,
            2.85482556e-01, 5.02399087e-01, 8.38122129e-01,
            2.74772257e-01, 3.35859835e-01, 6.36821151e-01, 0.0, 0.0,
            0.0, 0.0, 0.0, 0.0, 2.65594751e-01, 5.43326795e-01,
            6.72505021e-01, 2.76270002e-01, 7.06870615e-01,
            8.03384542e-01, 2.64140159e-01, 8.65125656e-01,
            7.70769477e-01, 2.87103236e-01, 5.40555000e-01,
            6.17658913e-01, 2.99279392e-01, 7.07054496e-01,
            8.60788047e-01, 2.41056189e-01, 7.97070622e-01,
            7.43826330e-01, 3.00807387e-01, 2.54115373e-01,
            9.73987341e-01, 3.07004035e-01, 2.51484990e-01,
            1.20814070e-01, 2.77913541e-01, 2.51392633e-01,
            8.32902491e-01, 0.0, 0.0, 0.0 ]
    }
}
