{
    "pose_0": {
        "type_id": "opencv-matrix",
        "rows": 1,
        "cols": 18,
        "dt": "3f",
        "data": [ 2.76340455e-01, 2.76040196e-01, 9.67828810e-01,
            2.41069064e-01, 3.38829249e-01, 7.47421622e-01,
            2.34887123e-01, 3.38685960e-01, 8.54543209e-01,
            2.14960545e-01, 4.47940111e-01, 9.33205962e-01,
            2.59433508e-01, 5.07860303e-01, 8.66912246e-01,
            2.50299305e-01, 3.38768989e-01, 6.36406660e-01, 0.0, 0.0,
            0.0, 0.0, 0.0, 0.0, 2.41076380e-01, 5.48765659e-01,
            6.47798896e-01, 2.65616268e-01, 7.12496936e-01,
            7.87581265e-01, 2.71721065e-01, 8.73360455e-01,
            7.72105396e-01, 2.48740807e-01, 5.48714578e-01,
            5.21779239e-01, 2.27286458e-01, 7.09671021e-01,
            8.22923839e-01, 1.78211957e-01, 8.43344748e-01,
            7.10602760e-01, 2.74715245e-01, 2.65085429e-01,
            9.22450483e-01, 2.76415080e-01, 2.59657353e-01,
            7.49661773e-02, 2.51783550e-01, 2.54207373e-01,
            8.37063313e-01, 0.0, 0.0, 0.0 ]
    }
}
