{
    "pose_0": {
        "type_id": "opencv-matrix",
        "rows": 1,
        "cols": 18,
        "dt": "3f",
        "data": [ 2.28826508e-01, 2.89633363e-01, 9.21486855e-01,
            1.99596360e-01, 3.44225764e-01, 7.92785585e-01,
            1.81246758e-01, 3.44156981e-01, 7.97836423e-01,
            1.59796759e-01, 4.50642705e-01, 8.42407465e-01,
            2.02734143e-01, 5.13223112e-01, 8.74621928e-01,
            2.14943409e-01, 3.44167471e-01, 7.39989400e-01,
            2.15019554e-01, 4.66790199e-01, 1.59393460e-01,
            2.25676224e-01, 4.91407573e-01, 7.88887963e-02,
            1.88903511e-01, 5.54269969e-01, 7.32461691e-01,
            2.14973405e-01, 7.17825115e-01, 7.83717036e-01,
            2.39550054e-01, 8.70605290e-01, 7.47192264e-01,
            2.05783233e-01, 5.54118514e-01, 5.57742000e-01,
            1.87332690e-01, 7.20590591e-01, 7.20338404e-01,
            1.67433903e-01, 8.67847800e-01, 7.47746289e-01,
            2.27212638e-01, 2.73129135e-01, 9.95500445e-01,
            2.33360812e-01, 2.73238212e-01, 2.66548216e-01,
            2.07316652e-01, 2.65053242e-01, 7.72695422e-01, 0.0, 0.0,
            0.0 ]
    }
}
