{
    "pose_0": {
        "type_id": "opencv-matrix",
        "rows": 1,
        "cols": 18,
        "dt": "3f",
        "data": [ 8.20838392e-01, 2.73254156e-01, 6.00892186e-01,
            7.79483736e-01, 3.33194017e-01, 8.75390768e-01,
            7.97829509e-01, 3.33164960e-01, 8.04321527e-01,
            7.79371858e-01, 4.28758562e-01, 8.91033530e-01,
            8.16239595e-01, 4.91587967e-01, 9.30365860e-01,
            7.65561402e-01, 3.33285630e-01, 8.13146651e-01,
            7.54917681e-01, 4.12412256e-01, 6.40293479e-01,
            7.54828393e-01, 4.50516045e-01, 6.67714655e-01,
            7.91632295e-01, 5.37843347e-01, 6.71671152e-01,
            8.25388432e-01, 6.96053267e-01, 7.55786121e-01,
            8.56109619e-01, 8.40606630e-01, 7.95076132e-01,
            7.65523970e-01, 5.35173357e-01, 6.17031932e-01,
            7.77842939e-01, 7.06835210e-01, 8.34143400e-01,
            7.67214417e-01, 8.56892109e-01, 7.74102449e-01,
            8.17748129e-01, 2.62277037e-01, 5.97762048e-01, 0.0, 0.0,
            0.0, 8.04006636e-01, 2.59555519e-01, 6.34537637e-01,
            7.77931035e-01, 2.62281239e-01, 7.66035616e-02 ]
    }
}
