{
    "pose_0": {
        "type_id": "opencv-matrix",
        "rows": 1,
        "cols": 18,
        "dt": "3f",
        "data": [ 7.54883766e-01, 2.70482898e-01, 8.90298486e-01,
            7.13418186e-01, 3.25080782e-01, 8.09989929e-01,
            7.27244139e-01, 3.30525339e-01, 8.11922610e-01,
            7.05715299e-01, 4.34221804e-01, 8.92080426e-01,
            7.41056442e-01, 4.99662936e-01, 9.32759047e-01,
            6.96573019e-01, 3.22299331e-01, 7.40322292e-01,
            6.88921809e-01, 4.04259294e-01, 1.98444426e-01, 0.0, 0.0,
            0.0, 7.13428497e-01, 5.29685080e-01, 6.79583848e-01,
            7.05756664e-01, 6.98797286e-01, 7.71009564e-01,
            6.82807028e-01, 8.59675884e-01, 8.06680202e-01,
            7.05788851e-01, 5.26941538e-01, 4.95748937e-01,
            7.36440539e-01, 6.79664552e-01, 6.59183681e-01,
            7.61005282e-01, 8.29702497e-01, 6.88314557e-01,
            7.53320813e-01, 2.51534820e-01, 8.90858114e-01, 0.0, 0.0,
            0.0, 7.36454010e-01, 2.51357079e-01, 7.44143188e-01, 0.0,
            0.0, 0.0 ]
    }
}
