{
    "pose_0": {
        "type_id": "opencv-matrix",
        "rows": 1,
        "cols": 18,
        "dt": "3f",
        "data": [ 7.14957118e-01, 2.70374000e-01, 6.92727029e-01,
            6.72077119e-01, 3.25115323e-01, 7.90291429e-01,
            6.85866237e-01, 3.30533236e-01, 7.73459315e-01,
            6.70530975e-01, 4.36918408e-01, 8.35381567e-01,
            7.08838582e-01, 4.94133741e-01, 8.87755573e-01,
            6.58277512e-01, 3.22385907e-01, 7.02556193e-01,
            6.46032512e-01, 4.17767435e-01, 4.59504813e-01,
            6.55150950e-01, 4.55974579e-01, 2.14816168e-01,
            6.79694057e-01, 5.32383442e-01, 6.69112444e-01,
            6.88906193e-01, 6.90538704e-01, 6.94696665e-01,
            6.84334099e-01, 8.62403810e-01, 7.49171197e-01,
            6.61325991e-01, 5.32342315e-01, 6.01915956e-01,
            6.81197703e-01, 6.87821448e-01, 7.79673338e-01,
            6.29050255e-01, 8.13306451e-01, 7.15499699e-01,
            7.10403621e-01, 2.51480907e-01, 7.06778944e-01, 0.0, 0.0,
            0.0, 6.95095062e-01, 2.51455516e-01, 7.11108148e-01, 0.0,
            0.0, 0.0 ]
    }
}
