{
    "pose_0": {
        "type_id": "opencv-matrix",
        "rows": 1,
        "cols": 18,
        "dt": "3f",
        "data": [ 1.82779133e-01, 2.89616257e-01, 8.93517613e-01,
            1.49047405e-01, 3.52363914e-01, 7.81754434e-01,
            1.29164323e-01, 3.46933872e-01, 7.74094939e-01,
            1.10684857e-01, 4.53289807e-01, 8.19873393e-01,
            1.52162150e-01, 5.15992880e-01, 8.84614468e-01,
            1.65920228e-01, 3.55058134e-01, 7.19964266e-01,
            1.76670343e-01, 4.66937691e-01, 1.70473069e-01,
            1.87402517e-01, 4.88730490e-01, 9.38253254e-02,
            1.41416833e-01, 5.59644520e-01, 6.91801429e-01,
            1.36773914e-01, 7.23357320e-01, 8.06126833e-01,
            9.22356844e-02, 8.65147352e-01, 7.65554488e-01,
            1.76562309e-01, 5.57000458e-01, 6.75093949e-01,
            1.75130054e-01, 7.23342001e-01, 7.92855084e-01,
            1.68970332e-01, 8.67955804e-01, 7.15883374e-01,
            1.78167626e-01, 2.70612985e-01, 9.69451785e-01,
            1.87387004e-01, 2.73231447e-01, 4.58784342e-01,
            1.56736687e-01, 2.64990807e-01, 7.25824416e-01, 0.0, 0.0,
            0.0 ]
    }
}
