{
    "pose_0": {
        "type_id": "opencv-matrix",
        "rows": 1,
        "cols": 18,
        "dt": "3f",
        "data": [ 9.63402390e-01, 2.73341328e-01, 1.62950173e-01,
            9.23575580e-01, 3.38810205e-01, 8.77899349e-01,
            9.40449715e-01, 3.38764846e-01, 8.51742685e-01,
            9.25145745e-01, 4.45169151e-01, 8.92946243e-01,
            9.63402867e-01, 5.10552704e-01, 9.73114729e-01,
            9.02091265e-01, 3.41479719e-01, 8.07625115e-01,
            8.97501469e-01, 4.42372501e-01, 6.67984247e-01,
            9.03687835e-01, 4.69775766e-01, 4.83923823e-01,
            9.32750523e-01, 5.48732281e-01, 6.44002855e-01,
            9.17423844e-01, 7.09579229e-01, 7.58210540e-01,
            8.69892776e-01, 8.56929541e-01, 7.38276899e-01,
            9.12814379e-01, 5.43298960e-01, 5.43449283e-01,
            9.48060453e-01, 7.01515555e-01, 7.06131399e-01,
            9.60333586e-01, 8.43430340e-01, 7.25281954e-01,
            9.61908221e-01, 2.67747313e-01, 2.58431911e-01, 0.0, 0.0,
            0.0, 9.51167643e-01, 2.70432025e-01, 6.91926956e-01,
            9.23515558e-01, 2.62306333e-01, 1.51072592e-01 ]
    }
}
