{
    "pose_0": {
        "type_id": "opencv-matrix",
        "rows": 1,
        "cols": 18,
        "dt": "3f",
        "data": [ 1.65973663e-01, 2.92247772e-01, 9.53869581e-01,
            1.30680487e-01, 3.57749373e-01, 8.07038426e-01,
            1.15246862e-01, 3.55014861e-01, 8.13021660e-01,
            9.22658294e-02, 4.61471945e-01, 8.60234082e-01,
            1.35198325e-01, 5.26905537e-01, 8.08901310e-01,
            1.52119577e-01, 3.60515118e-01, 7.21947849e-01, 0.0, 0.0,
            0.0, 0.0, 0.0, 0.0, 1.21428594e-01, 5.65070570e-01,
            6.45831048e-01, 1.13777392e-01, 7.23300338e-01,
            7.82301486e-01, 8.15316737e-02, 8.78791094e-01,
            7.46499777e-01, 1.55167386e-01, 5.62359631e-01,
            6.85437858e-01, 1.64288297e-01, 7.23324835e-01,
            7.71592855e-01, 1.68986276e-01, 8.73313427e-01,
            7.20114052e-01, 1.64355308e-01, 2.73198962e-01,
            9.67217088e-01, 1.68956205e-01, 2.73386210e-01,
            4.26201701e-01, 1.41399756e-01, 2.67787844e-01,
            8.04400623e-01, 0.0, 0.0, 0.0 ]
    }
}
