{
    "pose_0": {
        "type_id": "opencv-matrix",
        "rows": 1,
        "cols": 18,
        "dt": "3f",
        "data": [ 5.83167672e-01, 2.78730154e-01, 8.62635136e-01,
            5.50874650e-01, 3.41452152e-01, 6.48700237e-01,
            5.49334764e-01, 3.44120175e-01, 7.56054163e-01,
            5.32518387e-01, 4.50527459e-01, 9.32971954e-01,
            5.70820570e-01, 5.10631204e-01, 9.20832396e-01,
            5.53925872e-01, 3.38793427e-01, 5.84171295e-01, 0.0, 0.0,
            0.0, 0.0, 0.0, 0.0, 5.47795177e-01, 5.40624738e-01,
            6.96399033e-01, 5.35561740e-01, 7.07004547e-01,
            8.06162715e-01, 4.89551812e-01, 8.59593511e-01,
            7.58087993e-01, 5.61643243e-01, 5.40548027e-01,
            5.60644686e-01, 5.75437963e-01, 7.09608018e-01,
            7.64274538e-01, 5.83143115e-01, 8.59717548e-01,
            8.09591651e-01, 5.81516683e-01, 2.67824233e-01,
            8.76962900e-01, 5.84640861e-01, 2.70442456e-01,
            2.39525720e-01, 5.60119629e-01, 2.67710865e-01,
            7.21760392e-01, 0.0, 0.0, 0.0 ]
    }
}
