{
    "pose_0": {
        "type_id": "opencv-matrix",
        "rows": 1,
        "cols": 18,
        "dt": "3f",
        "data": [ 9.71088946e-01, 2.73190469e-01, 7.80029297e-02,
            9.28212821e-01, 3.38614136e-01, 8.81396472e-01,
            9.49699640e-01, 3.36028278e-01, 9.25459445e-01,
            9.35834050e-01, 4.44972008e-01, 8.67513061e-01,
            9.72641647e-01, 5.07772446e-01, 9.12917793e-01,
            9.11264539e-01, 3.38831723e-01, 7.68253803e-01,
            9.02135432e-01, 4.44961846e-01, 8.03897142e-01,
            9.15928960e-01, 4.69750285e-01, 4.99107271e-01,
            9.41961527e-01, 5.43305039e-01, 6.38825536e-01,
            9.37299252e-01, 7.09620178e-01, 7.82325387e-01,
            8.82143855e-01, 8.43404114e-01, 7.30660439e-01,
            9.22025979e-01, 5.37865758e-01, 5.11585236e-01,
            9.52753186e-01, 7.06943929e-01, 7.44980872e-01,
            9.61860180e-01, 8.59648049e-01, 7.70864010e-01,
            9.66544151e-01, 2.62311637e-01, 1.17631406e-01, 0.0, 0.0,
            0.0, 9.61879015e-01, 2.67832339e-01, 6.32260263e-01,
            9.26654339e-01, 2.59603769e-01, 2.20599294e-01 ]
    }
}
