{
    "pose_0": {
        "type_id": "opencv-matrix",
        "rows": 1,
        "cols": 18,
        "dt": "3f",
        "data": [ 7.10358977e-01, 2.70506978e-01, 5.90166509e-01,
            6.68995976e-01, 3.30492795e-01, 8.33091617e-01,
            6.81324005e-01, 3.33221585e-01, 8.32261920e-01,
            6.68984592e-01, 4.39611167e-01, 8.43984127e-01,
            7.07363784e-01, 4.94141579e-01, 8.93988311e-01,
            6.56664729e-01, 3.25108320e-01, 7.20098197e-01,
            6.44479513e-01, 4.17779863e-01, 4.09348875e-01,
            6.52114451e-01, 4.47775275e-01, 2.02461481e-01,
            6.79686129e-01, 5.35083592e-01, 6.78005338e-01,
            6.85863614e-01, 6.93364382e-01, 7.09057570e-01,
            6.85823560e-01, 8.62369657e-01, 7.38053620e-01,
            6.59745872e-01, 5.35036266e-01, 6.14503026e-01,
            6.76629663e-01, 6.87967837e-01, 7.25256622e-01,
            6.19935036e-01, 8.13284934e-01, 7.44780302e-01,
            7.07320511e-01, 2.54096091e-01, 6.37584090e-01, 0.0, 0.0,
            0.0, 6.95049584e-01, 2.54116088e-01, 6.85979187e-01, 0.0,
            0.0, 0.0 ]
    }
}
