{
    "pose_0": {
        "type_id": "opencv-matrix",
        "rows": 1,
        "cols": 18,
        "dt": "3f",
        "data": [ 6.91922843e-01, 2.73169160e-01, 5.96033514e-01,
            6.53580248e-01, 3.30519170e-01, 7.89244413e-01,
            6.65874958e-01, 3.33250761e-01, 7.96762764e-01,
            6.47489786e-01, 4.42395657e-01, 8.55512261e-01,
            6.88930869e-01, 4.91604030e-01, 8.86887312e-01,
            6.39818430e-01, 3.27756017e-01, 6.90809786e-01,
            6.30653262e-01, 4.28729355e-01, 2.71168143e-01,
            6.41400337e-01, 4.50574309e-01, 6.56688213e-02,
            6.58284903e-01, 5.35127640e-01, 6.37152731e-01,
            6.82818949e-01, 7.01517642e-01, 7.62897491e-01,
            6.88882947e-01, 8.62365663e-01, 7.92329371e-01,
            6.38314128e-01, 5.35036623e-01, 6.25339746e-01,
            6.36756122e-01, 6.93294823e-01, 7.89482474e-01,
            5.93856335e-01, 8.35128069e-01, 7.63250172e-01,
            6.90386236e-01, 2.56943345e-01, 5.66388726e-01, 0.0, 0.0,
            0.0, 6.75124526e-01, 2.56865263e-01, 6.65640771e-01, 0.0,
            0.0, 0.0 ]
    }
}
