{
    "pose_0": {
        "type_id": "opencv-matrix",
        "rows": 1,
        "cols": 18,
        "dt": "3f",
        "data": [ 3.74524534e-01, 2.76011825e-01, 9.67795074e-01,
            3.37740391e-01, 3.41382921e-01, 7.90826321e-01,
            3.28504473e-01, 3.38754863e-01, 8.49238455e-01,
            3.11583728e-01, 4.47878063e-01, 9.45383549e-01,
            3.49904776e-01, 5.10479629e-01, 9.29833174e-01,
            3.48450869e-01, 3.38797212e-01, 6.98650956e-01, 0.0, 0.0,
            0.0, 0.0, 0.0, 0.0, 3.37677449e-01, 5.48750162e-01,
            7.08178043e-01, 3.23849261e-01, 7.09688246e-01,
            8.15609038e-01, 2.74778992e-01, 8.59604776e-01,
            8.19225132e-01, 3.63742203e-01, 5.48737109e-01,
            6.46392345e-01, 3.71399701e-01, 7.06965566e-01,
            8.36828232e-01, 3.85148108e-01, 8.59807134e-01,
            8.21120858e-01, 3.71448249e-01, 2.65086055e-01,
            9.12999868e-01, 3.74479771e-01, 2.54119456e-01,
            7.22852945e-02, 3.49929661e-01, 2.59609878e-01,
            7.94558048e-01, 0.0, 0.0, 0.0 ]
    }
}
