{
    "pose_0": {
        "type_id": "opencv-matrix",
        "rows": 1,
        "cols": 18,
        "dt": "3f",
        "data": [ 7.30372906e-01, 2.70423532e-01, 7.83151448e-01,
            6.90448880e-01, 3.19705725e-01, 7.60930896e-01,
            6.99653387e-01, 3.25087517e-01, 7.34518766e-01,
            6.81275427e-01, 4.34221178e-01, 8.58165979e-01,
            7.19556928e-01, 4.94141430e-01, 9.19778764e-01,
            6.79672480e-01, 3.16945970e-01, 6.96395397e-01,
            6.70493424e-01, 4.09640580e-01, 8.63130540e-02, 0.0, 0.0,
            0.0, 6.91986382e-01, 5.32307088e-01, 6.38519228e-01,
            6.95046902e-01, 6.96042061e-01, 7.19956040e-01,
            6.82768226e-01, 8.56953323e-01, 8.00210416e-01,
            6.87384605e-01, 5.29577494e-01, 4.62414622e-01,
            7.16551542e-01, 6.87901437e-01, 7.79984057e-01,
            7.05856085e-01, 8.37905943e-01, 8.10666025e-01,
            7.28788674e-01, 2.51453042e-01, 8.12049508e-01, 0.0, 0.0,
            0.0, 7.10396886e-01, 2.51355201e-01, 6.99394286e-01, 0.0,
            0.0, 0.0 ]
    }
}
