{
    "pose_0": {
        "type_id": "opencv-matrix",
        "rows": 1,
        "cols": 18,
        "dt": "3f",
        "data": [ 5.72402179e-01, 2.84184307e-01, 8.42176557e-01,
            5.37081838e-01, 3.46860975e-01, 6.31415486e-01,
            5.37056208e-01, 3.49620849e-01, 7.38478720e-01,
            5.18668115e-01, 4.53310639e-01, 8.75207603e-01,
            5.56950927e-01, 5.13250530e-01, 9.07742500e-01,
            5.38624585e-01, 3.41469258e-01, 5.81130326e-01, 0.0, 0.0,
            0.0, 0.0, 0.0, 0.0, 5.33995569e-01, 5.46030223e-01,
            7.12174714e-01, 5.21679640e-01, 7.09800303e-01,
            8.25600863e-01, 4.84959513e-01, 8.62452328e-01,
            8.29591811e-01, 5.46332955e-01, 5.43333352e-01,
            5.79728544e-01, 5.66216171e-01, 7.15095103e-01,
            7.22901464e-01, 5.83114624e-01, 8.59769940e-01,
            8.22406948e-01, 5.70792735e-01, 2.70520955e-01,
            9.14040208e-01, 0.0, 0.0, 0.0, 5.55486619e-01,
            2.70432830e-01, 7.34992504e-01, 0.0, 0.0, 0.0 ]
    }
}
