{
    "pose_0": {
        "type_id": "opencv-matrix",
        "rows": 1,
        "cols": 18,
        "dt": "3f",
        "data": [ 5.99941134e-01, 2.73321569e-01, 8.56907725e-01,
            5.61596632e-01, 3.38655293e-01, 6.98185146e-01,
            5.67717254e-01, 3.38753700e-01, 8.04531872e-01,
            5.49369812e-01, 4.47959691e-01, 8.75299752e-01,
            5.90751946e-01, 5.10508418e-01, 8.93374026e-01,
            5.58541000e-01, 3.35878670e-01, 5.97747862e-01, 0.0, 0.0,
            0.0, 0.0, 0.0, 0.0, 5.67763269e-01, 5.40588140e-01,
            7.20419645e-01, 5.67769885e-01, 7.06945777e-01,
            8.04986358e-01, 5.07966280e-01, 8.37982118e-01,
            8.63711476e-01, 5.79965472e-01, 5.37833512e-01,
            5.16035736e-01, 5.84629059e-01, 7.07021117e-01,
            7.63212323e-01, 5.83121359e-01, 8.62366021e-01,
            8.26205909e-01, 5.95309496e-01, 2.64991641e-01,
            8.40939522e-01, 6.02986991e-01, 2.64983982e-01,
            2.27477759e-01, 5.76974213e-01, 2.65048921e-01,
            6.91510499e-01, 0.0, 0.0, 0.0 ]
    }
}
