{
    "pose_0": {
        "type_id": "opencv-matrix",
        "rows": 1,
        "cols": 18,
        "dt": "3f",
        "data": [ 1.32154852e-01, 2.92179734e-01, 9.16511774e-01,
            9.23418477e-02, 3.49634230e-01, 7.91023374e-01,
            7.85133988e-02, 3.49602312e-01, 7.76382983e-01,
            5.85785471e-02, 4.61414814e-01, 7.56960630e-01,
            1.01470187e-01, 5.24209380e-01, 7.98268676e-01,
            1.12197250e-01, 3.52286279e-01, 6.65207982e-01,
            1.18357427e-01, 4.64115471e-01, 8.72199833e-02, 0.0, 0.0,
            0.0, 8.46441090e-02, 5.65086007e-01, 6.51259065e-01,
            9.08052325e-02, 7.31459618e-01, 8.40329826e-01,
            7.84700066e-02, 8.87002230e-01, 7.41788149e-01,
            1.16886586e-01, 5.62427998e-01, 6.65816605e-01,
            1.33683652e-01, 7.20583737e-01, 7.51819193e-01,
            1.52096882e-01, 8.59762251e-01, 8.21705937e-01,
            1.29093379e-01, 2.73131400e-01, 9.75612342e-01,
            1.35253280e-01, 2.73251861e-01, 2.80474484e-01,
            1.10668510e-01, 2.65081465e-01, 7.53945768e-01, 0.0, 0.0,
            0.0 ]
    }
}
