{
    "pose_0": {
        "type_id": "opencv-matrix",
        "rows": 1,
        "cols": 18,
        "dt": "3f",
        "data": [ 5.63133180e-01, 2.78760165e-01, 8.04558039e-01,
            5.23300350e-01, 3.41403663e-01, 6.67118788e-01,
            5.26332796e-01, 3.44174951e-01, 7.56448150e-01,
            5.07872283e-01, 4.50580359e-01, 9.14188206e-01,
            5.44680715e-01, 5.10656059e-01, 9.35996473e-01,
            5.21771610e-01, 3.38621348e-01, 5.84987164e-01, 0.0, 0.0,
            0.0, 0.0, 0.0, 0.0, 5.21727800e-01, 5.40607154e-01,
            7.15520322e-01, 5.12504816e-01, 7.09775865e-01,
            7.75980949e-01, 4.84888524e-01, 8.62557232e-01,
            8.34617674e-01, 5.32490790e-01, 5.37877917e-01,
            5.70480227e-01, 5.57043374e-01, 7.01513171e-01,
            7.45767057e-01, 5.83059728e-01, 8.46029520e-01,
            7.70318866e-01, 5.58562577e-01, 2.70399928e-01,
            8.90020847e-01, 5.64675152e-01, 2.70367920e-01,
            1.76377013e-01, 5.41688442e-01, 2.67753124e-01,
            7.12152958e-01, 0.0, 0.0, 0.0 ]
    }
}
