{
    "pose_0": {
        "type_id": "opencv-matrix",
        "rows": 1,
        "cols": 18,
        "dt": "3f",
        "data": [ 6.19917154e-01, 2.73283392e-01, 9.32698250e-01,
            5.83050132e-01, 3.33270460e-01, 7.16614604e-01,
            5.84684849e-01, 3.35968971e-01, 8.45471084e-01,
            5.69281638e-01, 4.44931597e-01, 9.04134810e-01,
            6.07679904e-01, 4.94236290e-01, 9.11280036e-01,
            5.79967737e-01, 3.25122416e-01, 5.63001692e-01,
            5.70878148e-01, 4.47848499e-01, 9.02150720e-02, 0.0, 0.0,
            0.0, 5.84605932e-01, 5.35125077e-01, 6.44085467e-01,
            6.12219691e-01, 7.04268694e-01, 7.96862602e-01,
            5.76927245e-01, 8.40716720e-01, 6.79977775e-01,
            5.78487813e-01, 5.35104930e-01, 5.16374111e-01,
            5.83072782e-01, 7.01465845e-01, 7.74458289e-01,
            5.70787609e-01, 8.37876439e-01, 5.60445070e-01,
            6.16827786e-01, 2.62316048e-01, 8.48370194e-01,
            6.19912803e-01, 2.59553790e-01, 1.44329131e-01,
            5.95412254e-01, 2.59651303e-01, 7.32711911e-01, 0.0, 0.0,
            0.0 ]
    }
}
