{
    "pose_0": {
        "type_id": "opencv-matrix",
        "rows": 1,
        "cols": 18,
        "dt": "3f",
        "data": [ 3.13150227e-01, 2.70584732e-01, 1.00223970e+00,
            2.74852514e-01, 3.35937023e-01, 7.27216959e-01,
            2.70195097e-01, 3.33302617e-01, 8.30062509e-01,
            2.50173628e-01, 4.42274958e-01, 8.56164575e-01,
            2.88654983e-01, 5.05059659e-01, 8.55745792e-01,
            2.80916929e-01, 3.33286583e-01, 5.88554502e-01, 0.0, 0.0,
            0.0, 0.0, 0.0, 0.0, 2.74849683e-01, 5.40593326e-01,
            7.00583637e-01, 2.80916542e-01, 7.06952333e-01,
            7.95176029e-01, 2.65579730e-01, 8.62482309e-01,
            7.94922292e-01, 2.96253115e-01, 5.37827432e-01,
            5.70264816e-01, 3.13133270e-01, 7.06970155e-01,
            9.38918829e-01, 2.79414147e-01, 8.37856293e-01,
            6.76264048e-01, 3.11521709e-01, 2.51583487e-01,
            9.53032136e-01, 0.0, 0.0, 0.0, 2.88607359e-01,
            2.51355290e-01, 8.30215812e-01, 0.0, 0.0, 0.0 ]
    }
}
