{
    "pose_0": {
        "type_id": "opencv-matrix",
        "rows": 1,
        "cols": 18,
        "dt": "3f",
        "data": [ 4.51214731e-01, 2.78655410e-01, 8.62736166e-01,
            4.14394021e-01, 3.38686526e-01, 6.38279200e-01,
            4.14388090e-01, 3.38717937e-01, 7.83385873e-01,
            3.98977637e-01, 4.47734922e-01, 9.44717765e-01,
            4.38903153e-01, 5.02377629e-01, 8.27787340e-01,
            4.14391756e-01, 3.36013347e-01, 5.47049105e-01,
            4.09795463e-01, 4.61409628e-01, 6.43154010e-02,
            4.41976637e-01, 4.96893764e-01, 8.41184482e-02,
            4.15911287e-01, 5.43317258e-01, 6.14739954e-01,
            4.57285285e-01, 7.06822574e-01, 7.66290545e-01,
            4.83421117e-01, 8.54218721e-01, 7.98606038e-01,
            4.09779578e-01, 5.43288231e-01, 5.43400824e-01,
            4.03629303e-01, 7.09780514e-01, 7.69900084e-01,
            3.85243714e-01, 8.62435102e-01, 8.16088974e-01,
            4.48055536e-01, 2.67761290e-01, 9.10251439e-01,
            4.55768049e-01, 2.70449221e-01, 1.60891831e-01,
            4.28192377e-01, 2.67695427e-01, 7.62930989e-01, 0.0, 0.0,
            0.0 ]
    }
}
