{
    "pose_0": {
        "type_id": "opencv-matrix",
        "rows": 1,
        "cols": 18,
        "dt": "3f",
        "data": [ 0.0, 0.0, 0.0, 1.00184965e+00, 3.41485798e-01,
            1.46717861e-01, 9.87966359e-01, 3.49576890e-01,
            4.98864293e-01, 9.69612777e-01, 4.45100754e-01,
            4.99313354e-01, 9.81853664e-01, 4.80555177e-01,
            3.81318152e-01, 9.87944424e-01, 3.49628329e-01,
            2.05747187e-01, 9.72631156e-01, 4.45115566e-01,
            2.54616857e-01, 9.83396292e-01, 4.77792084e-01,
            1.68434903e-01, 0.0, 0.0, 0.0, 0.0, 0.0, 0.0, 0.0, 0.0, 0.0,
            0.0, 0.0, 0.0, 0.0, 0.0, 0.0, 0.0, 0.0, 0.0, 0.0, 0.0, 0.0,
            0.0, 0.0, 0.0, 1.00184762e+00, 2.92279243e-01,
            5.18819317e-02, 0.0, 0.0, 0.0 ]
    }
}
