{
    "pose_0": {
        "type_id": "opencv-matrix",
        "rows": 1,
        "cols": 18,
        "dt": "3f",
        "data": [ 8.65336359e-01, 2.73144275e-01, 7.33470023e-02,
            8.28432798e-01, 3.36099237e-01, 9.51568842e-01,
            8.51435423e-01, 3.35975498e-01, 9.27229226e-01,
            8.40676129e-01, 4.45102274e-01, 9.30180550e-01,
            8.75950336e-01, 4.99646336e-01, 9.21676993e-01,
            8.04021060e-01, 3.38729501e-01, 8.45313549e-01,
            8.02331150e-01, 4.47779149e-01, 7.79764891e-01,
            8.17797363e-01, 4.88687187e-01, 3.87372017e-01,
            8.45364392e-01, 5.37840724e-01, 6.31165445e-01,
            8.63686025e-01, 7.06961572e-01, 8.10286164e-01,
            8.65329742e-01, 8.62559497e-01, 8.05408895e-01,
            8.14714074e-01, 5.37799120e-01, 6.64112449e-01,
            8.20789218e-01, 6.98749065e-01, 7.84360230e-01,
            7.79388964e-01, 8.37956905e-01, 8.02995443e-01,
            8.65248024e-01, 2.62308538e-01, 1.21086270e-01, 0.0, 0.0,
            0.0, 8.60693693e-01, 2.70386606e-01, 6.67741597e-01,
            8.26892197e-01, 2.59573013e-01, 2.18593270e-01 ]
    }
}
