{
    "pose_0": {
        "type_id": "opencv-matrix",
        "rows": 1,
        "cols": 18,
        "dt": "3f",
        "data": [ 6.41355455e-01, 2.73238778e-01, 8.89038920e-01,
            6.01493895e-01, 3.33184421e-01, 6.69946432e-01,
            6.07570112e-01, 3.33283275e-01, 8.37242424e-01,
            5.90717793e-01, 4.39646274e-01, 8.39061618e-01,
            6.29088581e-01, 4.94200140e-01, 9.04566705e-01,
            5.93851864e-01, 3.25077355e-01, 6.06054425e-01, 0.0, 0.0,
            0.0, 0.0, 0.0, 0.0, 6.06025696e-01, 5.35190761e-01,
            6.31909728e-01, 6.36772394e-01, 7.04145670e-01,
            7.15276182e-01, 6.67419195e-01, 8.54277670e-01,
            7.87281275e-01, 5.90728104e-01, 5.35112977e-01,
            5.60666084e-01, 5.95302463e-01, 7.06843436e-01,
            8.49487543e-01, 5.81507087e-01, 8.59601796e-01,
            8.06991458e-01, 6.35221422e-01, 2.62281507e-01,
            8.02599430e-01, 6.42799318e-01, 2.64968365e-01,
            1.19060665e-01, 6.19859993e-01, 2.59641081e-01,
            7.27924883e-01, 0.0, 0.0, 0.0 ]
    }
}
