{
    "pose_0": {
        "type_id": "opencv-matrix",
        "rows": 1,
        "cols": 18,
        "dt": "3f",
        "data": [ 1.90446034e-01, 2.92174786e-01, 9.59609151e-01,
            1.55165017e-01, 3.55030924e-01, 8.29263389e-01,
            1.39760584e-01, 3.49644423e-01, 7.90666640e-01,
            1.16906211e-01, 4.50653970e-01, 8.70299697e-01,
            1.62814543e-01, 5.16053855e-01, 8.62065554e-01,
            1.76578969e-01, 3.57790083e-01, 7.58615911e-01,
            1.82781696e-01, 4.66861039e-01, 1.06616646e-01, 0.0, 0.0,
            0.0, 1.52142927e-01, 5.57014346e-01, 7.13525236e-01,
            1.52162880e-01, 7.26045668e-01, 8.10952067e-01,
            9.68844518e-02, 8.59762073e-01, 7.87156641e-01,
            1.79760784e-01, 5.56874454e-01, 6.37525141e-01,
            1.78126261e-01, 7.25971818e-01, 7.88727045e-01,
            1.72041863e-01, 8.67851734e-01, 7.23672271e-01,
            1.87366217e-01, 2.70610213e-01, 9.32532728e-01,
            1.91984281e-01, 2.73316354e-01, 5.17703295e-01,
            1.64374158e-01, 2.65045315e-01, 7.99663544e-01, 0.0, 0.0,
            0.0 ]
    }
}
