{
    "pose_0": {
        "type_id": "opencv-matrix",
        "rows": 1,
        "cols": 18,
        "dt": "3f",
        "data": [ 7.79359519e-01, 2.67792374e-01, 8.32209110e-01,
            7.41011918e-01, 3.27810615e-01, 8.08331251e-01,
            7.53297508e-01, 3.30516845e-01, 8.27153802e-01,
            7.34940529e-01, 4.34148550e-01, 8.45334589e-01,
            7.76278853e-01, 4.94190902e-01, 8.68815482e-01,
            7.27263033e-01, 3.25088263e-01, 6.83003783e-01,
            7.19587862e-01, 4.25946742e-01, 1.24544337e-01, 0.0, 0.0,
            0.0, 7.44120181e-01, 5.29683828e-01, 6.94092929e-01,
            7.41073370e-01, 7.01503098e-01, 7.82067776e-01,
            6.93595350e-01, 8.40583980e-01, 8.10124159e-01,
            7.47173607e-01, 5.29605985e-01, 4.14954305e-01,
            7.65523851e-01, 6.96027040e-01, 7.36158609e-01,
            7.67179072e-01, 8.48781466e-01, 7.52510250e-01,
            7.77795255e-01, 2.51428694e-01, 8.47782433e-01, 0.0, 0.0,
            0.0, 7.61001527e-01, 2.51418144e-01, 7.07803547e-01, 0.0,
            0.0, 0.0 ]
    }
}
