{
    "pose_0": {
        "type_id": "opencv-matrix",
        "rows": 1,
        "cols": 18,
        "dt": "3f",
        "data": [ 7.41128862e-01, 2.65022635e-01, 8.48609328e-01,
            6.98125303e-01, 3.19708019e-01, 7.85099983e-01,
            7.07344234e-01, 3.27763081e-01, 7.96648741e-01,
            6.90472901e-01, 4.36892182e-01, 8.56692791e-01,
            7.25737870e-01, 4.94211853e-01, 8.97211730e-01,
            6.85863614e-01, 3.16911578e-01, 7.06350684e-01,
            6.79698408e-01, 4.12398875e-01, 7.15749413e-02, 0.0, 0.0,
            0.0, 7.01145411e-01, 5.24194002e-01, 6.59955919e-01,
            6.95038617e-01, 6.87883556e-01, 7.10398972e-01,
            6.82781756e-01, 8.59675705e-01, 8.12949181e-01,
            7.02687979e-01, 5.21454990e-01, 4.70351785e-01,
            7.18007267e-01, 6.66108012e-01, 7.58971035e-01,
            7.44176388e-01, 8.29679191e-01, 7.15645194e-01,
            7.39502609e-01, 2.48767138e-01, 8.72881413e-01,
            7.42594600e-01, 2.48675302e-01, 1.81686640e-01,
            7.19583750e-01, 2.48673409e-01, 7.26845503e-01, 0.0, 0.0,
            0.0 ]
    }
}
