{
    "pose_0": {
        "type_id": "opencv-matrix",
        "rows": 1,
        "cols": 18,
        "dt": "3f",
        "data": [ 8.03910971e-01, 2.67834872e-01, 7.31120288e-01,
            7.64018536e-01, 3.30462605e-01, 8.26287746e-01,
            7.77828932e-01, 3.30546647e-01, 8.41714680e-01,
            7.57961988e-01, 4.31516945e-01, 8.11594963e-01,
            8.00861120e-01, 4.91545588e-01, 9.15585995e-01,
            7.45660365e-01, 3.30500603e-01, 7.29857922e-01,
            7.39486396e-01, 4.23205465e-01, 4.63434041e-01,
            7.42661059e-01, 4.61397529e-01, 2.73085177e-01,
            7.70223260e-01, 5.32351553e-01, 6.52727842e-01,
            8.00883234e-01, 6.93314552e-01, 7.82075763e-01,
            7.88585901e-01, 8.48818600e-01, 7.24897504e-01,
            7.50245035e-01, 5.32314479e-01, 6.04883909e-01,
            7.67129660e-01, 6.93369031e-01, 8.26050639e-01,
            7.65580118e-01, 8.51532161e-01, 7.72699773e-01,
            8.02357793e-01, 2.51453668e-01, 7.69624233e-01, 0.0, 0.0,
            0.0, 7.87066877e-01, 2.51464218e-01, 6.81571066e-01, 0.0,
            0.0, 0.0 ]
    }
}
