{
    "pose_0": {
        "type_id": "opencv-matrix",
        "rows": 1,
        "cols": 18,
        "dt": "3f",
        "data": [ 6.46013737e-01, 2.73347497e-01, 8.30855548e-01,
            6.07656956e-01, 3.30530256e-01, 7.07411766e-01,
            6.12239659e-01, 3.33248466e-01, 7.67886281e-01,
            5.95359266e-01, 4.42355484e-01, 9.01340902e-01,
            6.33700669e-01, 4.94188130e-01, 9.15845752e-01,
            6.04535758e-01, 3.22402269e-01, 5.99524319e-01,
            5.95303774e-01, 4.45145130e-01, 1.12085566e-01, 0.0, 0.0,
            0.0, 6.07655883e-01, 5.35116076e-01, 6.29897416e-01,
            6.42955780e-01, 6.95994318e-01, 7.48173177e-01,
            6.79676652e-01, 8.40689540e-01, 8.25364590e-01,
            5.93861222e-01, 5.35094678e-01, 5.96929669e-01,
            5.95436633e-01, 7.06842959e-01, 8.15485656e-01,
            5.81533253e-01, 8.59604657e-01, 8.17064643e-01,
            6.44377112e-01, 2.64997333e-01, 8.19533825e-01,
            6.47518456e-01, 2.59603381e-01, 1.16783001e-01,
            6.27573371e-01, 2.59649783e-01, 7.13275015e-01, 0.0, 0.0,
            0.0 ]
    }
}
