{
    "pose_0": {
        "type_id": "opencv-matrix",
        "rows": 1,
        "cols": 18,
        "dt": "3f",
        "data": [ 2.24128604e-01, 2.84166604e-01, 9.00891900e-01,
            1.88902065e-01, 3.52362067e-01, 8.42851877e-01,
            1.73548207e-01, 3.44161302e-01, 7.93758631e-01,
            1.52085036e-01, 4.50555414e-01, 9.11065936e-01,
            1.93495899e-01, 5.10615289e-01, 8.67264748e-01,
            2.02778012e-01, 3.55125189e-01, 7.49051273e-01,
            2.08850041e-01, 4.66902792e-01, 1.59310520e-01, 0.0, 0.0,
            0.0, 1.79738164e-01, 5.56918979e-01, 7.20775008e-01,
            2.02780351e-01, 7.09720254e-01, 8.03085208e-01,
            2.02786893e-01, 8.81465495e-01, 7.81607687e-01,
            2.02677950e-01, 5.56852400e-01, 6.18560076e-01,
            1.88871771e-01, 7.09651291e-01, 7.76022911e-01,
            1.75080210e-01, 8.59629512e-01, 7.78741419e-01,
            2.16517121e-01, 2.70439357e-01, 9.69013691e-01,
            2.25698173e-01, 2.70570874e-01, 2.25921348e-01,
            1.99594513e-01, 2.64985383e-01, 7.94695973e-01, 0.0, 0.0,
            0.0 ]
    }
}
