{
    "pose_0": {
        "type_id": "opencv-matrix",
        "rows": 1,
        "cols": 18,
        "dt": "3f",
        "data": [ 1.29138097e-01, 2.92210191e-01, 9.59752977e-01,
            9.22853351e-02, 3.52293581e-01, 8.00299108e-01,
            7.84419104e-02, 3.44194680e-01, 7.76622474e-01,
            5.85408211e-02, 4.64119166e-01, 7.55457520e-01,
            9.53760371e-02, 5.21444201e-01, 7.65655398e-01,
            1.10674411e-01, 3.55037510e-01, 6.63324237e-01,
            1.16803810e-01, 4.66845363e-01, 8.67744684e-02, 0.0, 0.0,
            0.0, 8.15610811e-02, 5.62415361e-01, 6.52966976e-01,
            8.92408192e-02, 7.31450081e-01, 8.12196791e-01,
            7.85120651e-02, 8.84277999e-01, 7.42378950e-01,
            1.15323484e-01, 5.62344730e-01, 6.75034583e-01,
            1.29151776e-01, 7.23359227e-01, 8.08327436e-01,
            1.41301334e-01, 8.65176082e-01, 7.76607275e-01,
            1.27547756e-01, 2.73142636e-01, 9.64964151e-01,
            1.30664602e-01, 2.73361504e-01, 3.46048832e-01,
            1.06094971e-01, 2.67717719e-01, 7.86617875e-01, 0.0, 0.0,
            0.0 ]
    }
}
