{
    "pose_0": {
        "type_id": "opencv-matrix",
        "rows": 1,
        "cols": 18,
        "dt": "3f",
        "data": [ 2.27267355e-01, 2.92174309e-01, 9.74293828e-01,
            1.92024320e-01, 3.46903890e-01, 7.92835474e-01,
            1.78196028e-01, 3.44126076e-01, 8.26553404e-01,
            1.55211627e-01, 4.50504899e-01, 8.79733384e-01,
            1.99668005e-01, 5.13204277e-01, 8.78577948e-01,
            2.10387915e-01, 3.49631190e-01, 6.78576171e-01,
            2.15000898e-01, 4.66793299e-01, 7.62812495e-02, 0.0, 0.0,
            0.0, 1.88839391e-01, 5.56879997e-01, 7.15789080e-01,
            2.08833307e-01, 7.09728479e-01, 7.47795641e-01,
            2.31844217e-01, 8.76111746e-01, 7.30613768e-01,
            2.04299003e-01, 5.54183543e-01, 5.85160613e-01,
            1.88858807e-01, 7.12371767e-01, 7.23753810e-01,
            1.68960810e-01, 8.65196347e-01, 7.31628656e-01,
            2.25658432e-01, 2.73130506e-01, 9.77505505e-01,
            2.27360785e-01, 2.73218453e-01, 2.58095771e-01,
            2.02733845e-01, 2.65105009e-01, 8.21253121e-01, 0.0, 0.0,
            0.0 ]
    }
}
