{
    "pose_0": {
        "type_id": "opencv-matrix",
        "rows": 1,
        "cols": 18,
        "dt": "3f",
        "data": [ 5.03298461e-01, 2.73193359e-01, 7.63226569e-01,
            4.64974433e-01, 3.38614881e-01, 6.86151922e-01,
            4.71079320e-01, 3.38701457e-01, 8.08406889e-01,
            4.55809206e-01, 4.50553924e-01, 8.66639495e-01,
            4.95721072e-01, 5.07764816e-01, 8.78332317e-01,
            4.60365921e-01, 3.33290458e-01, 6.02909803e-01,
            4.71075624e-01, 4.64059025e-01, 5.66413552e-02, 0.0, 0.0,
            0.0, 4.71089602e-01, 5.40598750e-01, 6.94350302e-01,
            4.84952062e-01, 7.06869721e-01, 7.96023309e-01,
            4.83421296e-01, 8.70652437e-01, 7.48404741e-01,
            4.77241307e-01, 5.35130322e-01, 4.86398131e-01,
            4.78782177e-01, 7.04231560e-01, 6.47916377e-01,
            4.23530281e-01, 8.24216723e-01, 7.45130002e-01,
            4.97276276e-01, 2.59646058e-01, 7.64912307e-01, 0.0, 0.0,
            0.0, 4.84912664e-01, 2.65039802e-01, 6.96006656e-01, 0.0,
            0.0, 0.0 ]
    }
}
