{
    "pose_0": {
        "type_id": "opencv-matrix",
        "rows": 1,
        "cols": 18,
        "dt": "3f",
        "data": [ 1.22979052e-01, 2.89613664e-01, 8.88342500e-01,
            8.76847357e-02, 3.52373093e-01, 7.80448616e-01,
            6.78134263e-02, 3.52307439e-01, 7.61442661e-01,
            5.69775924e-02, 4.64108706e-01, 7.51357794e-01,
            9.08093899e-02, 5.26900649e-01, 7.75103450e-01,
            1.04545519e-01, 3.55053961e-01, 7.23301649e-01, 0.0, 0.0,
            0.0, 0.0, 0.0, 0.0, 8.00004676e-02, 5.62391877e-01,
            6.66900635e-01, 8.15568715e-02, 7.31427073e-01,
            7.69564688e-01, 7.69253001e-02, 8.81537497e-01,
            7.31900632e-01, 1.07610971e-01, 5.59650302e-01,
            6.04661822e-01, 1.03026934e-01, 7.31462300e-01,
            8.45680296e-01, 9.22957361e-02, 8.62413108e-01,
            7.42492437e-01, 1.16878510e-01, 2.70598650e-01,
            9.60160255e-01, 1.27502829e-01, 2.73283839e-01,
            3.78864944e-01, 9.84436795e-02, 2.65079886e-01,
            7.53573000e-01, 0.0, 0.0, 0.0 ]
    }
}
