{
    "pose_0": {
        "type_id": "opencv-matrix",
        "rows": 1,
        "cols": 18,
        "dt": "3f",
        "data": [ 6.21415496e-01, 2.73312509e-01, 8.46979499e-01,
            5.84595025e-01, 3.35859537e-01, 7.02000618e-01,
            5.89190543e-01, 3.35959405e-01, 7.88078785e-01,
            5.70795059e-01, 4.39674795e-01, 8.97163391e-01,
            6.10665977e-01, 4.91595864e-01, 9.17721391e-01,
            5.81552804e-01, 3.27806979e-01, 5.89739144e-01,
            5.75446367e-01, 4.45155293e-01, 6.21331073e-02, 0.0, 0.0,
            0.0, 5.87675989e-01, 5.35194695e-01, 6.28711164e-01,
            6.16830409e-01, 6.98804200e-01, 7.71567464e-01,
            5.83161771e-01, 8.56924593e-01, 7.33915806e-01,
            5.80040336e-01, 5.35118401e-01, 5.11642873e-01,
            5.86166501e-01, 6.98774397e-01, 7.44776547e-01,
            5.80023825e-01, 8.40626776e-01, 5.63524485e-01,
            6.18378639e-01, 2.65018970e-01, 8.12047720e-01,
            6.22936547e-01, 2.62327731e-01, 1.77184641e-01,
            6.01484478e-01, 2.62308538e-01, 6.50389731e-01, 0.0, 0.0,
            0.0 ]
    }
}
