{
    "pose_0": {
        "type_id": "opencv-matrix",
        "rows": 1,
        "cols": 18,
        "dt": "3f",
        "data": [ 8.97505522e-01, 2.70457715e-01, 6.52305186e-02,
            8.54560137e-01, 3.35940212e-01, 9.03483152e-01,
            8.76072943e-01, 3.35822493e-01, 9.07920480e-01,
            8.63680184e-01, 4.36935186e-01, 8.68229032e-01,
            8.99031937e-01, 4.99604315e-01, 9.00532126e-01,
            8.34637761e-01, 3.38609368e-01, 8.10329616e-01,
            8.27006042e-01, 4.36858863e-01, 7.65726566e-01,
            8.40797424e-01, 4.69588310e-01, 3.99153769e-01,
            8.68387222e-01, 5.35095632e-01, 6.51394963e-01,
            8.77511144e-01, 6.96061909e-01, 7.34592378e-01,
            8.65295470e-01, 8.62426221e-01, 8.10805619e-01,
            8.42331111e-01, 5.32435834e-01, 6.16013408e-01,
            8.74481678e-01, 6.93339765e-01, 7.07999647e-01,
            8.36128175e-01, 8.10655177e-01, 7.23412097e-01,
            8.94417286e-01, 2.54110187e-01, 9.79023948e-02, 0.0, 0.0,
            0.0, 8.88288260e-01, 2.59662062e-01, 6.08843327e-01,
            8.51526260e-01, 2.51430809e-01, 2.86860496e-01 ]
    }
}
