{
    "pose_0": {
        "type_id": "opencv-matrix",
        "rows": 1,
        "cols": 18,
        "dt": "3f",
        "data": [ 5.18623233e-01, 2.73282409e-01, 6.49307549e-01,
            4.77253109e-01, 3.36038232e-01, 6.83222234e-01,
            4.83348876e-01, 3.38680565e-01, 8.10292006e-01,
            4.66491342e-01, 4.47856367e-01, 8.73088658e-01,
            5.06423414e-01, 5.07808924e-01, 8.92906368e-01,
            4.72645760e-01, 3.33159089e-01, 5.96552730e-01,
            4.83364224e-01, 4.64091837e-01, 5.83225526e-02, 0.0, 0.0,
            0.0, 4.83393818e-01, 5.46048939e-01, 7.17964590e-01,
            4.91048455e-01, 7.06866086e-01, 7.61512756e-01,
            4.83339638e-01, 8.65249157e-01, 7.76162684e-01,
            4.92556959e-01, 5.37894011e-01, 5.11406958e-01,
            5.17098844e-01, 6.98791087e-01, 7.80705333e-01,
            4.60416406e-01, 8.10562134e-01, 6.62358999e-01,
            5.12550592e-01, 2.65044928e-01, 6.41712487e-01, 0.0, 0.0,
            0.0, 5.00242889e-01, 2.65093625e-01, 6.81604505e-01, 0.0,
            0.0, 0.0 ]
    }
}
