{
    "pose_0": {
        "type_id": "opencv-matrix",
        "rows": 1,
        "cols": 18,
        "dt": "3f",
        "data": [ 6.73575282e-01, 2.75922984e-01, 5.96218884e-01,
            6.33693457e-01, 3.35842043e-01, 8.24841619e-01,
            6.44444764e-01, 3.35986435e-01, 8.26315999e-01,
            6.30596399e-01, 4.45148677e-01, 8.92526865e-01,
            6.67488992e-01, 5.05141735e-01, 9.07167673e-01,
            6.21457756e-01, 3.33178282e-01, 7.10968256e-01,
            6.07591271e-01, 4.09674078e-01, 3.21593702e-01,
            6.15260363e-01, 4.61477041e-01, 2.90291935e-01,
            6.42893374e-01, 5.40595412e-01, 6.17447853e-01,
            6.68905258e-01, 7.04223037e-01, 7.92527974e-01,
            6.84324741e-01, 8.62339377e-01, 7.80638874e-01,
            6.19877040e-01, 5.37864506e-01, 6.10742509e-01,
            6.15276575e-01, 6.96086526e-01, 7.46931851e-01,
            5.83088577e-01, 8.46031010e-01, 7.71942735e-01,
            6.70515656e-01, 2.67737120e-01, 6.66947603e-01, 0.0, 0.0,
            0.0, 6.58221364e-01, 2.67777115e-01, 7.28224993e-01,
            6.32138968e-01, 2.65010297e-01, 5.26946858e-02 ]
    }
}
