{
    "pose_0": {
        "type_id": "opencv-matrix",
        "rows": 1,
        "cols": 18,
        "dt": "3f",
        "data": [ 0.0, 0.0, 0.0, 9.55814660e-01, 3.35939169e-01,
            8.63886714e-01, 9.75741029e-01, 3.35935414e-01,
            8.64288568e-01, 9.60414469e-01, 4.36903656e-01,
            8.42208922e-01, 1.00181472e+00, 4.99655783e-01,
            7.57510722e-01, 9.37305391e-01, 3.38591844e-01,
            8.50209177e-01, 9.26654100e-01, 4.42366064e-01,
            8.12721193e-01, 9.40507472e-01, 4.69696224e-01,
            5.70530593e-01, 9.72624362e-01, 5.35058916e-01,
            6.61433041e-01, 9.88081515e-01, 7.04164445e-01,
            7.53919959e-01, 9.63431418e-01, 8.35121453e-01,
            7.20836878e-01, 9.40434158e-01, 5.35099328e-01,
            6.38593674e-01, 9.60341990e-01, 6.90668344e-01,
            7.93812037e-01, 9.51234043e-01, 8.26946676e-01,
            5.91341197e-01, 0.0, 0.0, 0.0, 0.0, 0.0, 0.0, 9.86393154e-01,
            2.67786354e-01, 5.14457345e-01, 9.52748179e-01,
            2.62309730e-01, 2.76138574e-01 ]
    }
}
