{
    "pose_0": {
        "type_id": "opencv-matrix",
        "rows": 1,
        "cols": 18,
        "dt": "3f",
        "data": [ 1.49019197e-01, 2.92248458e-01, 9.22734141e-01,
            1.10701263e-01, 3.55014086e-01, 7.73717701e-01,
            9.23382044e-02, 3.52321029e-01, 7.83717453e-01,
            7.23598376e-02, 4.61491495e-01, 7.83865809e-01,
            1.15228206e-01, 5.29595196e-01, 8.63169789e-01,
            1.29035965e-01, 3.57702494e-01, 7.14284658e-01, 0.0, 0.0,
            0.0, 0.0, 0.0, 0.0, 1.02954186e-01, 5.62340677e-01,
            6.77171469e-01, 9.84183177e-02, 7.31416345e-01,
            7.92639375e-01, 7.85191655e-02, 8.92423749e-01,
            7.39902079e-01, 1.35252729e-01, 5.56958437e-01,
            6.61030412e-01, 1.44426540e-01, 7.23254800e-01,
            7.77277470e-01, 1.62860319e-01, 8.65237951e-01,
            7.73088753e-01, 1.42880023e-01, 2.73201406e-01,
            9.47351098e-01, 1.52087346e-01, 2.73361266e-01,
            2.75247604e-01, 1.25963628e-01, 2.67833620e-01,
            8.13810706e-01, 0.0, 0.0, 0.0 ]
    }
}
