{
    "pose_0": {
        "type_id": "opencv-matrix",
        "rows": 1,
        "cols": 18,
        "dt": "3f",
        "data": [ 8.26982439e-01, 2.73298532e-01, 4.79064137e-01,
            7.88553059e-01, 3.33253473e-01, 8.58088493e-01,
            8.03879559e-01, 3.33200485e-01, 8.76211643e-01,
            7.87049949e-01, 4.31416571e-01, 8.32899511e-01,
            8.23904097e-01, 4.91553903e-01, 9.06191170e-01,
            7.67209768e-01, 3.36031318e-01, 8.03378105e-01,
            7.57937789e-01, 4.23137099e-01, 6.56721890e-01,
            7.64031291e-01, 4.61400986e-01, 6.01576447e-01,
            7.97812819e-01, 5.37873387e-01, 6.64688826e-01,
            8.30045283e-01, 6.93341136e-01, 7.57639170e-01,
            8.62226963e-01, 8.43339026e-01, 8.08877409e-01,
            7.67142296e-01, 5.35183668e-01, 6.54273927e-01,
            7.77882278e-01, 7.04146504e-01, 8.00930679e-01,
            7.67201185e-01, 8.56950641e-01, 7.78801382e-01,
            8.25444162e-01, 2.64990598e-01, 4.76489305e-01, 0.0, 0.0,
            0.0, 8.14649582e-01, 2.65019566e-01, 6.57642603e-01,
            7.84036398e-01, 2.51549631e-01, 1.21276744e-01 ]
    }
}
