{
    "pose_0": {
        "type_id": "opencv-matrix",
        "rows": 1,
        "cols": 18,
        "dt": "3f",
        "data": [ 0.0, 0.0, 0.0, 9.86407876e-01, 3.38772058e-01,
            6.64884508e-01, 1.00183117e+00, 3.36060554e-01,
            4.79239345e-01, 1.00181985e+00, 4.42289829e-01,
            3.38870078e-01, 0.0, 0.0, 0.0, 9.61959600e-01,
            3.38728637e-01, 7.08048224e-01, 9.48053181e-01,
            4.45040941e-01, 7.54193366e-01, 9.64999259e-01,
            4.80537415e-01, 3.68563324e-01, 1.00183403e+00,
            5.48735261e-01, 2.56249249e-01, 0.0, 0.0, 0.0, 0.0, 0.0, 0.0,
            9.65005040e-01, 5.51464140e-01, 6.04111612e-01,
            9.75753605e-01, 7.09751368e-01, 8.06783438e-01,
            9.63466406e-01, 8.62407923e-01, 7.34778643e-01, 0.0, 0.0,
            0.0, 0.0, 0.0, 0.0, 0.0, 0.0, 0.0, 9.77284133e-01,
            2.59573936e-01, 1.33765861e-01 ]
    }
}
