{
    "pose_0": {
        "type_id": "opencv-matrix",
        "rows": 1,
        "cols": 18,
        "dt": "3f",
        "data": [ 0.0, 0.0, 0.0, 1.00185466e+00, 3.52315575e-01,
            1.50618613e-01, 9.84924197e-01, 3.46908063e-01,
            7.10921049e-01, 9.64970112e-01, 4.45009500e-01,
            7.89885998e-01, 9.77261484e-01, 4.77788687e-01,
            6.14376962e-01, 0.0, 0.0, 0.0, 0.0, 0.0, 0.0, 0.0, 0.0, 0.0,
            0.0, 0.0, 0.0, 0.0, 0.0, 0.0, 0.0, 0.0, 0.0, 0.0, 0.0, 0.0,
            0.0, 0.0, 0.0, 0.0, 0.0, 0.0, 0.0, 0.0, 0.0, 0.0, 0.0, 0.0,
            1.00184858e+00, 2.95115829e-01, 5.25925010e-02, 0.0, 0.0,
            0.0 ]
    }
}
