{
    "pose_0": {
        "type_id": "opencv-matrix",
        "rows": 1,
        "cols": 18,
        "dt": "3f",
        "data": [ 1.76671356e-01, 2.89623767e-01, 9.44231331e-01,
            1.39866233e-01, 3.54962438e-01, 8.10574293e-01,
            1.24514908e-01, 3.52286965e-01, 7.54539967e-01,
            1.01469986e-01, 4.53321040e-01, 8.27071071e-01,
            1.42893404e-01, 5.16078174e-01, 8.54606867e-01,
            1.56695619e-01, 3.52383971e-01, 6.65030897e-01, 0.0, 0.0,
            0.0, 0.0, 0.0, 0.0, 1.32166609e-01, 5.59633970e-01,
            6.57999516e-01, 1.24458678e-01, 7.23260701e-01,
            7.57969856e-01, 8.76876935e-02, 8.65166903e-01,
            7.44400084e-01, 1.65875167e-01, 5.56943119e-01,
            6.73081279e-01, 1.65936992e-01, 7.25938380e-01,
            8.27506483e-01, 1.68948397e-01, 8.76030803e-01,
            7.52386510e-01, 1.72045603e-01, 2.70590931e-01,
            9.09627438e-01, 1.78159297e-01, 2.73213267e-01,
            2.93040812e-01, 1.52010739e-01, 2.65034884e-01,
            7.90094614e-01, 0.0, 0.0, 0.0 ]
    }
}
