{
    "pose_0": {
        "type_id": "opencv-matrix",
        "rows": 1,
        "cols": 18,
        "dt": "3f",
        "data": [ 3.36130112e-01, 2.73271710e-01, 1.00747836e+00,
            2.97814220e-01, 3.36017191e-01, 7.01814294e-01,
            2.90142328e-01, 3.35887790e-01, 8.66615295e-01,
            2.65629947e-01, 4.45002109e-01, 8.90673995e-01,
            3.10085833e-01, 5.07832289e-01, 8.47231805e-01,
            3.00913900e-01, 3.35918069e-01, 6.01996779e-01, 0.0, 0.0,
            0.0, 0.0, 0.0, 0.0, 2.91663140e-01, 5.37875235e-01,
            6.67710006e-01, 2.88573325e-01, 7.07009912e-01,
            8.46588671e-01, 2.65568554e-01, 8.62546086e-01,
            7.88382530e-01, 3.13128024e-01, 5.37810743e-01,
            6.31749511e-01, 3.33082467e-01, 6.87976658e-01,
            7.53513515e-01, 3.69894475e-01, 8.37865472e-01,
            7.67193437e-01, 3.33050042e-01, 2.56902635e-01,
            8.88240397e-01, 0.0, 0.0, 0.0, 3.11638653e-01,
            2.51467168e-01, 8.50260496e-01, 0.0, 0.0, 0.0 ]
    }
}
