{
    "pose_0": {
        "type_id": "opencv-matrix",
        "rows": 1,
        "cols": 18,
        "dt": "3f",
        "data": [ 9.00536656e-01, 2.67792493e-01, 6.74680620e-02,
            8.59162688e-01, 3.35851192e-01, 8.63086462e-01,
            8.77563238e-01, 3.35839272e-01, 8.85629773e-01,
            8.63815069e-01, 4.34225351e-01, 8.99413526e-01,
            9.00539041e-01, 4.99661744e-01, 9.23698306e-01,
            8.39214385e-01, 3.36023837e-01, 8.32178891e-01,
            8.28541398e-01, 4.42370147e-01, 7.72848487e-01,
            8.51468921e-01, 4.69596803e-01, 1.99928299e-01,
            8.69912267e-01, 5.35130262e-01, 6.20376766e-01,
            8.77505660e-01, 7.01523244e-01, 7.97051489e-01,
            8.65269244e-01, 8.62477720e-01, 8.49985063e-01,
            8.49938393e-01, 5.35057664e-01, 6.09259188e-01,
            8.88263822e-01, 6.98735178e-01, 7.30483592e-01,
            8.42309952e-01, 8.16074252e-01, 6.62260652e-01,
            9.00535703e-01, 2.51549095e-01, 1.18644267e-01, 0.0, 0.0,
            0.0, 8.89880538e-01, 2.56923586e-01, 6.18884742e-01,
            8.54597092e-01, 2.48785526e-01, 2.58138299e-01 ]
    }
}
