{
    "pose_0": {
        "type_id": "opencv-matrix",
        "rows": 1,
        "cols": 18,
        "dt": "3f",
        "data": [ 5.55449486e-01, 2.75966883e-01, 9.13491845e-01,
            5.12555838e-01, 3.38804811e-01, 6.55908942e-01,
            5.17097712e-01, 3.41418475e-01, 7.66109586e-01,
            4.97194052e-01, 4.47974175e-01, 9.40792561e-01,
            5.33965707e-01, 5.10605454e-01, 9.67192769e-01,
            5.10975659e-01, 3.36053789e-01, 5.67780554e-01,
            5.17098010e-01, 4.66889858e-01, 5.88776246e-02,
            5.34084916e-01, 5.10621607e-01, 6.46702796e-02,
            5.10986686e-01, 5.46019554e-01, 6.94680989e-01,
            5.07930517e-01, 7.09707916e-01, 8.31276119e-01,
            4.84880120e-01, 8.62408936e-01, 8.49311471e-01,
            5.21768749e-01, 5.40620089e-01, 5.97573698e-01,
            5.47805071e-01, 6.90611243e-01, 7.48589873e-01,
            5.81578970e-01, 8.32466185e-01, 8.01744580e-01,
            5.47823131e-01, 2.65097916e-01, 8.78505468e-01, 0.0, 0.0,
            0.0, 5.30909538e-01, 2.65020967e-01, 7.07552373e-01, 0.0,
            0.0, 0.0 ]
    }
}
