{
    "pose_0": {
        "type_id": "opencv-matrix",
        "rows": 1,
        "cols": 18,
        "dt": "3f",
        "data": [ 0.0, 0.0, 0.0, 9.63492393e-01, 3.36018294e-01,
            8.96761894e-01, 9.86469984e-01, 3.35885882e-01,
            8.84850740e-01, 9.72617686e-01, 4.36917096e-01,
            7.95159698e-01, 1.00183833e+00, 4.96980816e-01,
            3.08437228e-01, 9.42003250e-01, 3.38760525e-01,
            7.75951266e-01, 9.35817778e-01, 4.45193887e-01,
            7.98099518e-01, 9.51230347e-01, 4.85987663e-01,
            4.62864012e-01, 9.81876135e-01, 5.35158873e-01,
            5.98444164e-01, 1.00182223e+00, 7.06933141e-01,
            6.16991580e-01, 1.00180173e+00, 8.40623021e-01,
            2.82459050e-01, 9.49637234e-01, 5.35158753e-01,
            6.40173137e-01, 9.63413179e-01, 7.04249501e-01,
            8.29986930e-01, 9.63393509e-01, 8.62386227e-01,
            7.77997851e-01, 0.0, 0.0, 0.0, 0.0, 0.0, 0.0, 1.00180101e+00,
            2.62297243e-01, 3.38695318e-01, 9.61962044e-01,
            2.56918013e-01, 2.57784575e-01 ]
    }
}
