{
    "pose_0": {
        "type_id": "opencv-matrix",
        "rows": 1,
        "cols": 18,
        "dt": "3f",
        "data": [ 9.38854277e-01, 2.73233771e-01, 1.06290221e-01,
            8.97487700e-01, 3.36010337e-01, 8.87862563e-01,
            9.14434791e-01, 3.38590473e-01, 8.83667886e-01,
            9.00503814e-01, 4.45062071e-01, 8.84265423e-01,
            9.34288979e-01, 5.10518193e-01, 9.37723219e-01,
            8.76030684e-01, 3.36065143e-01, 8.26609850e-01,
            8.65263522e-01, 4.39673901e-01, 7.44235158e-01,
            8.83682430e-01, 4.66904551e-01, 2.16059908e-01,
            9.03653502e-01, 5.35183251e-01, 6.55918539e-01,
            8.92877340e-01, 7.09645689e-01, 7.78826773e-01,
            8.65232706e-01, 8.62343490e-01, 8.19778085e-01,
            8.80655408e-01, 5.35089314e-01, 6.00550354e-01,
            9.25143182e-01, 6.87863410e-01, 7.82843947e-01,
            9.54280913e-01, 8.37873757e-01, 7.73675501e-01,
            9.37380552e-01, 2.62368470e-01, 1.42058924e-01, 0.0, 0.0,
            0.0, 9.26677167e-01, 2.65097558e-01, 6.04209483e-01,
            8.98990214e-01, 2.54133135e-01, 1.94626823e-01 ]
    }
}
