{
    "pose_0": {
        "type_id": "opencv-matrix",
        "rows": 1,
        "cols": 18,
        "dt": "3f",
        "data": [ 3.85171235e-01, 2.73318261e-01, 1.01543677e+00,
            3.49907517e-01, 3.38696808e-01, 8.41101646e-01,
            3.37678194e-01, 3.38592917e-01, 9.32518601e-01,
            3.22328120e-01, 4.47804391e-01, 9.05055225e-01,
            3.60751033e-01, 5.07754803e-01, 9.07481432e-01,
            3.60728353e-01, 3.38685781e-01, 7.32150137e-01, 0.0, 0.0,
            0.0, 0.0, 0.0, 0.0, 3.48439425e-01, 5.40596783e-01,
            7.17288136e-01, 3.39249164e-01, 7.09579408e-01,
            8.27759087e-01, 2.84010530e-01, 8.46109390e-01,
            7.58138001e-01, 3.74442875e-01, 5.40557027e-01,
            6.53713286e-01, 3.74577343e-01, 7.06947803e-01,
            8.49966049e-01, 3.85176033e-01, 8.59711051e-01,
            8.14647496e-01, 3.77597809e-01, 2.59649992e-01,
            8.75247359e-01, 3.85215759e-01, 2.62351781e-01,
            1.17813498e-01, 3.60622704e-01, 2.54207850e-01,
            8.09956551e-01, 0.0, 0.0, 0.0 ]
    }
}
