{
    "pose_0": {
        "type_id": "opencv-matrix",
        "rows": 1,
        "cols": 18,
        "dt": "3f",
        "data": [ 1.26038149e-01, 2.92170763e-01, 9.27891910e-01,
            8.91865045e-02, 3.52374524e-01, 7.85775363e-01,
            7.08200261e-02, 3.52303922e-01, 7.47739494e-01,
            5.69807179e-02, 4.64164168e-01, 7.66461909e-01,
            9.22397375e-02, 5.26955724e-01, 7.95377612e-01,
            1.04551993e-01, 3.55041355e-01, 7.13790894e-01,
            1.06095597e-01, 4.64118779e-01, 8.77813324e-02, 0.0, 0.0,
            0.0, 7.99704269e-02, 5.65147281e-01, 6.64701462e-01,
            8.76993686e-02, 7.28674352e-01, 8.00806940e-01,
            7.54331797e-02, 8.81446660e-01, 7.44313478e-01,
            1.12200201e-01, 5.62406540e-01, 6.33864045e-01,
            1.26048356e-01, 7.28761256e-01, 8.71465862e-01,
            1.03015102e-01, 8.62415314e-01, 8.02642107e-01,
            1.18390262e-01, 2.73112118e-01, 9.39326286e-01,
            1.27611697e-01, 2.73310095e-01, 4.86904621e-01,
            1.01424918e-01, 2.67726123e-01, 7.74577141e-01, 0.0, 0.0,
            0.0 ]
    }
}
