{
    "pose_0": {
        "type_id": "opencv-matrix",
        "rows": 1,
        "cols": 18,
        "dt": "3f",
        "data": [ 2.74720401e-01, 2.78728694e-01, 9.37468946e-01,
            2.37940013e-01, 3.41431528e-01, 7.29423881e-01,
            2.27306455e-01, 3.38779300e-01, 8.75394642e-01,
            2.10409835e-01, 4.50574160e-01, 8.71732593e-01,
            2.51849651e-01, 5.10446370e-01, 8.92591596e-01,
            2.45671391e-01, 3.41438413e-01, 5.90223551e-01, 0.0, 0.0,
            0.0, 0.0, 0.0, 0.0, 2.39513800e-01, 5.51478624e-01,
            6.64185643e-01, 2.64087796e-01, 7.09771335e-01,
            8.29812109e-01, 2.71720976e-01, 8.73317540e-01,
            7.66400814e-01, 2.44117364e-01, 5.48772097e-01,
            4.94108945e-01, 2.19595999e-01, 7.09792554e-01,
            7.65505135e-01, 1.75122455e-01, 8.54280651e-01,
            7.32073903e-01, 2.67146707e-01, 2.67760158e-01,
            9.12299395e-01, 2.74839461e-01, 2.70453930e-01,
            1.61579296e-01, 2.50191510e-01, 2.56932169e-01,
            8.11686218e-01, 0.0, 0.0, 0.0 ]
    }
}
