{
    "pose_0": {
        "type_id": "opencv-matrix",
        "rows": 1,
        "cols": 18,
        "dt": "3f",
        "data": [ 6.04507089e-01, 2.73328722e-01, 8.77296448e-01,
            5.67730248e-01, 3.38645130e-01, 6.89750373e-01,
            5.69330454e-01, 3.38765115e-01, 8.26997936e-01,
            5.55411875e-01, 4.47961837e-01, 8.80553007e-01,
            5.93858004e-01, 5.10434866e-01, 8.88519883e-01,
            5.61625481e-01, 3.35842520e-01, 5.73849082e-01, 0.0, 0.0,
            0.0, 0.0, 0.0, 0.0, 5.70769846e-01, 5.37921131e-01,
            7.26645947e-01, 5.76950550e-01, 7.09619999e-01,
            8.01280737e-01, 5.14079154e-01, 8.32417488e-01,
            7.78455377e-01, 5.81589520e-01, 5.35165727e-01,
            5.43053329e-01, 5.90718746e-01, 7.06993878e-01,
            6.69852734e-01, 5.83126307e-01, 8.59719574e-01,
            8.19462538e-01, 5.96865296e-01, 2.65072376e-01,
            8.44679475e-01, 6.05983496e-01, 2.65063971e-01,
            2.21766248e-01, 5.81534624e-01, 2.67722845e-01,
            7.15745986e-01, 0.0, 0.0, 0.0 ]
    }
}
