{
    "pose_0": {
        "type_id": "opencv-matrix",
        "rows": 1,
        "cols": 18,
        "dt": "3f",
        "data": [ 2.85538286e-01, 2.73402333e-01, 9.67342436e-01,
            2.50208437e-01, 3.38675112e-01, 7.38834500e-01,
            2.41052076e-01, 3.36083949e-01, 8.89755964e-01,
            2.25658923e-01, 4.47837710e-01, 9.27712500e-01,
            2.67144442e-01, 5.07864296e-01, 8.78425896e-01,
            2.54872620e-01, 3.38615924e-01, 5.92084885e-01, 0.0, 0.0,
            0.0, 0.0, 0.0, 0.0, 2.51767069e-01, 5.48767269e-01,
            6.76609397e-01, 2.70223141e-01, 7.12445199e-01,
            7.70432413e-01, 2.67149448e-01, 8.70659471e-01,
            7.31699586e-01, 2.54885912e-01, 5.46015561e-01,
            4.77716535e-01, 2.47169033e-01, 7.09697187e-01,
            7.50862479e-01, 1.90384492e-01, 8.37886631e-01,
            7.91009068e-01, 2.77919799e-01, 2.62354076e-01,
            8.95392239e-01, 2.87089139e-01, 2.67738253e-01,
            1.54948518e-01, 2.59476840e-01, 2.54205346e-01,
            8.16350579e-01, 0.0, 0.0, 0.0 ]
    }
}
