{
    "pose_0": {
        "type_id": "opencv-matrix",
        "rows": 1,
        "cols": 18,
        "dt": "3f",
        "data": [ 5.92219293e-01, 2.75963098e-01, 8.81833613e-01,
            5.53908825e-01, 3.38758588e-01, 6.65790081e-01,
            5.55462420e-01, 3.38837475e-01, 7.84881115e-01,
            5.35558522e-01, 4.47871327e-01, 9.10531461e-01,
            5.73887169e-01, 5.10544419e-01, 8.70930016e-01,
            5.50883949e-01, 3.36007804e-01, 5.65929651e-01,
            5.56968868e-01, 4.61350381e-01, 5.18565252e-02,
            5.81616104e-01, 5.10560274e-01, 6.83353096e-02,
            5.55462062e-01, 5.37838042e-01, 6.99130833e-01,
            5.44736862e-01, 7.06948340e-01, 8.31608176e-01,
            4.94110107e-01, 8.56952012e-01, 7.80224025e-01,
            5.69256544e-01, 5.35189152e-01, 5.80308795e-01,
            5.81478179e-01, 7.07056284e-01, 7.88767934e-01,
            5.84594846e-01, 8.57000113e-01, 7.78436542e-01,
            5.84628999e-01, 2.67753780e-01, 8.77460718e-01, 0.0, 0.0,
            0.0, 5.69297254e-01, 2.67778456e-01, 7.50081003e-01, 0.0,
            0.0, 0.0 ]
    }
}
