{
    "pose_0": {
        "type_id": "opencv-matrix",
        "rows": 1,
        "cols": 18,
        "dt": "3f",
        "data": [ 3.43791336e-01, 2.73283988e-01, 9.66137052e-01,
            3.02452028e-01, 3.38616639e-01, 7.37561882e-01,
            2.99269706e-01, 3.35994989e-01, 9.08709049e-01,
            2.74861842e-01, 4.45085943e-01, 9.46341634e-01,
            3.14664900e-01, 5.10607421e-01, 8.60865891e-01,
            3.11613679e-01, 3.36056501e-01, 6.81068361e-01, 0.0, 0.0,
            0.0, 0.0, 0.0, 0.0, 2.99342871e-01, 5.40603817e-01,
            6.89301550e-01, 2.91697621e-01, 7.06981301e-01,
            8.16870093e-01, 2.65631974e-01, 8.62505436e-01,
            7.79770613e-01, 3.23860943e-01, 5.40542543e-01,
            6.11781836e-01, 3.39237362e-01, 6.90628946e-01,
            7.73327649e-01, 3.76061499e-01, 8.37935567e-01,
            8.00574183e-01, 3.37737113e-01, 2.56917447e-01,
            9.19239700e-01, 0.0, 0.0, 0.0, 3.19278389e-01,
            2.51472265e-01, 8.13206971e-01, 0.0, 0.0, 0.0 ]
    }
}
