{
    "pose_0": {
        "type_id": "opencv-matrix",
        "rows": 1,
        "cols": 18,
        "dt": "3f",
        "data": [ 9.32797015e-01, 2.73246288e-01, 6.84839785e-02,
            8.89850080e-01, 3.36070299e-01, 9.20083344e-01,
            9.12755787e-01, 3.36014122e-01, 8.92205119e-01,
            8.89902234e-01, 4.45007503e-01, 8.81678283e-01,
            9.25172567e-01, 5.10418057e-01, 9.47724342e-01,
            8.71411741e-01, 3.38658690e-01, 7.74035573e-01,
            8.60679030e-01, 4.34142500e-01, 6.73566639e-01,
            8.68376970e-01, 4.72391158e-01, 2.38939032e-01,
            8.99007499e-01, 5.35150230e-01, 6.20115757e-01,
            8.88302028e-01, 7.07046151e-01, 8.13671291e-01,
            8.63805294e-01, 8.62512589e-01, 8.33396792e-01,
            8.76073599e-01, 5.35112500e-01, 6.16078258e-01,
            9.20506537e-01, 6.85203969e-01, 7.06042647e-01,
            9.52735484e-01, 8.35128069e-01, 7.74400234e-01,
            9.28219259e-01, 2.62349904e-01, 9.86267701e-02, 0.0, 0.0,
            0.0, 9.25046504e-01, 2.67713487e-01, 6.11867785e-01,
            8.89786899e-01, 2.54125446e-01, 2.11064801e-01 ]
    }
}
