{
    "pose_0": {
        "type_id": "opencv-matrix",
        "rows": 1,
        "cols": 18,
        "dt": "3f",
        "data": [ 5.95358610e-01, 2.73373455e-01, 8.55885506e-01,
            5.58605552e-01, 3.38689387e-01, 7.05397546e-01,
            5.63118935e-01, 3.38826716e-01, 7.84663439e-01,
            5.46278894e-01, 4.47955936e-01, 9.37505245e-01,
            5.84654033e-01, 5.10477126e-01, 9.04182315e-01,
            5.57012081e-01, 3.35884541e-01, 5.74165106e-01, 0.0, 0.0,
            0.0, 0.0, 0.0, 0.0, 5.61601639e-01, 5.37886798e-01,
            7.06395864e-01, 5.58590889e-01, 7.04262555e-01,
            8.18422258e-01, 5.01811028e-01, 8.40723753e-01,
            7.82295406e-01, 5.73868215e-01, 5.35158336e-01,
            5.52075207e-01, 5.84596753e-01, 7.04235733e-01,
            7.58384049e-01, 5.83135664e-01, 8.59641135e-01,
            8.21955681e-01, 5.93759537e-01, 2.65095979e-01,
            8.03576827e-01, 5.95321417e-01, 2.65008867e-01,
            1.13436766e-01, 5.76948822e-01, 2.65039384e-01,
            6.71496570e-01, 0.0, 0.0, 0.0 ]
    }
}
