{
    "pose_0": {
        "type_id": "opencv-matrix",
        "rows": 1,
        "cols": 18,
        "dt": "3f",
        "data": [ 4.23552513e-01, 2.73351967e-01, 9.66598511e-01,
            3.88275981e-01, 3.35989386e-01, 7.55426764e-01,
            3.82127792e-01, 3.35855216e-01, 8.45598996e-01,
            3.60672742e-01, 4.42316830e-01, 9.20989871e-01,
            3.99017870e-01, 4.91491228e-01, 9.52043831e-01,
            3.97479385e-01, 3.35948408e-01, 6.73639715e-01, 0.0, 0.0,
            0.0, 0.0, 0.0, 0.0, 3.85281354e-01, 5.46019912e-01,
            7.01584697e-01, 4.21971262e-01, 7.06886709e-01,
            8.11553359e-01, 4.46602911e-01, 8.54269743e-01,
            7.89638042e-01, 3.97434592e-01, 5.40544450e-01,
            5.53018749e-01, 3.88291359e-01, 7.09712327e-01,
            7.72235155e-01, 3.85200948e-01, 8.62392485e-01,
            8.05205524e-01, 4.18984979e-01, 2.62374669e-01,
            8.81926119e-01, 4.23499912e-01, 2.65042275e-01,
            1.90483764e-01, 3.98990154e-01, 2.59605259e-01,
            8.05593252e-01, 0.0, 0.0, 0.0 ]
    }
}
