{
    "pose_0": {
        "type_id": "opencv-matrix",
        "rows": 1,
        "cols": 18,
        "dt": "3f",
        "data": [ 8.28564525e-01, 2.73279399e-01, 4.35880393e-01,
            7.90155470e-01, 3.35833400e-01, 8.96966994e-01,
            8.05492759e-01, 3.35840017e-01, 8.46436381e-01,
            7.90162265e-01, 4.28817600e-01, 8.88961196e-01,
            8.26898098e-01, 4.91476059e-01, 9.61754918e-01,
            7.71741807e-01, 3.35969865e-01, 7.57488310e-01,
            7.59483755e-01, 4.23333108e-01, 7.21086383e-01,
            7.67147899e-01, 4.66849357e-01, 6.46726012e-01,
            8.02406430e-01, 5.43279350e-01, 6.75964355e-01,
            8.36124361e-01, 6.90628111e-01, 7.58830011e-01,
            8.63680899e-01, 8.48799050e-01, 8.06330562e-01,
            7.71709859e-01, 5.40573955e-01, 6.22025073e-01,
            7.79368758e-01, 7.04178452e-01, 8.21100354e-01,
            7.68635929e-01, 8.54289114e-01, 7.59262085e-01,
            8.28439713e-01, 2.62331396e-01, 4.59472179e-01, 0.0, 0.0,
            0.0, 8.16221535e-01, 2.65064985e-01, 6.36361063e-01,
            7.90082455e-01, 2.56863832e-01, 9.04571936e-02 ]
    }
}
