{
    "pose_0": {
        "type_id": "opencv-matrix",
        "rows": 1,
        "cols": 18,
        "dt": "3f",
        "data": [ 1.30640164e-01, 2.89630115e-01, 9.22881961e-01,
            9.22911540e-02, 3.52337897e-01, 8.10822129e-01,
            7.84542486e-02, 3.46934974e-01, 7.71718740e-01,
            5.70405088e-02, 4.61484015e-01, 7.77411580e-01,
            9.53796282e-02, 5.16105473e-01, 8.03990901e-01,
            1.10670134e-01, 3.55017424e-01, 6.75953805e-01,
            1.16805382e-01, 4.64163899e-01, 1.12998948e-01,
            1.29085109e-01, 4.86005574e-01, 8.07144195e-02,
            8.31119567e-02, 5.65117657e-01, 6.42291009e-01,
            9.07619074e-02, 7.31488347e-01, 8.34992468e-01,
            7.84832835e-02, 8.87010098e-01, 7.36207783e-01,
            1.16794161e-01, 5.65066695e-01, 6.59312725e-01,
            1.30650923e-01, 7.20636249e-01, 7.79515266e-01,
            1.47507086e-01, 8.62352490e-01, 7.69816875e-01,
            1.29028156e-01, 2.73102254e-01, 9.73680079e-01,
            1.32207483e-01, 2.73196191e-01, 2.69664288e-01,
            1.07616186e-01, 2.67705530e-01, 7.73933113e-01, 0.0, 0.0,
            0.0 ]
    }
}
