{
    "pose_0": {
        "type_id": "opencv-matrix",
        "rows": 1,
        "cols": 18,
        "dt": "3f",
        "data": [ 0.0, 0.0, 0.0, 1.00184429e+00, 3.52290869e-01,
            3.73251915e-01, 0.0, 0.0, 0.0, 0.0, 0.0, 0.0, 0.0, 0.0, 0.0,
            9.71114516e-01, 3.46883714e-01, 6.89049661e-01,
            9.51260686e-01, 4.47734207e-01, 7.67966211e-01,
            9.75729525e-01, 4.85986590e-01, 3.43846798e-01,
            1.00183678e+00, 5.48728406e-01, 1.33633032e-01, 0.0, 0.0,
            0.0, 0.0, 0.0, 0.0, 9.74157333e-01, 5.51436245e-01,
            5.63328385e-01, 9.81836975e-01, 7.09681928e-01,
            7.99108624e-01, 9.64964390e-01, 8.59760702e-01,
            7.59434462e-01, 0.0, 0.0, 0.0, 0.0, 0.0, 0.0, 0.0, 0.0, 0.0,
            9.87937689e-01, 2.67782956e-01, 1.33070633e-01 ]
    }
}
