{
    "pose_0": {
        "type_id": "opencv-matrix",
        "rows": 1,
        "cols": 18,
        "dt": "3f",
        "data": [ 6.88933432e-01, 2.73149312e-01, 5.90075791e-01,
            6.46022499e-01, 3.30548257e-01, 7.67445385e-01,
            6.58216834e-01, 3.33278269e-01, 7.78787971e-01,
            6.44399941e-01, 4.42301482e-01, 8.49870205e-01,
            6.82783902e-01, 4.91612911e-01, 9.00942981e-01,
            6.35225534e-01, 3.27829421e-01, 6.62901402e-01,
            6.21404767e-01, 4.23196465e-01, 2.85591543e-01,
            6.30527437e-01, 4.45190519e-01, 1.09969825e-01,
            6.56673551e-01, 5.35125017e-01, 6.38149261e-01,
            6.81188762e-01, 6.98754728e-01, 7.79917479e-01,
            6.87390029e-01, 8.62369180e-01, 7.92270064e-01,
            6.33672893e-01, 5.35074055e-01, 6.48288488e-01,
            6.30628288e-01, 6.93361819e-01, 8.12992573e-01,
            5.89218318e-01, 8.37784946e-01, 7.35415697e-01,
            6.85865402e-01, 2.56903023e-01, 5.89136183e-01, 0.0, 0.0,
            0.0, 6.70550942e-01, 2.59548843e-01, 7.30691075e-01, 0.0,
            0.0, 0.0 ]
    }
}
