{
    "pose_0": {
        "type_id": "opencv-matrix",
        "rows": 1,
        "cols": 18,
        "dt": "3f",
        "data": [ 4.66546327e-01, 2.84127116e-01, 8.50324392e-01,
            4.28163201e-01, 3.44123572e-01, 6.21410847e-01,
            4.34232980e-01, 3.46847177e-01, 7.84908354e-01,
            4.17464316e-01, 4.53281462e-01, 8.48206162e-01,
            4.58773732e-01, 5.10598302e-01, 9.29144263e-01,
            4.23553973e-01, 3.38760436e-01, 5.77410102e-01,
            4.32793826e-01, 4.66828793e-01, 5.00106439e-02, 0.0, 0.0,
            0.0, 4.35803324e-01, 5.51476955e-01, 6.45418286e-01,
            4.58834082e-01, 7.15138137e-01, 7.64142573e-01,
            4.81813341e-01, 8.65195930e-01, 7.91110694e-01,
            4.23523039e-01, 5.54128766e-01, 5.74994802e-01,
            4.11368489e-01, 7.09798038e-01, 8.24754655e-01,
            3.86742890e-01, 8.62400532e-01, 8.08426142e-01,
            4.60362941e-01, 2.70467818e-01, 9.22296643e-01,
            4.68030244e-01, 2.70619452e-01, 1.87955469e-01,
            4.38945323e-01, 2.70442009e-01, 7.34190524e-01, 0.0, 0.0,
            0.0 ]
    }
}
