{
    "pose_0": {
        "type_id": "opencv-matrix",
        "rows": 1,
        "cols": 18,
        "dt": "3f",
        "data": [ 7.27264404e-01, 2.70414710e-01, 7.21973538e-01,
            6.85819566e-01, 3.19642514e-01, 7.74921715e-01,
            6.95052326e-01, 3.22375238e-01, 7.60442734e-01,
            6.79729998e-01, 4.34131145e-01, 8.72358263e-01,
            7.16578245e-01, 4.94227678e-01, 9.19117093e-01,
            6.73570514e-01, 3.16936344e-01, 7.00701833e-01,
            6.59783363e-01, 4.20503020e-01, 9.57851633e-02, 0.0, 0.0,
            0.0, 6.88920557e-01, 5.29661000e-01, 6.54841542e-01,
            6.92030430e-01, 6.93339407e-01, 7.28900135e-01,
            6.85820341e-01, 8.59640121e-01, 7.42964685e-01,
            6.90419197e-01, 5.26939929e-01, 4.46545929e-01,
            7.14930952e-01, 6.87843800e-01, 7.20920742e-01,
            6.81294084e-01, 8.37817669e-01, 4.99021977e-01,
            7.24199414e-01, 2.51484632e-01, 7.18436122e-01, 0.0, 0.0,
            0.0, 7.07331240e-01, 2.51378655e-01, 7.16272056e-01, 0.0,
            0.0, 0.0 ]
    }
}
