{
    "pose_0": {
        "type_id": "opencv-matrix",
        "rows": 1,
        "cols": 18,
        "dt": "3f",
        "data": [ 0.0, 0.0, 0.0, 9.64998662e-01, 3.38615119e-01,
            8.70091021e-01, 9.87945914e-01, 3.36021453e-01,
            8.38061929e-01, 9.74248290e-01, 4.42244440e-01,
            8.23291004e-01, 1.00182164e+00, 4.99661058e-01,
            8.88544172e-02, 9.45032895e-01, 3.38779300e-01,
            7.88752675e-01, 9.37324882e-01, 4.45028752e-01,
            8.05743754e-01, 9.52768981e-01, 4.83282536e-01,
            4.73993927e-01, 9.84937429e-01, 5.37807703e-01,
            5.80189705e-01, 1.00183499e+00, 7.04193413e-01,
            4.20515388e-01, 0.0, 0.0, 0.0, 9.51179326e-01,
            5.37798703e-01, 6.55910492e-01, 9.63485599e-01,
            7.04238594e-01, 7.99886346e-01, 9.63446915e-01,
            8.59662890e-01, 7.56537020e-01, 0.0, 0.0, 0.0, 0.0, 0.0, 0.0,
            1.00180376e+00, 2.67725319e-01, 2.63660997e-01,
            9.63463962e-01, 2.65045971e-01, 2.17106938e-01 ]
    }
}
