{
    "pose_0": {
        "type_id": "opencv-matrix",
        "rows": 1,
        "cols": 18,
        "dt": "3f",
        "data": [ 0.0, 0.0, 0.0, 9.63427246e-01, 3.35925370e-01,
            8.89144182e-01, 9.86403108e-01, 3.35828632e-01,
            8.91782343e-01, 9.66513693e-01, 4.28795516e-01,
            7.80826986e-01, 1.00182343e+00, 4.94276345e-01,
            4.80109125e-01, 9.40479636e-01, 3.38633269e-01,
            7.98930526e-01, 9.34280396e-01, 4.45012152e-01,
            7.51968503e-01, 9.51130748e-01, 4.88678873e-01,
            4.85721350e-01, 9.77285683e-01, 5.35119653e-01,
            6.18245065e-01, 1.00179601e+00, 7.07024693e-01,
            6.49549067e-01, 9.86406088e-01, 8.46119046e-01,
            5.46601534e-01, 9.48064208e-01, 5.35119772e-01,
            6.30908906e-01, 9.61894333e-01, 7.06885457e-01,
            8.23946834e-01, 9.60384190e-01, 8.62429440e-01,
            6.89853191e-01, 0.0, 0.0, 0.0, 0.0, 0.0, 0.0, 9.91095364e-01,
            2.65086532e-01, 3.49995077e-01, 9.61868107e-01,
            2.59634763e-01, 2.50872225e-01 ]
    }
}
