{
    "pose_0": {
        "type_id": "opencv-matrix",
        "rows": 1,
        "cols": 18,
        "dt": "3f",
        "data": [ 9.02132452e-01, 2.67842650e-01, 1.01978518e-01,
            8.62236142e-01, 3.35848361e-01, 8.98087621e-01,
            8.79093826e-01, 3.35899264e-01, 8.72274041e-01,
            8.65270138e-01, 4.36949968e-01, 8.86288464e-01,
            9.00631547e-01, 5.02354503e-01, 9.20439363e-01,
            8.40776801e-01, 3.35970670e-01, 8.32873940e-01,
            8.33097398e-01, 4.26108122e-01, 6.92172468e-01,
            8.42336357e-01, 4.66978103e-01, 3.04399312e-01,
            8.74474943e-01, 5.35117567e-01, 6.37653291e-01,
            8.76055896e-01, 7.06988811e-01, 8.27139854e-01,
            8.63803506e-01, 8.62517655e-01, 8.20207357e-01,
            8.51508677e-01, 5.32415450e-01, 5.93084276e-01,
            8.89876246e-01, 7.01525688e-01, 7.65183330e-01,
            8.71408105e-01, 8.54253888e-01, 5.77265143e-01,
            9.00631547e-01, 2.51552522e-01, 1.67543784e-01, 0.0, 0.0,
            0.0, 8.91410172e-01, 2.56883383e-01, 5.99864125e-01,
            8.62174809e-01, 2.48793870e-01, 2.08957136e-01 ]
    }
}
