{
    "pose_0": {
        "type_id": "opencv-matrix",
        "rows": 1,
        "cols": 18,
        "dt": "3f",
        "data": [ 3.23847085e-01, 2.70549059e-01, 1.00269580e+00,
            2.83995956e-01, 3.35916221e-01, 6.60454392e-01,
            2.76380092e-01, 3.35829377e-01, 8.65647137e-01,
            2.54888713e-01, 4.44982231e-01, 8.71802092e-01,
            2.99309373e-01, 5.05146086e-01, 8.74808550e-01,
            2.88562655e-01, 3.33258063e-01, 5.86657643e-01, 0.0, 0.0,
            0.0, 0.0, 0.0, 0.0, 2.79389322e-01, 5.40539861e-01,
            6.57176673e-01, 2.84026563e-01, 7.09581196e-01,
            7.88077116e-01, 2.67127812e-01, 8.62379968e-01,
            7.96427131e-01, 3.02382410e-01, 5.37844121e-01,
            6.41376197e-01, 3.22310716e-01, 6.98781729e-01,
            7.43757486e-01, 3.23919773e-01, 8.54199827e-01,
            7.70290732e-01, 3.19276452e-01, 2.51517713e-01,
            9.10816729e-01, 0.0, 0.0, 0.0, 2.99308330e-01,
            2.48745725e-01, 8.18029761e-01, 0.0, 0.0, 0.0 ]
    }
}
