{
    "pose_0": {
        "type_id": "opencv-matrix",
        "rows": 1,
        "cols": 18,
        "dt": "3f",
        "data": [ 1.21428140e-01, 2.89560795e-01, 8.83267283e-01,
            8.76537412e-02, 3.52305412e-01, 7.67183483e-01,
            6.78029209e-02, 3.46940756e-01, 7.69022882e-01,
            5.54751307e-02, 4.61412191e-01, 7.48032033e-01,
            9.06933993e-02, 5.18718243e-01, 7.54319489e-01,
            1.04521349e-01, 3.55039030e-01, 7.11165667e-01, 0.0, 0.0,
            0.0, 0.0, 0.0, 0.0, 7.85255581e-02, 5.59698224e-01,
            6.51784539e-01, 8.00054297e-02, 7.31427848e-01,
            7.77981281e-01, 7.23299757e-02, 8.84284139e-01,
            6.93579137e-01, 1.09154716e-01, 5.56977510e-01,
            6.00898206e-01, 1.02969356e-01, 7.28819668e-01,
            8.17945719e-01, 9.23218504e-02, 8.62424076e-01,
            7.39956737e-01, 1.16840340e-01, 2.70559728e-01,
            9.70245302e-01, 1.26036555e-01, 2.73208201e-01,
            3.74109268e-01, 9.83898789e-02, 2.62289524e-01,
            7.33349919e-01, 0.0, 0.0, 0.0 ]
    }
}
