{
    "pose_0": {
        "type_id": "opencv-matrix",
        "rows": 1,
        "cols": 18,
        "dt": "3f",
        "data": [ 4.21999514e-01, 2.73339927e-01, 9.84035254e-01,
            3.85271877e-01, 3.36048722e-01, 7.69862235e-01,
            3.76084000e-01, 3.35905612e-01, 8.86861324e-01,
            3.57615680e-01, 4.42307889e-01, 8.74255776e-01,
            3.97511423e-01, 4.91512150e-01, 9.52761233e-01,
            3.94418687e-01, 3.36051434e-01, 6.55966401e-01, 0.0, 0.0,
            0.0, 0.0, 0.0, 0.0, 3.85249823e-01, 5.43318391e-01,
            7.07195878e-01, 4.12850916e-01, 7.09627986e-01,
            8.14175546e-01, 4.34243470e-01, 8.62542748e-01,
            8.22975159e-01, 3.95980597e-01, 5.37852705e-01,
            5.50981879e-01, 3.86800379e-01, 7.09668040e-01,
            8.22682679e-01, 3.85209292e-01, 8.59748363e-01,
            8.09229255e-01, 4.14364994e-01, 2.62374610e-01,
            8.76472473e-01, 4.22045171e-01, 2.67658085e-01,
            2.75633961e-01, 3.97420585e-01, 2.59609371e-01,
            7.90599108e-01, 0.0, 0.0, 0.0 ]
    }
}
