{
    "pose_0": {
        "type_id": "opencv-matrix",
        "rows": 1,
        "cols": 18,
        "dt": "3f",
        "data": [ 0.0, 0.0, 0.0, 1.00184464e+00, 3.55031341e-01,
            8.83142650e-02, 9.77276385e-01, 3.46932501e-01,
            6.27108514e-01, 9.60382879e-01, 4.45040464e-01,
            6.61976099e-01, 9.72629607e-01, 4.72403556e-01,
            4.46494162e-01, 0.0, 0.0, 0.0, 0.0, 0.0, 0.0, 0.0, 0.0, 0.0,
            9.84908104e-01, 5.54238081e-01, 5.42649150e-01,
            9.86418366e-01, 7.09703565e-01, 8.20318162e-01,
            9.64963555e-01, 8.62368643e-01, 7.60586083e-01, 0.0, 0.0,
            0.0, 0.0, 0.0, 0.0, 0.0, 0.0, 0.0, 0.0, 0.0, 0.0, 0.0, 0.0,
            0.0, 0.0, 0.0, 0.0, 0.0, 0.0, 0.0 ]
    }
}
