{
    "pose_0": {
        "type_id": "opencv-matrix",
        "rows": 1,
        "cols": 18,
        "dt": "3f",
        "data": [ 7.56458580e-01, 2.70413250e-01, 8.24230611e-01,
            7.16532469e-01, 3.27809632e-01, 8.09857607e-01,
            7.28781462e-01, 3.33255470e-01, 8.23659241e-01,
            7.07309723e-01, 4.36890274e-01, 8.75498891e-01,
            7.42679954e-01, 5.02390802e-01, 9.11894798e-01,
            7.04259634e-01, 3.19674164e-01, 7.18032241e-01,
            6.99620247e-01, 4.04294163e-01, 9.14265811e-02, 0.0, 0.0,
            0.0, 7.16522574e-01, 5.32397449e-01, 6.92943156e-01,
            7.05827296e-01, 7.01451540e-01, 7.68992305e-01,
            6.82825267e-01, 8.59672070e-01, 7.92904854e-01,
            7.10400999e-01, 5.29690742e-01, 4.97624695e-01,
            7.34934986e-01, 6.82391524e-01, 6.87166274e-01,
            7.62520909e-01, 8.35069418e-01, 6.76840723e-01,
            7.54871547e-01, 2.51482576e-01, 8.68437648e-01, 0.0, 0.0,
            0.0, 7.41021395e-01, 2.51378179e-01, 7.48166203e-01, 0.0,
            0.0, 0.0 ]
    }
}
