{
    "pose_0": {
        "type_id": "opencv-matrix",
        "rows": 1,
        "cols": 18,
        "dt": "3f",
        "data": [ 1.25973985e-01, 2.92160988e-01, 9.10131931e-01,
            8.91591161e-02, 3.54964495e-01, 7.77440906e-01,
            6.92876801e-02, 3.52384001e-01, 7.64967918e-01,
            5.54927103e-02, 4.64155763e-01, 7.63951302e-01,
            9.22349021e-02, 5.26933670e-01, 7.65158594e-01,
            1.04547799e-01, 3.55009764e-01, 7.08063662e-01, 0.0, 0.0,
            0.0, 0.0, 0.0, 0.0, 7.85217732e-02, 5.67836046e-01,
            6.57160461e-01, 8.92030597e-02, 7.39685953e-01,
            7.63501525e-01, 7.68904313e-02, 8.84328425e-01,
            7.46913016e-01, 1.07609414e-01, 5.65068543e-01,
            6.08244300e-01, 1.16912059e-01, 7.31507778e-01,
            8.54633570e-01, 9.84198973e-02, 8.59802663e-01,
            7.26191223e-01, 1.16906933e-01, 2.70633787e-01,
            9.54621077e-01, 1.27576485e-01, 2.73334324e-01,
            5.13942957e-01, 9.99154747e-02, 2.67752230e-01,
            7.69777179e-01, 0.0, 0.0, 0.0 ]
    }
}
