{
    "pose_0": {
        "type_id": "opencv-matrix",
        "rows": 1,
        "cols": 18,
        "dt": "3f",
        "data": [ 4.98702139e-01, 2.73235291e-01, 7.27388442e-01,
            4.61886734e-01, 3.38701904e-01, 7.09029973e-01,
            4.65011418e-01, 3.38817120e-01, 7.65443921e-01,
            4.51193184e-01, 4.50594097e-01, 8.66989672e-01,
            4.95600224e-01, 5.07813275e-01, 8.83058548e-01,
            4.58822876e-01, 3.35896909e-01, 5.84181547e-01, 0.0, 0.0,
            0.0, 0.0, 0.0, 0.0, 4.66531098e-01, 5.43289125e-01,
            6.45778418e-01, 4.83442068e-01, 7.06973553e-01,
            8.11745286e-01, 4.83384490e-01, 8.73366237e-01,
            7.33878374e-01, 4.69607115e-01, 5.37816465e-01,
            4.69451845e-01, 4.71120685e-01, 7.06831276e-01,
            7.64055789e-01, 4.11381781e-01, 8.37801099e-01,
            7.61498690e-01, 4.97133642e-01, 2.62286752e-01,
            7.10961640e-01, 0.0, 0.0, 0.0, 4.83387619e-01,
            2.65102088e-01, 6.91658318e-01, 0.0, 0.0, 0.0 ]
    }
}
