{
    "pose_0": {
        "type_id": "opencv-matrix",
        "rows": 1,
        "cols": 18,
        "dt": "3f",
        "data": [ 2.88589895e-01, 2.73281336e-01, 9.92494404e-01,
            2.53303021e-01, 3.38688701e-01, 7.39291370e-01,
            2.48708248e-01, 3.36076885e-01, 8.78142536e-01,
            2.27250785e-01, 4.47790802e-01, 9.59355712e-01,
            2.71752089e-01, 5.05124629e-01, 8.48613679e-01,
            2.62500405e-01, 3.36084008e-01, 6.49325132e-01, 0.0, 0.0,
            0.0, 0.0, 0.0, 0.0, 2.53358901e-01, 5.54147005e-01,
            6.69057488e-01, 2.73233354e-01, 7.12443471e-01,
            7.68947780e-01, 2.67142922e-01, 8.70574117e-01,
            7.17116237e-01, 2.64037162e-01, 5.51419556e-01,
            5.33119440e-01, 2.53353924e-01, 7.09651291e-01,
            7.86085963e-01, 1.99608028e-01, 8.32425416e-01,
            7.21925378e-01, 2.85508424e-01, 2.56856084e-01,
            9.02228653e-01, 2.88613260e-01, 2.67751098e-01,
            1.62400872e-01, 2.62533575e-01, 2.51533240e-01,
            8.51041377e-01, 0.0, 0.0, 0.0 ]
    }
}
