{
    "pose_0": {
        "type_id": "opencv-matrix",
        "rows": 1,
        "cols": 18,
        "dt": "3f",
        "data": [ 2.29069138e+02, 9.84500275e+01, 6.32228673e-01,
            2.17550873e+02, 1.42489120e+02, 6.89902902e-01,
            1.65363998e+02, 1.60464722e+02, 6.34430110e-01,
            9.18838654e+01, 1.89886780e+02, 7.88974345e-01,
            7.39884262e+01, 2.69822235e+02, 7.49436378e-01,
            2.66521606e+02, 1.24573578e+02, 6.57167077e-01,
            3.10646637e+02, 1.76826233e+02, 7.93081343e-01,
            3.70993286e+02, 1.57204819e+02, 6.81545138e-01,
            2.81195129e+02, 2.69822479e+02, 3.84190351e-01,
            3.36714386e+02, 3.39972809e+02, 5.58181942e-01,
            4.55898499e+02, 3.59572937e+02, 6.61653817e-01,
            3.28564362e+02, 2.20825668e+02, 4.94266272e-01,
            4.36265778e+02, 1.76756653e+02, 8.99139643e-01,
            5.08119293e+02, 2.86111969e+02, 6.71569645e-01,
            2.12695206e+02, 8.69836960e+01, 6.23873651e-01,
            2.38795227e+02, 8.36708603e+01, 7.28254676e-01,
            1.88115402e+02, 9.67860336e+01, 6.24431372e-01,
            2.43678070e+02, 8.04441452e+01, 9.12908390e-02 ]
    }
}
