{
    "pose_0": {
        "type_id": "opencv-matrix",
        "rows": 1,
        "cols": 18,
        "dt": "3f",
        "data": [ 4.97908203e+02, 7.21588745e+02, 7.74429560e-01,
            5.27239441e+02, 7.80448120e+02, 7.63816297e-01,
            4.59781921e+02, 8.59978271e+02, 7.48048842e-01,
            2.97827362e+02, 9.27453735e+02, 8.71888757e-01,
            3.38817108e+02, 7.86308777e+02, 8.84862781e-01,
            5.77325317e+02, 6.92210144e+02, 8.11238468e-01,
            7.15587341e+02, 7.89305847e+02, 8.61242652e-01,
            5.97874939e+02, 9.03933594e+02, 7.74754584e-01,
            7.71653076e+02, 8.24625916e+02, 1.75720304e-01,
            1.14543860e+03, 8.39339111e+02, 1.44416884e-01,
            1.42799365e+03, 8.54088562e+02, 2.77208477e-01,
            8.18719666e+02, 7.36337219e+02, 2.03392327e-01,
            8.98161316e+02, 6.33267822e+02, 1.03189953e-01, 0.0, 0.0,
            0.0, 4.59770966e+02, 7.39117371e+02, 8.96132588e-01,
            4.83127716e+02, 6.95208618e+02, 9.40275431e-01,
            4.27213440e+02, 7.89185669e+02, 8.85522246e-01, 0.0, 0.0,
            0.0 ]
    }
}
