{
    "pose_0": {
        "type_id": "opencv-matrix",
        "rows": 1,
        "cols": 18,
        "dt": "3f",
        "data": [ 4.89126648e+02, 7.36217346e+02, 8.58607471e-01,
            5.18450806e+02, 7.83372925e+02, 6.50825858e-01,
            4.62584198e+02, 8.71681763e+02, 6.88257873e-01,
            3.00708679e+02, 9.30690063e+02, 8.72350991e-01,
            3.35955933e+02, 7.92185913e+02, 8.17322850e-01,
            5.47845520e+02, 6.95034485e+02, 5.98481655e-01,
            5.59712158e+02, 5.06874908e+02, 8.14586580e-01,
            5.97826416e+02, 3.62513885e+02, 7.55330265e-01,
            7.86300903e+02, 8.54022339e+02, 2.73960590e-01,
            1.14838586e+03, 8.60002991e+02, 2.22108111e-01,
            1.42499048e+03, 8.65866943e+02, 3.39189500e-01,
            8.03990295e+02, 7.51059570e+02, 2.65977561e-01,
            8.83434204e+02, 6.27444580e+02, 1.65203944e-01,
            9.30475647e+02, 2.41877808e+02, 7.72379637e-02,
            4.59558228e+02, 7.42205750e+02, 1.01660049e+00,
            4.80251801e+02, 7.12722534e+02, 8.92672062e-01,
            4.24300690e+02, 8.06894104e+02, 8.65934491e-01, 0.0, 0.0,
            0.0 ]
    }
}
