{
    "pose_0": {
        "type_id": "opencv-matrix",
        "rows": 1,
        "cols": 18,
        "dt": "3f",
        "data": [ 4.86220276e+02, 7.27478516e+02, 8.24163854e-01,
            5.21456055e+02, 7.83376038e+02, 7.25652695e-01,
            4.62631805e+02, 8.60080017e+02, 7.11554348e-01,
            2.97795532e+02, 9.27683228e+02, 9.00129557e-01,
            3.27194580e+02, 7.86399841e+02, 8.36639524e-01,
            5.53891541e+02, 6.98100769e+02, 6.97236240e-01,
            6.27521973e+02, 5.27247681e+02, 7.69149125e-01,
            7.01002930e+02, 3.89013885e+02, 7.92273045e-01,
            8.03987610e+02, 8.39311401e+02, 3.18257838e-01,
            1.13365015e+03, 8.48122986e+02, 2.20762372e-01,
            1.43092419e+03, 8.57001099e+02, 3.64303023e-01,
            8.39311096e+02, 7.36280212e+02, 3.59441012e-01,
            1.08946423e+03, 6.21456299e+02, 3.59789580e-01,
            1.35441663e+03, 4.39165100e+02, 2.10031822e-01,
            4.59511261e+02, 7.39334045e+02, 1.00419950e+00,
            4.80225311e+02, 7.03915771e+02, 9.15833831e-01,
            4.21426971e+02, 7.95164246e+02, 8.59350085e-01, 0.0, 0.0,
            0.0 ]
    }
}
