{
    "pose_0": {
        "type_id": "opencv-matrix",
        "rows": 1,
        "cols": 18,
        "dt": "3f",
        "data": [ 4.83224335e+02, 7.03954529e+02, 9.05660331e-01,
            5.06773224e+02, 7.65825928e+02, 6.70102715e-01,
            4.59690002e+02, 8.56930481e+02, 7.58107185e-01,
            2.94976624e+02, 9.10077576e+02, 8.65570068e-01,
            3.30110901e+02, 7.62882690e+02, 8.42034996e-01,
            5.33287415e+02, 6.86250000e+02, 6.37690902e-01,
            5.47890015e+02, 4.92025116e+02, 7.77877331e-01,
            5.74360291e+02, 3.41994965e+02, 6.98199689e-01,
            7.68701904e+02, 8.33420776e+02, 2.29824498e-01,
            1.16305713e+03, 8.51133789e+02, 2.19575763e-01,
            1.42508740e+03, 8.60034424e+02, 3.47377777e-01,
            7.89237854e+02, 7.36275696e+02, 2.40915611e-01,
            8.68768494e+02, 6.21614746e+02, 1.38634294e-01,
            8.65856262e+02, 2.21167572e+02, 7.08924234e-02,
            4.53800537e+02, 7.15671875e+02, 9.80753183e-01,
            4.71428497e+02, 6.89088989e+02, 7.75104821e-01,
            4.15454620e+02, 7.80386719e+02, 8.61712694e-01, 0.0, 0.0,
            0.0 ]
    }
}
