{
    "pose_0": {
        "type_id": "opencv-matrix",
        "rows": 1,
        "cols": 18,
        "dt": "3f",
        "data": [ 4.89057251e+02, 7.33298035e+02, 8.37376833e-01,
            5.24327515e+02, 7.86284790e+02, 7.58673728e-01,
            4.59589966e+02, 8.60060730e+02, 7.42426813e-01,
            2.94924652e+02, 9.27713379e+02, 9.26985145e-01,
            3.33018768e+02, 7.89299561e+02, 8.65446985e-01,
            5.77278076e+02, 6.98008606e+02, 7.79430449e-01,
            7.12811401e+02, 8.09730774e+02, 8.33899975e-01,
            5.94972778e+02, 9.04145569e+02, 7.85112381e-01,
            8.27517822e+02, 8.21703003e+02, 3.28560710e-01,
            1.13661548e+03, 8.42246887e+02, 2.73296326e-01,
            1.42794055e+03, 8.42281921e+02, 2.68717021e-01,
            8.48145813e+02, 7.36321960e+02, 3.39130998e-01,
            1.02177637e+03, 6.21482361e+02, 2.94463634e-01,
            1.28373425e+03, 4.09673340e+02, 6.55074790e-02,
            4.56825348e+02, 7.42110229e+02, 1.01628315e+00,
            4.80226837e+02, 7.06851563e+02, 9.12888348e-01,
            4.21402985e+02, 7.95203186e+02, 8.73574078e-01, 0.0, 0.0,
            0.0 ]
    }
}
