{
    "pose_0": {
        "type_id": "opencv-matrix",
        "rows": 1,
        "cols": 18,
        "dt": "3f",
        "data": [ 4.86187042e+02, 7.30396606e+02, 8.32330883e-01,
            5.21389465e+02, 7.83334167e+02, 7.14413643e-01,
            4.65486664e+02, 8.62827026e+02, 7.11381197e-01,
            2.97773163e+02, 9.27737488e+02, 9.04488921e-01,
            3.30078247e+02, 7.86427612e+02, 8.21126938e-01,
            5.53722107e+02, 6.95146057e+02, 7.04589009e-01,
            6.21462830e+02, 5.24302368e+02, 8.07288766e-01,
            6.89124939e+02, 3.85986359e+02, 7.34178782e-01,
            8.04007202e+02, 8.45215027e+02, 3.16219419e-01,
            1.15426843e+03, 8.57013306e+02, 1.75057232e-01,
            1.42503235e+03, 8.57090881e+02, 2.71347821e-01,
            8.36409546e+02, 7.39311279e+02, 3.57301295e-01,
            1.04239954e+03, 6.18543640e+02, 3.74910593e-01,
            1.30431165e+03, 4.12539673e+02, 7.57184774e-02,
            4.56767578e+02, 7.39331116e+02, 1.01080644e+00,
            4.80202209e+02, 7.03905334e+02, 9.09951448e-01,
            4.24317841e+02, 7.92334717e+02, 8.56187880e-01, 0.0, 0.0,
            0.0 ]
    }
}
