{
    "pose_0": {
        "type_id": "opencv-matrix",
        "rows": 1,
        "cols": 18,
        "dt": "3f",
        "data": [ 4.92055847e+02, 7.18767334e+02, 7.78863549e-01,
            5.24305847e+02, 7.80420288e+02, 7.42244601e-01,
            4.59644012e+02, 8.59924805e+02, 7.75551736e-01,
            2.94984680e+02, 9.27646851e+02, 9.17769551e-01,
            3.36044403e+02, 7.89254578e+02, 8.86887908e-01,
            5.74433716e+02, 6.92212769e+02, 8.25595975e-01,
            7.12666321e+02, 7.92296753e+02, 7.97434628e-01,
            5.92090210e+02, 9.04182678e+02, 7.67299891e-01,
            8.12875305e+02, 8.09930420e+02, 2.33637661e-01,
            1.16014392e+03, 8.39313538e+02, 2.27544501e-01,
            1.42498596e+03, 8.45188110e+02, 3.06509972e-01,
            8.39346436e+02, 7.21591614e+02, 2.75815427e-01,
            9.60022949e+02, 6.06800049e+02, 2.11484998e-01,
            1.00707715e+03, 5.36163879e+02, 6.65486529e-02,
            4.59713287e+02, 7.36325745e+02, 9.06842113e-01,
            4.83033356e+02, 6.95245850e+02, 9.43644404e-01,
            4.24379822e+02, 7.89260193e+02, 9.24646139e-01, 0.0, 0.0,
            0.0 ]
    }
}
