{
    "pose_0": {
        "type_id": "opencv-matrix",
        "rows": 1,
        "cols": 18,
        "dt": "3f",
        "data": [ 5.00867584e+02, 7.36177734e+02, 8.63166749e-01,
            5.30203918e+02, 7.86390259e+02, 6.88008666e-01,
            4.80268402e+02, 8.71754578e+02, 7.15990305e-01,
            3.15343750e+02, 9.33553345e+02, 9.01424229e-01,
            3.41807465e+02, 8.01069031e+02, 8.32776785e-01,
            5.53969604e+02, 7.00987610e+02, 6.77149713e-01,
            6.01055298e+02, 5.27244934e+02, 8.64264190e-01,
            6.62727173e+02, 3.68380188e+02, 7.56600201e-01,
            7.92218262e+02, 8.54061401e+02, 2.46074200e-01,
            1.19544592e+03, 8.68816101e+02, 1.01457529e-01, 0.0, 0.0,
            0.0, 8.09898926e+02, 7.53961548e+02, 2.41973639e-01,
            8.98234619e+02, 6.24552612e+02, 1.98888838e-01,
            9.09928955e+02, 2.47694687e+02, 8.18093941e-02,
            4.62697113e+02, 7.42170166e+02, 9.37467039e-01,
            4.83232788e+02, 7.12803345e+02, 8.38288426e-01,
            4.33228119e+02, 8.06911377e+02, 9.33727741e-01, 0.0, 0.0,
            0.0 ]
    }
}
