{
    "pose_0": {
        "type_id": "opencv-matrix",
        "rows": 1,
        "cols": 18,
        "dt": "3f",
        "data": [ 4.71440948e+02, 7.09764954e+02, 8.20747495e-01,
            5.27333679e+02, 7.21679871e+02, 7.70603538e-01,
            4.62637512e+02, 8.07002197e+02, 7.52103567e-01,
            2.94919128e+02, 8.77505920e+02, 8.73167217e-01,
            3.38922302e+02, 7.30472168e+02, 8.48500133e-01,
            5.77402222e+02, 6.42088013e+02, 7.81612754e-01,
            7.09811646e+02, 7.42281921e+02, 8.36566031e-01,
            5.92068970e+02, 8.56957520e+02, 7.71352768e-01,
            7.62809021e+02, 7.77494751e+02, 1.76959962e-01, 0.0, 0.0,
            0.0, 0.0, 0.0, 0.0, 7.98136963e+02, 6.95085022e+02,
            2.62235075e-01, 8.80585449e+02, 5.86212158e+02,
            6.99659958e-02, 0.0, 0.0, 0.0, 4.36163239e+02,
            7.15586243e+02, 9.59398866e-01, 4.59744934e+02,
            6.74491821e+02, 8.92299712e-01, 4.15505798e+02,
            7.42091492e+02, 7.57304847e-01, 4.77215820e+02,
            6.45128052e+02, 7.02584147e-01 ]
    }
}
