{
    "pose_0": {
        "type_id": "opencv-matrix",
        "rows": 1,
        "cols": 18,
        "dt": "3f",
        "data": [ 5.03889435e+02, 7.30443665e+02, 8.60631466e-01,
            5.42046326e+02, 7.80433777e+02, 7.32411623e-01,
            4.83242981e+02, 8.62955322e+02, 7.05046654e-01,
            3.15356415e+02, 9.30556335e+02, 9.18385625e-01,
            3.47779633e+02, 7.86427368e+02, 8.55160475e-01,
            5.74501465e+02, 6.95043274e+02, 7.37509310e-01,
            7.21603516e+02, 6.50903931e+02, 8.30025852e-01,
            7.21710632e+02, 7.56875305e+02, 6.39750123e-01,
            7.74586792e+02, 8.56909363e+02, 3.50291997e-01,
            1.16013269e+03, 8.62866455e+02, 1.17063984e-01,
            1.44566345e+03, 8.59864380e+02, 2.64494717e-01,
            8.06940979e+02, 7.56906799e+02, 2.75239766e-01,
            8.92294373e+02, 6.36245789e+02, 1.64943308e-01, 0.0, 0.0,
            0.0, 4.74354187e+02, 7.39321655e+02, 9.37428832e-01,
            4.94958313e+02, 7.06900818e+02, 8.43353868e-01,
            4.36175323e+02, 7.92321289e+02, 8.98580909e-01,
            4.86271606e+02, 6.92152588e+02, 6.79209903e-02 ]
    }
}
