{
    "pose_0": {
        "type_id": "opencv-matrix",
        "rows": 1,
        "cols": 18,
        "dt": "3f",
        "data": [ 4.83296539e+02, 7.09829956e+02, 9.09927368e-01,
            5.12601196e+02, 7.71672668e+02, 6.76758885e-01,
            4.59635834e+02, 8.56965942e+02, 7.70792127e-01,
            2.94918427e+02, 9.10088013e+02, 8.81572664e-01,
            3.27156860e+02, 7.68713501e+02, 8.14712405e-01,
            5.45009460e+02, 6.92097717e+02, 6.85669601e-01,
            6.03860840e+02, 5.06732300e+02, 8.09078574e-01,
            6.71539917e+02, 3.65430481e+02, 7.47232914e-01,
            7.86319641e+02, 8.33417664e+02, 3.03905070e-01,
            1.17484277e+03, 8.51099731e+02, 1.58099860e-01,
            1.43090869e+03, 8.59799438e+02, 2.10860014e-01,
            8.06946655e+02, 7.33397644e+02, 3.23730230e-01,
            9.07033142e+02, 6.18560608e+02, 2.89715856e-01, 0.0, 0.0,
            0.0, 4.56656921e+02, 7.18605957e+02, 1.00672877e+00,
            4.77216797e+02, 6.89284546e+02, 8.45597684e-01,
            4.15588165e+02, 7.86178528e+02, 8.95361960e-01, 0.0, 0.0,
            0.0 ]
    }
}
