{
    "pose_0": {
        "type_id": "opencv-matrix",
        "rows": 1,
        "cols": 18,
        "dt": "3f",
        "data": [ 4.83129517e+02, 6.92230408e+02, 9.56406534e-01,
            5.09652283e+02, 7.65748535e+02, 6.87617660e-01,
            4.65565948e+02, 8.54071838e+02, 6.86777830e-01,
            2.97858398e+02, 9.07148071e+02, 8.53228927e-01,
            3.33067535e+02, 7.51020142e+02, 7.67684996e-01,
            5.42070251e+02, 6.83333984e+02, 6.03815317e-01,
            5.68526550e+02, 4.86080048e+02, 7.88251638e-01,
            5.97946716e+02, 3.39037659e+02, 7.26350665e-01,
            7.62794189e+02, 8.33385986e+02, 2.86495149e-01,
            1.17190686e+03, 8.56928162e+02, 1.98485538e-01,
            1.42804797e+03, 8.60026611e+02, 3.83886218e-01,
            7.89323181e+02, 7.36293152e+02, 3.17899168e-01,
            8.83526367e+02, 6.06802795e+02, 1.70869902e-01,
            9.15853333e+02, 2.18274536e+02, 1.00706086e-01,
            4.53703217e+02, 7.00984619e+02, 8.85862887e-01,
            4.68509857e+02, 6.71567017e+02, 7.66108036e-01,
            4.15541260e+02, 7.65678101e+02, 9.31127608e-01, 0.0, 0.0,
            0.0 ]
    }
}
