{
    "pose_0": {
        "type_id": "opencv-matrix",
        "rows": 1,
        "cols": 18,
        "dt": "3f",
        "data": [ 4.83300079e+02, 7.12650452e+02, 9.18257236e-01,
            5.06852020e+02, 7.77503723e+02, 6.78185582e-01,
            4.56760345e+02, 8.56981201e+02, 7.66914427e-01,
            2.94897156e+02, 9.12869385e+02, 8.85251582e-01,
            3.30083679e+02, 7.65848022e+02, 8.30452204e-01,
            5.36236694e+02, 6.92254456e+02, 6.61378920e-01,
            5.83249878e+02, 4.94932404e+02, 7.58654892e-01,
            6.42057007e+02, 3.41955566e+02, 7.58191168e-01,
            7.77509399e+02, 8.33467834e+02, 2.90997475e-01,
            1.12187769e+03, 8.48184143e+02, 1.37898117e-01, 0.0, 0.0,
            0.0, 7.98093933e+02, 7.33400208e+02, 3.08566928e-01,
            8.92341187e+02, 6.18574280e+02, 2.33778581e-01,
            9.07117554e+02, 6.36260681e+02, 5.17779142e-02,
            4.56637512e+02, 7.18577454e+02, 1.00809753e+00,
            4.77188904e+02, 6.92028687e+02, 8.11340034e-01,
            4.15574463e+02, 7.83440247e+02, 8.85094047e-01, 0.0, 0.0,
            0.0 ]
    }
}
