{
    "pose_0": {
        "type_id": "opencv-matrix",
        "rows": 1,
        "cols": 18,
        "dt": "3f",
        "data": [ 5.00803375e+02, 7.21678589e+02, 7.98792124e-01,
            5.27280945e+02, 7.77499329e+02, 7.66333699e-01,
            4.62596405e+02, 8.57089844e+02, 7.54580915e-01,
            2.97872223e+02, 9.21775696e+02, 8.40209663e-01,
            3.38939301e+02, 7.86310425e+02, 8.89627576e-01,
            5.77491394e+02, 6.92132629e+02, 7.78660953e-01,
            7.15656799e+02, 7.89437256e+02, 8.45812738e-01,
            5.94962158e+02, 9.04027100e+02, 7.58635998e-01,
            8.09895569e+02, 8.18738525e+02, 2.50168025e-01,
            1.16602576e+03, 8.39399658e+02, 1.95744455e-01,
            1.44269653e+03, 8.51106934e+02, 1.98446751e-01,
            8.30511780e+02, 7.33370239e+02, 2.94869900e-01,
            9.27577698e+02, 6.39171875e+02, 1.82888851e-01, 0.0, 0.0,
            0.0, 4.62685486e+02, 7.39148743e+02, 8.84064436e-01,
            4.83231750e+02, 7.00954773e+02, 9.01845515e-01,
            4.30128571e+02, 7.89204407e+02, 9.25307453e-01,
            4.77330048e+02, 6.86252625e+02, 5.28960600e-02 ]
    }
}
