{
    "pose_0": {
        "type_id": "opencv-matrix",
        "rows": 1,
        "cols": 18,
        "dt": "3f",
        "data": [ 4.62708832e+02, 7.03941345e+02, 8.31453621e-01,
            5.18553467e+02, 7.15644531e+02, 7.61691332e-01,
            4.59567566e+02, 7.89407043e+02, 7.15134740e-01,
            2.92004211e+02, 8.60089111e+02, 9.13308561e-01,
            3.30184601e+02, 7.18733887e+02, 8.51755083e-01,
            5.77363708e+02, 6.27500244e+02, 7.83666313e-01,
            7.03950439e+02, 7.42098877e+02, 8.76368284e-01,
            5.77473877e+02, 8.48147095e+02, 7.38922238e-01,
            8.21682312e+02, 7.59891296e+02, 2.93982387e-01,
            1.15129968e+03, 7.86271973e+02, 1.83980286e-01,
            1.43675916e+03, 7.86480408e+02, 1.40037164e-01,
            8.45224915e+02, 6.71559082e+02, 3.17801565e-01,
            1.02474341e+03, 5.47891113e+02, 2.12034464e-01,
            1.23381116e+03, 3.62481903e+02, 5.95492646e-02,
            4.33168671e+02, 7.12688904e+02, 9.58720207e-01,
            4.59568542e+02, 6.71554688e+02, 8.99194300e-01,
            4.09537506e+02, 7.39175964e+02, 7.29260504e-01,
            4.74399689e+02, 6.39186462e+02, 7.10360050e-01 ]
    }
}
