{
    "pose_0": {
        "type_id": "opencv-matrix",
        "rows": 1,
        "cols": 18,
        "dt": "3f",
        "data": [ 5.06856079e+02, 7.56838196e+02, 8.47871602e-01,
            5.53821167e+02, 8.01025818e+02, 7.96340644e-01,
            5.00792847e+02, 8.80450989e+02, 7.32121527e-01,
            3.30126709e+02, 9.36448547e+02, 8.40556383e-01,
            3.59618713e+02, 7.89194519e+02, 8.23878467e-01,
            6.03892029e+02, 7.15666199e+02, 7.53138006e-01,
            7.15746033e+02, 7.71694031e+02, 7.94277251e-01,
            8.33551331e+02, 8.56953552e+02, 7.51237392e-01,
            8.09836853e+02, 9.07082764e+02, 2.37151757e-01,
            1.16309229e+03, 8.39371765e+02, 1.89061448e-01,
            1.46913562e+03, 8.80583130e+02, 4.78098661e-01,
            8.15831909e+02, 8.45206665e+02, 1.86472312e-01, 0.0, 0.0,
            0.0, 0.0, 0.0, 0.0, 4.77233307e+02, 7.62844666e+02,
            9.38172579e-01, 5.03802063e+02, 7.18775513e+02,
            9.97756720e-01, 4.44935913e+02, 8.09786865e+02,
            8.78084421e-01, 5.03899261e+02, 7.12666321e+02,
            1.95363700e-01 ]
    }
}
