{
    "pose_0": {
        "type_id": "opencv-matrix",
        "rows": 1,
        "cols": 18,
        "dt": "3f",
        "data": [ 4.86121918e+02, 7.36255859e+02, 8.70669603e-01,
            5.21481934e+02, 7.86233337e+02, 7.50593543e-01,
            4.59658051e+02, 8.60058472e+02, 7.36132920e-01,
            2.94943726e+02, 9.27553528e+02, 9.13123131e-01,
            3.21374237e+02, 7.86393677e+02, 8.39786887e-01,
            5.59755005e+02, 7.00997192e+02, 6.95109367e-01,
            6.95067383e+02, 5.74481628e+02, 7.93774605e-01,
            8.12912720e+02, 4.80250732e+02, 7.54687011e-01,
            8.09850769e+02, 8.48165222e+02, 3.28822613e-01,
            1.13363318e+03, 8.39313110e+02, 1.27050206e-01,
            1.43097229e+03, 8.53972290e+02, 3.21764171e-01,
            8.33435059e+02, 7.42147034e+02, 3.63724798e-01,
            1.14244470e+03, 7.01002380e+02, 5.80761969e-01,
            1.42804102e+03, 6.45163025e+02, 4.05914724e-01,
            4.56685272e+02, 7.42172791e+02, 1.01871359e+00,
            4.80175751e+02, 7.09797791e+02, 9.00851429e-01,
            4.21429565e+02, 7.95142822e+02, 8.53073955e-01, 0.0, 0.0,
            0.0 ]
    }
}
