{
    "pose_0": {
        "type_id": "opencv-matrix",
        "rows": 1,
        "cols": 18,
        "dt": "3f",
        "data": [ 4.86154999e+02, 7.33413940e+02, 8.36335838e-01,
            5.24444946e+02, 7.83419495e+02, 7.66157687e-01,
            4.56751190e+02, 8.60019409e+02, 7.28653848e-01,
            2.94937347e+02, 9.24615723e+02, 8.91673684e-01,
            3.21330109e+02, 7.86365723e+02, 8.28513741e-01,
            5.71451477e+02, 6.98148499e+02, 6.78812325e-01,
            7.65725586e+02, 6.45140503e+02, 7.80193448e-01,
            9.48245667e+02, 6.01079773e+02, 6.28210723e-01,
            8.42275452e+02, 8.36333557e+02, 3.02001715e-01,
            1.14839343e+03, 8.51088684e+02, 2.79674232e-01,
            1.43684668e+03, 8.59842224e+02, 6.00338399e-01,
            8.62878601e+02, 7.18603271e+02, 2.72929758e-01,
            1.14837866e+03, 7.62788391e+02, 6.43217802e-01,
            1.45152283e+03, 7.62718140e+02, 5.45400381e-01,
            4.56714905e+02, 7.42136292e+02, 1.00495625e+00,
            4.80193726e+02, 7.06853271e+02, 9.10758376e-01,
            4.18426178e+02, 7.92199402e+02, 9.11426187e-01,
            4.65555878e+02, 6.91945313e+02, 5.95159307e-02 ]
    }
}
