{
    "pose_0": {
        "type_id": "opencv-matrix",
        "rows": 1,
        "cols": 18,
        "dt": "3f",
        "data": [ 4.86217896e+02, 7.27522339e+02, 8.24513018e-01,
            5.18501770e+02, 7.83313599e+02, 7.02045679e-01,
            4.62611877e+02, 8.62850281e+02, 7.23068833e-01,
            2.97822968e+02, 9.27707458e+02, 9.02748346e-01,
            3.30177307e+02, 7.86357666e+02, 8.28936875e-01,
            5.50900940e+02, 6.95170044e+02, 6.96830451e-01,
            6.09780029e+02, 5.21420776e+02, 7.78106868e-01,
            6.68720032e+02, 3.80227936e+02, 8.39465737e-01,
            7.95168518e+02, 8.53982361e+02, 3.15981001e-01,
            1.14542139e+03, 8.53995667e+02, 2.10300922e-01,
            1.42215454e+03, 8.59820923e+02, 3.07810187e-01,
            8.30506042e+02, 7.42230713e+02, 3.28130305e-01,
            9.65910034e+02, 6.42071777e+02, 2.85151482e-01, 0.0, 0.0,
            0.0, 4.56789734e+02, 7.39307678e+02, 1.02099538e+00,
            4.80201996e+02, 7.01069702e+02, 8.96190941e-01,
            4.21432068e+02, 7.92328369e+02, 8.58880758e-01, 0.0, 0.0,
            0.0 ]
    }
}
