{
    "pose_0": {
        "type_id": "opencv-matrix",
        "rows": 1,
        "cols": 18,
        "dt": "3f",
        "data": [ 4.83317657e+02, 7.09822815e+02, 9.25985157e-01,
            5.06763824e+02, 7.71670471e+02, 6.82178080e-01,
            4.59589722e+02, 8.56972961e+02, 7.76313365e-01,
            2.94906067e+02, 9.10082886e+02, 8.84301424e-01,
            3.30080811e+02, 7.65885193e+02, 8.37889016e-01,
            5.33309814e+02, 6.92091003e+02, 6.65005088e-01,
            5.65597778e+02, 5.00798187e+02, 7.44578123e-01,
            6.03982910e+02, 3.39038025e+02, 6.53004766e-01,
            7.74556458e+02, 8.36348633e+02, 2.68952638e-01,
            1.16604626e+03, 8.59888123e+02, 1.15227863e-01,
            1.42796362e+03, 8.57060547e+02, 2.67881393e-01,
            7.95209778e+02, 7.39206665e+02, 2.81183958e-01,
            8.83389709e+02, 6.09784058e+02, 2.32661486e-01, 0.0, 0.0,
            0.0, 4.56655792e+02, 7.18520691e+02, 1.00844657e+00,
            4.74396912e+02, 6.92008057e+02, 7.74467826e-01,
            4.15490021e+02, 7.86172546e+02, 9.09371972e-01, 0.0, 0.0,
            0.0 ]
    }
}
