{
    "pose_0": {
        "type_id": "opencv-matrix",
        "rows": 1,
        "cols": 18,
        "dt": "3f",
        "data": [ 4.92027374e+02, 7.15753357e+02, 8.25159073e-01,
            5.27323914e+02, 7.68777893e+02, 7.31648088e-01,
            4.68515198e+02, 8.56978882e+02, 6.97258711e-01,
            2.94835693e+02, 9.10083252e+02, 8.92510831e-01,
            3.30175507e+02, 7.68770447e+02, 8.23035598e-01,
            5.65600464e+02, 6.89236267e+02, 6.81068778e-01,
            7.39234741e+02, 5.89141602e+02, 7.64085472e-01,
            8.71693237e+02, 5.30334167e+02, 7.91532636e-01,
            8.30509277e+02, 8.30438965e+02, 3.52968007e-01,
            1.16894385e+03, 8.39333008e+02, 2.27322906e-01,
            1.42797205e+03, 8.57016602e+02, 3.43897402e-01,
            8.57014648e+02, 7.21643494e+02, 3.23650599e-01,
            1.12485461e+03, 6.42049866e+02, 3.43690872e-01,
            1.41031580e+03, 5.30237488e+02, 1.14089392e-01,
            4.59519867e+02, 7.24584473e+02, 9.25397754e-01,
            4.80336578e+02, 6.92230408e+02, 9.49464023e-01,
            4.18468475e+02, 7.86416321e+02, 9.15814638e-01, 0.0, 0.0,
            0.0 ]
    }
}
