{
    "pose_0": {
        "type_id": "opencv-matrix",
        "rows": 1,
        "cols": 18,
        "dt": "3f",
        "data": [ 5.00838440e+02, 7.21629272e+02, 7.97816396e-01,
            5.30247437e+02, 7.74620667e+02, 7.64347672e-01,
            4.65560791e+02, 8.57015503e+02, 7.42907405e-01,
            3.00775208e+02, 9.21680115e+02, 8.36943805e-01,
            3.38943878e+02, 7.86310730e+02, 9.03113127e-01,
            5.80347778e+02, 6.92093994e+02, 7.57295728e-01,
            7.15744690e+02, 7.89426636e+02, 8.59262407e-01,
            5.98017639e+02, 9.01012329e+02, 7.71318495e-01,
            8.30480469e+02, 8.09938354e+02, 2.53039718e-01,
            1.16899512e+03, 8.36365234e+02, 2.32892931e-01,
            1.43092590e+03, 8.45187195e+02, 3.40222746e-01,
            8.56968750e+02, 7.18662842e+02, 3.01820576e-01,
            1.05123523e+03, 5.97926514e+02, 1.80692479e-01,
            1.26614856e+03, 4.09569794e+02, 1.58260852e-01,
            4.65502563e+02, 7.39103088e+02, 8.56457293e-01,
            4.83291199e+02, 6.98112244e+02, 9.13229346e-01,
            4.30263062e+02, 7.86433533e+02, 9.36346114e-01,
            4.80302094e+02, 6.89081970e+02, 1.00256830e-01 ]
    }
}
