{
    "pose_0": {
        "type_id": "opencv-matrix",
        "rows": 1,
        "cols": 18,
        "dt": "3f",
        "data": [ 5.06647278e+02, 7.39082520e+02, 9.19424474e-01,
            5.30300842e+02, 7.83445313e+02, 7.60807991e-01,
            4.62569702e+02, 8.62864502e+02, 7.10430682e-01,
            3.00741425e+02, 9.27565796e+02, 8.75950515e-01,
            3.39082977e+02, 7.89210022e+02, 9.04433131e-01,
            5.89097412e+02, 6.95129883e+02, 7.54900396e-01,
            7.18718384e+02, 8.06979004e+02, 8.71615648e-01,
            5.94971619e+02, 9.04214172e+02, 7.69933701e-01,
            8.42261108e+02, 8.36336426e+02, 2.69533217e-01,
            1.16895618e+03, 8.30512512e+02, 2.09296525e-01,
            1.43678406e+03, 8.54000793e+02, 3.75384510e-01,
            8.77601929e+02, 7.33373413e+02, 2.66752362e-01,
            1.14835791e+03, 7.62768799e+02, 4.92543578e-01,
            1.46626489e+03, 7.86350647e+02, 5.72988629e-01,
            4.74394501e+02, 7.42325745e+02, 9.11350012e-01,
            4.97881134e+02, 7.09833801e+02, 8.61630082e-01,
            4.33189453e+02, 7.95250427e+02, 9.07770872e-01,
            4.83227417e+02, 6.92136841e+02, 1.10656925e-01 ]
    }
}
