{
    "pose_0": {
        "type_id": "opencv-matrix",
        "rows": 1,
        "cols": 18,
        "dt": "3f",
        "data": [ 4.86104156e+02, 7.15775269e+02, 8.40638995e-01,
            5.30220947e+02, 7.68713867e+02, 7.55469382e-01,
            4.68516235e+02, 8.56890686e+02, 6.88436508e-01,
            2.94842621e+02, 9.10083008e+02, 8.90663683e-01,
            3.27232391e+02, 7.68727783e+02, 8.22819531e-01,
            5.74321655e+02, 6.89278931e+02, 7.01919377e-01,
            7.65871460e+02, 6.45143616e+02, 8.08669567e-01,
            9.24632080e+02, 6.27484009e+02, 6.60307586e-01,
            8.33437622e+02, 8.27503418e+02, 3.01754981e-01,
            1.14540759e+03, 8.36396667e+02, 3.27997565e-01,
            1.42796167e+03, 8.54065735e+02, 4.88826156e-01,
            8.51120056e+02, 7.15757935e+02, 3.25713933e-01,
            1.14243042e+03, 7.30442993e+02, 4.56233919e-01,
            1.42503906e+03, 6.98029358e+02, 1.57923535e-01,
            4.56580170e+02, 7.27459229e+02, 8.93927455e-01,
            4.80149323e+02, 6.92157532e+02, 9.29135859e-01,
            4.15617249e+02, 7.86284241e+02, 9.03765023e-01, 0.0, 0.0,
            0.0 ]
    }
}
