{
    "pose_0": {
        "type_id": "opencv-matrix",
        "rows": 1,
        "cols": 18,
        "dt": "3f",
        "data": [ 5.03720337e+02, 7.33349976e+02, 8.49111676e-01,
            5.30281006e+02, 7.77563904e+02, 7.65330791e-01,
            4.62649109e+02, 8.59846680e+02, 7.40815938e-01,
            3.00733704e+02, 9.21751648e+02, 8.41779113e-01,
            3.38955048e+02, 7.86378723e+02, 8.96210372e-01,
            5.83265930e+02, 6.92180786e+02, 7.52226114e-01,
            7.18610352e+02, 7.95253845e+02, 8.22208881e-01,
            5.97913147e+02, 9.01183167e+02, 7.76899576e-01,
            8.36382080e+02, 8.15782349e+02, 2.90575117e-01,
            1.16012366e+03, 8.33378113e+02, 5.11809140e-02, 1428.0,
            8.42254456e+02, 2.98935652e-01, 8.62854797e+02,
            7.24540466e+02, 3.29291940e-01, 1.13958667e+03,
            7.00963074e+02, 4.68604743e-01, 1.43095117e+03,
            6.51045471e+02, 4.33744162e-01, 4.65550079e+02,
            7.42052429e+02, 9.20890272e-01, 4.86121674e+02,
            7.06813171e+02, 8.52930188e-01, 4.30209869e+02,
            7.89289856e+02, 9.35323179e-01, 4.83099213e+02,
            6.89189087e+02, 1.54443160e-01 ]
    }
}
