{
    "pose_0": {
        "type_id": "opencv-matrix",
        "rows": 1,
        "cols": 18,
        "dt": "3f",
        "data": [ 4.77256866e+02, 7.21573242e+02, 8.59540403e-01,
            5.27235413e+02, 7.48056641e+02, 7.53748238e-01,
            4.62638824e+02, 8.33334351e+02, 7.35819340e-01,
            2.94980377e+02, 8.98240479e+02, 8.54260564e-01,
            3.39030945e+02, 7.53925354e+02, 8.59565496e-01,
            5.77289124e+02, 6.65610779e+02, 7.73100257e-01,
            7.09838745e+02, 7.62796082e+02, 8.40692997e-01,
            5.89135559e+02, 8.80495911e+02, 7.64121890e-01,
            7.39276733e+02, 8.24591248e+02, 2.14091420e-01, 0.0, 0.0,
            0.0, 0.0, 0.0, 0.0, 7.80421570e+02, 7.24594177e+02,
            2.49221623e-01, 0.0, 0.0, 0.0, 0.0, 0.0, 0.0, 4.36244659e+02,
            7.33316101e+02, 9.06012416e-01, 4.62564117e+02,
            6.92199219e+02, 8.73371720e-01, 4.15470673e+02,
            7.62919434e+02, 7.87202299e-01, 4.74370728e+02,
            6.65599854e+02, 5.91692090e-01 ]
    }
}
