{
    "pose_0": {
        "type_id": "opencv-matrix",
        "rows": 1,
        "cols": 18,
        "dt": "3f",
        "data": [ 4.86152954e+02, 7.18682007e+02, 8.07131946e-01,
            5.30233704e+02, 7.71696350e+02, 7.50388026e-01,
            4.59733521e+02, 8.56980408e+02, 7.37347543e-01,
            2.94871368e+02, 9.12948975e+02, 8.75379086e-01,
            3.30143951e+02, 7.68728882e+02, 8.23289812e-01,
            5.77353027e+02, 6.92262390e+02, 7.20887065e-01,
            7.86231018e+02, 6.68584595e+02, 8.88909817e-01,
            9.27636536e+02, 6.68468506e+02, 8.84670377e-01,
            8.48174805e+02, 8.33447083e+02, 3.04934263e-01,
            1.10718835e+03, 8.33470032e+02, 1.69520259e-01,
            1.43095862e+03, 8.56976990e+02, 3.51115376e-01,
            8.71694763e+02, 7.24554016e+02, 3.30759466e-01,
            1.13660803e+03, 7.65803467e+02, 6.40962601e-01,
            1.45450256e+03, 7.86281555e+02, 5.97313762e-01,
            4.56625031e+02, 7.33375122e+02, 8.98590207e-01,
            4.80261230e+02, 6.95082764e+02, 9.52012658e-01,
            4.15582947e+02, 7.86391602e+02, 9.23190296e-01, 0.0, 0.0,
            0.0 ]
    }
}
