{
    "pose_0": {
        "type_id": "opencv-matrix",
        "rows": 1,
        "cols": 18,
        "dt": "3f",
        "data": [ 4.89038483e+02, 7.12806213e+02, 8.58262777e-01,
            5.27296326e+02, 7.62853027e+02, 7.55153060e-01,
            4.65515289e+02, 8.42325623e+02, 6.77113414e-01,
            2.94987793e+02, 9.07184753e+02, 8.72152627e-01,
            3.38980408e+02, 7.65627502e+02, 9.15495574e-01,
            5.77312073e+02, 6.71608948e+02, 7.95286179e-01,
            7.12703979e+02, 7.71587463e+02, 8.09645116e-01,
            5.89121643e+02, 8.86414001e+02, 7.33012378e-01,
            7.39290039e+02, 8.33448792e+02, 1.93478867e-01, 0.0, 0.0,
            0.0, 0.0, 0.0, 0.0, 7.83415039e+02, 7.39257263e+02,
            2.11772874e-01, 0.0, 0.0, 0.0, 0.0, 0.0, 0.0, 4.56755890e+02,
            7.18740356e+02, 9.89274144e-01, 4.80281158e+02,
            6.86266357e+02, 9.12742615e-01, 4.21442169e+02,
            7.68761475e+02, 9.00636196e-01, 4.62787079e+02,
            6.68507324e+02, 8.34243149e-02 ]
    }
}
