{
    "pose_0": {
        "type_id": "opencv-matrix",
        "rows": 1,
        "cols": 18,
        "dt": "3f",
        "data": [ 5.03912323e+02, 7.36191833e+02, 9.09178972e-01,
            5.33286804e+02, 7.86300232e+02, 6.90383613e-01,
            4.83184753e+02, 8.74589417e+02, 7.11422324e-01,
            3.15494232e+02, 9.33571228e+02, 9.01285529e-01,
            3.44874329e+02, 7.98166748e+02, 8.28512788e-01,
            5.59705872e+02, 7.01006775e+02, 6.89797401e-01,
            6.03923706e+02, 5.24402527e+02, 8.34461093e-01,
            6.65673035e+02, 3.65618500e+02, 8.09799910e-01,
            7.98093994e+02, 8.51056519e+02, 2.86217958e-01,
            1.17485339e+03, 8.71722961e+02, 1.36349693e-01,
            1.43677637e+03, 8.68801453e+02, 2.35942125e-01,
            8.09936890e+02, 7.53939148e+02, 2.88055122e-01,
            8.92372009e+02, 6.21520569e+02, 2.37632290e-01,
            9.24676575e+02, 2.35987869e+02, 6.29012063e-02,
            4.74345093e+02, 7.42165405e+02, 9.47763503e-01,
            4.94948486e+02, 7.12749329e+02, 8.38022351e-01,
            4.36157684e+02, 8.06945313e+02, 9.09123957e-01, 0.0, 0.0,
            0.0 ]
    }
}
