{
    "pose_0": {
        "type_id": "opencv-matrix",
        "rows": 1,
        "cols": 18,
        "dt": "3f",
        "data": [ 5.06607758e+02, 7.36197021e+02, 8.97598207e-01,
            5.30365662e+02, 7.83395264e+02, 7.62862980e-01,
            4.68486664e+02, 8.59982605e+02, 7.02028751e-01,
            3.00732971e+02, 9.27500427e+02, 8.59209418e-01,
            3.41851318e+02, 7.86455933e+02, 9.21064496e-01,
            5.89096436e+02, 6.95048645e+02, 7.47769713e-01,
            7.18666016e+02, 8.06881836e+02, 8.54330420e-01,
            5.94997681e+02, 9.04147339e+02, 7.80042708e-01,
            8.39304626e+02, 8.36393433e+02, 2.42384017e-01,
            1.17777673e+03, 8.30489197e+02, 1.75432593e-01,
            1.43972803e+03, 8.54035339e+02, 3.11409920e-01,
            8.80509155e+02, 7.33383484e+02, 2.73914069e-01,
            1.15423608e+03, 7.65677734e+02, 3.71097982e-01,
            1.45737476e+03, 7.86326477e+02, 5.71852565e-01,
            4.74295685e+02, 7.42171753e+02, 9.14770484e-01,
            4.94926331e+02, 7.06865540e+02, 8.40375245e-01,
            4.33177734e+02, 7.92310974e+02, 9.19298589e-01,
            4.83137909e+02, 6.92005432e+02, 1.03807390e-01 ]
    }
}
