{
    "pose_0": {
        "type_id": "opencv-matrix",
        "rows": 1,
        "cols": 18,
        "dt": "3f",
        "data": [ 4.71410370e+02, 7.15702515e+02, 8.95877719e-01,
            5.27317017e+02, 7.36316772e+02, 7.72635102e-01,
            4.65592529e+02, 8.12767944e+02, 7.65231192e-01,
            2.94866760e+02, 8.83362793e+02, 9.32915092e-01,
            3.38882874e+02, 7.36368286e+02, 8.95002067e-01,
            5.77310669e+02, 6.47968079e+02, 8.03098500e-01,
            7.09834290e+02, 7.45182922e+02, 8.19018781e-01,
            5.92033081e+02, 8.59977722e+02, 7.64048338e-01,
            7.42180725e+02, 8.12818970e+02, 1.81211397e-01, 0.0, 0.0,
            0.0, 0.0, 0.0, 0.0, 7.86344604e+02, 7.24554382e+02,
            1.63757220e-01, 0.0, 0.0, 0.0, 0.0, 0.0, 0.0, 4.36190643e+02,
            7.18720154e+02, 9.95209038e-01, 4.59702789e+02,
            6.86306458e+02, 8.52828562e-01, 4.15543427e+02,
            7.48041077e+02, 6.56397462e-01, 4.74332550e+02,
            6.50931335e+02, 7.57816195e-01 ]
    }
}
