{
    "pose_0": {
        "type_id": "opencv-matrix",
        "rows": 1,
        "cols": 18,
        "dt": "3f",
        "data": [ 4.97918091e+02, 7.39178772e+02, 8.63706589e-01,
            5.27238037e+02, 7.86445557e+02, 7.80094147e-01,
            4.56738068e+02, 8.62848389e+02, 7.63015687e-01,
            2.94917694e+02, 9.27758667e+02, 9.30692732e-01,
            3.33079590e+02, 7.89299927e+02, 8.66819978e-01,
            5.80359497e+02, 7.00995667e+02, 7.32639670e-01,
            7.18646729e+02, 8.09904297e+02, 9.21108484e-01,
            5.97965759e+02, 9.04110596e+02, 8.07397306e-01,
            8.54047913e+02, 8.21682251e+02, 3.26607376e-01,
            1.12776501e+03, 8.51098511e+02, 2.21794814e-01,
            1.42209241e+03, 8.39404907e+02, 3.99605453e-01,
            8.77602661e+02, 7.27479126e+02, 3.15880209e-01,
            1.13660999e+03, 6.80417969e+02, 5.76646149e-01,
            1.42210791e+03, 6.03868774e+02, 3.06691349e-01,
            4.59625671e+02, 7.45133118e+02, 9.35435355e-01,
            4.83172058e+02, 7.12671631e+02, 9.75124002e-01,
            4.24287170e+02, 7.98117554e+02, 8.66158307e-01,
            4.77325287e+02, 6.92307068e+02, 1.43494785e-01 ]
    }
}
