{
    "pose_0": {
        "type_id": "opencv-matrix",
        "rows": 1,
        "cols": 18,
        "dt": "3f",
        "data": [ 4.83174713e+02, 7.03944397e+02, 9.08894241e-01,
            5.03880615e+02, 7.65736816e+02, 6.65021718e-01,
            4.56774170e+02, 8.57001953e+02, 7.64191985e-01,
            2.94962219e+02, 9.09964966e+02, 8.76649737e-01,
            3.27254913e+02, 7.59866211e+02, 7.85922408e-01,
            5.33197144e+02, 6.80419922e+02, 6.43064678e-01,
            5.47884705e+02, 4.89078094e+02, 7.68893003e-01,
            5.68594177e+02, 3.44894104e+02, 7.02261925e-01,
            7.62819702e+02, 8.33473755e+02, 2.39284009e-01,
            1.08067871e+03, 8.48165588e+02, 1.15215965e-01, 0.0, 0.0,
            0.0, 7.86392883e+02, 7.36274963e+02, 2.83280790e-01,
            8.59913940e+02, 5.21473022e+02, 9.55984294e-02,
            8.59870605e+02, 2.21244873e+02, 1.38977766e-01,
            4.53713043e+02, 7.15659241e+02, 9.70161200e-01,
            4.71404083e+02, 6.86259888e+02, 7.69501805e-01,
            4.12603119e+02, 7.77538391e+02, 8.91328037e-01, 0.0, 0.0,
            0.0 ]
    }
}
