{
    "pose_0": {
        "type_id": "opencv-matrix",
        "rows": 1,
        "cols": 18,
        "dt": "3f",
        "data": [ 4.86165863e+02, 7.36211121e+02, 8.67915511e-01,
            5.18509521e+02, 7.83452209e+02, 7.40778923e-01,
            4.56695679e+02, 8.62849243e+02, 7.42987871e-01,
            2.94956055e+02, 9.27561401e+02, 9.21845794e-01,
            3.24245300e+02, 7.86400024e+02, 8.37927401e-01,
            5.56759094e+02, 7.01007996e+02, 7.13506639e-01,
            6.71453369e+02, 5.68556763e+02, 8.00620317e-01,
            7.92244568e+02, 4.33043854e+02, 6.02662027e-01,
            8.18714844e+02, 8.42307800e+02, 3.27206284e-01,
            1.07773718e+03, 8.54008301e+02, 2.04370603e-01,
            1.42509363e+03, 8.56926941e+02, 4.93460089e-01,
            8.39392578e+02, 7.42179016e+02, 3.25973511e-01,
            1.13656921e+03, 6.86235107e+02, 5.58366537e-01,
            1.43971643e+03, 5.97948120e+02, 3.99186432e-01,
            4.56755127e+02, 7.42173462e+02, 1.01131296e+00,
            4.80209991e+02, 7.09759644e+02, 9.10752475e-01,
            4.21429504e+02, 7.95168274e+02, 8.59384477e-01, 0.0, 0.0,
            0.0 ]
    }
}
