{
    "pose_0": {
        "type_id": "opencv-matrix",
        "rows": 1,
        "cols": 18,
        "dt": "3f",
        "data": [ 5.00763977e+02, 7.27486328e+02, 8.12934101e-01,
            5.27337158e+02, 7.83423462e+02, 7.65919447e-01,
            4.65555298e+02, 8.62839172e+02, 6.97787225e-01,
            3.03626495e+02, 9.27656006e+02, 8.78127515e-01,
            3.39007629e+02, 7.86410461e+02, 8.92287731e-01,
            5.77378540e+02, 6.95141846e+02, 8.13466132e-01,
            7.15669067e+02, 7.89393250e+02, 8.69556427e-01,
            5.94999512e+02, 9.06893372e+02, 7.59720564e-01,
            7.65810059e+02, 8.36357239e+02, 1.99912503e-01,
            1.18075610e+03, 8.59875549e+02, 1.61733374e-01,
            1.44569666e+03, 8.59847778e+02, 3.45796555e-01,
            8.01094116e+02, 7.42277649e+02, 2.09033087e-01,
            8.83409790e+02, 6.21541687e+02, 8.39788094e-02, 0.0, 0.0,
            0.0, 4.62540192e+02, 7.39263916e+02, 9.30360258e-01,
            4.83168365e+02, 7.01007996e+02, 8.97928476e-01,
            4.30129486e+02, 7.92184753e+02, 8.98570538e-01, 0.0, 0.0,
            0.0 ]
    }
}
