{
    "pose_0": {
        "type_id": "opencv-matrix",
        "rows": 1,
        "cols": 18,
        "dt": "3f",
        "data": [ 4.83119568e+02, 6.92039551e+02, 9.29133296e-01,
            5.12682312e+02, 7.62875305e+02, 6.75999045e-01,
            4.74382507e+02, 8.53976440e+02, 6.91020846e-01,
            3.06612610e+02, 9.07190491e+02, 8.40742111e-01,
            3.38806488e+02, 7.51043579e+02, 8.04027677e-01,
            5.47893066e+02, 6.74551880e+02, 6.49965584e-01,
            5.77464050e+02, 4.86088165e+02, 8.34862888e-01,
            6.21664063e+02, 3.35997681e+02, 7.60701954e-01,
            7.74592346e+02, 8.30473389e+02, 2.76717216e-01,
            1.14543311e+03, 8.54015808e+02, 1.88759536e-01,
            1.43095203e+03, 8.57078796e+02, 1.47212192e-01,
            8.04003418e+02, 7.33374023e+02, 2.72661537e-01,
            8.71731995e+02, 6.15638123e+02, 1.31364226e-01, 0.0, 0.0,
            0.0, 4.53745209e+02, 6.95273376e+02, 9.37584460e-01,
            4.65559387e+02, 6.68725037e+02, 7.31920898e-01,
            4.18433716e+02, 7.62936035e+02, 9.15265322e-01, 0.0, 0.0,
            0.0 ]
    }
}
