{
    "pose_0": {
        "type_id": "opencv-matrix",
        "rows": 1,
        "cols": 18,
        "dt": "3f",
        "data": [ 4.97882202e+02, 7.00999878e+02, 8.00095618e-01,
            5.27256226e+02, 7.65754517e+02, 7.72487283e-01,
            4.71402588e+02, 8.45231567e+02, 6.65382206e-01,
            2.97759766e+02, 9.12935669e+02, 8.40640366e-01,
            3.38934143e+02, 7.74578430e+02, 8.51152241e-01,
            5.77301025e+02, 6.74538757e+02, 7.99650967e-01,
            7.12738953e+02, 7.80494690e+02, 8.13144922e-01,
            5.92076843e+02, 8.89399719e+02, 6.95934236e-01,
            7.59851196e+02, 8.39328979e+02, 2.24701956e-01,
            1.17779456e+03, 8.39368042e+02, 1.01775259e-01,
            1.43383472e+03, 8.36266113e+02, 2.44233444e-01,
            7.92211975e+02, 7.48072021e+02, 1.85384214e-01,
            8.80409729e+02, 6.00925049e+02, 1.04452647e-01, 0.0, 0.0,
            0.0, 4.62573517e+02, 7.15619568e+02, 9.02100325e-01,
            4.83063812e+02, 6.80388794e+02, 8.44847262e-01,
            4.33022491e+02, 7.71704590e+02, 9.00609255e-01, 0.0, 0.0,
            0.0 ]
    }
}
