{
    "pose_0": {
        "type_id": "opencv-matrix",
        "rows": 1,
        "cols": 18,
        "dt": "3f",
        "data": [ 5.18508301e+02, 7.39127808e+02, 8.36573482e-01,
            5.53807068e+02, 7.95130981e+02, 7.94177413e-01,
            4.97923065e+02, 8.74650635e+02, 6.95470691e-01,
            3.30160553e+02, 9.33514038e+02, 8.47962797e-01,
            3.62498810e+02, 7.89207947e+02, 8.62473369e-01,
            6.03849792e+02, 7.12795898e+02, 7.52860248e-01,
            7.12820007e+02, 8.01026672e+02, 8.01161945e-01,
            8.24562073e+02, 9.04097473e+02, 6.42763257e-01,
            7.62793213e+02, 9.04036987e+02, 1.76809430e-01, 0.0, 0.0,
            0.0, 0.0, 0.0, 0.0, 8.71711243e+02, 7.42288818e+02,
            2.80692130e-01, 1.15715979e+03, 7.56886658e+02,
            5.70355713e-01, 1.44563770e+03, 7.21654114e+02,
            1.59987986e-01, 4.83075775e+02, 7.42387634e+02,
            9.59823847e-01, 5.06657898e+02, 7.12662231e+02,
            9.41809177e-01, 4.50830383e+02, 8.01053528e+02,
            8.72481227e-01, 5.06711029e+02, 6.94977966e+02,
            7.11462200e-02 ]
    }
}
