{
    "pose_0": {
        "type_id": "opencv-matrix",
        "rows": 1,
        "cols": 18,
        "dt": "3f",
        "data": [ 4.86080200e+02, 7.36210449e+02, 8.59543979e-01,
            5.24300781e+02, 7.83411682e+02, 7.66260743e-01,
            4.59650330e+02, 8.59961487e+02, 7.27413893e-01,
            2.94967346e+02, 9.27521240e+02, 9.14084792e-01,
            3.21371429e+02, 7.86348145e+02, 8.31313491e-01,
            5.62680847e+02, 7.00988037e+02, 6.80094421e-01,
            7.15628540e+02, 5.97900635e+02, 7.50546157e-01,
            8.60000549e+02, 5.03662933e+02, 6.60944939e-01,
            8.18740967e+02, 8.33487305e+02, 3.40514839e-01,
            1.13953088e+03, 8.36311707e+02, 2.12364525e-01,
            1.43097180e+03, 8.56836426e+02, 5.81057131e-01,
            8.42274231e+02, 7.30435730e+02, 3.13704997e-01,
            1.14252698e+03, 7.36259216e+02, 5.21287322e-01,
            1.44269641e+03, 6.92093628e+02, 5.11362135e-01,
            4.56687042e+02, 7.42158997e+02, 1.00829899e+00,
            4.80164795e+02, 7.09754578e+02, 9.04828548e-01,
            4.21407959e+02, 7.92334351e+02, 8.64479482e-01, 0.0, 0.0,
            0.0 ]
    }
}
