{
    "pose_0": {
        "type_id": "opencv-matrix",
        "rows": 1,
        "cols": 18,
        "dt": "3f",
        "data": [ 4.83297638e+02, 6.94989502e+02, 9.11288083e-01,
            5.15585999e+02, 7.65786316e+02, 6.75637722e-01,
            4.71464752e+02, 8.56915039e+02, 7.07744777e-01,
            3.06641205e+02, 9.10040955e+02, 8.48234296e-01,
            3.35985748e+02, 7.62734375e+02, 8.32803607e-01,
            5.47869263e+02, 6.89168091e+02, 6.83078408e-01,
            6.06863586e+02, 5.00906464e+02, 7.94801474e-01,
            6.68721802e+02, 3.62591339e+02, 8.37936223e-01,
            7.71639160e+02, 8.30496887e+02, 3.01265776e-01,
            1.16601550e+03, 8.57027100e+02, 1.85148448e-01,
            1.42801428e+03, 8.59876221e+02, 3.27337414e-01,
            8.04012512e+02, 7.30462524e+02, 3.09157938e-01,
            9.01074219e+02, 6.00956299e+02, 2.16284707e-01, 0.0, 0.0,
            0.0, 4.56583893e+02, 7.03917114e+02, 8.96401703e-01,
            4.74337952e+02, 6.71676331e+02, 7.38670170e-01,
            4.18509399e+02, 7.65893494e+02, 8.82946432e-01, 0.0, 0.0,
            0.0 ]
    }
}
