{
    "pose_0": {
        "type_id": "opencv-matrix",
        "rows": 1,
        "cols": 18,
        "dt": "3f",
        "data": [ 5.00892792e+02, 7.27488647e+02, 8.03547978e-01,
            5.27396484e+02, 7.80403687e+02, 7.69994140e-01,
            4.62665222e+02, 8.57104187e+02, 7.44032085e-01,
            3.00716309e+02, 9.21712341e+02, 8.34324181e-01,
            3.38841309e+02, 7.86378662e+02, 8.92630637e-01,
            5.80355164e+02, 6.92167236e+02, 7.59407759e-01,
            7.15783752e+02, 7.92346436e+02, 8.33899796e-01,
            5.97968506e+02, 9.01114624e+02, 7.79877067e-01,
            8.45238831e+02, 8.12876099e+02, 3.36629689e-01,
            1.16605530e+03, 8.45178650e+02, 2.04504684e-01,
            1.43388354e+03, 8.42305176e+02, 2.74437398e-01,
            8.77602051e+02, 7.18631165e+02, 3.49262834e-01,
            1.14242664e+03, 6.59799622e+02, 3.60092193e-01,
            1.42506592e+03, 5.95043213e+02, 2.28032306e-01,
            4.65492157e+02, 7.39256653e+02, 9.04668927e-01,
            4.83314331e+02, 7.03879639e+02, 8.89528632e-01,
            4.30125793e+02, 7.86482422e+02, 9.36904132e-01,
            4.80119812e+02, 6.89211182e+02, 8.98782089e-02 ]
    }
}
