{
    "pose_0": {
        "type_id": "opencv-matrix",
        "rows": 1,
        "cols": 18,
        "dt": "3f",
        "data": [ 4.62711487e+02, 7.01054077e+02, 8.16792905e-01,
            5.24356323e+02, 7.15692017e+02, 7.56047368e-01,
            4.62670837e+02, 7.92301514e+02, 7.04637468e-01,
            2.94701874e+02, 8.62888000e+02, 8.94758105e-01,
            3.33072845e+02, 7.18768188e+02, 8.71573865e-01,
            5.77352173e+02, 6.30352722e+02, 7.76069939e-01,
            7.01067017e+02, 7.42074341e+02, 8.82355690e-01,
            5.80394409e+02, 8.48119019e+02, 7.19408691e-01,
            8.30451904e+02, 7.53968872e+02, 2.42572755e-01,
            1.17191028e+03, 7.86332703e+02, 2.07457811e-01,
            1.44262146e+03, 7.89403320e+02, 2.02517197e-01,
            8.45226563e+02, 6.65656189e+02, 2.77559996e-01,
            9.83525696e+02, 5.53853027e+02, 1.45943761e-01, 0.0, 0.0,
            0.0, 4.33214172e+02, 7.12643921e+02, 9.45961833e-01,
            4.59554810e+02, 6.71558411e+02, 8.91531944e-01,
            4.09665131e+02, 7.39119629e+02, 7.05350935e-01,
            4.74383270e+02, 6.42000427e+02, 7.21294940e-01 ]
    }
}
