{
    "pose_0": {
        "type_id": "opencv-matrix",
        "rows": 1,
        "cols": 18,
        "dt": "3f",
        "data": [ 4.89133240e+02, 6.95271790e+02, 8.39217901e-01,
            5.24340210e+02, 7.74579956e+02, 7.03798294e-01,
            4.65596710e+02, 8.59922119e+02, 7.24373698e-01,
            3.12457306e+02, 9.12877747e+02, 8.60158861e-01,
            3.39101501e+02, 7.65771057e+02, 8.51717591e-01,
            5.50953064e+02, 6.95033203e+02, 6.97936058e-01,
            6.48062622e+02, 5.30321899e+02, 7.75393188e-01,
            7.33341370e+02, 4.12529114e+02, 7.77996719e-01,
            7.95204651e+02, 8.30517395e+02, 3.03050876e-01,
            1.07478748e+03, 8.68735657e+02, 1.39056683e-01, 0.0, 0.0,
            0.0, 8.12874573e+02, 7.33367188e+02, 3.06979597e-01,
            9.45279602e+02, 5.97966309e+02, 2.12987199e-01,
            9.39463745e+02, 6.00972107e+02, 5.93517981e-02,
            4.59614227e+02, 7.12734741e+02, 9.45768952e-01,
            4.80189941e+02, 6.80444641e+02, 7.56430864e-01,
            4.30191467e+02, 7.74594788e+02, 8.93420100e-01, 0.0, 0.0,
            0.0 ]
    }
}
