{
    "pose_0": {
        "type_id": "opencv-matrix",
        "rows": 1,
        "cols": 18,
        "dt": "3f",
        "data": [ 4.89089874e+02, 7.15830200e+02, 8.44878197e-01,
            5.24395569e+02, 7.68740784e+02, 7.13805854e-01,
            4.68456299e+02, 8.57017883e+02, 7.03359246e-01,
            2.94789764e+02, 9.12861877e+02, 8.87492597e-01,
            3.30188385e+02, 7.68793457e+02, 8.18816245e-01,
            5.56872742e+02, 6.92083679e+02, 7.13128924e-01,
            7.03936646e+02, 5.71487000e+02, 7.00344265e-01,
            8.39288452e+02, 4.83081879e+02, 7.59855628e-01,
            8.09830078e+02, 8.27533142e+02, 3.81761730e-01,
            1.16012915e+03, 8.45192200e+02, 1.72473222e-01,
            1.44556165e+03, 8.59813354e+02, 2.10786626e-01,
            8.33432251e+02, 7.27513672e+02, 3.71669322e-01,
            1.06599060e+03, 6.21494568e+02, 2.58574069e-01,
            1.33092419e+03, 4.56723969e+02, 7.60781914e-02,
            4.56796875e+02, 7.27503479e+02, 9.21915174e-01,
            4.80270569e+02, 6.95029968e+02, 9.30946112e-01,
            4.21345093e+02, 7.86419250e+02, 9.03873920e-01, 0.0, 0.0,
            0.0 ]
    }
}
