{
    "pose_0": {
        "type_id": "opencv-matrix",
        "rows": 1,
        "cols": 18,
        "dt": "3f",
        "data": [ 4.83165131e+02, 6.92055359e+02, 9.05754864e-01,
            5.15589111e+02, 7.65741211e+02, 6.77707314e-01,
            4.71451447e+02, 8.56929932e+02, 7.05219269e-01,
            3.09485748e+02, 9.09950073e+02, 8.48394811e-01,
            3.38807007e+02, 7.56858459e+02, 8.08703721e-01,
            5.47862000e+02, 6.83361511e+02, 6.48135781e-01,
            5.98019287e+02, 4.92001282e+02, 8.14076900e-01,
            6.47931580e+02, 3.41960663e+02, 7.75896132e-01,
            7.77516418e+02, 8.33394592e+02, 2.90762216e-01,
            1.14836182e+03, 8.56980347e+02, 1.19817793e-01,
            1.43390552e+03, 8.59949158e+02, 2.58246571e-01,
            8.04013123e+02, 7.36279541e+02, 2.79154748e-01,
            8.83376099e+02, 6.03867371e+02, 1.59544528e-01, 0.0, 0.0,
            0.0, 4.53754639e+02, 6.98039185e+02, 9.05919850e-01,
            4.68436493e+02, 6.68736816e+02, 7.56064415e-01,
            4.18442657e+02, 7.65737183e+02, 9.14373875e-01, 0.0, 0.0,
            0.0 ]
    }
}
