{
    "pose_0": {
        "type_id": "opencv-matrix",
        "rows": 1,
        "cols": 18,
        "dt": "3f",
        "data": [ 4.89029236e+02, 7.30393372e+02, 8.26954126e-01,
            5.15526367e+02, 7.83418823e+02, 6.88475251e-01,
            4.62581360e+02, 8.62967590e+02, 7.18226910e-01,
            3.00734589e+02, 9.30464172e+02, 8.86635840e-01,
            3.33071716e+02, 7.86357910e+02, 8.26538682e-01,
            5.47910767e+02, 6.95179382e+02, 6.58866763e-01,
            5.98082031e+02, 5.21431702e+02, 8.50402594e-01,
            6.53956421e+02, 3.65513000e+02, 8.07430029e-01,
            7.86334839e+02, 8.56912781e+02, 2.78480887e-01,
            1.15133057e+03, 8.56984375e+02, 1.25472113e-01,
            1.43678833e+03, 8.59922852e+02, 2.46773764e-01,
            8.18730713e+02, 7.45137146e+02, 2.98217297e-01,
            9.27606567e+02, 6.30381226e+02, 2.87719548e-01, 0.0, 0.0,
            0.0, 4.59549011e+02, 7.39312073e+02, 1.01709723e+00,
            4.80225708e+02, 7.09741943e+02, 8.65069747e-01,
            4.27216156e+02, 7.95191772e+02, 8.32372427e-01, 0.0, 0.0,
            0.0 ]
    }
}
