{
    "pose_0": {
        "type_id": "opencv-matrix",
        "rows": 1,
        "cols": 18,
        "dt": "3f",
        "data": [ 4.80340454e+02, 6.98071899e+02, 9.11996663e-01,
            5.06773315e+02, 7.68653198e+02, 6.99489534e-01,
            4.62556183e+02, 8.56896606e+02, 7.27128863e-01,
            2.97734680e+02, 9.07134277e+02, 8.75789165e-01,
            3.27192932e+02, 7.56916870e+02, 7.81347394e-01,
            5.36195374e+02, 6.89191223e+02, 6.02828562e-01,
            5.50801025e+02, 4.91983032e+02, 7.96372831e-01,
            5.74410400e+02, 3.44849548e+02, 7.01176941e-01,
            7.74574280e+02, 8.30470825e+02, 2.66093552e-01,
            1.15423779e+03, 8.54048035e+02, 1.96233496e-01,
            1.42509692e+03, 8.60039978e+02, 3.01255941e-01,
            7.92242920e+02, 7.33400574e+02, 2.77183652e-01,
            8.80531738e+02, 5.59728455e+02, 1.49866834e-01,
            8.74654724e+02, 2.21195648e+02, 1.13598615e-01,
            4.50747437e+02, 7.12657532e+02, 8.72954845e-01,
            4.68460236e+02, 6.80348999e+02, 7.85127759e-01,
            4.12650391e+02, 7.68650879e+02, 9.29209530e-01, 0.0, 0.0,
            0.0 ]
    }
}
