{
    "pose_0": {
        "type_id": "opencv-matrix",
        "rows": 1,
        "cols": 18,
        "dt": "3f",
        "data": [ 5.15590271e+02, 7.42322632e+02, 8.06375861e-01,
            5.53721375e+02, 7.98138916e+02, 7.88660765e-01,
            4.94931152e+02, 8.77564880e+02, 7.08357692e-01,
            3.33015350e+02, 9.36415527e+02, 8.42586040e-01,
            3.62536133e+02, 7.89422974e+02, 8.62432480e-01,
            6.01066467e+02, 7.15632080e+02, 7.65584052e-01,
            7.12702393e+02, 7.95237061e+02, 7.87865639e-01,
            8.18684021e+02, 8.98167358e+02, 6.78328693e-01,
            7.53955017e+02, 9.06985352e+02, 1.76919729e-01, 0.0, 0.0,
            0.0, 0.0, 0.0, 0.0, 8.98168213e+02, 7.51059143e+02,
            2.08714575e-01, 1.18665259e+03, 7.86224243e+02,
            5.66348910e-01, 1.44869434e+03, 7.92261475e+02,
            5.06856024e-01, 4.80348816e+02, 7.59753113e+02,
            9.19661105e-01, 5.06699615e+02, 7.18570862e+02,
            9.93632436e-01, 4.50779083e+02, 8.06969116e+02,
            9.14214849e-01, 5.06793121e+02, 6.98131714e+02,
            1.16395324e-01 ]
    }
}
