{
    "pose_0": {
        "type_id": "opencv-matrix",
        "rows": 1,
        "cols": 18,
        "dt": "3f",
        "data": [ 5.09670746e+02, 7.21607422e+02, 8.22320640e-01,
            5.53876526e+02, 7.92284912e+02, 8.08724880e-01,
            5.00785858e+02, 8.74636841e+02, 7.04578400e-01,
            3.27212799e+02, 9.30715820e+02, 8.56665671e-01,
            3.62462158e+02, 7.83310852e+02, 7.99786747e-01,
            6.03913696e+02, 7.09869629e+02, 7.37859309e-01,
            7.18801331e+02, 7.74591553e+02, 8.05961668e-01,
            8.56998535e+02, 8.62954468e+02, 6.60150647e-01,
            8.15784424e+02, 8.80466614e+02, 1.61984667e-01,
            1.20426501e+03, 8.62953308e+02, 2.21795216e-01,
            1.46621680e+03, 8.80542847e+02, 4.83034670e-01,
            8.27544922e+02, 8.30502808e+02, 1.35278732e-01, 0.0, 0.0,
            0.0, 0.0, 0.0, 0.0, 4.80178101e+02, 7.39186890e+02,
            9.76755261e-01, 5.03702362e+02, 6.98066528e+02,
            9.08122778e-01, 4.47826447e+02, 7.95150330e+02,
            8.87455940e-01, 0.0, 0.0, 0.0 ]
    }
}
