{
    "pose_0": {
        "type_id": "opencv-matrix",
        "rows": 1,
        "cols": 18,
        "dt": "3f",
        "data": [ 5.00852722e+02, 7.21664551e+02, 8.03415537e-01,
            5.27427917e+02, 7.77515198e+02, 7.66380668e-01,
            4.65519775e+02, 8.57052429e+02, 7.45163381e-01,
            3.00767120e+02, 9.21745056e+02, 8.34469318e-01,
            3.38943634e+02, 7.86347961e+02, 8.92766118e-01,
            5.80289001e+02, 6.92130005e+02, 7.68706083e-01,
            7.15713318e+02, 7.89367798e+02, 8.69924545e-01,
            5.97953186e+02, 9.01042358e+02, 7.65775800e-01,
            8.30440247e+02, 8.09890930e+02, 2.28159085e-01,
            1.16896460e+03, 8.39356934e+02, 1.83871567e-01,
            1.42505701e+03, 8.45199585e+02, 2.17063606e-01,
            8.54026184e+02, 7.15698303e+02, 2.77488649e-01,
            1.00121350e+03, 6.06770691e+02, 1.48390383e-01,
            1.23965576e+03, 3.24292725e+02, 8.41196850e-02,
            4.65488556e+02, 7.39125793e+02, 8.73785853e-01,
            4.83299561e+02, 6.98127808e+02, 9.08267975e-01,
            4.30188538e+02, 7.89154663e+02, 9.23571706e-01,
            4.80206268e+02, 6.86279114e+02, 7.86375478e-02 ]
    }
}
