{
    "pose_0": {
        "type_id": "opencv-matrix",
        "rows": 1,
        "cols": 18,
        "dt": "3f",
        "data": [ 4.97845062e+02, 7.21642517e+02, 7.79577792e-01,
            5.27273865e+02, 7.83310181e+02, 7.67575920e-01,
            4.65493042e+02, 8.60029114e+02, 7.27019608e-01,
            2.97842896e+02, 9.27516052e+02, 8.79975438e-01,
            3.38807587e+02, 7.86230164e+02, 8.78843784e-01,
            5.77307800e+02, 6.92248047e+02, 8.14138651e-01,
            7.15621582e+02, 7.89288025e+02, 8.69675934e-01,
            5.97888733e+02, 9.03995117e+02, 7.73957133e-01,
            7.65718445e+02, 8.33394043e+02, 2.08438531e-01,
            1.17486511e+03, 8.48171326e+02, 1.41702667e-01,
            1.43386267e+03, 8.56871277e+02, 2.34776020e-01,
            8.06938782e+02, 7.42183716e+02, 2.28066817e-01,
            9.36485046e+02, 5.21445984e+02, 1.81312308e-01,
            1.02186798e+03, 2.24266602e+02, 7.87262246e-02,
            4.59743073e+02, 7.39150208e+02, 9.01100755e-01,
            4.83106049e+02, 6.98084839e+02, 9.37555671e-01,
            4.27219360e+02, 7.89225525e+02, 9.21524704e-01, 0.0, 0.0,
            0.0 ]
    }
}
