{
    "pose_0": {
        "type_id": "opencv-matrix",
        "rows": 1,
        "cols": 18,
        "dt": "3f",
        "data": [ 4.89101349e+02, 7.33317932e+02, 8.36838603e-01,
            5.15522644e+02, 7.83383118e+02, 6.80094242e-01,
            4.65543213e+02, 8.62877869e+02, 7.14194119e-01,
            3.00678894e+02, 9.30485352e+02, 8.75664413e-01,
            3.33025726e+02, 7.86409119e+02, 8.28812242e-01,
            5.47863525e+02, 6.95115051e+02, 6.65175498e-01,
            5.94993042e+02, 5.21488953e+02, 8.23473513e-01,
            6.45069824e+02, 3.65360565e+02, 8.16861987e-01,
            7.95179932e+02, 8.51061462e+02, 2.46954203e-01,
            1.12777209e+03, 8.57037659e+02, 2.16284052e-01,
            1.43096851e+03, 8.59963440e+02, 3.29155654e-01,
            8.15813599e+02, 7.45175232e+02, 2.73873746e-01,
            9.04143066e+02, 6.39150269e+02, 1.01991229e-01, 0.0, 0.0,
            0.0, 4.59551971e+02, 7.39343323e+02, 1.02543998e+00,
            4.80296295e+02, 7.09775085e+02, 8.81619632e-01,
            4.18459808e+02, 7.95217834e+02, 8.43192399e-01, 0.0, 0.0,
            0.0 ]
    }
}
