{
    "pose_0": {
        "type_id": "opencv-matrix",
        "rows": 1,
        "cols": 18,
        "dt": "3f",
        "data": [ 4.74282166e+02, 7.15828857e+02, 8.94407153e-01,
            5.24374207e+02, 7.39211914e+02, 7.68317878e-01,
            4.62555359e+02, 8.12927002e+02, 7.57427931e-01,
            2.94877075e+02, 8.83618530e+02, 8.93239617e-01,
            3.38953491e+02, 7.39337402e+02, 9.08770323e-01,
            5.77313416e+02, 6.48143860e+02, 7.80768633e-01,
            7.12654541e+02, 7.54006775e+02, 7.95397341e-01,
            5.86226257e+02, 8.62944885e+02, 7.25196242e-01,
            7.33339539e+02, 8.21642273e+02, 1.57860070e-01, 0.0, 0.0,
            0.0, 0.0, 0.0, 0.0, 7.71654297e+02, 7.21591614e+02,
            2.10843191e-01, 0.0, 0.0, 0.0, 0.0, 0.0, 0.0, 4.36156647e+02,
            7.18828003e+02, 9.88288760e-01, 4.59796753e+02,
            6.89173828e+02, 8.56224358e-01, 4.12549408e+02,
            7.50999268e+02, 6.99140906e-01, 4.74386902e+02,
            6.51054993e+02, 6.85059309e-01 ]
    }
}
