{
    "pose_0": {
        "type_id": "opencv-matrix",
        "rows": 1,
        "cols": 18,
        "dt": "3f",
        "data": [ 4.89042938e+02, 7.33381287e+02, 8.51915002e-01,
            5.18498901e+02, 7.83351685e+02, 6.86119258e-01,
            4.59747803e+02, 8.65855774e+02, 7.19477296e-01,
            2.97794189e+02, 9.30588440e+02, 9.03038621e-01,
            3.33129852e+02, 7.86423584e+02, 8.30511570e-01,
            5.47948730e+02, 6.92192688e+02, 6.31963849e-01,
            5.83312561e+02, 5.15610168e+02, 7.89149046e-01,
            6.36217163e+02, 3.62606415e+02, 7.90977478e-01,
            7.89321655e+02, 8.54000977e+02, 2.69370705e-01,
            1.09834326e+03, 8.48199341e+02, 1.50157049e-01,
            1.43098657e+03, 8.62833618e+02, 2.45999411e-01,
            8.12842163e+02, 7.51012634e+02, 2.70809114e-01,
            9.01095032e+02, 6.24465088e+02, 1.32964134e-01, 0.0, 0.0,
            0.0, 4.59529663e+02, 7.42097961e+02, 1.03576112e+00,
            4.80246826e+02, 7.12654663e+02, 8.72822523e-01,
            4.24283386e+02, 8.01016418e+02, 8.11008513e-01, 0.0, 0.0,
            0.0 ]
    }
}
