{
    "pose_0": {
        "type_id": "opencv-matrix",
        "rows": 1,
        "cols": 18,
        "dt": "3f",
        "data": [ 4.89157196e+02, 7.36228943e+02, 8.53606284e-01,
            5.18484802e+02, 7.83411316e+02, 6.58772469e-01,
            4.62606171e+02, 8.68745361e+02, 6.99316084e-01,
            3.00694489e+02, 9.30676025e+02, 8.76056075e-01,
            3.35931061e+02, 7.89264160e+02, 8.34325790e-01,
            5.45035645e+02, 6.95088989e+02, 5.95355392e-01,
            5.68577515e+02, 5.09756927e+02, 8.08430493e-01,
            6.00931335e+02, 3.62506866e+02, 7.96396971e-01,
            7.89255371e+02, 8.51083496e+02, 2.84862161e-01,
            1.15131494e+03, 8.59987244e+02, 1.79468125e-01,
            1.42509387e+03, 8.65862732e+02, 3.35064709e-01,
            8.06950439e+02, 7.51049316e+02, 2.73962796e-01,
            8.83425476e+02, 6.30311707e+02, 1.86624318e-01, 0.0, 0.0,
            0.0, 4.59574493e+02, 7.42209534e+02, 1.01742458e+00,
            4.80253204e+02, 7.12799255e+02, 8.76009047e-01,
            4.21368042e+02, 8.06878418e+02, 8.50690722e-01, 0.0, 0.0,
            0.0 ]
    }
}
