{
    "pose_0": {
        "type_id": "opencv-matrix",
        "rows": 1,
        "cols": 18,
        "dt": "3f",
        "data": [ 5.00790527e+02, 7.36197937e+02, 8.61445725e-01,
            5.27308777e+02, 7.89272217e+02, 6.73317015e-01,
            4.80156799e+02, 8.77545898e+02, 7.35274017e-01,
            3.12496979e+02, 9.33600098e+02, 8.89936447e-01,
            3.39080353e+02, 8.01017578e+02, 8.35898280e-01,
            5.53839661e+02, 7.01039124e+02, 6.86915576e-01,
            6.00799255e+02, 5.27188660e+02, 8.74557376e-01,
            6.56852478e+02, 3.68499054e+02, 7.25333929e-01,
            7.89341858e+02, 8.53993347e+02, 2.76107222e-01,
            1.15716980e+03, 8.68784790e+02, 9.68130082e-02,
            1.43096985e+03, 8.62893616e+02, 2.35797778e-01,
            8.06973938e+02, 7.56874207e+02, 2.49807313e-01,
            8.89339478e+02, 6.30313232e+02, 2.34945968e-01,
            9.06940979e+02, 2.44760406e+02, 1.12325326e-01,
            4.62672455e+02, 7.42233215e+02, 9.25096929e-01,
            4.83179474e+02, 7.12785767e+02, 8.72052908e-01,
            4.33193359e+02, 8.06962830e+02, 9.51365709e-01, 0.0, 0.0,
            0.0 ]
    }
}
