{
    "pose_0": {
        "type_id": "opencv-matrix",
        "rows": 1,
        "cols": 18,
        "dt": "3f",
        "data": [ 4.89129791e+02, 7.30418030e+02, 7.67663479e-01,
            5.27367065e+02, 7.80420410e+02, 7.63479292e-01,
            4.62588684e+02, 8.57084595e+02, 7.35423267e-01,
            2.94927307e+02, 9.18742737e+02, 8.58867407e-01,
            3.30165283e+02, 7.86236633e+02, 8.24856281e-01,
            5.77359314e+02, 6.98103394e+02, 7.07156599e-01,
            7.83340454e+02, 6.71533447e+02, 8.51011395e-01,
            9.30561340e+02, 6.68653198e+02, 8.93576145e-01,
            8.36368225e+02, 8.33392090e+02, 3.72544080e-01,
            1.07775391e+03, 8.33458313e+02, 1.37749031e-01,
            1.44853870e+03, 8.59935181e+02, 4.83258337e-01,
            8.62883423e+02, 7.33349487e+02, 3.54597330e-01,
            1.12194299e+03, 7.62810852e+02, 5.13022900e-01,
            1.46616541e+03, 7.89323425e+02, 5.65006077e-01,
            4.59529877e+02, 7.39377686e+02, 9.70451772e-01,
            4.80333221e+02, 7.01031555e+02, 9.43372965e-01,
            4.18466064e+02, 7.89276978e+02, 9.17404354e-01,
            4.77269073e+02, 6.91942017e+02, 7.66338632e-02 ]
    }
}
