{
    "pose_0": {
        "type_id": "opencv-matrix",
        "rows": 1,
        "cols": 18,
        "dt": "3f",
        "data": [ 4.92046844e+02, 7.33319702e+02, 7.80652523e-01,
            5.27231567e+02, 7.83384399e+02, 7.75710285e-01,
            4.59554016e+02, 8.59932556e+02, 7.34640837e-01,
            2.94937256e+02, 9.21758606e+02, 8.70411575e-01,
            3.24299316e+02, 7.86304260e+02, 8.17298651e-01,
            5.74521851e+02, 7.01039795e+02, 7.04985261e-01,
            7.80451721e+02, 6.68616333e+02, 7.91338086e-01,
            9.45234375e+02, 6.65679688e+02, 7.57294178e-01,
            8.39301575e+02, 8.36416992e+02, 3.56206149e-01,
            1.18072937e+03, 8.39316406e+02, 1.31656483e-01,
            1.43973865e+03, 8.59921326e+02, 5.09747088e-01,
            8.62861511e+02, 7.30434265e+02, 3.26703608e-01,
            1.14242773e+03, 7.62920410e+02, 6.02889299e-01,
            1.46038599e+03, 7.77550720e+02, 5.79389513e-01,
            4.59526031e+02, 7.39374207e+02, 9.93066013e-01,
            4.80386383e+02, 7.03909119e+02, 9.38278437e-01,
            4.18404968e+02, 7.89442810e+02, 8.97246361e-01,
            4.71442963e+02, 6.89282288e+02, 5.83119355e-02 ]
    }
}
