{
    "pose_0": {
        "type_id": "opencv-matrix",
        "rows": 1,
        "cols": 18,
        "dt": "3f",
        "data": [ 5.06650604e+02, 7.39362732e+02, 8.80827546e-01,
            5.30243652e+02, 7.86299377e+02, 7.62783945e-01,
            4.59706512e+02, 8.62869080e+02, 7.35173166e-01,
            2.97777710e+02, 9.27736023e+02, 9.06345487e-01,
            3.41831299e+02, 7.92230225e+02, 8.77530754e-01,
            5.86211792e+02, 6.98029175e+02, 7.35250652e-01,
            7.18737366e+02, 8.09895691e+02, 9.01113391e-01,
            5.97960876e+02, 9.04106018e+02, 7.98884630e-01,
            8.54016785e+02, 8.33485718e+02, 2.95735180e-01,
            1.16012891e+03, 8.36321716e+02, 2.24022806e-01,
            1.40150464e+03, 8.54055237e+02, 2.19811648e-01,
            8.92301880e+02, 7.30404846e+02, 2.66568780e-01,
            1.14547998e+03, 7.65813721e+02, 4.92702127e-01,
            1.46918677e+03, 7.86367249e+02, 5.26890337e-01,
            4.74397552e+02, 7.51029907e+02, 8.47918808e-01,
            4.94915924e+02, 7.15637634e+02, 8.69568706e-01,
            4.33241364e+02, 8.03981506e+02, 8.96179736e-01,
            4.83177185e+02, 6.92305786e+02, 1.73247308e-01 ]
    }
}
