{
    "pose_0": {
        "type_id": "opencv-matrix",
        "rows": 1,
        "cols": 18,
        "dt": "3f",
        "data": [ 4.86233246e+02, 7.27529053e+02, 8.23823869e-01,
            5.18501160e+02, 7.83339050e+02, 6.95422411e-01,
            4.65511414e+02, 8.62918274e+02, 7.17916071e-01,
            2.97862366e+02, 9.27758728e+02, 8.90838623e-01,
            3.30176453e+02, 7.86472168e+02, 8.35241795e-01,
            5.47979553e+02, 6.95097107e+02, 6.91296399e-01,
            6.00949463e+02, 5.18506226e+02, 8.28494251e-01,
            6.65593567e+02, 3.74280914e+02, 7.76656389e-01,
            7.86356628e+02, 8.54034485e+02, 2.98041284e-01,
            1.16014221e+03, 8.56985596e+02, 9.53923166e-02,
            1.43975146e+03, 8.59947754e+02, 2.41323024e-01,
            8.24610657e+02, 7.42167297e+02, 3.33121836e-01,
            9.71775696e+02, 6.21449402e+02, 4.57022071e-01,
            1.20135193e+03, 3.15372101e+02, 6.09131120e-02,
            4.56824036e+02, 7.39315857e+02, 1.02288949e+00,
            4.80167938e+02, 7.06855774e+02, 8.75210583e-01,
            4.24318085e+02, 7.95207336e+02, 8.41378987e-01, 0.0, 0.0,
            0.0 ]
    }
}
