{
    "pose_0": {
        "type_id": "opencv-matrix",
        "rows": 1,
        "cols": 18,
        "dt": "3f",
        "data": [ 4.65555847e+02, 7.01025330e+02, 8.28316152e-01,
            5.24322205e+02, 7.15791992e+02, 7.62504816e-01,
            4.62577698e+02, 7.95163940e+02, 7.10817754e-01,
            2.94837982e+02, 8.62971008e+02, 8.64998877e-01,
            3.36046997e+02, 7.21666504e+02, 8.67914259e-01,
            5.77319763e+02, 6.30426636e+02, 7.77373075e-01,
            7.06830811e+02, 7.42104919e+02, 8.66580069e-01,
            5.83306885e+02, 8.48112122e+02, 7.10615635e-01,
            8.03993469e+02, 7.59858398e+02, 2.02648595e-01,
            1.16896680e+03, 7.89306213e+02, 1.24142632e-01, 0.0, 0.0,
            0.0, 8.30453796e+02, 6.74506470e+02, 2.92932421e-01,
            9.27599060e+02, 5.68571960e+02, 1.04493082e-01, 0.0, 0.0,
            0.0, 4.33259552e+02, 7.09872192e+02, 9.52305317e-01,
            4.59598480e+02, 6.71531006e+02, 9.05299366e-01,
            4.09631897e+02, 7.39176575e+02, 7.26334572e-01,
            4.74411560e+02, 6.39146851e+02, 7.18764722e-01 ]
    }
}
