{
    "pose_0": {
        "type_id": "opencv-matrix",
        "rows": 1,
        "cols": 18,
        "dt": "3f",
        "data": [ 4.80343689e+02, 7.01050964e+02, 8.93289268e-01,
            5.06766876e+02, 7.65698364e+02, 6.64902210e-01,
            4.59710999e+02, 8.56948914e+02, 7.61720240e-01,
            2.94945404e+02, 9.07198730e+02, 8.81233573e-01,
            3.24206055e+02, 7.62668274e+02, 7.99674094e-01,
            5.33231445e+02, 6.74513733e+02, 6.22148633e-01,
            5.47883423e+02, 4.89076843e+02, 7.80144453e-01,
            5.68575195e+02, 3.44850830e+02, 7.18714356e-01,
            7.65726135e+02, 8.30513000e+02, 2.73818851e-01,
            1.14249402e+03, 8.56952393e+02, 1.67598054e-01,
            1.42795618e+03, 8.59911926e+02, 1.86076596e-01,
            7.89333435e+02, 7.36300964e+02, 2.97409922e-01,
            8.80638977e+02, 5.97974548e+02, 8.53883401e-02,
            8.59824158e+02, 2.21235703e+02, 1.10755265e-01,
            4.50773285e+02, 7.15643005e+02, 9.16172504e-01,
            4.65575592e+02, 6.83283081e+02, 8.14251244e-01,
            4.12631073e+02, 7.74557678e+02, 8.90240252e-01, 0.0, 0.0,
            0.0 ]
    }
}
