{
    "pose_0": {
        "type_id": "opencv-matrix",
        "rows": 1,
        "cols": 18,
        "dt": "3f",
        "data": [ 4.71415405e+02, 6.95191406e+02, 8.48955810e-01,
            5.24352478e+02, 7.15597778e+02, 7.64899015e-01,
            4.59702423e+02, 7.89321716e+02, 7.50137866e-01,
            2.91910004e+02, 8.59888733e+02, 9.34385419e-01,
            3.33119720e+02, 7.18627258e+02, 8.99004757e-01,
            5.77461365e+02, 6.24597168e+02, 7.76000261e-01,
            7.06929199e+02, 7.42131836e+02, 8.63146901e-01,
            5.89123291e+02, 8.36441040e+02, 7.45916426e-01,
            8.39350525e+02, 7.65684265e+02, 2.78075963e-01,
            1.17191663e+03, 7.80431702e+02, 1.83621734e-01,
            1.42504065e+03, 7.86290710e+02, 1.66331664e-01,
            8.65842529e+02, 6.68600281e+02, 2.94246852e-01,
            1.11602686e+03, 5.62668396e+02, 3.09399188e-01,
            1.39852942e+03, 4.36075623e+02, 8.33868235e-02,
            4.35990173e+02, 7.03897888e+02, 9.55566585e-01,
            4.59730591e+02, 6.68518738e+02, 9.03691649e-01,
            4.12470184e+02, 7.36270691e+02, 6.59693837e-01,
            4.77322601e+02, 6.27517334e+02, 7.26631641e-01 ]
    }
}
