{
    "pose_0": {
        "type_id": "opencv-matrix",
        "rows": 1,
        "cols": 18,
        "dt": "3f",
        "data": [ 4.94911102e+02, 7.15784241e+02, 7.82236814e-01,
            5.24441467e+02, 7.71672119e+02, 7.40442634e-01,
            4.59723175e+02, 8.57057922e+02, 7.56560564e-01,
            2.94944275e+02, 9.24731995e+02, 8.92542422e-01,
            3.38817535e+02, 7.86399597e+02, 8.87749076e-01,
            5.77259277e+02, 6.89269653e+02, 8.06507111e-01,
            7.09803528e+02, 7.89305298e+02, 8.25719714e-01,
            5.92139221e+02, 9.03997681e+02, 7.67677903e-01,
            8.01066650e+02, 8.15815552e+02, 2.21996710e-01,
            1.15717944e+03, 8.36429993e+02, 2.01234877e-01,
            1.42513696e+03, 8.45192322e+02, 3.24228734e-01,
            8.27540527e+02, 7.24553040e+02, 2.90487975e-01,
            9.42301941e+02, 5.97909119e+02, 1.76301628e-01,
            9.45279846e+02, 6.06793701e+02, 6.21654019e-02,
            4.59766174e+02, 7.27534363e+02, 8.36032152e-01,
            4.83040558e+02, 6.95003296e+02, 9.43273008e-01,
            4.27277008e+02, 7.86423462e+02, 9.51429963e-01, 0.0, 0.0,
            0.0 ]
    }
}
