{
    "pose_0": {
        "type_id": "opencv-matrix",
        "rows": 1,
        "cols": 18,
        "dt": "3f",
        "data": [ 4.92014465e+02, 7.30468262e+02, 7.66291559e-01,
            5.27438782e+02, 7.83312439e+02, 7.78531492e-01,
            4.59673248e+02, 8.59857544e+02, 7.47736692e-01,
            2.97710815e+02, 9.24578796e+02, 8.67514491e-01,
            3.30125549e+02, 7.86362122e+02, 8.15564156e-01,
            5.80344116e+02, 6.98119019e+02, 6.89456046e-01,
            7.86203125e+02, 6.80364685e+02, 7.77361035e-01,
            9.33507263e+02, 6.71716980e+02, 8.46394777e-01,
            8.54020569e+02, 8.39318542e+02, 3.13522249e-01,
            1.14545459e+03, 8.48136108e+02, 1.99420676e-01,
            1.44560181e+03, 8.59882263e+02, 4.81935799e-01,
            8.74665344e+02, 7.39248169e+02, 3.16024721e-01,
            1.13657544e+03, 7.65816650e+02, 5.50708115e-01,
            1.46908606e+03, 7.89339172e+02, 5.37144184e-01,
            4.59522614e+02, 7.39383301e+02, 9.71053720e-01,
            4.83034576e+02, 7.00979004e+02, 9.64424670e-01,
            4.18491516e+02, 7.89354309e+02, 9.05198395e-01,
            4.77307648e+02, 6.91974426e+02, 7.99728483e-02 ]
    }
}
