{
    "pose_0": {
        "type_id": "opencv-matrix",
        "rows": 1,
        "cols": 18,
        "dt": "3f",
        "data": [ 5.03735260e+02, 7.30403931e+02, 8.20440054e-01,
            5.30326172e+02, 7.74611206e+02, 7.59368241e-01,
            4.62651917e+02, 8.57059448e+02, 7.30498552e-01,
            3.03619751e+02, 9.21729187e+02, 8.33453357e-01,
            3.39018799e+02, 7.86431274e+02, 9.26158607e-01,
            5.83302368e+02, 6.92156860e+02, 7.57648706e-01,
            7.18652771e+02, 7.98127319e+02, 8.19715798e-01,
            5.97935425e+02, 9.01176880e+02, 7.75155425e-01,
            8.42269653e+02, 8.18729126e+02, 2.88674593e-01,
            1.16896240e+03, 8.36318726e+02, 3.10621202e-01,
            1.41325085e+03, 8.48091003e+02, 4.98873353e-01,
            8.71696472e+02, 7.21614685e+02, 3.38826925e-01,
            1.15722656e+03, 7.42264221e+02, 4.11030680e-01,
            1.43384119e+03, 7.03958069e+02, 4.84098792e-01,
            4.68444244e+02, 7.39346802e+02, 9.14284587e-01,
            4.86174591e+02, 7.03944458e+02, 8.48456979e-01,
            4.30236328e+02, 7.89278870e+02, 9.41850364e-01,
            4.83107574e+02, 6.89120789e+02, 1.53709352e-01 ]
    }
}
