{
    "pose_0": {
        "type_id": "opencv-matrix",
        "rows": 1,
        "cols": 18,
        "dt": "3f",
        "data": [ 4.92069611e+02, 7.27484863e+02, 7.76886940e-01,
            5.21494141e+02, 7.83406128e+02, 7.50137568e-01,
            4.59630585e+02, 8.60072388e+02, 7.41745114e-01,
            2.94940277e+02, 9.27704041e+02, 9.26493168e-01,
            3.36035645e+02, 7.89281311e+02, 8.80403101e-01,
            5.74466492e+02, 6.95095276e+02, 8.10241222e-01,
            7.12752991e+02, 8.01070862e+02, 7.98302889e-01,
            5.95045044e+02, 9.04101379e+02, 7.96995640e-01,
            8.27556152e+02, 8.12851868e+02, 2.82815307e-01,
            1.15425305e+03, 8.36478088e+02, 2.12658376e-01,
            1.42508057e+03, 8.48119690e+02, 3.48342180e-01,
            8.54002380e+02, 7.21599976e+02, 2.98359871e-01,
            9.95302368e+02, 6.21484863e+02, 1.38960391e-01,
            1.24845654e+03, 3.41880737e+02, 7.99330249e-02,
            4.59693268e+02, 7.39326904e+02, 9.59967971e-01,
            4.80365814e+02, 7.01041260e+02, 9.23543870e-01,
            4.24300323e+02, 7.89444946e+02, 8.97513986e-01,
            4.74333557e+02, 6.89164490e+02, 5.87113760e-02 ]
    }
}
