{
    "pose_0": {
        "type_id": "opencv-matrix",
        "rows": 1,
        "cols": 18,
        "dt": "3f",
        "data": [ 5.03687561e+02, 7.33386108e+02, 8.72474074e-01,
            5.30204529e+02, 7.86351196e+02, 7.84125686e-01,
            4.65573456e+02, 8.65777222e+02, 6.77264690e-01,
            3.09576843e+02, 9.30485291e+02, 8.87208700e-01,
            3.42027405e+02, 7.86284546e+02, 8.83197427e-01,
            5.77408142e+02, 6.98116760e+02, 7.90438294e-01,
            7.18752075e+02, 7.65827087e+02, 8.93006980e-01,
            6.24557800e+02, 8.92249146e+02, 7.92187452e-01,
            7.86326416e+02, 8.27573669e+02, 2.47720703e-01,
            9.30547974e+02, 5.36191345e+02, 1.54138133e-01,
            9.89456482e+02, 2.47723038e+02, 9.76970568e-02,
            8.12810425e+02, 7.56915344e+02, 2.24362269e-01,
            8.80647522e+02, 6.39158569e+02, 7.29749277e-02, 0.0, 0.0,
            0.0, 4.68441376e+02, 7.39388428e+02, 8.93028140e-01,
            4.86107391e+02, 7.09828064e+02, 8.55563760e-01,
            4.33099670e+02, 7.95137085e+02, 9.16011214e-01, 0.0, 0.0,
            0.0 ]
    }
}
