{
    "pose_0": {
        "type_id": "opencv-matrix",
        "rows": 1,
        "cols": 18,
        "dt": "3f",
        "data": [ 4.71444183e+02, 7.18729492e+02, 8.72336566e-01,
            5.27275024e+02, 7.45157227e+02, 7.74028718e-01,
            4.62695679e+02, 8.30438965e+02, 7.23335028e-01,
            2.94960571e+02, 8.92324036e+02, 8.39288354e-01,
            3.38895416e+02, 7.45109924e+02, 8.69141161e-01,
            5.77280273e+02, 6.62675964e+02, 7.60198891e-01,
            7.09858398e+02, 7.62671692e+02, 8.31903994e-01,
            5.89164490e+02, 8.77519043e+02, 7.26678371e-01,
            7.45134949e+02, 8.12872864e+02, 1.91144109e-01, 0.0, 0.0,
            0.0, 0.0, 0.0, 0.0, 7.74537476e+02, 7.18595825e+02,
            2.47746795e-01, 8.62971558e+02, 5.77461304e+02,
            6.27913997e-02, 0.0, 0.0, 0.0, 4.36071930e+02,
            7.27489380e+02, 9.29854512e-01, 4.59761139e+02,
            6.92080383e+02, 9.20516789e-01, 4.12537750e+02,
            7.62735535e+02, 7.71608353e-01, 4.74394073e+02,
            6.62701538e+02, 5.79113007e-01 ]
    }
}
