{
    "pose_0": {
        "type_id": "opencv-matrix",
        "rows": 1,
        "cols": 18,
        "dt": "3f",
        "data": [ 4.65596405e+02, 6.95059204e+02, 8.70800734e-01,
            5.21486816e+02, 7.09830505e+02, 7.49164641e-01,
            4.56771576e+02, 7.86345703e+02, 7.73591697e-01,
            2.91916992e+02, 8.56966431e+02, 9.31342125e-01,
            3.30138214e+02, 7.18539368e+02, 8.67605150e-01,
            5.77502808e+02, 6.24419922e+02, 7.80672312e-01,
            7.12682556e+02, 7.39304932e+02, 8.80368829e-01,
            5.89178711e+02, 8.33570129e+02, 7.74763823e-01,
            8.30468872e+02, 7.80408386e+02, 1.78935647e-01,
            1.16601819e+03, 7.68668030e+02, 1.57653853e-01,
            1.42202063e+03, 7.83384949e+02, 2.40134522e-01,
            8.59950623e+02, 6.74508545e+02, 2.11807847e-01,
            1.14247461e+03, 6.68551453e+02, 1.15508854e-01, 0.0, 0.0,
            0.0, 4.35964600e+02, 6.98082031e+02, 9.89840984e-01,
            4.59636292e+02, 6.65699341e+02, 8.82068753e-01,
            4.09642578e+02, 7.27505249e+02, 6.63032174e-01,
            4.74411560e+02, 6.24614441e+02, 8.08734059e-01 ]
    }
}
