{
    "pose_0": {
        "type_id": "opencv-matrix",
        "rows": 1,
        "cols": 18,
        "dt": "3f",
        "data": [ 4.77357269e+02, 7.27505798e+02, 8.38137507e-01,
            5.27307373e+02, 7.54001465e+02, 7.61364341e-01,
            4.65607605e+02, 8.33495911e+02, 7.50668049e-01,
            2.97759003e+02, 9.04096863e+02, 8.88590455e-01,
            3.39054871e+02, 7.62742493e+02, 9.10899043e-01,
            5.77349182e+02, 6.68551025e+02, 7.88386464e-01,
            7.12690491e+02, 7.65637390e+02, 8.36637616e-01,
            5.95040527e+02, 8.80503052e+02, 7.87218332e-01,
            7.36253967e+02, 8.39304077e+02, 1.86113536e-01, 0.0, 0.0,
            0.0, 0.0, 0.0, 0.0, 7.80484802e+02, 7.59859924e+02,
            1.63464099e-01, 0.0, 0.0, 0.0, 0.0, 0.0, 0.0, 4.39095215e+02,
            7.36338379e+02, 9.10833478e-01, 4.65496918e+02,
            6.95163269e+02, 8.61310601e-01, 4.18464142e+02,
            7.65729553e+02, 8.22945416e-01, 4.80178772e+02,
            6.68651917e+02, 5.59943199e-01 ]
    }
}
