{
    "pose_0": {
        "type_id": "opencv-matrix",
        "rows": 1,
        "cols": 18,
        "dt": "3f",
        "data": [ 4.86096344e+02, 7.36214722e+02, 8.67142916e-01,
            5.21463501e+02, 7.83440918e+02, 7.65451431e-01,
            4.59565552e+02, 8.60012756e+02, 7.33433843e-01,
            2.94929199e+02, 9.27487061e+02, 9.15242672e-01,
            3.21281464e+02, 7.89169678e+02, 8.47919583e-01,
            5.62646118e+02, 6.98141724e+02, 6.82209969e-01,
            7.39249634e+02, 6.21423401e+02, 7.88716316e-01,
            9.01146790e+02, 5.50862915e+02, 7.20352530e-01,
            8.30521301e+02, 8.36406006e+02, 3.68072748e-01,
            1.11304822e+03, 8.36369934e+02, 2.04048336e-01,
            1.43677393e+03, 8.56898254e+02, 4.66021597e-01,
            8.59895386e+02, 7.36270996e+02, 3.56189489e-01,
            1.13366394e+03, 7.51012390e+02, 6.21707261e-01,
            1.42802490e+03, 7.18798218e+02, 5.80708921e-01,
            4.56667755e+02, 7.42164612e+02, 1.00085390e+00,
            4.80168945e+02, 7.06905518e+02, 9.02858257e-01,
            4.18483124e+02, 7.92282227e+02, 8.85623813e-01, 0.0, 0.0,
            0.0 ]
    }
}
