{
    "pose_0": {
        "type_id": "opencv-matrix",
        "rows": 1,
        "cols": 18,
        "dt": "3f",
        "data": [ 5.03891998e+02, 7.33329346e+02, 9.10915852e-01,
            5.33304443e+02, 7.80468079e+02, 7.13311315e-01,
            4.83117035e+02, 8.62973145e+02, 7.16438353e-01,
            3.15439240e+02, 9.30728333e+02, 9.12659585e-01,
            3.44972809e+02, 7.89418091e+02, 8.55510712e-01,
            5.71526550e+02, 6.92269043e+02, 7.25776672e-01,
            6.68609314e+02, 5.83330078e+02, 8.22702587e-01,
            7.42330811e+02, 5.12678528e+02, 7.69008398e-01,
            7.98104492e+02, 8.42297363e+02, 3.10051769e-01,
            1.10127979e+03, 8.65841492e+02, 7.48690143e-02, 0.0, 0.0,
            0.0, 8.12783752e+02, 7.48098755e+02, 2.73624212e-01,
            9.03974548e+02, 6.24501892e+02, 2.25905448e-01, 0.0, 0.0,
            0.0, 4.74328369e+02, 7.42066711e+02, 9.31887388e-01,
            4.94936707e+02, 7.09789185e+02, 8.45073581e-01,
            4.36195587e+02, 8.03919800e+02, 8.78970087e-01, 0.0, 0.0,
            0.0 ]
    }
}
