{
    "pose_0": {
        "type_id": "opencv-matrix",
        "rows": 1,
        "cols": 18,
        "dt": "3f",
        "data": [ 4.89043518e+02, 7.33322937e+02, 8.22618306e-01,
            5.21397339e+02, 7.83397156e+02, 7.38085985e-01,
            4.59644043e+02, 8.62835632e+02, 7.42196441e-01,
            2.94974548e+02, 9.27600403e+02, 9.17020917e-01,
            3.24316345e+02, 7.86380737e+02, 8.25506330e-01,
            5.53976379e+02, 7.01001038e+02, 7.26724923e-01,
            6.65602844e+02, 5.45049561e+02, 7.46953189e-01,
            7.65678833e+02, 4.09691620e+02, 7.61703014e-01,
            8.18735291e+02, 8.39361694e+02, 3.12669069e-01,
            1.11598743e+03, 8.51076416e+02, 2.28603348e-01,
            1.43677661e+03, 8.56917419e+02, 4.38349962e-01,
            8.45223389e+02, 7.39242371e+02, 3.09550524e-01,
            1.13950281e+03, 6.53862915e+02, 5.85257828e-01,
            1.38386292e+03, 5.62677307e+02, 1.32675201e-01,
            4.59533783e+02, 7.42145935e+02, 1.01476240e+00,
            4.80255249e+02, 7.06882629e+02, 9.14336264e-01,
            4.21417267e+02, 7.95147400e+02, 8.68607879e-01, 0.0, 0.0,
            0.0 ]
    }
}
