{
    "pose_0": {
        "type_id": "opencv-matrix",
        "rows": 1,
        "cols": 18,
        "dt": "3f",
        "data": [ 4.86260498e+02, 7.33406006e+02, 8.64077330e-01,
            5.18489868e+02, 7.83395630e+02, 6.68569505e-01,
            4.62633606e+02, 8.68712036e+02, 7.13011920e-01,
            2.97860565e+02, 9.30625000e+02, 8.89286518e-01,
            3.33129364e+02, 7.89267822e+02, 8.39933753e-01,
            5.45052673e+02, 6.95045349e+02, 6.18261218e-01,
            5.77356934e+02, 5.09787201e+02, 8.44171703e-01,
            6.21584167e+02, 3.62431000e+02, 7.93386161e-01,
            7.92223022e+02, 8.51074219e+02, 2.53988832e-01,
            1.14542432e+03, 8.59869751e+02, 1.27764329e-01,
            1.43384790e+03, 8.62906677e+02, 2.24705487e-01,
            8.12846191e+02, 7.48054749e+02, 2.68291771e-01,
            8.86438904e+02, 6.18564270e+02, 5.55307753e-02, 0.0, 0.0,
            0.0, 4.59523285e+02, 7.42151245e+02, 1.03024673e+00,
            4.80210876e+02, 7.12746643e+02, 8.82956982e-01,
            4.21422699e+02, 8.04051208e+02, 8.34495425e-01, 0.0, 0.0,
            0.0 ]
    }
}
