{
    "pose_0": {
        "type_id": "opencv-matrix",
        "rows": 1,
        "cols": 18,
        "dt": "3f",
        "data": [ 5.03745544e+02, 7.33272400e+02, 8.48079383e-01,
            5.33283081e+02, 7.80415710e+02, 7.62217045e-01,
            4.74327423e+02, 8.57105347e+02, 7.39024401e-01,
            3.03635742e+02, 9.24581848e+02, 8.33944142e-01,
            3.39106171e+02, 7.86409912e+02, 9.23941016e-01,
            5.89097595e+02, 6.92221252e+02, 7.55128205e-01,
            7.18699341e+02, 8.01033936e+02, 8.25105190e-01,
            5.97973022e+02, 9.03943176e+02, 7.86462903e-01,
            8.30438049e+02, 8.36388062e+02, 2.48971447e-01,
            1.20426404e+03, 8.33520264e+02, 2.20162749e-01,
            1.43683228e+03, 8.54065979e+02, 5.15231371e-01,
            8.54000488e+02, 7.42161987e+02, 2.75076240e-01,
            1.16606140e+03, 7.62854370e+02, 4.02069628e-01,
            1.46326538e+03, 7.71690796e+02, 4.62535143e-01,
            4.68461578e+02, 7.39381287e+02, 9.07635927e-01,
            4.86254974e+02, 7.06841736e+02, 8.54390621e-01,
            4.33102509e+02, 7.89318665e+02, 9.48205292e-01,
            4.83208282e+02, 6.92019958e+02, 1.56179205e-01 ]
    }
}
