{
    "pose_0": {
        "type_id": "opencv-matrix",
        "rows": 1,
        "cols": 18,
        "dt": "3f",
        "data": [ 4.97909882e+02, 7.21682739e+02, 7.91848123e-01,
            5.27369446e+02, 7.83395264e+02, 7.75617421e-01,
            4.68484894e+02, 8.60052307e+02, 7.14435875e-01,
            3.00707886e+02, 9.27607666e+02, 8.79397511e-01,
            3.38823975e+02, 7.86343262e+02, 9.03653741e-01,
            5.77411194e+02, 6.95042358e+02, 8.11037064e-01,
            7.15643433e+02, 7.89292297e+02, 8.76232982e-01,
            5.97952576e+02, 9.04005493e+02, 7.83136606e-01,
            7.65804810e+02, 8.33488647e+02, 2.24787250e-01,
            1.18370459e+03, 8.54054321e+02, 1.43198982e-01,
            1.43978052e+03, 8.56929749e+02, 2.27154955e-01,
            8.03985718e+02, 7.42241455e+02, 2.24567801e-01,
            8.83457275e+02, 6.24501648e+02, 1.09650031e-01, 0.0, 0.0,
            0.0, 4.59765076e+02, 7.39178589e+02, 9.17609930e-01,
            4.83123688e+02, 6.98067078e+02, 9.33138072e-01,
            4.27284485e+02, 7.89248352e+02, 9.05181587e-01, 0.0, 0.0,
            0.0 ]
    }
}
