{
    "pose_0": {
        "type_id": "opencv-matrix",
        "rows": 1,
        "cols": 18,
        "dt": "3f",
        "data": [ 5.03829163e+02, 7.42096436e+02, 8.84045362e-01,
            5.27398621e+02, 7.86411072e+02, 7.85891712e-01,
            4.59554962e+02, 8.62820496e+02, 7.45833635e-01,
            2.94989868e+02, 9.30443115e+02, 9.18911576e-01,
            3.38862762e+02, 7.92231201e+02, 8.54154468e-01,
            5.86160339e+02, 7.01012817e+02, 7.14996517e-01,
            7.18713196e+02, 8.10023010e+02, 9.17652369e-01,
            5.95053467e+02, 9.06955322e+02, 7.72728682e-01,
            8.51061279e+02, 8.33462708e+02, 3.09020668e-01,
            1.17191162e+03, 8.42274109e+02, 3.40554953e-01,
            1.43090918e+03, 8.51130554e+02, 5.31533301e-01,
            8.74641357e+02, 7.39248657e+02, 2.84469724e-01,
            1.13947034e+03, 7.62751465e+02, 6.36448503e-01,
            1.46621912e+03, 7.45125732e+02, 4.70515728e-01,
            4.68463165e+02, 7.51070984e+02, 8.35299492e-01,
            4.89030853e+02, 7.15652100e+02, 8.76671910e-01,
            4.30260590e+02, 8.03961487e+02, 8.34092677e-01,
            4.80356659e+02, 6.94941040e+02, 1.25723675e-01 ]
    }
}
