{
    "pose_0": {
        "type_id": "opencv-matrix",
        "rows": 1,
        "cols": 18,
        "dt": "3f",
        "data": [ 4.68446442e+02, 6.98161926e+02, 8.10771585e-01,
            5.24311707e+02, 7.15592712e+02, 7.61434495e-01,
            4.59716675e+02, 7.89355774e+02, 7.34811902e-01,
            2.91964905e+02, 8.60003967e+02, 9.32515323e-01,
            3.33059357e+02, 7.18633362e+02, 8.69777918e-01,
            5.77463684e+02, 6.27485962e+02, 7.76829660e-01,
            7.06888977e+02, 7.42132813e+02, 8.68074536e-01,
            5.80357605e+02, 8.42214050e+02, 7.31499612e-01,
            8.27509155e+02, 7.54002991e+02, 2.81355113e-01,
            1.18072620e+03, 7.86321533e+02, 1.63888007e-01,
            1.42798328e+03, 7.86291687e+02, 1.64622396e-01,
            8.51070923e+02, 6.65686279e+02, 3.41366470e-01,
            1.06300183e+03, 5.53800049e+02, 2.31045544e-01, 0.0, 0.0,
            0.0, 4.33292542e+02, 7.09755737e+02, 9.43847299e-01,
            4.59678772e+02, 6.71461426e+02, 8.92637908e-01,
            4.09674377e+02, 7.36372009e+02, 6.93716526e-01,
            4.77291748e+02, 6.36225830e+02, 7.28772521e-01 ]
    }
}
