{
    "pose_0": {
        "type_id": "opencv-matrix",
        "rows": 1,
        "cols": 18,
        "dt": "3f",
        "data": [ 4.86187439e+02, 7.15779419e+02, 8.26450944e-01,
            5.30217529e+02, 7.71583923e+02, 7.51646936e-01,
            4.59742615e+02, 8.56985779e+02, 7.38368630e-01,
            2.94832733e+02, 9.12872925e+02, 8.82683158e-01,
            3.27205780e+02, 7.68762695e+02, 8.19124401e-01,
            5.77284424e+02, 6.92091553e+02, 7.16880798e-01,
            7.83325562e+02, 6.53956238e+02, 7.96906471e-01,
            9.24687622e+02, 6.53904114e+02, 7.93353975e-01,
            8.36371155e+02, 8.27545837e+02, 3.62808675e-01,
            1.11011877e+03, 8.36364014e+02, 1.90595880e-01,
            1.43680859e+03, 8.56996582e+02, 5.47987401e-01,
            8.59969727e+02, 7.18606567e+02, 3.38978052e-01,
            1.13947522e+03, 7.56893677e+02, 5.64440131e-01,
            1.44860815e+03, 7.62690308e+02, 5.28930306e-01,
            4.56650543e+02, 7.27434570e+02, 9.02330816e-01,
            4.80229980e+02, 6.92180481e+02, 9.48688745e-01,
            4.15588745e+02, 7.86289856e+02, 9.08555925e-01, 0.0, 0.0,
            0.0 ]
    }
}
