{
    "pose_0": {
        "type_id": "opencv-matrix",
        "rows": 1,
        "cols": 18,
        "dt": "3f",
        "data": [ 4.71447052e+02, 7.18612854e+02, 8.85101557e-01,
            5.27295532e+02, 7.42154907e+02, 7.89802909e-01,
            4.68508789e+02, 8.18692200e+02, 7.09401071e-01,
            2.94967682e+02, 8.86509644e+02, 8.55873227e-01,
            3.38946533e+02, 7.42128723e+02, 8.87875617e-01,
            5.77346191e+02, 6.53862183e+02, 7.66282678e-01,
            7.12729492e+02, 7.59761414e+02, 8.14626634e-01,
            5.92033936e+02, 8.68744141e+02, 6.85105145e-01,
            7.36311523e+02, 8.30488525e+02, 1.92316279e-01, 0.0, 0.0,
            0.0, 0.0, 0.0, 0.0, 7.71637451e+02, 7.33387573e+02,
            1.81650773e-01, 0.0, 0.0, 0.0, 0.0, 0.0, 0.0, 4.36095154e+02,
            7.21718811e+02, 9.59413409e-01, 4.59752563e+02,
            6.89247009e+02, 8.76955688e-01, 4.12597961e+02,
            7.59825989e+02, 7.10175872e-01, 4.71442169e+02,
            6.56904480e+02, 5.80966711e-01 ]
    }
}
