{
    "pose_0": {
        "type_id": "opencv-matrix",
        "rows": 1,
        "cols": 18,
        "dt": "3f",
        "data": [ 4.89148590e+02, 7.24605164e+02, 7.49813020e-01,
            5.27344604e+02, 7.77471375e+02, 7.58749366e-01,
            4.59691071e+02, 8.57010864e+02, 7.34519720e-01,
            2.94888855e+02, 9.15843140e+02, 8.61825109e-01,
            3.30112366e+02, 7.83360168e+02, 8.01069558e-01,
            5.77318298e+02, 6.95252014e+02, 7.26691484e-01,
            7.83387207e+02, 6.71503601e+02, 8.54600430e-01,
            9.30562622e+02, 6.68660461e+02, 8.92502487e-01,
            8.54050293e+02, 8.36382507e+02, 2.91356772e-01,
            1.12774036e+03, 8.15827698e+02, 1.43186688e-01,
            1.43387537e+03, 8.59841675e+02, 3.83061498e-01,
            8.77588745e+02, 7.30460449e+02, 2.91089624e-01,
            1.13075415e+03, 7.62783875e+02, 5.23218334e-01,
            1.46619214e+03, 7.89340515e+02, 5.59508204e-01,
            4.59513275e+02, 7.39283875e+02, 9.60084319e-01,
            4.80351593e+02, 6.98102600e+02, 9.27082539e-01,
            4.21354889e+02, 7.89307556e+02, 9.13530767e-01, 0.0, 0.0,
            0.0 ]
    }
}
