{
    "pose_0": {
        "type_id": "opencv-matrix",
        "rows": 1,
        "cols": 18,
        "dt": "3f",
        "data": [ 5.06649994e+02, 7.36182556e+02, 9.01478410e-01,
            5.33211182e+02, 7.86257141e+02, 6.95039153e-01,
            4.80271729e+02, 8.77516052e+02, 7.31237650e-01,
            3.15460938e+02, 9.33592957e+02, 8.97488236e-01,
            3.44881500e+02, 8.01066284e+02, 8.43817055e-01,
            5.62624146e+02, 7.00971985e+02, 6.75778747e-01,
            6.12661743e+02, 5.24287781e+02, 7.76273012e-01,
            6.68680237e+02, 3.74343994e+02, 7.99255073e-01,
            8.04031372e+02, 8.53977966e+02, 2.87200838e-01,
            1.16016064e+03, 8.77534241e+02, 1.34529427e-01,
            1.43974268e+03, 8.68713440e+02, 1.49508387e-01,
            8.12869995e+02, 7.56887329e+02, 2.65708029e-01,
            8.89454712e+02, 6.21523987e+02, 1.94230631e-01, 0.0, 0.0,
            0.0, 4.77336975e+02, 7.42258179e+02, 9.44138348e-01,
            4.94945648e+02, 7.15564270e+02, 8.20427299e-01,
            4.39060425e+02, 8.09743958e+02, 9.09440994e-01, 0.0, 0.0,
            0.0 ]
    }
}
