{
    "pose_0": {
        "type_id": "opencv-matrix",
        "rows": 1,
        "cols": 18,
        "dt": "3f",
        "data": [ 4.86185577e+02, 7.33399780e+02, 8.59577298e-01,
            5.21504456e+02, 7.86427368e+02, 7.56169021e-01,
            4.56707611e+02, 8.62863342e+02, 7.40190089e-01,
            2.94887756e+02, 9.27757874e+02, 9.36890125e-01,
            3.30165436e+02, 7.89233337e+02, 8.49143803e-01,
            5.77317993e+02, 6.98150940e+02, 7.62653410e-01,
            7.15618591e+02, 8.09853333e+02, 8.72416377e-01,
            5.95024780e+02, 9.04182800e+02, 7.86349654e-01,
            8.36429138e+02, 8.15784302e+02, 3.42348456e-01,
            1.16604333e+03, 8.36472168e+02, 2.37955809e-01,
            1.42802893e+03, 8.42318970e+02, 4.07105058e-01,
            8.68778015e+02, 7.18718933e+02, 3.25241715e-01,
            1.09249915e+03, 6.12686157e+02, 3.94464046e-01,
            1.35147327e+03, 4.59552979e+02, 1.39653370e-01,
            4.56690918e+02, 7.42132385e+02, 1.01992798e+00,
            4.80177216e+02, 7.06905945e+02, 9.11356390e-01,
            4.18456055e+02, 7.98064453e+02, 8.70166063e-01, 0.0, 0.0,
            0.0 ]
    }
}
