{
    "pose_0": {
        "type_id": "opencv-matrix",
        "rows": 1,
        "cols": 18,
        "dt": "3f",
        "data": [ 4.97910370e+02, 7.39246094e+02, 8.40411067e-01,
            5.24450317e+02, 7.86411255e+02, 6.66418076e-01,
            4.71414734e+02, 8.77608215e+02, 7.22111821e-01,
            3.06597351e+02, 9.33459229e+02, 8.62313569e-01,
            3.38879913e+02, 7.95210754e+02, 8.46962273e-01,
            5.50947388e+02, 6.95176514e+02, 6.06597960e-01,
            5.74331116e+02, 5.18476013e+02, 8.23881865e-01,
            6.15608887e+02, 3.59556732e+02, 7.24596977e-01,
            7.89315552e+02, 8.48132874e+02, 2.77040720e-01,
            1.11597607e+03, 8.56963318e+02, 1.79318517e-01,
            1.42800012e+03, 8.68782410e+02, 3.37367088e-01,
            8.09938171e+02, 7.48079712e+02, 2.61824489e-01,
            8.80636292e+02, 6.30356140e+02, 1.03997946e-01,
            9.10062500e+02, 2.44789154e+02, 7.39413053e-02,
            4.62531921e+02, 7.48076355e+02, 9.10903513e-01,
            4.83126709e+02, 7.15754517e+02, 9.25555050e-01,
            4.27244110e+02, 8.09823181e+02, 8.71446311e-01, 0.0, 0.0,
            0.0 ]
    }
}
