{
    "pose_0": {
        "type_id": "opencv-matrix",
        "rows": 1,
        "cols": 18,
        "dt": "3f",
        "data": [ 4.89071533e+02, 7.36186218e+02, 8.64296198e-01,
            5.15545105e+02, 7.83371887e+02, 6.56227231e-01,
            4.59708771e+02, 8.68765259e+02, 7.01766074e-01,
            2.97878143e+02, 9.30658325e+02, 8.80186498e-01,
            3.33123718e+02, 7.89248535e+02, 8.48838210e-01,
            5.45024414e+02, 6.95063721e+02, 6.10497952e-01,
            5.74371765e+02, 5.18471558e+02, 8.36082220e-01,
            6.15608826e+02, 3.62443756e+02, 7.35332072e-01,
            7.92240662e+02, 8.51122192e+02, 2.74951428e-01,
            1.13364954e+03, 8.59937378e+02, 1.57167047e-01,
            1.42803003e+03, 8.62960449e+02, 2.56561518e-01,
            8.09930786e+02, 7.51009827e+02, 2.72848397e-01,
            9.04123840e+02, 5.65608582e+02, 1.98421463e-01, 0.0, 0.0,
            0.0, 4.59560699e+02, 7.42174255e+02, 1.01789021e+00,
            4.80191437e+02, 7.12781006e+02, 8.55425715e-01,
            4.21346161e+02, 8.06848389e+02, 8.50980878e-01, 0.0, 0.0,
            0.0 ]
    }
}
