{
    "pose_0": {
        "type_id": "opencv-matrix",
        "rows": 1,
        "cols": 18,
        "dt": "3f",
        "data": [ 5.06777588e+02, 7.15723083e+02, 8.60614896e-01,
            5.53816833e+02, 7.89267944e+02, 8.06249559e-01,
            4.95010590e+02, 8.74627808e+02, 6.73228741e-01,
            3.21426361e+02, 9.30565552e+02, 8.65183592e-01,
            3.59484558e+02, 7.80507874e+02, 8.09767604e-01,
            6.00920410e+02, 7.06820129e+02, 7.13806391e-01,
            7.39363770e+02, 7.33367371e+02, 7.93796062e-01,
            8.77537903e+02, 7.71604187e+02, 6.48820460e-01,
            8.48138916e+02, 8.48161255e+02, 2.39340603e-01,
            9.77633179e+02, 8.62919373e+02, 2.16166511e-01, 0.0, 0.0,
            0.0, 8.62872131e+02, 7.80444458e+02, 2.60819346e-01,
            1.12480615e+03, 6.74491821e+02, 4.97981548e-01,
            1.42801990e+03, 5.77402466e+02, 2.15017289e-01,
            4.77270538e+02, 7.27494141e+02, 8.81781459e-01,
            5.00829376e+02, 6.95000671e+02, 8.96808922e-01,
            4.39077118e+02, 7.89246277e+02, 9.35756028e-01, 0.0, 0.0,
            0.0 ]
    }
}
