{
    "pose_0": {
        "type_id": "opencv-matrix",
        "rows": 1,
        "cols": 18,
        "dt": "3f",
        "data": [ 4.86125580e+02, 6.95055054e+02, 8.82226825e-01,
            5.21466858e+02, 7.68654114e+02, 6.98984027e-01,
            4.77262817e+02, 8.56949951e+02, 7.27089405e-01,
            3.09551971e+02, 9.12856567e+02, 8.41878116e-01,
            3.38817444e+02, 7.62911987e+02, 8.42771173e-01,
            5.50764160e+02, 6.92249207e+02, 6.98544979e-01,
            6.27496216e+02, 5.09739044e+02, 7.43088126e-01,
            6.98032532e+02, 3.83061798e+02, 7.23455071e-01,
            7.86310486e+02, 8.30509644e+02, 2.95381814e-01,
            1.08070752e+03, 8.59910034e+02, 1.37130156e-01, 0.0, 0.0,
            0.0, 8.06968018e+02, 7.33358887e+02, 3.11358988e-01,
            9.07074341e+02, 6.21483704e+02, 2.36479074e-01,
            9.24700195e+02, 6.24493774e+02, 5.34392968e-02,
            4.56693298e+02, 7.06866211e+02, 9.08897042e-01,
            4.80043427e+02, 6.74494080e+02, 8.01687360e-01,
            4.24377167e+02, 7.68720154e+02, 8.67885292e-01, 0.0, 0.0,
            0.0 ]
    }
}
