{
    "pose_0": {
        "type_id": "opencv-matrix",
        "rows": 1,
        "cols": 18,
        "dt": "3f",
        "data": [ 5.03762299e+02, 7.30430725e+02, 8.37495923e-01,
            5.33201599e+02, 7.77562012e+02, 7.59968340e-01,
            4.68527557e+02, 8.59880737e+02, 7.23864257e-01,
            3.00792847e+02, 9.21738159e+02, 8.33243668e-01,
            3.39039734e+02, 7.86458984e+02, 9.24287140e-01,
            5.86192261e+02, 6.92209290e+02, 7.53425956e-01,
            7.18665466e+02, 8.01028748e+02, 8.26394677e-01,
            5.97990417e+02, 9.03906616e+02, 7.85676479e-01,
            8.30481384e+02, 8.30464111e+02, 2.84643799e-01,
            1.13071399e+03, 8.33419678e+02, 1.80368960e-01,
            1.43682983e+03, 8.53960388e+02, 5.66354692e-01,
            8.56938660e+02, 7.36305298e+02, 2.77300984e-01,
            1.16302344e+03, 7.62674316e+02, 5.09422064e-01,
            1.46326672e+03, 7.59789673e+02, 5.47476947e-01,
            4.68460236e+02, 7.39362122e+02, 9.09369826e-01,
            4.86247559e+02, 7.03954529e+02, 8.57984245e-01,
            4.33087189e+02, 7.89288879e+02, 9.41889882e-01,
            4.83151886e+02, 6.91917847e+02, 1.36353403e-01 ]
    }
}
