{
    "pose_0": {
        "type_id": "opencv-matrix",
        "rows": 1,
        "cols": 18,
        "dt": "3f",
        "data": [ 5.06682892e+02, 7.39375793e+02, 8.88238907e-01,
            5.30197021e+02, 7.86223816e+02, 7.57258654e-01,
            4.59762665e+02, 8.60018005e+02, 7.28248954e-01,
            2.97883820e+02, 9.27686279e+02, 8.83977771e-01,
            3.41866211e+02, 7.89381287e+02, 8.71706426e-01,
            5.86227539e+02, 6.98004211e+02, 7.39830554e-01,
            7.18743347e+02, 8.09831726e+02, 8.96287799e-01,
            5.95091125e+02, 9.04212769e+02, 7.78443217e-01,
            8.54027527e+02, 8.36455261e+02, 1.65492445e-01,
            1.20720044e+03, 8.33426331e+02, 2.08952844e-01,
            1.44262195e+03, 8.54026123e+02, 4.10471827e-01,
            8.95243774e+02, 7.27471436e+02, 2.18094617e-01,
            1.15131201e+03, 7.65671875e+02, 3.03811997e-01,
            1.46332361e+03, 7.77511292e+02, 5.44689655e-01,
            4.77184631e+02, 7.51004456e+02, 8.56122017e-01,
            4.95001068e+02, 7.15606323e+02, 8.65783095e-01,
            4.33227600e+02, 8.04017761e+02, 9.05248880e-01,
            4.83294739e+02, 6.92218994e+02, 1.94986731e-01 ]
    }
}
