{
    "pose_0": {
        "type_id": "opencv-matrix",
        "rows": 1,
        "cols": 18,
        "dt": "3f",
        "data": [ 4.74288361e+02, 7.12813782e+02, 8.68358493e-01,
            5.27374451e+02, 7.30449097e+02, 7.73085833e-01,
            4.65531219e+02, 8.09864380e+02, 7.60887980e-01,
            2.94950989e+02, 8.80505249e+02, 9.04729009e-01,
            3.38914734e+02, 7.36295410e+02, 8.70680094e-01,
            5.77344421e+02, 6.45006531e+02, 7.97864020e-01,
            7.09784546e+02, 7.45099304e+02, 8.20760846e-01,
            5.94945740e+02, 8.57069946e+02, 7.77851522e-01,
            7.62827271e+02, 7.86350647e+02, 1.70965165e-01,
            1.21015881e+03, 7.95265564e+02, 6.38590530e-02,
            1.43093787e+03, 8.06998230e+02, 8.82648230e-02,
            8.03993713e+02, 7.00980408e+02, 1.92550644e-01,
            8.68739563e+02, 5.83290710e+02, 7.88197443e-02, 0.0, 0.0,
            0.0, 4.36217499e+02, 7.18526611e+02, 9.94792998e-01,
            4.59733704e+02, 6.77507080e+02, 8.69178057e-01,
            4.18443634e+02, 7.45109497e+02, 7.01101065e-01,
            4.74413971e+02, 6.48011902e+02, 7.29933619e-01 ]
    }
}
