{
    "pose_0": {
        "type_id": "opencv-matrix",
        "rows": 1,
        "cols": 18,
        "dt": "3f",
        "data": [ 4.80384827e+02, 6.98028870e+02, 9.29924428e-01,
            5.06721985e+02, 7.65789551e+02, 6.99190319e-01,
            4.59720520e+02, 8.56908997e+02, 7.31996834e-01,
            2.97782257e+02, 9.07152283e+02, 8.69215190e-01,
            3.27214905e+02, 7.59794739e+02, 7.87488401e-01,
            5.36227478e+02, 6.80421265e+02, 6.08768940e-01,
            5.53742554e+02, 4.89126862e+02, 8.02275479e-01,
            5.80336609e+02, 3.44847931e+02, 7.22561121e-01,
            7.65798157e+02, 8.33378418e+02, 3.00761044e-01,
            1.16604614e+03, 8.54014465e+02, 2.17929244e-01,
            1.42504749e+03, 8.62840881e+02, 4.05407399e-01,
            7.92234802e+02, 7.36349121e+02, 3.22020292e-01,
            8.80583984e+02, 6.06850891e+02, 1.85445338e-01,
            8.86398621e+02, 2.18335800e+02, 9.29062963e-02,
            4.50792053e+02, 7.12658752e+02, 8.77664328e-01,
            4.68512604e+02, 6.77394714e+02, 7.98409164e-01,
            4.15473846e+02, 7.65908813e+02, 9.15908873e-01, 0.0, 0.0,
            0.0 ]
    }
}
