{
    "pose_0": {
        "type_id": "opencv-matrix",
        "rows": 1,
        "cols": 18,
        "dt": "3f",
        "data": [ 5.00788940e+02, 7.24582336e+02, 7.79357851e-01,
            5.30215698e+02, 7.77488464e+02, 7.73142993e-01,
            4.65500854e+02, 8.57026428e+02, 7.50107110e-01,
            3.00739441e+02, 9.21683777e+02, 8.39182615e-01,
            3.38895782e+02, 7.86257568e+02, 8.93203855e-01,
            5.80321167e+02, 6.92109436e+02, 7.60971606e-01,
            7.15754395e+02, 7.92185303e+02, 8.60046983e-01,
            5.97970825e+02, 9.01059509e+02, 7.74243474e-01,
            8.39294434e+02, 8.12802368e+02, 3.22769254e-01,
            1.16308582e+03, 8.36420410e+02, 2.53592372e-01,
            1.43386755e+03, 8.42304504e+02, 3.82088095e-01,
            8.62909302e+02, 7.18716736e+02, 3.58402640e-01,
            1.06594177e+03, 6.18549988e+02, 2.90104032e-01,
            1.35730701e+03, 4.50784912e+02, 1.98197797e-01,
            4.62685150e+02, 7.39225220e+02, 8.96859288e-01,
            4.83241119e+02, 7.03876160e+02, 8.93827498e-01,
            4.30235931e+02, 7.86431580e+02, 9.12050009e-01,
            4.80393280e+02, 6.89115051e+02, 1.21692732e-01 ]
    }
}
