{
    "pose_0": {
        "type_id": "opencv-matrix",
        "rows": 1,
        "cols": 18,
        "dt": "3f",
        "data": [ 4.91992950e+02, 7.30396790e+02, 8.02634716e-01,
            5.21496460e+02, 7.86265198e+02, 7.24271417e-01,
            4.62620117e+02, 8.62842834e+02, 7.21018374e-01,
            2.97760376e+02, 9.27648560e+02, 9.11740780e-01,
            3.27167175e+02, 7.86434021e+02, 8.33098412e-01,
            5.56749084e+02, 7.00957397e+02, 6.74342871e-01,
            6.47946411e+02, 5.27421570e+02, 7.96547771e-01,
            7.30422424e+02, 4.03745636e+02, 7.21057117e-01,
            8.24588928e+02, 8.33498901e+02, 3.23798865e-01,
            1.14246960e+03, 8.42254272e+02, 2.15571940e-01,
            1.42805334e+03, 8.56979492e+02, 4.47524011e-01,
            8.54041321e+02, 7.33333191e+02, 3.31204236e-01,
            1.11304443e+03, 6.39171997e+02, 5.06535292e-01,
            1.37792261e+03, 5.03709106e+02, 2.10321262e-01,
            4.59579285e+02, 7.39377319e+02, 1.00842762e+00,
            4.80292847e+02, 7.06884277e+02, 8.77511263e-01,
            4.24358612e+02, 7.95167175e+02, 8.56050014e-01, 0.0, 0.0,
            0.0 ]
    }
}
