{
    "pose_0": {
        "type_id": "opencv-matrix",
        "rows": 1,
        "cols": 18,
        "dt": "3f",
        "data": [ 5.06647064e+02, 7.15688416e+02, 9.16639686e-01,
            5.47890869e+02, 7.83432251e+02, 7.55502701e-01,
            4.83257782e+02, 8.65816833e+02, 6.90927684e-01,
            3.21300873e+02, 9.27677551e+02, 8.95480275e-01,
            3.53704681e+02, 7.74606384e+02, 7.52303183e-01,
            5.86214478e+02, 7.00978027e+02, 6.78473473e-01,
            7.39330688e+02, 6.74544128e+02, 7.85269380e-01,
            8.83570435e+02, 6.71475342e+02, 8.25416028e-01,
            8.51113403e+02, 8.30508057e+02, 2.94400036e-01,
            1.03358960e+03, 8.57068604e+02, 1.86775923e-01, 0.0, 0.0,
            0.0, 8.54041992e+02, 7.30447205e+02, 2.34273762e-01,
            1.14541113e+03, 6.27476074e+02, 4.36032057e-01,
            1.37498694e+03, 5.09649628e+02, 2.78193116e-01,
            4.77235352e+02, 7.21696167e+02, 8.95951688e-01,
            4.97916412e+02, 6.92284729e+02, 8.23350430e-01,
            4.39096130e+02, 7.86444763e+02, 9.16511297e-01, 0.0, 0.0,
            0.0 ]
    }
}
