{
    "pose_0": {
        "type_id": "opencv-matrix",
        "rows": 1,
        "cols": 18,
        "dt": "3f",
        "data": [ 4.86215088e+02, 7.12817566e+02, 8.93376231e-01,
            5.18457764e+02, 7.65790527e+02, 6.57318056e-01,
            4.62570465e+02, 8.56883301e+02, 7.32015371e-01,
            2.94857849e+02, 9.10080200e+02, 8.96229565e-01,
            3.33006439e+02, 7.68700928e+02, 8.37833881e-01,
            5.50834167e+02, 6.86313965e+02, 6.91007614e-01,
            6.30409485e+02, 5.12634460e+02, 6.78161144e-01,
            7.15681213e+02, 3.88980408e+02, 7.72474706e-01,
            7.86365540e+02, 8.33456238e+02, 3.43768656e-01,
            1.08066663e+03, 8.45201233e+02, 1.14516966e-01, 0.0, 0.0,
            0.0, 8.12791382e+02, 7.33362976e+02, 3.24392378e-01,
            9.15893127e+02, 6.21446899e+02, 2.43592352e-01, 0.0, 0.0,
            0.0, 4.56784912e+02, 7.18790100e+02, 1.00885880e+00,
            4.80079346e+02, 6.92083252e+02, 8.93646002e-01,
            4.18439880e+02, 7.86261597e+02, 8.91481042e-01, 0.0, 0.0,
            0.0 ]
    }
}
