{
    "pose_0": {
        "type_id": "opencv-matrix",
        "rows": 1,
        "cols": 18,
        "dt": "3f",
        "data": [ 4.86229614e+02, 7.33406433e+02, 8.36620688e-01,
            5.24416138e+02, 7.89212585e+02, 7.60886550e-01,
            4.56624908e+02, 8.62921814e+02, 7.35402286e-01,
            2.94914124e+02, 9.30493713e+02, 9.29701209e-01,
            3.30130096e+02, 7.89276123e+02, 8.55857193e-01,
            5.77522095e+02, 7.00965027e+02, 7.39843667e-01,
            7.15802246e+02, 8.09907898e+02, 9.10884380e-01,
            5.97933472e+02, 9.04104065e+02, 8.18474770e-01,
            8.39304260e+02, 8.15789612e+02, 3.25053602e-01,
            1.14544434e+03, 8.42292542e+02, 2.64780998e-01,
            1.39562183e+03, 8.45213318e+02, 2.80207932e-01,
            8.74633972e+02, 7.21605347e+02, 3.05273652e-01,
            1.12778601e+03, 6.45010559e+02, 4.70714360e-01,
            1.38974194e+03, 5.24394531e+02, 3.09749424e-01,
            4.56759216e+02, 7.42269104e+02, 9.90007520e-01,
            4.80206177e+02, 7.09743835e+02, 8.86304021e-01,
            4.21430054e+02, 8.01002686e+02, 8.71614933e-01, 0.0, 0.0,
            0.0 ]
    }
}
