{
    "pose_0": {
        "type_id": "opencv-matrix",
        "rows": 1,
        "cols": 18,
        "dt": "3f",
        "data": [ 5.00841370e+02, 7.24592285e+02, 7.90311456e-01,
            5.27388184e+02, 7.77554321e+02, 7.68813968e-01,
            4.62577911e+02, 8.57046875e+02, 7.57669330e-01,
            3.00674561e+02, 9.21713623e+02, 8.41768503e-01,
            3.38830627e+02, 7.86341675e+02, 8.82765412e-01,
            5.80350891e+02, 6.92156860e+02, 7.57752120e-01,
            7.15728271e+02, 7.92268494e+02, 8.49675477e-01,
            5.97925964e+02, 9.01096130e+02, 7.78176665e-01,
            8.48151550e+02, 8.09947205e+02, 2.55275518e-01,
            1.16308716e+03, 8.39331970e+02, 2.57071704e-01,
            1.42499487e+03, 8.42249451e+02, 3.23750168e-01,
            8.80523132e+02, 7.12782898e+02, 3.09147120e-01,
            1.13071997e+03, 6.27434326e+02, 3.96473974e-01, 0.0, 0.0,
            0.0, 4.62698669e+02, 7.39234253e+02, 8.94745827e-01,
            4.83283447e+02, 7.01002075e+02, 9.06183302e-01,
            4.30217285e+02, 7.89181274e+02, 9.25779521e-01,
            4.80283112e+02, 6.89108276e+02, 9.09194797e-02 ]
    }
}
