{
    "pose_0": {
        "type_id": "opencv-matrix",
        "rows": 1,
        "cols": 18,
        "dt": "3f",
        "data": [ 5.06604797e+02, 7.30391541e+02, 8.95242751e-01,
            5.36171875e+02, 7.83351074e+02, 7.18824863e-01,
            4.83134460e+02, 8.68810791e+02, 7.16110528e-01,
            3.15495544e+02, 9.33507629e+02, 9.12359595e-01,
            3.50716675e+02, 7.92245056e+02, 8.38841200e-01,
            5.74322998e+02, 6.95096985e+02, 6.99622214e-01,
            6.56819092e+02, 5.44945068e+02, 7.31135845e-01,
            7.39261597e+02, 4.33221161e+02, 7.52596498e-01,
            8.01079468e+02, 8.48162598e+02, 2.78040856e-01,
            1.10127747e+03, 8.74610718e+02, 9.79186669e-02,
            1.44563684e+03, 8.62857239e+02, 1.11127652e-01,
            8.12841980e+02, 7.50999878e+02, 2.43572503e-01,
            8.95273560e+02, 6.24515320e+02, 1.76079646e-01, 0.0, 0.0,
            0.0, 4.74383575e+02, 7.39333130e+02, 9.18291330e-01,
            4.94914032e+02, 7.09780762e+02, 8.11915278e-01,
            4.39000702e+02, 8.03912964e+02, 8.63411605e-01, 0.0, 0.0,
            0.0 ]
    }
}
