{
    "pose_0": {
        "type_id": "opencv-matrix",
        "rows": 1,
        "cols": 18,
        "dt": "3f",
        "data": [ 4.97963348e+02, 7.21622498e+02, 7.87574708e-01,
            5.27281433e+02, 7.80420227e+02, 7.58277774e-01,
            4.62558197e+02, 8.59937561e+02, 7.38669336e-01,
            2.97811249e+02, 9.24636108e+02, 8.62158060e-01,
            3.38888245e+02, 7.86328003e+02, 8.97094727e-01,
            5.77446167e+02, 6.92172485e+02, 7.93619514e-01,
            7.15611084e+02, 7.89376343e+02, 8.49096298e-01,
            5.95060059e+02, 9.03978333e+02, 7.71264195e-01,
            8.01065369e+02, 8.12886963e+02, 2.29653269e-01,
            1.13952771e+03, 8.39421753e+02, 7.35157803e-02,
            1.44562463e+03, 8.53945251e+02, 8.58248547e-02,
            8.18725586e+02, 7.33381226e+02, 2.70025939e-01,
            9.07068237e+02, 6.39123718e+02, 1.98565573e-01, 0.0, 0.0,
            0.0, 4.62549652e+02, 7.39136841e+02, 8.95179749e-01,
            4.83186951e+02, 6.98050354e+02, 9.50565338e-01,
            4.27206299e+02, 7.89160767e+02, 9.18162346e-01,
            4.80222565e+02, 6.86230652e+02, 8.38023871e-02 ]
    }
}
