{
    "pose_0": {
        "type_id": "opencv-matrix",
        "rows": 1,
        "cols": 18,
        "dt": "3f",
        "data": [ 5.06714386e+02, 7.36225342e+02, 8.90613317e-01,
            5.33233093e+02, 7.83359863e+02, 6.76742673e-01,
            4.80302917e+02, 8.74612244e+02, 7.23026395e-01,
            3.15400177e+02, 9.33578247e+02, 8.92778456e-01,
            3.44926544e+02, 8.01040039e+02, 8.33642125e-01,
            5.62691345e+02, 6.95100037e+02, 6.60691381e-01,
            6.21651123e+02, 5.24329956e+02, 8.27882469e-01,
            6.89251160e+02, 3.83066376e+02, 7.42353797e-01,
            7.95206787e+02, 8.51103699e+02, 2.83170849e-01,
            1.16013086e+03, 8.74657593e+02, 1.12595074e-01,
            1.43093762e+03, 8.65810547e+02, 1.59846410e-01,
            8.12820801e+02, 7.51049927e+02, 2.68274635e-01,
            8.95243225e+02, 6.15641479e+02, 2.03503430e-01,
            9.51066284e+02, 2.47716660e+02, 8.55744928e-02,
            4.77326385e+02, 7.42266846e+02, 9.38104987e-01,
            4.97834900e+02, 7.15533020e+02, 8.03262532e-01,
            4.39078552e+02, 8.09721313e+02, 8.90082181e-01, 0.0, 0.0,
            0.0 ]
    }
}
