{
    "pose_0": {
        "type_id": "opencv-matrix",
        "rows": 1,
        "cols": 18,
        "dt": "3f",
        "data": [ 4.92035004e+02, 7.36275574e+02, 8.53670239e-01,
            5.21451111e+02, 7.86262634e+02, 6.63432598e-01,
            4.65588501e+02, 8.77516907e+02, 7.02994943e-01,
            3.06595093e+02, 9.30712708e+02, 8.72220516e-01,
            3.36018768e+02, 7.92347290e+02, 8.23755205e-01,
            5.47945435e+02, 6.95107239e+02, 6.27614617e-01,
            5.62666504e+02, 5.12617798e+02, 7.92252719e-01,
            5.97963867e+02, 3.65388794e+02, 7.48660743e-01,
            7.89269714e+02, 8.51063477e+02, 2.82846540e-01,
            1.13657251e+03, 8.59937744e+02, 1.97578341e-01,
            1.42205151e+03, 8.65873413e+02, 3.07814002e-01,
            8.06965881e+02, 7.51033203e+02, 2.73505300e-01,
            8.80550598e+02, 6.30394287e+02, 1.57839447e-01,
            9.24658386e+02, 2.44827393e+02, 5.53589985e-02,
            4.59728119e+02, 7.42260803e+02, 1.01118433e+00,
            4.80290375e+02, 7.15633362e+02, 8.67578864e-01,
            4.27224945e+02, 8.06928528e+02, 8.57592642e-01, 0.0, 0.0,
            0.0 ]
    }
}
