{
    "pose_0": {
        "type_id": "opencv-matrix",
        "rows": 1,
        "cols": 18,
        "dt": "3f",
        "data": [ 4.89087891e+02, 7.15733948e+02, 8.49056363e-01,
            5.21468750e+02, 7.68676758e+02, 6.69215620e-01,
            4.62666290e+02, 8.56981567e+02, 7.26737738e-01,
            2.94805328e+02, 9.10091675e+02, 8.92661512e-01,
            3.30143280e+02, 7.71594482e+02, 8.30937684e-01,
            5.53808105e+02, 6.89237549e+02, 7.10972905e-01,
            6.53892273e+02, 5.30206116e+02, 7.54846096e-01,
            7.45209412e+02, 4.15565216e+02, 5.56383073e-01,
            8.04029541e+02, 8.33429565e+02, 3.53779346e-01,
            1.04241235e+03, 8.36513550e+02, 9.38607156e-02, 0.0, 0.0,
            0.0, 8.30469421e+02, 7.27486450e+02, 3.31103683e-01,
            9.71716736e+02, 6.18497192e+02, 4.04440075e-01,
            1.21313635e+03, 3.00758972e+02, 1.30679354e-01,
            4.56776611e+02, 7.24536438e+02, 9.34208810e-01,
            4.80219940e+02, 6.92216187e+02, 9.18397784e-01,
            4.18423248e+02, 7.86339600e+02, 9.06997085e-01, 0.0, 0.0,
            0.0 ]
    }
}
