{
    "pose_0": {
        "type_id": "opencv-matrix",
        "rows": 1,
        "cols": 18,
        "dt": "3f",
        "data": [ 4.71427338e+02, 6.95075317e+02, 8.55826557e-01,
            5.24324585e+02, 7.12668579e+02, 7.56850362e-01,
            4.59557922e+02, 7.86396973e+02, 7.67017484e-01,
            2.91821960e+02, 8.57043457e+02, 9.32342172e-01,
            3.35942444e+02, 7.15782349e+02, 9.18321133e-01,
            5.77494324e+02, 6.24455017e+02, 7.71976113e-01,
            7.09776978e+02, 7.39345093e+02, 8.73186827e-01,
            5.89123474e+02, 8.36266479e+02, 7.61547565e-01,
            8.36413025e+02, 7.65788635e+02, 2.33304992e-01,
            1.16605322e+03, 7.80406799e+02, 1.98961616e-01,
            1.41910498e+03, 7.86240540e+02, 1.39206484e-01,
            8.62883423e+02, 6.71513733e+02, 2.79632568e-01,
            1.13954822e+03, 6.21599670e+02, 1.39583662e-01, 0.0, 0.0,
            0.0, 4.36044189e+02, 6.98145386e+02, 9.71541822e-01,
            4.59713287e+02, 6.65724121e+02, 8.81903648e-01,
            4.09617523e+02, 7.27542175e+02, 6.37344897e-01,
            4.74399170e+02, 6.24624939e+02, 7.96129405e-01 ]
    }
}
