{
    "pose_0": {
        "type_id": "opencv-matrix",
        "rows": 1,
        "cols": 18,
        "dt": "3f",
        "data": [ 5.00809418e+02, 7.09839722e+02, 8.76804709e-01,
            5.24361023e+02, 7.83327637e+02, 7.10841894e-01,
            4.71384216e+02, 8.59868774e+02, 7.32512057e-01,
            3.15412842e+02, 9.18819763e+02, 8.89696896e-01,
            3.41998749e+02, 7.65864380e+02, 8.49745214e-01,
            5.56831482e+02, 6.98048584e+02, 6.77319884e-01,
            6.71719360e+02, 5.50980103e+02, 8.36424768e-01,
            7.65756775e+02, 4.53660309e+02, 7.36073017e-01,
            8.01052368e+02, 8.33475464e+02, 3.17557871e-01,
            1.07185596e+03, 8.71698120e+02, 1.18262880e-01, 0.0, 0.0,
            0.0, 8.15817810e+02, 7.39303711e+02, 2.93479085e-01,
            9.51243042e+02, 6.33334717e+02, 3.87527585e-01, 0.0, 0.0,
            0.0, 4.65496246e+02, 7.15772156e+02, 9.21722889e-01,
            4.83118805e+02, 6.92052429e+02, 7.99226880e-01,
            4.33055481e+02, 7.80477356e+02, 9.19070363e-01, 0.0, 0.0,
            0.0 ]
    }
}
