{
    "pose_0": {
        "type_id": "opencv-matrix",
        "rows": 1,
        "cols": 18,
        "dt": "3f",
        "data": [ 5.06673431e+02, 7.39232605e+02, 9.15151477e-01,
            5.30246765e+02, 7.86242432e+02, 7.56501019e-01,
            4.59692108e+02, 8.62885437e+02, 7.07459688e-01,
            3.00718170e+02, 9.27627991e+02, 8.81259799e-01,
            3.39040344e+02, 7.89332764e+02, 8.87423992e-01,
            5.89105957e+02, 6.95191650e+02, 7.48017967e-01,
            7.18753174e+02, 8.09811157e+02, 8.99153352e-01,
            5.95078369e+02, 9.04164978e+02, 7.89604306e-01,
            8.51076111e+02, 8.42240417e+02, 1.93660051e-01,
            1.15721057e+03, 7.98140076e+02, 1.44967094e-01,
            1.43679749e+03, 8.54035278e+02, 2.90871769e-01,
            8.95262268e+02, 7.30428467e+02, 2.19312742e-01,
            1.16014331e+03, 7.62698608e+02, 3.51942658e-01,
            1.46625964e+03, 7.77476807e+02, 5.47499180e-01,
            4.77184784e+02, 7.45251770e+02, 8.68817210e-01,
            4.94969574e+02, 7.12727051e+02, 8.53265405e-01,
            4.33175232e+02, 8.04036987e+02, 9.19763803e-01,
            4.83140900e+02, 6.92215515e+02, 1.41149387e-01 ]
    }
}
