{
    "pose_0": {
        "type_id": "opencv-matrix",
        "rows": 1,
        "cols": 18,
        "dt": "3f",
        "data": [ 4.89087524e+02, 7.18571777e+02, 8.64991128e-01,
            5.21476379e+02, 7.68764526e+02, 6.87926888e-01,
            4.62582458e+02, 8.57039063e+02, 7.13179231e-01,
            2.94800446e+02, 9.10060974e+02, 8.98778558e-01,
            3.33011597e+02, 7.71627197e+02, 8.16192985e-01,
            5.53978088e+02, 6.92229431e+02, 7.31998980e-01,
            6.71592285e+02, 5.53873169e+02, 7.34569907e-01,
            8.01057129e+02, 4.39109314e+02, 6.30697370e-01,
            8.06913330e+02, 8.30480713e+02, 3.78457338e-01,
            1.13365698e+03, 8.51100403e+02, 1.16339199e-01, 0.0, 0.0,
            0.0, 8.27577698e+02, 7.27513062e+02, 3.37215602e-01,
            9.71757813e+02, 6.42104065e+02, 2.84911871e-01, 0.0, 0.0,
            0.0, 4.56796265e+02, 7.27500854e+02, 9.39463854e-01,
            4.80272766e+02, 6.95095337e+02, 9.15207863e-01,
            4.18456238e+02, 7.86482788e+02, 9.10827279e-01, 0.0, 0.0,
            0.0 ]
    }
}
