{
    "pose_0": {
        "type_id": "opencv-matrix",
        "rows": 1,
        "cols": 18,
        "dt": "3f",
        "data": [ 5.00770905e+02, 7.39211426e+02, 8.47411036e-01,
            5.24422546e+02, 7.86294678e+02, 6.70652509e-01,
            4.77228333e+02, 8.77505310e+02, 7.30252385e-01,
            3.09478607e+02, 9.33524719e+02, 8.63992095e-01,
            3.39051147e+02, 7.98108582e+02, 8.44132185e-01,
            5.50894348e+02, 6.95156799e+02, 6.41763687e-01,
            5.80385254e+02, 5.15612671e+02, 8.00364137e-01,
            6.30324829e+02, 3.62638062e+02, 7.96077132e-01,
            7.86356995e+02, 8.48166565e+02, 2.54751265e-01,
            1.16311450e+03, 8.77581299e+02, 1.50596812e-01,
            1.42798511e+03, 8.65776367e+02, 3.03571165e-01,
            8.09870605e+02, 7.48110779e+02, 2.60078043e-01,
            8.86425476e+02, 6.24443298e+02, 1.38268828e-01,
            9.10025513e+02, 2.44871704e+02, 9.18034986e-02,
            4.65475403e+02, 7.48074219e+02, 8.88789415e-01,
            4.83168732e+02, 7.15785522e+02, 8.83931100e-01,
            4.30274597e+02, 8.09875732e+02, 8.84111524e-01, 0.0, 0.0,
            0.0 ]
    }
}
