{
    "pose_0": {
        "type_id": "opencv-matrix",
        "rows": 1,
        "cols": 18,
        "dt": "3f",
        "data": [ 4.94912506e+02, 7.12744263e+02, 8.15072536e-01,
            5.27364441e+02, 7.68755554e+02, 7.60902584e-01,
            4.68451355e+02, 8.54053406e+02, 7.39494443e-01,
            2.94970062e+02, 9.21781189e+02, 8.66484404e-01,
            3.38834656e+02, 7.86346619e+02, 9.05939043e-01,
            5.74552551e+02, 6.86213745e+02, 7.74667621e-01,
            7.09840576e+02, 7.86399048e+02, 8.32910836e-01,
            5.92092834e+02, 9.01132324e+02, 7.37753510e-01,
            7.71662415e+02, 8.18742004e+02, 1.95759177e-01,
            1.16603638e+03, 8.42259399e+02, 1.44396469e-01,
            1.42504089e+03, 8.39277771e+02, 1.82299182e-01,
            8.12836853e+02, 7.36265076e+02, 2.44969130e-01,
            9.04037842e+02, 6.12674133e+02, 1.19004071e-01, 0.0, 0.0,
            0.0, 4.62548004e+02, 7.18825989e+02, 8.90404522e-01,
            4.80313049e+02, 6.92055359e+02, 8.86241436e-01,
            4.33028870e+02, 7.86184570e+02, 9.31787968e-01, 0.0, 0.0,
            0.0 ]
    }
}
