{
    "pose_0": {
        "type_id": "opencv-matrix",
        "rows": 1,
        "cols": 18,
        "dt": "3f",
        "data": [ 4.83234619e+02, 7.06889221e+02, 9.05801117e-01,
            5.06759064e+02, 7.68735596e+02, 6.71631336e-01,
            4.59596619e+02, 8.56927063e+02, 7.54975379e-01,
            2.94965088e+02, 9.10052917e+02, 8.72152507e-01,
            3.27186920e+02, 7.65636230e+02, 8.46006691e-01,
            5.33328186e+02, 6.89238892e+02, 6.49367809e-01,
            5.50980591e+02, 5.00815338e+02, 7.92215347e-01,
            5.80417480e+02, 3.41850647e+02, 7.03660011e-01,
            7.71643921e+02, 8.33403687e+02, 2.61907250e-01,
            1.13069800e+03, 8.42315430e+02, 1.53379679e-01,
            1.42794592e+03, 8.59861267e+02, 2.85388172e-01,
            7.92218079e+02, 7.33400208e+02, 2.78867066e-01,
            8.80495056e+02, 6.15596985e+02, 1.95350394e-01, 0.0, 0.0,
            0.0, 4.53794159e+02, 7.15828125e+02, 9.64528680e-01,
            4.74284271e+02, 6.89142822e+02, 7.97718227e-01,
            4.12627441e+02, 7.83321045e+02, 9.00725484e-01, 0.0, 0.0,
            0.0 ]
    }
}
