{
    "pose_0": {
        "type_id": "opencv-matrix",
        "rows": 1,
        "cols": 18,
        "dt": "3f",
        "data": [ 5.03887054e+02, 7.33364136e+02, 8.87073338e-01,
            5.33213379e+02, 7.80512268e+02, 7.62969375e-01,
            4.71377075e+02, 8.59944397e+02, 7.06625581e-01,
            3.03613739e+02, 9.24706787e+02, 8.47061753e-01,
            3.41779602e+02, 7.86353882e+02, 9.23965514e-01,
            5.89126953e+02, 6.92268127e+02, 7.50196695e-01,
            7.18682556e+02, 8.04016541e+02, 8.49859059e-01,
            5.95080017e+02, 9.04063354e+02, 7.77673244e-01,
            8.39308777e+02, 8.33418396e+02, 2.28728861e-01,
            1.18956628e+03, 8.33483337e+02, 1.76661193e-01,
            1.44554321e+03, 8.54045227e+02, 4.23791766e-01,
            8.74633484e+02, 7.33331482e+02, 2.83667445e-01,
            1.14840637e+03, 7.62868591e+02, 5.06684721e-01,
            1.46037866e+03, 7.83313538e+02, 5.49410522e-01,
            4.71405518e+02, 7.42096436e+02, 9.11713958e-01,
            4.91992523e+02, 7.03904175e+02, 8.36186051e-01,
            4.33177551e+02, 7.92230652e+02, 9.34315920e-01,
            4.83152954e+02, 6.89193970e+02, 1.20133519e-01 ]
    }
}
