{
    "pose_0": {
        "type_id": "opencv-matrix",
        "rows": 1,
        "cols": 18,
        "dt": "3f",
        "data": [ 4.80386383e+02, 7.18734070e+02, 9.22002017e-01,
            5.27335327e+02, 7.62729736e+02, 7.72199631e-01,
            4.68447662e+02, 8.36454712e+02, 7.23562300e-01,
            2.94971680e+02, 9.07040771e+02, 9.00677443e-01,
            3.38969025e+02, 7.62856445e+02, 9.11640346e-01,
            5.77341309e+02, 6.68726135e+02, 7.87928343e-01,
            7.12718750e+02, 7.68640808e+02, 8.22950661e-01,
            5.92138672e+02, 8.83459229e+02, 7.68422663e-01,
            7.48076355e+02, 8.30506348e+02, 2.11881667e-01, 0.0, 0.0,
            0.0, 0.0, 0.0, 0.0, 7.83413208e+02, 7.30455872e+02,
            2.09572867e-01, 0.0, 0.0, 0.0, 0.0, 0.0, 0.0, 4.47903320e+02,
            7.30474548e+02, 8.55120420e-01, 4.77214325e+02,
            6.92123535e+02, 9.00107980e-01, 4.21394836e+02,
            7.65922119e+02, 8.43797505e-01, 4.80166016e+02,
            6.71420044e+02, 2.61949956e-01 ]
    }
}
