{
    "pose_0": {
        "type_id": "opencv-matrix",
        "rows": 1,
        "cols": 18,
        "dt": "3f",
        "data": [ 4.86263336e+02, 7.21608887e+02, 7.62529850e-01,
            5.30206970e+02, 7.74578613e+02, 7.59223163e-01,
            4.62583923e+02, 8.57040833e+02, 7.20017791e-01,
            2.94896210e+02, 9.15823425e+02, 8.63714159e-01,
            3.30130280e+02, 7.74536499e+02, 7.92407691e-01,
            5.77307922e+02, 6.95183655e+02, 7.37632155e-01,
            7.86204041e+02, 6.71446960e+02, 8.76993358e-01,
            9.30600159e+02, 6.68625305e+02, 8.86080861e-01,
            8.42282227e+02, 8.33462952e+02, 3.19133520e-01,
            1.08363550e+03, 8.39348389e+02, 1.58713326e-01,
            1.44569958e+03, 8.59912781e+02, 4.22505081e-01,
            8.65808472e+02, 7.27465393e+02, 3.19167763e-01,
            1.11898083e+03, 7.62779297e+02, 5.93322515e-01,
            1.45740149e+03, 7.89321838e+02, 5.53088903e-01,
            4.56746643e+02, 7.39112488e+02, 9.36456859e-01,
            4.80348633e+02, 6.95196289e+02, 9.55800056e-01,
            4.18486237e+02, 7.89160400e+02, 9.16214824e-01, 0.0, 0.0,
            0.0 ]
    }
}
