{
    "pose_0": {
        "type_id": "opencv-matrix",
        "rows": 1,
        "cols": 18,
        "dt": "3f",
        "data": [ 4.71425323e+02, 7.03996765e+02, 8.08767259e-01,
            5.27314331e+02, 7.18758972e+02, 7.74210095e-01,
            4.62573242e+02, 8.06886108e+02, 7.21257806e-01,
            2.94879028e+02, 8.71655090e+02, 8.54054570e-01,
            3.38865723e+02, 7.24618958e+02, 8.34682047e-01,
            5.77390137e+02, 6.39126648e+02, 7.61856854e-01,
            7.06881348e+02, 7.42186523e+02, 8.43743801e-01,
            5.86239258e+02, 8.56894287e+02, 7.56983757e-01,
            7.74567322e+02, 7.65720032e+02, 1.69897392e-01,
            1.18073962e+03, 7.92204651e+02, 1.17161937e-01,
            1.42499548e+03, 7.98137268e+02, 1.87159479e-01,
            8.09914429e+02, 6.86293518e+02, 2.29760006e-01,
            8.89388611e+02, 5.83302063e+02, 6.56236336e-02, 0.0, 0.0,
            0.0, 4.36086060e+02, 7.12800781e+02, 9.60175395e-01,
            4.59700043e+02, 6.71660095e+02, 8.81530106e-01,
            4.12601501e+02, 7.39376160e+02, 7.07493067e-01,
            4.74314911e+02, 6.44895386e+02, 7.05401719e-01 ]
    }
}
