{
    "pose_0": {
        "type_id": "opencv-matrix",
        "rows": 1,
        "cols": 18,
        "dt": "3f",
        "data": [ 4.65540222e+02, 6.94965088e+02, 8.91863644e-01,
            5.24306335e+02, 7.12677795e+02, 7.57155061e-01,
            4.59622589e+02, 7.86340698e+02, 7.75022268e-01,
            2.91962799e+02, 8.56915039e+02, 9.32835877e-01,
            3.30161316e+02, 7.15828979e+02, 8.74944806e-01,
            5.77470337e+02, 6.24414673e+02, 7.77298927e-01,
            7.12657166e+02, 7.39289673e+02, 8.75872731e-01,
            5.94951904e+02, 8.33455872e+02, 7.87578821e-01,
            8.33405029e+02, 7.74574402e+02, 1.90343186e-01,
            1.19837219e+03, 7.65756592e+02, 1.36778265e-01,
            1.42501428e+03, 7.86204163e+02, 1.89742088e-01,
            8.89353760e+02, 6.62706787e+02, 2.51173407e-01,
            1.16015845e+03, 6.95049500e+02, 1.88857198e-01,
            1.44569885e+03, 6.89187012e+02, 1.57622755e-01,
            4.33227936e+02, 6.95270081e+02, 1.00713432e+00,
            4.59627838e+02, 6.62756104e+02, 8.66466045e-01,
            4.09538177e+02, 7.21685425e+02, 7.01679409e-01,
            4.71426208e+02, 6.24521240e+02, 7.53481090e-01 ]
    }
}
