{
    "pose_0": {
        "type_id": "opencv-matrix",
        "rows": 1,
        "cols": 18,
        "dt": "3f",
        "data": [ 5.03811005e+02, 7.33305359e+02, 8.90966058e-01,
            5.33193298e+02, 7.86227600e+02, 7.65993714e-01,
            4.80244476e+02, 8.62956360e+02, 7.07034826e-01,
            3.12459991e+02, 9.30556580e+02, 8.97894263e-01,
            3.44831879e+02, 7.86386658e+02, 8.76290798e-01,
            5.77308716e+02, 6.98014404e+02, 7.90960193e-01,
            7.24597168e+02, 7.18562927e+02, 7.98223734e-01,
            6.68525940e+02, 8.54020996e+02, 8.03290427e-01,
            7.92234558e+02, 8.33420654e+02, 2.41323099e-01,
            1.17777979e+03, 8.62845825e+02, 8.08538422e-02,
            1.44562000e+03, 8.62835632e+02, 1.30458459e-01,
            8.18731812e+02, 7.51053284e+02, 2.67221302e-01,
            8.86440063e+02, 6.21516174e+02, 1.49373442e-01, 0.0, 0.0,
            0.0, 4.71389618e+02, 7.39347412e+02, 9.27768230e-01,
            4.89074890e+02, 7.06919373e+02, 8.34253967e-01,
            4.33237946e+02, 7.95121765e+02, 9.26610708e-01, 0.0, 0.0,
            0.0 ]
    }
}
