{
    "pose_0": {
        "type_id": "opencv-matrix",
        "rows": 1,
        "cols": 18,
        "dt": "3f",
        "data": [ 5.03790100e+02, 7.12789429e+02, 9.40415680e-01,
            5.30297119e+02, 7.83419434e+02, 7.35835791e-01,
            4.83130951e+02, 8.59893127e+02, 7.50833690e-01,
            3.18391205e+02, 9.24569641e+02, 8.91970634e-01,
            3.44895782e+02, 7.74522217e+02, 8.13983083e-01,
            5.68584900e+02, 6.98150330e+02, 6.95250034e-01,
            6.92113525e+02, 5.92112854e+02, 6.92713082e-01,
            8.18713013e+02, 5.00879303e+02, 7.20241904e-01,
            8.09889038e+02, 8.27580933e+02, 3.49262297e-01,
            1.16010754e+03, 8.54021790e+02, 2.98184305e-01,
            1.42501355e+03, 8.68716980e+02, 3.38298351e-01,
            8.33440979e+02, 7.30456726e+02, 3.30847859e-01,
            1.04532922e+03, 5.92110291e+02, 2.93801904e-01,
            1.20428931e+03, 5.03749359e+02, 1.21249393e-01,
            4.74285675e+02, 7.18653015e+02, 9.24487293e-01,
            4.89018982e+02, 6.92179382e+02, 7.71560669e-01,
            4.36063110e+02, 7.86248047e+02, 9.49526429e-01, 0.0, 0.0,
            0.0 ]
    }
}
