{
    "pose_0": {
        "type_id": "opencv-matrix",
        "rows": 1,
        "cols": 18,
        "dt": "3f",
        "data": [ 5.03919525e+02, 7.33316956e+02, 9.18657660e-01,
            5.33199341e+02, 7.83406860e+02, 7.46079504e-01,
            4.80251404e+02, 8.65887695e+02, 6.97184324e-01,
            3.15380829e+02, 9.30684875e+02, 9.08411503e-01,
            3.47777222e+02, 7.89298584e+02, 8.56243610e-01,
            5.74293030e+02, 6.98104126e+02, 7.28363991e-01,
            6.68647095e+02, 6.24443970e+02, 3.85370314e-01,
            6.95038391e+02, 6.06886536e+02, 7.05174625e-01,
            8.01075134e+02, 8.39348328e+02, 2.92594045e-01,
            1.13365100e+03, 8.59976135e+02, 1.15112402e-01,
            1.43970435e+03, 8.60045898e+02, 1.39479622e-01,
            8.12783020e+02, 7.53995178e+02, 2.56266177e-01,
            9.01054382e+02, 6.18585999e+02, 1.34586498e-01, 0.0, 0.0,
            0.0, 4.74319489e+02, 7.39349121e+02, 9.42896724e-01,
            4.94980133e+02, 7.09790955e+02, 8.29157710e-01,
            4.36142639e+02, 7.98137268e+02, 8.90163064e-01, 0.0, 0.0,
            0.0 ]
    }
}
