{
    "pose_0": {
        "type_id": "opencv-matrix",
        "rows": 1,
        "cols": 18,
        "dt": "3f",
        "data": [ 4.97879456e+02, 7.36198792e+02, 7.97664225e-01,
            5.27415283e+02, 7.83293213e+02, 7.76877224e-01,
            4.59676025e+02, 8.59865295e+02, 7.47190952e-01,
            2.97767517e+02, 9.21751343e+02, 8.55652869e-01,
            3.33047028e+02, 7.86400818e+02, 8.34517181e-01,
            5.77409790e+02, 7.00990173e+02, 7.04986334e-01,
            7.86214294e+02, 6.71491272e+02, 8.69044840e-01,
            9.33485352e+02, 6.68612549e+02, 8.45658958e-01,
            8.59932495e+02, 8.36332031e+02, 2.69676000e-01,
            1.16011633e+03, 8.51024231e+02, 2.70396501e-01,
            1.44564343e+03, 8.59957825e+02, 4.84298915e-01,
            8.80537048e+02, 7.30408264e+02, 2.79768556e-01,
            1.13363757e+03, 7.65852600e+02, 4.69856739e-01,
            1.47214661e+03, 7.89262512e+02, 5.37816823e-01,
            4.59670898e+02, 7.42160339e+02, 9.73048270e-01,
            4.83185333e+02, 7.03966980e+02, 9.33668554e-01,
            4.24295624e+02, 7.92205078e+02, 8.81195784e-01,
            4.80290405e+02, 6.92042053e+02, 1.08468764e-01 ]
    }
}
