{
    "pose_0": {
        "type_id": "opencv-matrix",
        "rows": 1,
        "cols": 18,
        "dt": "3f",
        "data": [ 4.89103149e+02, 7.15707214e+02, 8.07730913e-01,
            5.30193420e+02, 7.68684387e+02, 7.42526531e-01,
            4.68506012e+02, 8.56940369e+02, 7.08042383e-01,
            2.94861389e+02, 9.10089966e+02, 8.91377985e-01,
            3.30140961e+02, 7.68692322e+02, 8.34614873e-01,
            5.71494995e+02, 6.89152710e+02, 6.95301294e-01,
            7.59904053e+02, 6.21614197e+02, 8.49868417e-01,
            9.01051331e+02, 5.80308411e+02, 7.77452767e-01,
            8.27557434e+02, 8.30456238e+02, 3.81475806e-01,
            1.13660217e+03, 8.51041382e+02, 1.35309339e-01,
            1.42211316e+03, 8.54054199e+02, 3.13379347e-01,
            8.45244263e+02, 7.21621887e+02, 3.42214823e-01,
            1.10715845e+03, 6.80438293e+02, 3.34773570e-01,
            1.31616077e+03, 6.77442505e+02, 1.16647005e-01,
            4.56784607e+02, 7.27444824e+02, 9.16726470e-01,
            4.80274689e+02, 6.92165527e+02, 9.41746593e-01,
            4.18515198e+02, 7.86404785e+02, 9.17860031e-01, 0.0, 0.0,
            0.0 ]
    }
}
