{
    "pose_0": {
        "type_id": "opencv-matrix",
        "rows": 1,
        "cols": 18,
        "dt": "3f",
        "data": [ 5.00867096e+02, 7.30412231e+02, 8.37651134e-01,
            5.27425232e+02, 7.86333313e+02, 7.78953254e-01,
            4.68431732e+02, 8.62909485e+02, 6.82023585e-01,
            3.03715973e+02, 9.30507629e+02, 8.76353204e-01,
            3.41860474e+02, 7.86339966e+02, 9.05632496e-01,
            5.77449280e+02, 6.98020874e+02, 8.01877022e-01,
            7.15771912e+02, 7.89272522e+02, 8.97103310e-01,
            5.97910706e+02, 9.06959106e+02, 7.98093736e-01,
            7.65762146e+02, 8.36350525e+02, 2.15839803e-01,
            9.30585083e+02, 5.30330383e+02, 1.74822628e-01,
            9.80782349e+02, 2.44782059e+02, 6.59184083e-02,
            8.01062134e+02, 7.45179382e+02, 2.22867906e-01,
            9.27664734e+02, 5.30314331e+02, 1.93390980e-01,
            9.95305237e+02, 2.44797958e+02, 9.87631977e-02,
            4.65482147e+02, 7.39299194e+02, 9.09739316e-01,
            4.83266510e+02, 7.06811157e+02, 8.76597285e-01,
            4.30229584e+02, 7.92208557e+02, 9.26888466e-01, 0.0, 0.0,
            0.0 ]
    }
}
