{
    "pose_0": {
        "type_id": "opencv-matrix",
        "rows": 1,
        "cols": 18,
        "dt": "3f",
        "data": [ 5.03919464e+02, 7.15656433e+02, 9.50037479e-01,
            5.33295288e+02, 7.86232178e+02, 7.43534625e-01,
            4.80314392e+02, 8.62858032e+02, 7.16566443e-01,
            3.18468109e+02, 9.27540405e+02, 9.07947063e-01,
            3.50774200e+02, 7.71694092e+02, 7.71984279e-01,
            5.74441528e+02, 7.01067749e+02, 7.04252005e-01,
            7.21597290e+02, 6.24354919e+02, 7.82596648e-01,
            8.60018250e+02, 5.68533142e+02, 8.05906177e-01,
            8.18714111e+02, 8.33408813e+02, 3.77015769e-01,
            1.15422266e+03, 8.59934692e+02, 2.26520255e-01,
            1.43681079e+03, 8.71736633e+02, 1.10422306e-01,
            8.39360229e+02, 7.36278503e+02, 3.42191070e-01,
            1.05417456e+03, 6.27433472e+02, 3.59894007e-01,
            1.30432422e+03, 4.59652100e+02, 1.18227780e-01,
            4.77212616e+02, 7.21573486e+02, 9.02297080e-01,
            4.92052795e+02, 6.92275696e+02, 7.92512596e-01,
            4.36250427e+02, 7.86413574e+02, 9.57034707e-01, 0.0, 0.0,
            0.0 ]
    }
}
