{
    "pose_0": {
        "type_id": "opencv-matrix",
        "rows": 1,
        "cols": 18,
        "dt": "3f",
        "data": [ 5.06641357e+02, 7.42093384e+02, 8.78712714e-01,
            5.27375122e+02, 7.86308777e+02, 7.62546003e-01,
            4.56764923e+02, 8.60071228e+02, 7.50732243e-01,
            2.97752930e+02, 9.30447083e+02, 9.09853756e-01,
            3.38982819e+02, 7.95159485e+02, 8.49454165e-01,
            5.86253479e+02, 6.98107239e+02, 7.26764560e-01,
            7.18714844e+02, 8.09975403e+02, 9.20811832e-01,
            5.98007446e+02, 9.04110962e+02, 8.11783910e-01,
            8.74647583e+02, 8.36362183e+02, 2.45947152e-01,
            1.15717969e+03, 8.42299377e+02, 2.24174306e-01,
            1.36910400e+03, 8.56906860e+02, 3.30278754e-01,
            9.27582886e+02, 7.21643921e+02, 3.01241368e-01,
            1.14840881e+03, 7.65783264e+02, 6.19179547e-01,
            1.45740735e+03, 7.83385986e+02, 5.07404268e-01,
            4.74320374e+02, 7.51079346e+02, 8.41776013e-01,
            4.94931732e+02, 7.15658508e+02, 8.58323216e-01,
            4.33108093e+02, 8.06818237e+02, 8.95471811e-01,
            4.83136566e+02, 6.92321045e+02, 1.39533341e-01 ]
    }
}
