{
    "pose_0": {
        "type_id": "opencv-matrix",
        "rows": 1,
        "cols": 18,
        "dt": "3f",
        "data": [ 4.91976074e+02, 6.98109436e+02, 7.90188313e-01,
            5.24444580e+02, 7.65707031e+02, 7.58357048e-01,
            4.59774933e+02, 8.51113953e+02, 7.20126748e-01,
            2.94967804e+02, 9.18744324e+02, 8.45564187e-01,
            3.38884430e+02, 7.80493042e+02, 8.32676291e-01,
            5.77318542e+02, 6.77469482e+02, 7.92974293e-01,
            7.12697754e+02, 7.86190247e+02, 8.37296367e-01,
            5.89196228e+02, 8.98206604e+02, 7.14769721e-01,
            7.65749939e+02, 8.33445251e+02, 2.16480389e-01,
            1.16012451e+03, 8.39297119e+02, 1.06788322e-01,
            1.42802136e+03, 8.36403442e+02, 3.14061582e-01,
            7.95204346e+02, 7.42174072e+02, 2.15699792e-01,
            8.83410950e+02, 6.24494568e+02, 1.81241840e-01, 0.0, 0.0,
            0.0, 4.59759247e+02, 7.15651855e+02, 8.86689067e-01,
            4.80284973e+02, 6.80386475e+02, 8.05992007e-01,
            4.33128418e+02, 7.83299500e+02, 9.36700046e-01, 0.0, 0.0,
            0.0 ]
    }
}
