{
    "pose_0": {
        "type_id": "opencv-matrix",
        "rows": 1,
        "cols": 18,
        "dt": "3f",
        "data": [ 4.71427429e+02, 6.95024841e+02, 8.67151141e-01,
            5.27244141e+02, 7.12691833e+02, 7.68284321e-01,
            4.59780853e+02, 7.89193726e+02, 7.55882859e-01,
            2.91866058e+02, 8.59788391e+02, 9.39047337e-01,
            3.35934082e+02, 7.18570862e+02, 9.16027069e-01,
            5.77529480e+02, 6.24436035e+02, 7.69588113e-01,
            7.09779053e+02, 7.39361206e+02, 8.68311405e-01,
            5.86257629e+02, 8.36333923e+02, 7.49863625e-01,
            8.42243958e+02, 7.62828674e+02, 3.05586606e-01,
            1.18074768e+03, 7.74532104e+02, 1.96431145e-01,
            1.42503271e+03, 7.86245789e+02, 2.44838089e-01,
            8.65828308e+02, 6.68575012e+02, 3.06093156e-01,
            1.13659937e+03, 5.95074463e+02, 1.25428349e-01, 0.0, 0.0,
            0.0, 4.36086670e+02, 6.98141968e+02, 9.77037489e-01,
            4.59735229e+02, 6.65694214e+02, 8.92328262e-01,
            4.15458038e+02, 7.33357483e+02, 6.33017659e-01,
            4.77264496e+02, 6.27441162e+02, 7.26585269e-01 ]
    }
}
