{
    "pose_0": {
        "type_id": "opencv-matrix",
        "rows": 1,
        "cols": 18,
        "dt": "3f",
        "data": [ 5.06659637e+02, 7.33324036e+02, 9.04640317e-01,
            5.33193542e+02, 7.83349976e+02, 6.72739387e-01,
            4.80244751e+02, 8.74621216e+02, 7.30811417e-01,
            3.15352203e+02, 9.33607361e+02, 8.95069003e-01,
            3.44857727e+02, 8.03926270e+02, 8.38200986e-01,
            5.62715820e+02, 6.95220337e+02, 6.85757875e-01,
            6.30366394e+02, 5.30337280e+02, 7.44838953e-01,
            7.01011536e+02, 4.03699188e+02, 7.34753966e-01,
            8.01048035e+02, 8.48160278e+02, 2.80652732e-01,
            1.16897375e+03, 8.71706116e+02, 1.01562180e-01,
            1.44272839e+03, 8.71667664e+02, 1.07535705e-01,
            8.15781799e+02, 7.51029358e+02, 2.59301633e-01,
            8.92355652e+02, 6.24520081e+02, 2.38980442e-01,
            9.54241577e+02, 2.44680649e+02, 1.61509544e-01,
            4.77233093e+02, 7.42137939e+02, 9.54258561e-01,
            4.94953369e+02, 7.12654175e+02, 8.04584622e-01,
            4.36212616e+02, 8.06939941e+02, 9.04311597e-01, 0.0, 0.0,
            0.0 ]
    }
}
