{
    "pose_0": {
        "type_id": "opencv-matrix",
        "rows": 1,
        "cols": 18,
        "dt": "3f",
        "data": [ 4.97883118e+02, 7.33354675e+02, 7.79427826e-01,
            5.30202576e+02, 7.80462158e+02, 7.63726592e-01,
            4.59683228e+02, 8.59881714e+02, 7.47542024e-01,
            2.97725250e+02, 9.18808105e+02, 8.55757415e-01,
            3.33055542e+02, 7.86232971e+02, 8.31808329e-01,
            5.77419861e+02, 6.98126343e+02, 7.07610667e-01,
            7.83352234e+02, 6.71557739e+02, 8.37272048e-01,
            9.30689453e+02, 6.68663818e+02, 8.59824598e-01,
            8.59898987e+02, 8.33499878e+02, 2.83256620e-01,
            1.20427112e+03, 8.42281555e+02, 1.58436254e-01,
            1.44572607e+03, 8.59923828e+02, 5.36086500e-01,
            8.83445068e+02, 7.30442932e+02, 2.81814247e-01,
            1.13366101e+03, 7.62879883e+02, 5.16084909e-01,
            1.46921558e+03, 7.89301819e+02, 5.94307303e-01,
            4.59679230e+02, 7.42123108e+02, 9.72819149e-01,
            4.83150482e+02, 7.03935669e+02, 9.20760036e-01,
            4.24360016e+02, 7.92220886e+02, 8.86384010e-01,
            4.77323364e+02, 6.91959229e+02, 6.03413023e-02 ]
    }
}
