{
    "pose_0": {
        "type_id": "opencv-matrix",
        "rows": 1,
        "cols": 18,
        "dt": "3f",
        "data": [ 4.97866455e+02, 7.21686523e+02, 7.75600612e-01,
            5.27267517e+02, 7.83322266e+02, 7.69089580e-01,
            4.62661499e+02, 8.60032715e+02, 7.25881815e-01,
            2.97753479e+02, 9.27477234e+02, 8.82823110e-01,
            3.36069977e+02, 7.86228210e+02, 8.70498717e-01,
            5.77306091e+02, 6.92273560e+02, 8.16957593e-01,
            7.15613281e+02, 7.89302002e+02, 8.65842879e-01,
            5.97981750e+02, 9.03916931e+02, 7.84503698e-01,
            7.65717957e+02, 8.30497986e+02, 2.00425729e-01,
            1.21020972e+03, 8.48201477e+02, 1.25575885e-01,
            1.43093701e+03, 8.54076782e+02, 1.91042781e-01,
            7.98113831e+02, 7.42154541e+02, 2.33301759e-01,
            8.83434448e+02, 6.36251160e+02, 7.70462826e-02, 0.0, 0.0,
            0.0, 4.59731506e+02, 7.39189026e+02, 9.23457086e-01,
            4.83125793e+02, 6.98099792e+02, 9.41298604e-01,
            4.24371063e+02, 7.89229309e+02, 8.99872780e-01,
            4.77272888e+02, 6.89064087e+02, 5.36866747e-02 ]
    }
}
