{
    "pose_0": {
        "type_id": "opencv-matrix",
        "rows": 1,
        "cols": 18,
        "dt": "3f",
        "data": [ 4.97921722e+02, 7.27512756e+02, 7.94414043e-01,
            5.27361633e+02, 7.83384094e+02, 7.71467686e-01,
            4.62640015e+02, 8.62818665e+02, 7.26011157e-01,
            3.00708466e+02, 9.27626892e+02, 8.81971657e-01,
            3.38864471e+02, 7.86346313e+02, 8.92203689e-01,
            5.77449768e+02, 6.95096985e+02, 8.01641047e-01,
            7.15642334e+02, 7.89409607e+02, 8.60605776e-01,
            5.97853333e+02, 9.04131165e+02, 7.94740796e-01,
            7.65774353e+02, 8.36366150e+02, 2.10244671e-01,
            1.17485791e+03, 8.54023682e+02, 1.22706681e-01,
            1.42507141e+03, 8.54002136e+02, 8.97699744e-02,
            7.95187134e+02, 7.42212952e+02, 2.25506902e-01,
            8.83565857e+02, 6.27444580e+02, 1.18103161e-01, 0.0, 0.0,
            0.0, 4.59783600e+02, 7.39337402e+02, 9.33245063e-01,
            4.83113190e+02, 7.03879028e+02, 9.07559216e-01,
            4.30118347e+02, 7.89393311e+02, 9.00403559e-01, 0.0, 0.0,
            0.0 ]
    }
}
