{
    "pose_0": {
        "type_id": "opencv-matrix",
        "rows": 1,
        "cols": 18,
        "dt": "3f",
        "data": [ 4.65551392e+02, 7.03961121e+02, 8.28569412e-01,
            5.24400208e+02, 7.18685608e+02, 7.70511687e-01,
            4.59770569e+02, 8.01077148e+02, 7.07554579e-01,
            2.94795135e+02, 8.65885986e+02, 8.69525552e-01,
            3.38798828e+02, 7.24590271e+02, 8.63317251e-01,
            5.77287231e+02, 6.36272034e+02, 7.72641897e-01,
            7.06827454e+02, 7.42130493e+02, 8.48939240e-01,
            5.83322144e+02, 8.54024841e+02, 7.38433599e-01,
            7.86341187e+02, 7.62804626e+02, 2.05040753e-01,
            1.17190063e+03, 7.92205139e+02, 7.77522773e-02, 0.0, 0.0,
            0.0, 8.12900635e+02, 6.83311951e+02, 2.94501692e-01,
            9.06986328e+02, 5.68490173e+02, 2.22482607e-01, 0.0, 0.0,
            0.0, 4.35967072e+02, 7.12723877e+02, 9.59942579e-01,
            4.59620697e+02, 6.71628540e+02, 9.37433064e-01,
            4.12448639e+02, 7.39255432e+02, 7.56225586e-01,
            4.77211121e+02, 6.44973755e+02, 6.98675632e-01 ]
    }
}
