{
    "pose_0": {
        "type_id": "opencv-matrix",
        "rows": 1,
        "cols": 18,
        "dt": "3f",
        "data": [ 5.00830719e+02, 7.39290649e+02, 8.66397381e-01,
            5.24424194e+02, 7.89240967e+02, 7.85083115e-01,
            4.56650757e+02, 8.60083618e+02, 7.53620207e-01,
            2.94912415e+02, 9.30426331e+02, 9.32887495e-01,
            3.36075684e+02, 7.92196716e+02, 8.54754925e-01,
            5.80398254e+02, 7.03887085e+02, 7.15956330e-01,
            7.18660522e+02, 8.09959351e+02, 9.33808327e-01,
            5.97949524e+02, 9.04192322e+02, 8.04457486e-01,
            8.62911011e+02, 8.36312866e+02, 3.35944027e-01,
            1.12481860e+03, 8.42249268e+02, 1.68821767e-01,
            1.41913293e+03, 8.48155029e+02, 5.09591579e-01,
            9.04112854e+02, 7.24542236e+02, 3.13417673e-01,
            1.13948096e+03, 7.33387634e+02, 5.14434814e-01,
            1.42207031e+03, 6.83349060e+02, 2.78926790e-01,
            4.62525055e+02, 7.48028320e+02, 8.67110729e-01,
            4.83257111e+02, 7.15554565e+02, 9.43935513e-01,
            4.27280304e+02, 7.98161621e+02, 8.65735054e-01,
            4.68448822e+02, 6.92301086e+02, 1.09498635e-01 ]
    }
}
