{
    "pose_0": {
        "type_id": "opencv-matrix",
        "rows": 1,
        "cols": 18,
        "dt": "3f",
        "data": [ 5.00869110e+02, 7.39086670e+02, 8.71536672e-01,
            5.24405212e+02, 7.86301086e+02, 6.63753569e-01,
            4.74395966e+02, 8.77502502e+02, 7.27094889e-01,
            3.09579102e+02, 9.33619995e+02, 8.71532798e-01,
            3.39034271e+02, 8.03959412e+02, 8.48847866e-01,
            5.50957825e+02, 6.98034058e+02, 6.66520953e-01,
            5.95091125e+02, 5.24375427e+02, 8.55268061e-01,
            6.45156433e+02, 3.65467682e+02, 8.38450253e-01,
            7.86296021e+02, 8.53996216e+02, 2.45017782e-01,
            1.16896045e+03, 8.74653198e+02, 1.18335247e-01,
            1.43092432e+03, 8.62956116e+02, 2.34941810e-01,
            8.04042603e+02, 7.59864319e+02, 2.31933907e-01,
            8.86451721e+02, 6.33258240e+02, 1.68207198e-01, 0.0, 0.0,
            0.0, 4.65567383e+02, 7.45158630e+02, 8.94445300e-01,
            4.83226410e+02, 7.15679565e+02, 8.69045377e-01,
            4.33064484e+02, 8.09834412e+02, 9.30555463e-01, 0.0, 0.0,
            0.0 ]
    }
}
