{
    "pose_0": {
        "type_id": "opencv-matrix",
        "rows": 1,
        "cols": 18,
        "dt": "3f",
        "data": [ 3.58664978e+02, 1.16704178e+02, 8.65826249e-01,
            3.71658722e+02, 1.46113174e+02, 8.98342431e-01,
            3.45767151e+02, 1.46091614e+02, 8.28754425e-01,
            3.07040985e+02, 1.62549362e+02, 8.16878617e-01,
            2.89426971e+02, 1.26144684e+02, 8.80929828e-01,
            3.98644775e+02, 1.46100998e+02, 8.16151857e-01,
            4.01003693e+02, 1.97803604e+02, 6.17505074e-01,
            3.90364746e+02, 2.38939636e+02, 5.97720146e-01,
            3.50456970e+02, 2.30699570e+02, 6.42417789e-01,
            3.52796265e+02, 2.90579773e+02, 7.36292839e-01,
            3.71620514e+02, 3.43454010e+02, 5.75383663e-01,
            3.72778778e+02, 2.35368179e+02, 5.93201101e-01,
            3.34048553e+02, 2.89406372e+02, 8.06301773e-01,
            3.69218506e+02, 3.48106262e+02, 6.79145098e-01,
            3.53978363e+02, 1.08543884e+02, 9.42371607e-01,
            3.63408783e+02, 1.08568420e+02, 9.06765044e-01, 0.0, 0.0,
            0.0, 3.81024170e+02, 1.09757767e+02, 8.96767080e-01 ]
    }
}
