{
    "pose_0": {
        "type_id": "opencv-matrix",
        "rows": 1,
        "cols": 18,
        "dt": "3f",
        "data": [ 4.03327179e+02, 1.14427666e+02, 2.69393861e-01,
            3.99774353e+02, 1.52001190e+02, 8.07052732e-01,
            3.77460052e+02, 1.54347214e+02, 7.25245476e-01,
            3.70384216e+02, 1.95436096e+02, 3.04600716e-01,
            3.79809235e+02, 2.21300354e+02, 1.06824443e-01,
            4.25588257e+02, 1.47323242e+02, 7.51265347e-01,
            4.40896973e+02, 1.94274689e+02, 6.22384548e-01,
            4.45590668e+02, 2.33046738e+02, 6.74729288e-01,
            3.89211334e+02, 2.40097290e+02, 6.88017070e-01,
            3.81039124e+02, 3.03468964e+02, 7.89641261e-01,
            3.79840546e+02, 3.54006927e+02, 8.27304065e-01,
            4.23258484e+02, 2.41276871e+02, 6.07304811e-01,
            4.18569550e+02, 3.07016907e+02, 8.07411373e-01,
            4.16213318e+02, 3.61065125e+02, 7.79554725e-01,
            3.98599762e+02, 1.08510948e+02, 2.93359280e-01,
            4.05662140e+02, 1.07387787e+02, 2.79038846e-01,
            3.84540344e+02, 1.15564453e+02, 3.17993551e-01,
            3.97439636e+02, 1.15541206e+02, 9.83602107e-02 ]
    }
}
