{
    "pose_0": {
        "type_id": "opencv-matrix",
        "rows": 1,
        "cols": 18,
        "dt": "3f",
        "data": [ 3.69234558e+02, 1.19126953e+02, 8.95830333e-01,
            3.62211914e+02, 1.46159012e+02, 9.12832975e-01,
            3.34025696e+02, 1.46148895e+02, 8.39389920e-01,
            2.95274109e+02, 1.53183273e+02, 8.40907216e-01,
            2.76418793e+02, 1.26196609e+02, 7.68286705e-01,
            3.90369843e+02, 1.46126602e+02, 8.57392490e-01,
            4.17356049e+02, 1.71944443e+02, 8.03880215e-01,
            4.20955078e+02, 1.94302261e+02, 7.86400318e-01,
            3.50453217e+02, 2.43597290e+02, 6.54215455e-01,
            3.56357056e+02, 3.05873505e+02, 7.26368606e-01,
            3.70464752e+02, 3.59876923e+02, 8.21998000e-01,
            3.81031433e+02, 2.42422150e+02, 6.55137062e-01,
            3.83340302e+02, 3.05887848e+02, 7.41590619e-01,
            3.92751892e+02, 3.65743103e+02, 7.52930224e-01,
            3.62169495e+02, 1.14416977e+02, 9.23743427e-01,
            3.72777527e+02, 1.15562622e+02, 8.84661376e-01,
            3.51585602e+02, 1.14403717e+02, 8.95436883e-01,
            3.79874908e+02, 1.15581581e+02, 3.51231039e-01 ]
    }
}
