{
    "pose_0": {
        "type_id": "opencv-matrix",
        "rows": 1,
        "cols": 18,
        "dt": "3f",
        "data": [ 4.03304596e+02, 1.15576248e+02, 6.32853746e-01,
            3.98657959e+02, 1.54282898e+02, 8.86207342e-01,
            3.71574341e+02, 1.47306061e+02, 8.31369758e-01,
            3.52841187e+02, 1.93065292e+02, 6.66584969e-01,
            3.44623108e+02, 2.31857300e+02, 4.46157128e-01,
            4.26769440e+02, 1.55565842e+02, 7.95158923e-01,
            4.32665833e+02, 2.01314438e+02, 3.81719530e-01,
            4.29137054e+02, 2.30698761e+02, 2.50146925e-01,
            3.71615540e+02, 2.36553345e+02, 6.46231115e-01,
            3.71576202e+02, 2.99954102e+02, 7.57796407e-01,
            3.79820984e+02, 3.56344208e+02, 8.35832953e-01,
            4.07961914e+02, 2.38924240e+02, 6.43175542e-01,
            4.00982880e+02, 3.04623535e+02, 7.20393658e-01,
            4.04500397e+02, 3.62191406e+02, 7.87784100e-01,
            3.99762238e+02, 1.08512642e+02, 7.09627926e-01,
            4.09221313e+02, 1.08608368e+02, 6.88549042e-01,
            3.91579285e+02, 1.10912392e+02, 4.94187772e-01,
            4.18559814e+02, 1.16766190e+02, 7.52369046e-01 ]
    }
}
