{
    "pose_0": {
        "type_id": "opencv-matrix",
        "rows": 1,
        "cols": 18,
        "dt": "3f",
        "data": [ 3.99757385e+02, 1.16741081e+02, 7.22855806e-01,
            4.03328766e+02, 1.52004501e+02, 8.12234938e-01,
            3.78648834e+02, 1.48460022e+02, 7.97543943e-01,
            3.62216309e+02, 1.91889252e+02, 4.10647571e-01,
            3.59865723e+02, 2.27148621e+02, 3.22513640e-01,
            4.29134644e+02, 1.54340820e+02, 8.08281898e-01,
            4.44430969e+02, 1.95445709e+02, 5.83565950e-01,
            4.43237732e+02, 2.24823593e+02, 5.09393454e-01,
            3.72788483e+02, 2.35390884e+02, 6.07708693e-01,
            3.52779938e+02, 2.92918457e+02, 8.07739258e-01,
            3.91578278e+02, 3.25815582e+02, 7.45610356e-01,
            4.09186584e+02, 2.40066254e+02, 6.35238945e-01,
            4.05676300e+02, 3.03487213e+02, 6.55684710e-01,
            4.04498474e+02, 3.61061249e+02, 6.69295192e-01,
            3.93943237e+02, 1.08569588e+02, 7.35381246e-01,
            4.06812408e+02, 1.09721550e+02, 7.06946969e-01,
            3.89272125e+02, 1.08620148e+02, 2.34094754e-01,
            4.17434357e+02, 1.14399574e+02, 7.51045644e-01 ]
    }
}
