{
    "pose_0": {
        "type_id": "opencv-matrix",
        "rows": 1,
        "cols": 18,
        "dt": "3f",
        "data": [ 3.68075165e+02, 1.15562668e+02, 6.34103298e-01,
            3.71568878e+02, 1.54315552e+02, 9.08814430e-01,
            3.43403534e+02, 1.56674835e+02, 8.20231080e-01,
            3.35218262e+02, 2.03677658e+02, 4.68219846e-01,
            3.36366821e+02, 2.41243011e+02, 2.92403817e-01,
            3.99758514e+02, 1.49654648e+02, 8.04981291e-01,
            4.09227417e+02, 1.94278961e+02, 7.32652485e-01,
            4.15026642e+02, 2.30707275e+02, 7.22653329e-01,
            3.90439270e+02, 2.47097931e+02, 4.70152259e-01,
            3.96251373e+02, 3.04662781e+02, 7.42311537e-01,
            3.99772369e+02, 3.64550964e+02, 7.32841134e-01,
            3.97433319e+02, 2.43585434e+02, 2.20821023e-01, 0.0, 0.0,
            0.0, 0.0, 0.0, 0.0, 3.62169250e+02, 1.08521645e+02,
            7.45430052e-01, 3.72778412e+02, 1.08497444e+02,
            7.02892303e-01, 3.53968445e+02, 1.13229767e+02,
            4.97284561e-01, 3.81027222e+02, 1.12053291e+02,
            6.86385810e-01 ]
    }
}
