{
    "pose_0": {
        "type_id": "opencv-matrix",
        "rows": 1,
        "cols": 18,
        "dt": "3f",
        "data": [ 3.65732239e+02, 1.13224899e+02, 8.42027485e-01,
            3.70447418e+02, 1.47338501e+02, 8.77205372e-01,
            3.42244232e+02, 1.53172852e+02, 8.56392801e-01,
            3.04688416e+02, 1.76643188e+02, 8.08162332e-01,
            2.78873535e+02, 1.57884857e+02, 7.15342283e-01,
            3.98620850e+02, 1.44973892e+02, 8.24023068e-01,
            4.27938171e+02, 1.74282150e+02, 7.80161083e-01,
            4.36196045e+02, 1.57859268e+02, 8.38921189e-01,
            3.59825439e+02, 2.48251068e+02, 6.61459923e-01,
            3.63389404e+02, 3.05892914e+02, 7.27226079e-01,
            3.69254028e+02, 3.62245911e+02, 8.28225195e-01,
            3.89244019e+02, 2.45930054e+02, 6.77839279e-01,
            3.89192261e+02, 3.07000397e+02, 7.31758714e-01,
            3.89229340e+02, 3.66888489e+02, 7.66912818e-01,
            3.60999481e+02, 1.07342796e+02, 9.84212101e-01,
            3.71644714e+02, 1.07390060e+02, 9.59753513e-01,
            3.51675110e+02, 1.09717125e+02, 8.39365423e-01,
            3.80972626e+02, 1.12076683e+02, 8.22790861e-01 ]
    }
}
