{
    "pose_0": {
        "type_id": "opencv-matrix",
        "rows": 1,
        "cols": 18,
        "dt": "3f",
        "data": [ 0.0, 0.0, 0.0, 3.82174866e+02, 1.53183243e+02,
            8.54663968e-01, 4.09201355e+02, 1.52013870e+02,
            7.94722497e-01, 4.17385834e+02, 1.98975037e+02,
            4.78970051e-01, 0.0, 0.0, 0.0, 3.57509003e+02,
            1.54356018e+02, 7.67212391e-01, 3.43450378e+02,
            2.01294495e+02, 6.54495239e-01, 3.35214142e+02,
            2.38865845e+02, 6.91967666e-01, 4.00957031e+02,
            2.40081909e+02, 6.00027978e-01, 4.05656921e+02,
            3.03510681e+02, 7.06422508e-01, 4.08048157e+02,
            3.59861847e+02, 7.50784218e-01, 3.69269409e+02,
            2.40105667e+02, 6.03647828e-01, 3.71643799e+02,
            3.03453735e+02, 7.80237436e-01, 3.79780396e+02,
            3.59856628e+02, 7.86869884e-01, 0.0, 0.0, 0.0, 0.0, 0.0, 0.0,
            3.91591553e+02, 1.12050293e+02, 5.74513435e-01,
            3.68067719e+02, 1.14424858e+02, 5.91270447e-01 ]
    }
}
