{
    "pose_0": {
        "type_id": "opencv-matrix",
        "rows": 1,
        "cols": 18,
        "dt": "3f",
        "data": [ 4.09176697e+02, 1.16792076e+02, 6.57786787e-01,
            4.09199646e+02, 1.51988998e+02, 8.54940891e-01,
            3.82217865e+02, 1.47317719e+02, 7.91690826e-01,
            3.71600250e+02, 1.90764801e+02, 3.97588313e-01,
            3.77467896e+02, 2.21279037e+02, 1.10410281e-01,
            4.36160431e+02, 1.54354004e+02, 7.91094184e-01,
            4.42074829e+02, 2.02488068e+02, 4.64930326e-01,
            4.26800079e+02, 2.13051804e+02, 1.87218696e-01,
            3.82216156e+02, 2.40071793e+02, 6.46718681e-01,
            3.71627716e+02, 3.03488373e+02, 8.09694648e-01,
            3.71659729e+02, 3.61078339e+02, 8.32244635e-01,
            4.18548187e+02, 2.45944031e+02, 6.19630218e-01,
            4.15061096e+02, 3.07012787e+02, 7.48590112e-01,
            4.10376129e+02, 3.63387726e+02, 7.85368979e-01,
            4.05644592e+02, 1.09722000e+02, 6.64095879e-01,
            4.16229645e+02, 1.10892082e+02, 6.46209896e-01,
            3.99752167e+02, 1.12060577e+02, 2.77967811e-01,
            4.26804504e+02, 1.15594292e+02, 7.10996151e-01 ]
    }
}
