{
    "pose_0": {
        "type_id": "opencv-matrix",
        "rows": 1,
        "cols": 18,
        "dt": "3f",
        "data": [ 3.54010498e+02, 1.17886627e+02, 9.17885900e-01,
            3.71572083e+02, 1.46172989e+02, 8.98485124e-01,
            3.44596680e+02, 1.50797440e+02, 7.96692789e-01,
            3.10521301e+02, 1.74310333e+02, 8.83211195e-01,
            2.96399384e+02, 1.39075943e+02, 8.88008416e-01,
            3.97431000e+02, 1.44932053e+02, 7.72319973e-01,
            4.13895050e+02, 1.80199265e+02, 7.16906786e-01,
            3.99846130e+02, 1.56717697e+02, 7.25138366e-01,
            3.54012329e+02, 2.31863113e+02, 6.53183997e-01,
            3.51651794e+02, 2.96445313e+02, 3.18768322e-01,
            3.65727997e+02, 3.05872284e+02, 3.17993909e-01,
            3.72799774e+02, 2.36554504e+02, 6.05214417e-01,
            3.25810425e+02, 2.76432861e+02, 8.16096544e-01,
            3.72788818e+02, 3.07061890e+02, 6.37727916e-01,
            3.52762451e+02, 1.09744438e+02, 9.22576606e-01,
            3.62197510e+02, 1.09767441e+02, 9.37902510e-01, 0.0, 0.0,
            0.0, 3.79840454e+02, 1.14432831e+02, 9.23371077e-01 ]
    }
}
