{
    "pose_0": {
        "type_id": "opencv-matrix",
        "rows": 1,
        "cols": 18,
        "dt": "3f",
        "data": [ 3.51623810e+02, 1.19122604e+02, 9.14935350e-01,
            3.50437347e+02, 1.46163696e+02, 8.14753890e-01,
            3.24635040e+02, 1.55507156e+02, 8.12964857e-01,
            2.95278870e+02, 1.74347427e+02, 7.74698019e-01,
            2.61221130e+02, 1.94308517e+02, 8.23058486e-01,
            3.71642578e+02, 1.37920547e+02, 7.50957787e-01,
            4.03332214e+02, 1.26122231e+02, 7.56513715e-01,
            4.30327972e+02, 1.07334137e+02, 7.94139862e-01,
            3.70405334e+02, 2.37741516e+02, 6.63506508e-01,
            3.81005859e+02, 3.02310852e+02, 7.51732051e-01,
            3.68101105e+02, 3.63411194e+02, 6.03776395e-01,
            3.97417755e+02, 2.30678070e+02, 6.79459095e-01,
            3.88002472e+02, 3.02315186e+02, 6.50038838e-01,
            3.66900146e+02, 3.61006500e+02, 5.35968602e-01,
            3.42303101e+02, 1.15595207e+02, 9.55948174e-01,
            3.52876923e+02, 1.12091957e+02, 8.76489997e-01,
            3.26985352e+02, 1.17894012e+02, 9.40922379e-01, 0.0, 0.0,
            0.0 ]
    }
}
