{
    "pose_0": {
        "type_id": "opencv-matrix",
        "rows": 1,
        "cols": 18,
        "dt": "3f",
        "data": [ 3.62195374e+02, 1.16726807e+02, 9.54413712e-01,
            3.73971069e+02, 1.43729340e+02, 8.23153496e-01,
            3.50452393e+02, 1.35539001e+02, 7.85470247e-01,
            3.14103638e+02, 1.35522293e+02, 8.53168845e-01,
            2.87110962e+02, 1.14419022e+02, 8.42046201e-01,
            3.99812042e+02, 1.47291229e+02, 7.93270409e-01,
            4.19749298e+02, 1.83718002e+02, 7.87797093e-01,
            4.12713074e+02, 2.21304230e+02, 8.39219153e-01,
            3.43425720e+02, 2.27145126e+02, 6.77720904e-01,
            3.44609619e+02, 2.96431641e+02, 7.25826740e-01,
            3.70415649e+02, 3.52820465e+02, 6.94700420e-01,
            3.70463623e+02, 2.30720108e+02, 6.80669904e-01,
            3.56323578e+02, 2.96439423e+02, 7.70526588e-01,
            3.83343506e+02, 3.52867737e+02, 7.38332212e-01,
            3.60989807e+02, 1.08545830e+02, 9.26246047e-01,
            3.70426453e+02, 1.09701500e+02, 9.61150169e-01, 0.0, 0.0,
            0.0, 3.88013153e+02, 1.14398560e+02, 8.74150515e-01 ]
    }
}
