{
    "pose_0": {
        "type_id": "opencv-matrix",
        "rows": 1,
        "cols": 18,
        "dt": "3f",
        "data": [ 3.75153931e+02, 1.16738930e+02, 7.34381437e-01,
            3.81006073e+02, 1.54328522e+02, 9.04672265e-01,
            3.52855164e+02, 1.54299332e+02, 8.18494797e-01,
            3.37562378e+02, 1.95448883e+02, 7.25577712e-01,
            3.25810242e+02, 2.34199188e+02, 7.25685477e-01,
            4.09167786e+02, 1.54370834e+02, 8.56554151e-01,
            4.17359467e+02, 2.01310745e+02, 6.01352453e-01,
            4.16240143e+02, 2.40095047e+02, 4.03240681e-01,
            3.64555481e+02, 2.40082535e+02, 6.66008651e-01,
            3.70461670e+02, 3.02324982e+02, 7.88299620e-01,
            3.79784332e+02, 3.56343628e+02, 8.32886040e-01,
            3.98569153e+02, 2.41231171e+02, 6.56849742e-01,
            3.98565613e+02, 3.02334900e+02, 7.79678702e-01,
            3.99800781e+02, 3.53998627e+02, 7.24413633e-01,
            3.71601379e+02, 1.08593086e+02, 8.05705965e-01,
            3.81053619e+02, 1.09701408e+02, 7.46983051e-01,
            3.66918243e+02, 1.14401970e+02, 1.44952402e-01,
            3.96237579e+02, 1.13228584e+02, 7.41959810e-01 ]
    }
}
