{
    "pose_0": {
        "type_id": "opencv-matrix",
        "rows": 1,
        "cols": 18,
        "dt": "3f",
        "data": [ 0.0, 0.0, 0.0, 3.84544525e+02, 1.53174530e+02,
            8.28295231e-01, 4.10366455e+02, 1.50805298e+02,
            7.81239271e-01, 4.25588013e+02, 1.96610367e+02,
            6.78130865e-01, 4.29160461e+02, 2.30688309e+02,
            7.06979334e-01, 3.60987274e+02, 1.54372559e+02,
            7.95526505e-01, 3.48102692e+02, 2.01316635e+02,
            6.37545466e-01, 3.44593872e+02, 2.40062927e+02,
            7.38695920e-01, 4.06797882e+02, 2.38887360e+02,
            6.06185436e-01, 4.08008728e+02, 3.04616760e+02,
            7.71331728e-01, 4.11522156e+02, 3.59853210e+02,
            7.41814196e-01, 3.71593475e+02, 2.40057953e+02,
            6.56439722e-01, 3.72812378e+02, 3.04614624e+02,
            7.98605323e-01, 3.79800385e+02, 3.60989502e+02,
            8.17396462e-01, 0.0, 0.0, 0.0, 0.0, 0.0, 0.0, 3.91584290e+02,
            1.10893082e+02, 6.02075934e-01, 3.68057037e+02,
            1.15578453e+02, 5.96015632e-01 ]
    }
}
