{
    "pose_0": {
        "type_id": "opencv-matrix",
        "rows": 1,
        "cols": 18,
        "dt": "3f",
        "data": [ 3.64558929e+02, 1.12053993e+02, 8.42335701e-01,
            3.65726471e+02, 1.47291779e+02, 8.52526784e-01,
            3.38742645e+02, 1.54351990e+02, 8.36532235e-01,
            3.22265564e+02, 2.00112015e+02, 7.97964811e-01,
            3.03456757e+02, 2.34195526e+02, 7.25352108e-01,
            3.91610718e+02, 1.42597198e+02, 7.95249581e-01,
            4.13895905e+02, 1.74287033e+02, 7.05345750e-01,
            4.26807068e+02, 1.77816986e+02, 8.14718246e-01,
            3.53971252e+02, 2.47098846e+02, 6.96713984e-01,
            3.59828766e+02, 3.07008270e+02, 7.28912532e-01,
            3.70383972e+02, 3.63384399e+02, 7.72533119e-01,
            3.88043030e+02, 2.42422867e+02, 6.71693623e-01,
            3.83345062e+02, 3.06996979e+02, 7.29335129e-01,
            3.88008698e+02, 3.68098480e+02, 7.49723554e-01,
            3.59877777e+02, 1.07313499e+02, 9.44664717e-01,
            3.71584717e+02, 1.07348251e+02, 9.61675882e-01,
            3.50485931e+02, 1.08567772e+02, 8.88362229e-01,
            3.79812317e+02, 1.09708458e+02, 8.19279015e-01 ]
    }
}
