{
    "pose_0": {
        "type_id": "opencv-matrix",
        "rows": 1,
        "cols": 18,
        "dt": "3f",
        "data": [ 3.99756622e+02, 1.16706375e+02, 6.76236153e-01,
            4.05644440e+02, 1.53137283e+02, 8.12998772e-01,
            3.79815399e+02, 1.47337448e+02, 7.90876627e-01,
            3.63400635e+02, 1.89578354e+02, 2.57945985e-01,
            3.62223755e+02, 2.23640533e+02, 8.97337943e-02,
            4.28034607e+02, 1.54394241e+02, 8.03247809e-01,
            4.37418762e+02, 2.01322128e+02, 4.82101083e-01,
            4.32682861e+02, 2.31854279e+02, 2.93114603e-01,
            3.73978790e+02, 2.36539169e+02, 6.22543573e-01,
            3.61039154e+02, 2.95303314e+02, 8.81626487e-01,
            3.98646667e+02, 3.24646729e+02, 6.81752920e-01,
            4.09206879e+02, 2.40053741e+02, 6.23050690e-01,
            4.06857147e+02, 3.03492157e+02, 6.80671453e-01,
            4.03323944e+02, 3.62200531e+02, 6.88752413e-01,
            3.96267761e+02, 1.08540962e+02, 7.14937687e-01,
            4.06820160e+02, 1.09696678e+02, 6.72576845e-01,
            3.90428162e+02, 1.13245804e+02, 1.09123021e-01,
            4.18593475e+02, 1.14427635e+02, 7.59005785e-01 ]
    }
}
