{
    "pose_0": {
        "type_id": "opencv-matrix",
        "rows": 1,
        "cols": 18,
        "dt": "3f",
        "data": [ 3.63414948e+02, 1.23826477e+02, 8.53082895e-01,
            3.71627808e+02, 1.50824158e+02, 8.53686988e-01,
            3.44580017e+02, 1.44955368e+02, 8.40276241e-01,
            3.23469604e+02, 1.75467163e+02, 8.60263824e-01,
            3.05853973e+02, 2.06029709e+02, 8.38244557e-01,
            3.98651154e+02, 1.54367340e+02, 7.96413422e-01,
            4.31498840e+02, 1.66096924e+02, 6.56222820e-01,
            4.34997864e+02, 1.34358078e+02, 7.93040931e-01,
            3.43391418e+02, 2.38904510e+02, 6.79166496e-01,
            3.52874756e+02, 3.04626129e+02, 7.26168156e-01,
            3.71625549e+02, 3.62224335e+02, 7.82792985e-01,
            3.72802643e+02, 2.41253174e+02, 6.59605801e-01,
            3.71640869e+02, 3.02333893e+02, 6.83350980e-01,
            3.90348114e+02, 3.66905762e+02, 7.58526325e-01,
            3.62157593e+02, 1.16734169e+02, 9.35986221e-01,
            3.71610443e+02, 1.17893051e+02, 9.70265806e-01, 0.0, 0.0,
            0.0, 3.89247894e+02, 1.17893921e+02, 9.65290487e-01 ]
    }
}
