{
    "pose_0": {
        "type_id": "opencv-matrix",
        "rows": 1,
        "cols": 18,
        "dt": "3f",
        "data": [ 3.99830597e+02, 1.16756607e+02, 7.39561558e-01,
            4.04491150e+02, 1.53130356e+02, 8.15188289e-01,
            3.79784485e+02, 1.48469757e+02, 7.93719709e-01,
            3.62249237e+02, 1.90757858e+02, 3.20342064e-01,
            3.61049500e+02, 2.25964096e+02, 1.78746283e-01,
            4.29137817e+02, 1.54353470e+02, 8.06880951e-01,
            4.43245422e+02, 1.97792084e+02, 4.64536726e-01,
            4.37353241e+02, 2.27170822e+02, 3.99816453e-01,
            3.73947815e+02, 2.36554581e+02, 6.16164207e-01,
            3.52845123e+02, 2.91758057e+02, 7.91261017e-01,
            3.93934937e+02, 3.24651764e+02, 7.26893723e-01,
            4.09217377e+02, 2.40084000e+02, 6.21690869e-01,
            4.06798889e+02, 3.03510223e+02, 6.69357121e-01,
            4.04491486e+02, 3.61075714e+02, 6.85701430e-01,
            3.96283905e+02, 1.08587997e+02, 7.46208370e-01,
            4.07992706e+02, 1.09722618e+02, 7.33587265e-01,
            3.90359528e+02, 1.09741943e+02, 3.11341643e-01,
            4.18545288e+02, 1.14394020e+02, 7.44749665e-01 ]
    }
}
