{
    "pose_0": {
        "type_id": "opencv-matrix",
        "rows": 1,
        "cols": 18,
        "dt": "3f",
        "data": [ 3.92736755e+02, 1.13254646e+02, 3.02977562e-01,
            3.98571747e+02, 1.51999481e+02, 8.03093731e-01,
            3.71579865e+02, 1.48479324e+02, 6.94247007e-01,
            3.61052734e+02, 1.91955933e+02, 2.48036802e-01,
            3.69247192e+02, 2.16584381e+02, 6.40931129e-02,
            4.23265930e+02, 1.54325378e+02, 7.36597657e-01,
            4.29180481e+02, 2.01326157e+02, 4.73101795e-01,
            4.06816956e+02, 2.11918808e+02, 2.83083946e-01,
            3.72803925e+02, 2.38880890e+02, 6.15658581e-01,
            3.71618317e+02, 3.03481812e+02, 6.98981643e-01,
            3.71614410e+02, 3.62217590e+02, 6.26470625e-01,
            4.06855072e+02, 2.41257156e+02, 5.79557598e-01,
            4.09188660e+02, 3.04644714e+02, 6.32157862e-01,
            4.10378448e+02, 3.62256226e+02, 5.52526534e-01,
            3.90384491e+02, 1.07408554e+02, 3.68701279e-01,
            3.98632904e+02, 1.07380386e+02, 3.58674139e-01,
            3.89212402e+02, 1.14392258e+02, 1.43907189e-01,
            4.10361542e+02, 1.12057556e+02, 4.90407228e-01 ]
    }
}
