{
    "pose_0": {
        "type_id": "opencv-matrix",
        "rows": 1,
        "cols": 18,
        "dt": "3f",
        "data": [ 3.62191772e+02, 1.17938805e+02, 9.60455060e-01,
            3.55151245e+02, 1.47336319e+02, 7.93176234e-01,
            3.32812561e+02, 1.55553970e+02, 7.83310294e-01,
            3.07046143e+02, 1.84892624e+02, 6.75222337e-01,
            2.75307617e+02, 1.95433167e+02, 8.52430403e-01,
            3.80955475e+02, 1.39097092e+02, 7.80521810e-01,
            4.17422577e+02, 1.35597565e+02, 8.44174862e-01,
            4.43249664e+02, 1.15584648e+02, 8.24951947e-01,
            3.61076294e+02, 2.47121124e+02, 6.77375257e-01,
            3.69267853e+02, 3.07022247e+02, 8.25770676e-01,
            3.52791138e+02, 3.62168610e+02, 8.36372852e-01,
            3.93914124e+02, 2.40063446e+02, 6.33385599e-01,
            3.99809448e+02, 3.05824768e+02, 9.04497385e-01,
            3.78649628e+02, 3.61062134e+02, 8.30652654e-01,
            3.53999390e+02, 1.12073265e+02, 8.81953001e-01,
            3.65722595e+02, 1.10887482e+02, 8.50359440e-01,
            3.41067383e+02, 1.15559792e+02, 9.11657870e-01, 0.0, 0.0,
            0.0 ]
    }
}
