{
    "pose_0": {
        "type_id": "opencv-matrix",
        "rows": 1,
        "cols": 18,
        "dt": "3f",
        "data": [ 3.63396759e+02, 1.10885910e+02, 8.74019384e-01,
            3.63385864e+02, 1.47336945e+02, 8.61960053e-01,
            3.37570404e+02, 1.54391403e+02, 8.25620592e-01,
            3.30501770e+02, 2.00157669e+02, 7.98023343e-01,
            3.28148956e+02, 2.38897598e+02, 7.98334837e-01,
            3.90386139e+02, 1.41443710e+02, 8.40317309e-01,
            4.09147095e+02, 1.77834793e+02, 8.48827362e-01,
            4.26814301e+02, 1.98983566e+02, 8.29670072e-01,
            3.56321045e+02, 2.47110458e+02, 6.81736648e-01,
            3.59830536e+02, 3.07013184e+02, 7.32461989e-01,
            3.70420349e+02, 3.63398102e+02, 7.70123243e-01,
            3.90362305e+02, 2.41266815e+02, 7.22082257e-01,
            3.82214996e+02, 3.05872650e+02, 7.25547850e-01,
            3.88012787e+02, 3.69219269e+02, 7.40323842e-01,
            3.58681976e+02, 1.06202034e+02, 8.91232431e-01,
            3.70455017e+02, 1.07317680e+02, 9.50722337e-01,
            3.46929626e+02, 1.08581245e+02, 8.83928776e-01,
            3.77499939e+02, 1.09709885e+02, 6.64429188e-01 ]
    }
}
