{
    "pose_0": {
        "type_id": "opencv-matrix",
        "rows": 1,
        "cols": 18,
        "dt": "3f",
        "data": [ 3.90414215e+02, 1.15593620e+02, 5.52181005e-01,
            3.89263397e+02, 1.54343369e+02, 8.50251794e-01,
            3.63382477e+02, 1.50808502e+02, 6.95852518e-01,
            3.52813538e+02, 1.91900925e+02, 1.50396302e-01,
            3.53993408e+02, 2.23637238e+02, 5.86259551e-02,
            4.15075958e+02, 1.56690063e+02, 7.28378832e-01,
            4.17380280e+02, 2.02504639e+02, 3.54878336e-01,
            4.16217529e+02, 2.45931122e+02, 2.25336924e-01,
            3.66915588e+02, 2.38863281e+02, 6.23473048e-01,
            3.70438385e+02, 3.02290771e+02, 7.55069971e-01,
            3.79790833e+02, 3.57496582e+02, 8.31593513e-01,
            3.98636993e+02, 2.40061356e+02, 6.23664618e-01,
            3.98641693e+02, 3.03470978e+02, 7.57164955e-01,
            4.03301605e+02, 3.61028778e+02, 7.52103329e-01,
            3.88038788e+02, 1.08546906e+02, 6.13743246e-01,
            3.98600525e+02, 1.09704567e+02, 6.02150083e-01,
            3.80987640e+02, 1.10923134e+02, 3.15045208e-01,
            4.08005829e+02, 1.16773933e+02, 7.01853573e-01 ]
    }
}
