{
    "pose_0": {
        "type_id": "opencv-matrix",
        "rows": 1,
        "cols": 18,
        "dt": "3f",
        "data": [ 3.96244873e+02, 1.16720848e+02, 6.79850996e-01,
            4.02137146e+02, 1.55476074e+02, 8.66663992e-01,
            3.75147949e+02, 1.53164169e+02, 7.91064739e-01,
            3.61009705e+02, 1.91892914e+02, 8.07199836e-01,
            3.44609222e+02, 2.21247437e+02, 8.07095647e-01,
            4.29153137e+02, 1.56720947e+02, 7.77881622e-01,
            4.43248932e+02, 2.04858475e+02, 6.79117560e-01,
            4.36214447e+02, 2.48247559e+02, 6.83215618e-01,
            3.75111237e+02, 2.38891953e+02, 6.67760015e-01,
            3.51650146e+02, 2.94088501e+02, 8.53283882e-01,
            3.55173309e+02, 3.63378479e+02, 7.89062321e-01,
            4.08037231e+02, 2.47132446e+02, 6.77778006e-01,
            4.05649048e+02, 3.07018646e+02, 7.29325533e-01,
            4.03309509e+02, 3.63419586e+02, 7.60920525e-01,
            3.90432922e+02, 1.08549286e+02, 7.30486512e-01,
            4.00972717e+02, 1.08599335e+02, 6.93632603e-01,
            3.88020325e+02, 1.13247429e+02, 8.37179646e-02,
            4.17341583e+02, 1.14396080e+02, 7.42352545e-01 ]
    }
}
