{
    "pose_0": {
        "type_id": "opencv-matrix",
        "rows": 1,
        "cols": 18,
        "dt": "3f",
        "data": [ 3.72806946e+02, 1.19150002e+02, 8.78194034e-01,
            3.70450958e+02, 1.53126450e+02, 8.87487292e-01,
            3.39908508e+02, 1.46130890e+02, 8.05835903e-01,
            3.12853516e+02, 1.74347992e+02, 7.22233593e-01,
            2.77707062e+02, 1.73121552e+02, 8.20857525e-01,
            3.99804504e+02, 1.55536102e+02, 8.22570741e-01,
            4.37344635e+02, 1.73165268e+02, 7.77971745e-01,
            4.38568481e+02, 1.40274170e+02, 8.00673842e-01,
            3.43375061e+02, 2.47115524e+02, 7.06841528e-01,
            3.43467499e+02, 3.11690216e+02, 7.58731484e-01,
            3.51645691e+02, 3.63405853e+02, 8.18681240e-01,
            3.79806519e+02, 2.49450287e+02, 6.96500778e-01,
            3.76303070e+02, 3.12850189e+02, 7.23557711e-01,
            3.77495270e+02, 3.63414886e+02, 7.63937891e-01,
            3.69217468e+02, 1.15541473e+02, 8.60895395e-01,
            3.80946716e+02, 1.15541397e+02, 9.32489336e-01,
            3.60965759e+02, 1.15565010e+02, 7.84357429e-01,
            3.89240662e+02, 1.16741997e+02, 8.95400763e-01 ]
    }
}
