{
    "pose_0": {
        "type_id": "opencv-matrix",
        "rows": 1,
        "cols": 18,
        "dt": "3f",
        "data": [ 3.84533600e+02, 1.17910347e+02, 5.36099136e-01,
            3.88064819e+02, 1.52000671e+02, 7.93203115e-01,
            3.62211029e+02, 1.54334137e+02, 7.68964291e-01,
            3.52837280e+02, 1.93138367e+02, 4.68891352e-01,
            3.61024384e+02, 2.30678070e+02, 3.75975519e-01,
            4.12704193e+02, 1.48456085e+02, 7.46558249e-01,
            4.29165039e+02, 1.91928528e+02, 6.89751148e-01,
            4.36205444e+02, 2.29462418e+02, 7.54712701e-01,
            3.73979187e+02, 2.38922485e+02, 6.11986756e-01,
            3.78615265e+02, 3.03502563e+02, 7.73641229e-01,
            3.79797668e+02, 3.59876953e+02, 8.24781537e-01,
            4.09226074e+02, 2.38883423e+02, 6.46124065e-01,
            4.11522583e+02, 3.04625122e+02, 7.77568758e-01,
            4.13900482e+02, 3.59866211e+02, 7.59928584e-01,
            3.78656586e+02, 1.12074188e+02, 5.31453252e-01,
            3.89222717e+02, 1.08606392e+02, 5.98425090e-01,
            3.70373718e+02, 1.16757378e+02, 5.41141212e-01,
            3.93919159e+02, 1.10894905e+02, 3.15032393e-01 ]
    }
}
