{
    "pose_0": {
        "type_id": "opencv-matrix",
        "rows": 1,
        "cols": 18,
        "dt": "3f",
        "data": [ 3.76317871e+02, 1.21480743e+02, 8.67381394e-01,
            3.71671875e+02, 1.46173386e+02, 8.87411833e-01,
            3.44595581e+02, 1.37939529e+02, 7.83280253e-01,
            3.07030701e+02, 1.35594009e+02, 7.87138939e-01,
            2.87096619e+02, 1.07321945e+02, 7.16464400e-01,
            4.00966644e+02, 1.54375519e+02, 8.26218128e-01,
            4.27946747e+02, 1.94269821e+02, 7.83452749e-01,
            4.56150238e+02, 2.29530869e+02, 8.09044480e-01,
            3.44617493e+02, 2.40061676e+02, 6.80046141e-01,
            3.32804871e+02, 2.97637634e+02, 8.15473437e-01,
            3.42238556e+02, 3.62250275e+02, 8.12536299e-01,
            3.79820038e+02, 2.47090302e+02, 6.56239748e-01,
            3.78654358e+02, 3.10551575e+02, 7.37332821e-01,
            3.79813446e+02, 3.65726501e+02, 8.03006470e-01,
            3.70428802e+02, 1.15603394e+02, 9.49820518e-01,
            3.81070557e+02, 1.16695442e+02, 9.09108877e-01,
            3.62214478e+02, 1.14433571e+02, 5.44509053e-01,
            3.91591705e+02, 1.15600410e+02, 7.95062900e-01 ]
    }
}
