{
    "pose_0": {
        "type_id": "opencv-matrix",
        "rows": 1,
        "cols": 18,
        "dt": "3f",
        "data": [ 3.62217377e+02, 1.12065422e+02, 8.98999035e-01,
            3.62240509e+02, 1.47312286e+02, 9.03795838e-01,
            3.34075958e+02, 1.54384811e+02, 8.84353042e-01,
            3.35193573e+02, 2.00125320e+02, 7.55014181e-01,
            3.42235596e+02, 2.31846191e+02, 6.23282671e-01,
            3.90445618e+02, 1.41406754e+02, 8.04292202e-01,
            4.09209808e+02, 1.84885956e+02, 7.98070669e-01,
            4.25618622e+02, 2.21320724e+02, 8.03879559e-01,
            3.55154144e+02, 2.44772079e+02, 6.62356257e-01,
            3.59829895e+02, 3.07003967e+02, 7.56547093e-01,
            3.70431976e+02, 3.63375824e+02, 7.95014739e-01,
            3.89260681e+02, 2.41244827e+02, 7.07998991e-01,
            3.88062622e+02, 3.05858643e+02, 7.71459281e-01,
            3.88036163e+02, 3.66916840e+02, 7.11848378e-01,
            3.55163788e+02, 1.07326157e+02, 9.08124447e-01,
            3.69259705e+02, 1.07338264e+02, 9.37583268e-01,
            3.43468719e+02, 1.08610939e+02, 8.83718014e-01,
            3.71663727e+02, 1.08569878e+02, 2.97823966e-01 ]
    }
}
