{
    "pose_0": {
        "type_id": "opencv-matrix",
        "rows": 1,
        "cols": 18,
        "dt": "3f",
        "data": [ 3.65722565e+02, 1.14385582e+02, 8.49994898e-01,
            3.69225647e+02, 1.46168442e+02, 8.50391984e-01,
            3.38735992e+02, 1.47297699e+02, 7.93164313e-01,
            2.98812286e+02, 1.44991013e+02, 8.51309478e-01,
            2.78823517e+02, 1.16716759e+02, 7.60552645e-01,
            3.97446472e+02, 1.46139526e+02, 7.78270006e-01,
            4.27963196e+02, 1.62541443e+02, 5.67539871e-01,
            4.38559662e+02, 1.61410690e+02, 6.88251019e-01,
            3.59875397e+02, 2.45939926e+02, 6.52447999e-01,
            3.68082336e+02, 3.05848663e+02, 6.81058764e-01,
            3.69228394e+02, 3.63368347e+02, 7.96755373e-01,
            3.90363037e+02, 2.42433548e+02, 6.67468965e-01,
            3.90369629e+02, 3.04701660e+02, 7.07498312e-01,
            3.89265045e+02, 3.65745514e+02, 7.46874154e-01,
            3.60999054e+02, 1.07352592e+02, 9.79176402e-01,
            3.71629913e+02, 1.07423607e+02, 9.56679106e-01,
            3.51645721e+02, 1.08593788e+02, 8.63106966e-01,
            3.79873657e+02, 1.12073982e+02, 7.83873379e-01 ]
    }
}
