{
    "pose_0": {
        "type_id": "opencv-matrix",
        "rows": 1,
        "cols": 18,
        "dt": "3f",
        "data": [ 3.77497772e+02, 1.20292778e+02, 8.84374142e-01,
            3.71648712e+02, 1.48495163e+02, 8.78744066e-01,
            3.43477509e+02, 1.44923355e+02, 8.41996789e-01,
            3.09367340e+02, 1.60219650e+02, 7.40150928e-01,
            2.92909027e+02, 1.35505554e+02, 7.44722307e-01,
            3.99785370e+02, 1.55470886e+02, 8.59005272e-01,
            4.16236542e+02, 1.86031311e+02, 7.00801313e-01,
            4.53803467e+02, 1.74311279e+02, 7.35603631e-01,
            3.48101074e+02, 2.40103058e+02, 6.83234453e-01,
            3.35214020e+02, 2.96479218e+02, 8.10957193e-01,
            3.51664642e+02, 3.55167603e+02, 8.03124905e-01,
            3.81056671e+02, 2.45950836e+02, 6.78364038e-01,
            3.80965576e+02, 3.05877808e+02, 7.94010460e-01,
            3.78660431e+02, 3.63369385e+02, 8.07371080e-01,
            3.70454254e+02, 1.15566307e+02, 9.46114659e-01,
            3.82174683e+02, 1.15560089e+02, 8.79220009e-01,
            3.62224579e+02, 1.14409042e+02, 6.41825497e-01,
            3.91577209e+02, 1.15569176e+02, 8.19023371e-01 ]
    }
}
