{
    "pose_0": {
        "type_id": "opencv-matrix",
        "rows": 1,
        "cols": 18,
        "dt": "3f",
        "data": [ 0.0, 0.0, 0.0, 3.83362701e+02, 1.53168930e+02,
            7.62317538e-01, 4.09204071e+02, 1.50816132e+02,
            6.63660526e-01, 4.18549347e+02, 1.94298767e+02,
            3.87482345e-01, 0.0, 0.0, 0.0, 3.60993011e+02,
            1.54343521e+02, 6.32433176e-01, 3.46944611e+02,
            2.01310715e+02, 4.42641228e-01, 3.43401184e+02,
            2.38888336e+02, 5.01293063e-01, 3.99800781e+02,
            2.40069687e+02, 4.59391713e-01, 4.06849335e+02,
            3.04640320e+02, 5.02719402e-01, 4.09200928e+02,
            3.59855286e+02, 5.88792443e-01, 3.71572449e+02,
            2.40075668e+02, 4.70491230e-01, 3.71636353e+02,
            3.03494629e+02, 6.14023626e-01, 3.79782501e+02,
            3.60988739e+02, 5.86453617e-01, 0.0, 0.0, 0.0, 0.0, 0.0, 0.0,
            3.90445465e+02, 1.10898132e+02, 4.35205877e-01,
            3.69224792e+02, 1.14409576e+02, 5.02993584e-01 ]
    }
}
