{
    "pose_0": {
        "type_id": "opencv-matrix",
        "rows": 1,
        "cols": 18,
        "dt": "3f",
        "data": [ 3.90435211e+02, 1.16745201e+02, 7.35932291e-01,
            3.96271271e+02, 1.53153015e+02, 8.38428497e-01,
            3.69237793e+02, 1.46118896e+02, 8.07926655e-01,
            3.29311493e+02, 1.48499069e+02, 7.08517075e-01,
            2.85912201e+02, 1.43773514e+02, 7.80651510e-01,
            4.22116791e+02, 1.55576523e+02, 7.67128527e-01,
            4.45635162e+02, 1.82512405e+02, 8.26533079e-01,
            4.71449951e+02, 1.93053391e+02, 8.37458074e-01,
            3.65730499e+02, 2.40072098e+02, 6.71505153e-01,
            3.33999908e+02, 2.89382233e+02, 8.48604441e-01,
            3.48130096e+02, 3.52792450e+02, 7.86105752e-01,
            3.98630768e+02, 2.48299408e+02, 6.61327243e-01,
            3.99772583e+02, 3.07015656e+02, 7.41987050e-01,
            4.02168549e+02, 3.62223694e+02, 7.90617704e-01,
            3.88047333e+02, 1.08576561e+02, 7.57133782e-01,
            3.98599426e+02, 1.09716652e+02, 7.42301345e-01,
            3.81047241e+02, 1.10879524e+02, 1.55095547e-01,
            4.09245758e+02, 1.15555801e+02, 7.98732758e-01 ]
    }
}
