{
    "pose_0": {
        "type_id": "opencv-matrix",
        "rows": 1,
        "cols": 18,
        "dt": "3f",
        "data": [ 4.03332825e+02, 1.16727127e+02, 7.34656096e-01,
            4.05635040e+02, 1.53172012e+02, 8.33743453e-01,
            3.78656433e+02, 1.47288376e+02, 8.27945352e-01,
            3.62196289e+02, 1.91911209e+02, 4.76086557e-01,
            3.52823212e+02, 2.28308441e+02, 3.16680193e-01,
            4.29191284e+02, 1.55534531e+02, 7.98684597e-01,
            4.38556274e+02, 2.02478012e+02, 5.85397542e-01,
            4.36220673e+02, 2.38895248e+02, 4.86531019e-01,
            3.75112488e+02, 2.38868805e+02, 6.15034461e-01,
            3.69242950e+02, 2.99951416e+02, 7.80829668e-01,
            3.86887177e+02, 3.41062317e+02, 7.18520045e-01,
            4.10359802e+02, 2.41274094e+02, 6.25668228e-01,
            4.07943939e+02, 3.05853516e+02, 7.69930303e-01,
            4.03337067e+02, 3.62184052e+02, 7.43686140e-01,
            3.99759033e+02, 1.08562523e+02, 8.33314121e-01,
            4.10368469e+02, 1.09726822e+02, 7.76010096e-01,
            3.91610687e+02, 1.13230934e+02, 2.06442505e-01,
            4.23287231e+02, 1.16732544e+02, 7.73315907e-01 ]
    }
}
