{
    "pose_0": {
        "type_id": "opencv-matrix",
        "rows": 1,
        "cols": 18,
        "dt": "3f",
        "data": [ 4.03294800e+02, 1.15590027e+02, 7.29164481e-01,
            4.03328857e+02, 1.53142853e+02, 8.21011126e-01,
            3.76290314e+02, 1.46142212e+02, 8.26864064e-01,
            3.57495331e+02, 1.93079681e+02, 6.14508450e-01,
            3.43389954e+02, 2.30652313e+02, 4.22974914e-01,
            4.30309509e+02, 1.55533508e+02, 8.04635644e-01,
            4.38544556e+02, 2.02516235e+02, 5.95768929e-01,
            4.36212952e+02, 2.40043472e+02, 5.01669407e-01,
            3.75132385e+02, 2.38879547e+02, 6.25137806e-01,
            3.69250702e+02, 2.99959015e+02, 7.78684437e-01,
            3.80999420e+02, 3.43450989e+02, 8.56959581e-01,
            4.11518280e+02, 2.41273102e+02, 6.22855186e-01,
            4.07971954e+02, 3.05800476e+02, 7.97945142e-01,
            4.04497437e+02, 3.61012756e+02, 7.51327336e-01,
            3.99760864e+02, 1.08528976e+02, 8.37368608e-01,
            4.10345490e+02, 1.08607948e+02, 7.87491858e-01,
            3.95084381e+02, 1.14395828e+02, 1.58402279e-01,
            4.24423828e+02, 1.16732399e+02, 8.03958178e-01 ]
    }
}
