{
    "pose_0": {
        "type_id": "opencv-matrix",
        "rows": 1,
        "cols": 18,
        "dt": "3f",
        "data": [ 3.80993164e+02, 1.15553986e+02, 6.47843361e-01,
            3.79855774e+02, 1.53163223e+02, 8.83213997e-01,
            3.51677460e+02, 1.54285950e+02, 8.51877451e-01,
            3.42237427e+02, 1.97802261e+02, 6.83351874e-01,
            3.51592316e+02, 2.37723526e+02, 5.28036773e-01,
            4.08023926e+02, 1.51998276e+02, 8.04406524e-01,
            4.17395538e+02, 2.01289703e+02, 7.22645402e-01,
            4.08035370e+02, 2.41276642e+02, 6.38329506e-01,
            3.63420349e+02, 2.45956436e+02, 6.22170568e-01,
            3.68072693e+02, 3.05820770e+02, 7.71775723e-01,
            3.71597443e+02, 3.62257446e+02, 8.16027582e-01,
            3.98638611e+02, 2.45931717e+02, 6.61744058e-01,
            4.03335815e+02, 3.05834412e+02, 7.75195301e-01,
            4.10380737e+02, 3.62193085e+02, 7.90370584e-01,
            3.73946503e+02, 1.08522247e+02, 6.95262551e-01,
            3.86884552e+02, 1.08506973e+02, 7.21045494e-01,
            3.65728088e+02, 1.10902939e+02, 5.83547652e-01,
            3.91589813e+02, 1.10907547e+02, 5.77930093e-01 ]
    }
}
