{
    "pose_0": {
        "type_id": "opencv-matrix",
        "rows": 1,
        "cols": 18,
        "dt": "3f",
        "data": [ 0.0, 0.0, 0.0, 3.72781738e+02, 1.53170792e+02,
            8.62731159e-01, 4.00973511e+02, 1.48497849e+02,
            7.44459271e-01, 4.11543640e+02, 1.96625107e+02,
            6.99416637e-01, 4.17409882e+02, 2.30728485e+02,
            7.99466729e-01, 3.44618744e+02, 1.55512985e+02,
            7.49311686e-01, 3.37565796e+02, 2.03653061e+02,
            5.73431373e-01, 3.42203949e+02, 2.40111710e+02,
            6.10756993e-01, 3.96251343e+02, 2.41276230e+02,
            6.25829697e-01, 3.98619629e+02, 3.03466675e+02,
            7.96263874e-01, 4.02153717e+02, 3.61072815e+02,
            7.21379042e-01, 3.62230255e+02, 2.45945831e+02,
            6.38527811e-01, 3.65747833e+02, 3.04650635e+02,
            7.80116439e-01, 3.71608124e+02, 3.62243469e+02,
            8.01716745e-01, 0.0, 0.0, 0.0, 0.0, 0.0, 0.0, 3.82218231e+02,
            1.09754173e+02, 5.44328809e-01, 3.57531097e+02,
            1.10880898e+02, 4.69129473e-01 ]
    }
}
