{
    "pose_0": {
        "type_id": "opencv-matrix",
        "rows": 1,
        "cols": 18,
        "dt": "3f",
        "data": [ 3.99829620e+02, 1.16745628e+02, 7.39139259e-01,
            4.05665192e+02, 1.53165039e+02, 8.26241970e-01,
            3.79811371e+02, 1.47340271e+02, 7.92241395e-01,
            3.62259216e+02, 1.89573700e+02, 2.80026555e-01,
            3.61047577e+02, 2.24794464e+02, 1.15059629e-01,
            4.29161591e+02, 1.55492722e+02, 7.95228601e-01,
            4.38557129e+02, 2.01286911e+02, 4.97278273e-01,
            4.34987671e+02, 2.30685898e+02, 3.62739623e-01,
            3.75117676e+02, 2.35386597e+02, 6.20681167e-01,
            3.62218018e+02, 2.96401581e+02, 8.90381634e-01,
            3.97439331e+02, 3.26982727e+02, 6.90059423e-01,
            4.09236023e+02, 2.40054398e+02, 6.25141382e-01,
            4.06855896e+02, 3.04628387e+02, 7.07310259e-01,
            4.03315552e+02, 3.62229034e+02, 6.84185624e-01,
            3.97446198e+02, 1.08575562e+02, 7.75056124e-01,
            4.08003448e+02, 1.09724785e+02, 7.47393787e-01,
            3.90426971e+02, 1.12063568e+02, 1.35026291e-01,
            4.19746216e+02, 1.15559288e+02, 7.90530980e-01 ]
    }
}
