{
    "pose_0": {
        "type_id": "opencv-matrix",
        "rows": 1,
        "cols": 18,
        "dt": "3f",
        "data": [ 4.27986633e+02, 1.15557869e+02, 7.31868744e-01,
            4.15050079e+02, 1.54318726e+02, 8.70443940e-01,
            3.85682892e+02, 1.53147766e+02, 7.89629638e-01,
            3.69246613e+02, 1.93117493e+02, 7.62350023e-01,
            3.62254730e+02, 2.31837006e+02, 8.27863634e-01,
            4.44391327e+02, 1.55472916e+02, 7.91783452e-01,
            4.57362396e+02, 1.93111435e+02, 7.17067719e-01,
            4.54937500e+02, 2.29494720e+02, 7.65672505e-01,
            3.90374390e+02, 2.40065811e+02, 6.98790252e-01,
            3.80971191e+02, 2.99974487e+02, 8.12203884e-01,
            3.80992920e+02, 3.52873291e+02, 8.25223446e-01,
            4.26787781e+02, 2.43592438e+02, 6.65109754e-01,
            4.18613770e+02, 3.05861542e+02, 8.16078186e-01,
            4.16193787e+02, 3.61033722e+02, 7.94915140e-01,
            4.23276306e+02, 1.08522202e+02, 7.52108812e-01,
            4.31480621e+02, 1.08514839e+02, 6.77114367e-01,
            4.05648407e+02, 1.13221886e+02, 7.46267140e-01, 0.0, 0.0,
            0.0 ]
    }
}
