{
    "pose_0": {
        "type_id": "opencv-matrix",
        "rows": 1,
        "cols": 18,
        "dt": "3f",
        "data": [ 3.98644592e+02, 1.15586182e+02, 6.98239386e-01,
            4.00945709e+02, 1.50832458e+02, 8.46483827e-01,
            3.75137939e+02, 1.47298370e+02, 7.89743662e-01,
            3.62182678e+02, 1.89571045e+02, 3.22525769e-01,
            3.70414276e+02, 2.15396790e+02, 9.46567133e-02,
            4.26844910e+02, 1.54333633e+02, 8.46601784e-01,
            4.34984650e+02, 2.01301315e+02, 5.87978005e-01,
            4.09185730e+02, 2.11938553e+02, 4.32423055e-01,
            3.77451813e+02, 2.36539963e+02, 6.34741724e-01,
            3.71650146e+02, 3.03453949e+02, 7.82136381e-01,
            3.71622437e+02, 3.62210419e+02, 8.40725482e-01,
            4.10349701e+02, 2.38923157e+02, 6.36963665e-01,
            4.09207855e+02, 3.05807037e+02, 8.05851042e-01,
            4.10371155e+02, 3.63391205e+02, 7.91181028e-01,
            3.93934479e+02, 1.08546097e+02, 7.21151471e-01,
            4.05659485e+02, 1.08584229e+02, 7.02629507e-01,
            3.90356842e+02, 1.09767174e+02, 2.15880081e-01,
            4.17399597e+02, 1.14400330e+02, 7.66353071e-01 ]
    }
}
