{
    "pose_0": {
        "type_id": "opencv-matrix",
        "rows": 1,
        "cols": 18,
        "dt": "3f",
        "data": [ 3.79797363e+02, 1.17900139e+02, 6.63740873e-01,
            3.82163696e+02, 1.54315994e+02, 8.67455840e-01,
            3.54025513e+02, 1.53176941e+02, 7.78970718e-01,
            3.44575531e+02, 1.98980637e+02, 4.90460604e-01,
            3.44619598e+02, 2.36557724e+02, 2.92106658e-01,
            4.09211426e+02, 1.54388824e+02, 8.45796824e-01,
            4.17440826e+02, 2.01340927e+02, 5.76082110e-01,
            4.16209839e+02, 2.41263901e+02, 3.18790495e-01,
            3.63389160e+02, 2.40054688e+02, 6.22285306e-01,
            3.70458313e+02, 3.03458923e+02, 7.90714622e-01,
            3.79771362e+02, 3.57513947e+02, 8.34905565e-01,
            3.98566223e+02, 2.40087799e+02, 6.39425576e-01,
            3.96269531e+02, 3.02334534e+02, 7.59736478e-01,
            3.99782349e+02, 3.56332062e+02, 7.08329976e-01,
            3.73958252e+02, 1.09747070e+02, 6.63680613e-01,
            3.85700012e+02, 1.10899391e+02, 6.34597003e-01,
            3.70432922e+02, 1.13249092e+02, 2.75505722e-01,
            3.98554688e+02, 1.15575882e+02, 7.60913908e-01 ]
    }
}
