{
    "pose_0": {
        "type_id": "opencv-matrix",
        "rows": 1,
        "cols": 18,
        "dt": "3f",
        "data": [ 3.71646515e+02, 1.16736244e+02, 9.46262479e-01,
            3.76285522e+02, 1.42576889e+02, 8.08099985e-01,
            3.49270111e+02, 1.35514755e+02, 7.97727525e-01,
            3.14100311e+02, 1.06199928e+02, 7.39705324e-01,
            2.80002838e+02, 7.45011444e+01, 7.20981002e-01,
            4.02131531e+02, 1.46158478e+02, 7.95344889e-01,
            4.35013641e+02, 1.71956039e+02, 7.98522413e-01,
            4.63193756e+02, 1.78987808e+02, 8.17826033e-01,
            3.54021729e+02, 2.35359863e+02, 6.43436074e-01,
            3.59829224e+02, 2.99979950e+02, 7.10876584e-01,
            3.69254578e+02, 3.62203796e+02, 8.28371286e-01,
            3.81044312e+02, 2.38878418e+02, 6.84495509e-01,
            3.79817200e+02, 3.03499878e+02, 7.65479922e-01,
            3.89168915e+02, 3.65722992e+02, 7.21198082e-01,
            3.69268585e+02, 1.07416946e+02, 9.23220098e-01,
            3.80946228e+02, 1.09710518e+02, 9.27620053e-01,
            3.62239532e+02, 1.06212837e+02, 2.72715807e-01,
            3.90376587e+02, 1.14385506e+02, 7.91572988e-01 ]
    }
}
