{
    "pose_0": {
        "type_id": "opencv-matrix",
        "rows": 1,
        "cols": 18,
        "dt": "3f",
        "data": [ 4.09228027e+02, 1.12063568e+02, 2.82939136e-01,
            4.02151459e+02, 1.53152603e+02, 7.84550011e-01,
            3.79802399e+02, 1.54381424e+02, 7.60264277e-01,
            3.70429565e+02, 1.97799942e+02, 2.97658652e-01,
            3.70436401e+02, 2.02491974e+02, 5.06013073e-02,
            4.27964203e+02, 1.48477783e+02, 7.54245222e-01,
            4.45612183e+02, 1.96628845e+02, 6.21902227e-01,
            4.45634155e+02, 2.38876999e+02, 7.36884415e-01,
            3.90385406e+02, 2.42442642e+02, 6.54009759e-01,
            3.82196991e+02, 3.03503662e+02, 7.57577419e-01,
            3.79840179e+02, 3.52839264e+02, 8.25138867e-01,
            4.25634918e+02, 2.45927750e+02, 6.34806395e-01,
            4.18649628e+02, 3.05891998e+02, 7.72458255e-01,
            4.16211731e+02, 3.61063843e+02, 7.73801446e-01,
            4.06823059e+02, 1.07362373e+02, 3.20115507e-01,
            4.10348236e+02, 1.07351715e+02, 2.46831641e-01,
            3.92736389e+02, 1.13233276e+02, 3.44397604e-01,
            4.06811737e+02, 1.14418640e+02, 8.39189142e-02 ]
    }
}
