{
    "pose_0": {
        "type_id": "opencv-matrix",
        "rows": 1,
        "cols": 18,
        "dt": "3f",
        "data": [ 3.83365997e+02, 1.17908699e+02, 6.36863172e-01,
            3.85693939e+02, 1.54333771e+02, 8.23641598e-01,
            3.59833893e+02, 1.51998047e+02, 7.36179471e-01,
            3.49281982e+02, 1.94264679e+02, 2.70670980e-01,
            3.52826996e+02, 2.25988632e+02, 1.36952490e-01,
            4.10380035e+02, 1.55535431e+02, 7.86448300e-01,
            4.16251984e+02, 2.01317429e+02, 4.03561324e-01,
            4.11538940e+02, 2.38854492e+02, 1.63481325e-01,
            3.64577667e+02, 2.38900284e+02, 6.21980071e-01,
            3.70440674e+02, 3.02322784e+02, 7.91245580e-01,
            3.79784302e+02, 3.58660461e+02, 8.26767862e-01,
            3.98583160e+02, 2.40086136e+02, 6.23615921e-01,
            3.98610046e+02, 3.03504272e+02, 8.00180674e-01,
            4.02171295e+02, 3.59856079e+02, 7.23101377e-01,
            3.79871002e+02, 1.10875717e+02, 6.96723878e-01,
            3.90406006e+02, 1.12083946e+02, 6.50799692e-01,
            3.72796051e+02, 1.12086212e+02, 3.04909796e-01,
            3.99825592e+02, 1.16714134e+02, 7.41688251e-01 ]
    }
}
