{
    "pose_0": {
        "type_id": "opencv-matrix",
        "rows": 1,
        "cols": 18,
        "dt": "3f",
        "data": [ 4.05656616e+02, 1.16729919e+02, 7.37093925e-01,
            4.04499176e+02, 1.53176239e+02, 8.31690371e-01,
            3.78613586e+02, 1.47277588e+02, 8.19074452e-01,
            3.59818756e+02, 1.93091614e+02, 5.88428199e-01,
            3.44608246e+02, 2.30700806e+02, 3.97419542e-01,
            4.30318878e+02, 1.55544464e+02, 7.91079819e-01,
            4.38549988e+02, 2.02523987e+02, 5.92667282e-01,
            4.37331360e+02, 2.40063736e+02, 5.01670778e-01,
            3.75114471e+02, 2.38917038e+02, 6.15112782e-01,
            3.69262817e+02, 3.02305817e+02, 7.73126721e-01,
            3.82194214e+02, 3.43384521e+02, 7.89824665e-01,
            4.10377167e+02, 2.43585419e+02, 6.21198297e-01,
            4.07965332e+02, 3.05849762e+02, 7.85366118e-01,
            4.04495972e+02, 3.61063538e+02, 7.50781715e-01,
            3.99809143e+02, 1.08558746e+02, 8.36525440e-01,
            4.11549713e+02, 1.09731873e+02, 7.61131465e-01,
            3.93912659e+02, 1.12074821e+02, 2.41798684e-01,
            4.24460602e+02, 1.16752129e+02, 7.98459768e-01 ]
    }
}
