{
    "pose_0": {
        "type_id": "opencv-matrix",
        "rows": 1,
        "cols": 18,
        "dt": "3f",
        "data": [ 4.03304565e+02, 1.16709084e+02, 7.06844985e-01,
            3.99825470e+02, 1.53171112e+02, 8.76900017e-01,
            3.71621735e+02, 1.47275513e+02, 8.25616479e-01,
            3.50461945e+02, 1.91961319e+02, 6.92545295e-01,
            3.42282257e+02, 2.37726059e+02, 5.75075269e-01,
            4.28007690e+02, 1.55548630e+02, 8.22987318e-01,
            4.36196442e+02, 2.02492783e+02, 4.55837369e-01,
            4.29173920e+02, 2.41245743e+02, 2.71885455e-01,
            3.71633453e+02, 2.37705246e+02, 6.47459030e-01,
            3.70473694e+02, 2.99950806e+02, 7.59583056e-01,
            3.79816284e+02, 3.52852814e+02, 8.57377946e-01,
            4.09185089e+02, 2.40088379e+02, 6.34710133e-01,
            4.04480621e+02, 3.05812256e+02, 7.24156916e-01,
            4.05631866e+02, 3.61047791e+02, 7.84719706e-01,
            3.99757996e+02, 1.08540932e+02, 7.79723346e-01,
            4.09237671e+02, 1.09726746e+02, 7.47482657e-01,
            3.91551422e+02, 1.10883575e+02, 2.95949280e-01,
            4.20910614e+02, 1.16765694e+02, 7.69968331e-01 ]
    }
}
