{
    "pose_0": {
        "type_id": "opencv-matrix",
        "rows": 1,
        "cols": 18,
        "dt": "3f",
        "data": [ 3.98619446e+02, 1.16760300e+02, 7.25500941e-01,
            4.03311920e+02, 1.52004730e+02, 8.07642817e-01,
            3.78633331e+02, 1.48470840e+02, 7.77813613e-01,
            3.62192444e+02, 1.90755234e+02, 3.17487448e-01,
            3.61015533e+02, 2.24810486e+02, 1.97703421e-01,
            4.28033478e+02, 1.54342896e+02, 8.03916454e-01,
            4.44430145e+02, 1.95442947e+02, 5.46462834e-01,
            4.45537659e+02, 2.25982498e+02, 4.97047961e-01,
            3.71626068e+02, 2.36537750e+02, 6.11307740e-01,
            3.51583527e+02, 2.91737396e+02, 7.92304933e-01,
            3.84516754e+02, 3.32872681e+02, 8.00780475e-01,
            4.08044495e+02, 2.40105759e+02, 6.29282713e-01,
            4.05655701e+02, 3.07000275e+02, 7.11021066e-01,
            4.04474121e+02, 3.62189209e+02, 6.99624956e-01,
            3.92755646e+02, 1.08583221e+02, 7.39046812e-01,
            4.05640778e+02, 1.09742973e+02, 7.00699985e-01,
            3.89239410e+02, 1.09739616e+02, 1.79560468e-01,
            4.17420349e+02, 1.14412018e+02, 7.62939513e-01 ]
    }
}
