{
    "pose_0": {
        "type_id": "opencv-matrix",
        "rows": 1,
        "cols": 18,
        "dt": "3f",
        "data": [ 3.68075165e+02, 1.15551041e+02, 6.24125600e-01,
            3.71558716e+02, 1.54317490e+02, 9.10859108e-01,
            3.43389313e+02, 1.55581360e+02, 8.38005900e-01,
            3.35225525e+02, 2.03661240e+02, 6.32062316e-01,
            3.38705261e+02, 2.41280640e+02, 5.06284177e-01,
            3.99749908e+02, 1.49667557e+02, 8.10119212e-01,
            4.09218140e+02, 1.93145599e+02, 7.61060596e-01,
            4.13876068e+02, 2.30703888e+02, 7.65491068e-01,
            3.61028381e+02, 2.48307907e+02, 4.97150660e-01,
            3.63403107e+02, 3.04662720e+02, 1.57336682e-01, 0.0, 0.0,
            0.0, 3.92764587e+02, 2.43590469e+02, 4.91927296e-01,
            3.96240082e+02, 3.01156494e+02, 1.31297514e-01, 0.0, 0.0,
            0.0, 3.62172577e+02, 1.08512184e+02, 7.42174506e-01,
            3.72786865e+02, 1.07413376e+02, 6.98697925e-01,
            3.52879059e+02, 1.12087334e+02, 4.94995952e-01,
            3.81028351e+02, 1.12048355e+02, 6.80682480e-01 ]
    }
}
