{
    "pose_0": {
        "type_id": "opencv-matrix",
        "rows": 1,
        "cols": 18,
        "dt": "3f",
        "data": [ 4.11548462e+02, 1.13258118e+02, 4.63893056e-01,
            4.07979156e+02, 1.53167862e+02, 8.21543276e-01,
            3.80982635e+02, 1.54359436e+02, 7.79919326e-01,
            3.69246979e+02, 1.94268555e+02, 3.02930176e-01, 0.0, 0.0,
            0.0, 4.33846100e+02, 1.49660141e+02, 7.05470920e-01,
            4.46815491e+02, 1.93118546e+02, 5.64669728e-01,
            4.47927704e+02, 2.29500092e+02, 5.42342901e-01,
            3.89261353e+02, 2.40069305e+02, 6.63190424e-01,
            3.82169586e+02, 2.97645142e+02, 7.46774256e-01,
            3.79863068e+02, 3.52777466e+02, 8.39536071e-01,
            4.25607117e+02, 2.41244324e+02, 6.21946454e-01,
            4.19763519e+02, 3.04682892e+02, 7.78072715e-01,
            4.16192413e+02, 3.61076294e+02, 7.67837644e-01,
            4.05663391e+02, 1.08509315e+02, 5.04587948e-01,
            4.16204742e+02, 1.07370827e+02, 5.23848295e-01,
            3.91591644e+02, 1.15548523e+02, 5.55745482e-01,
            4.17394104e+02, 1.09737717e+02, 1.20064430e-01 ]
    }
}
