{
    "pose_0": {
        "type_id": "opencv-matrix",
        "rows": 1,
        "cols": 18,
        "dt": "3f",
        "data": [ 3.55195007e+02, 1.16805000e+02, 9.03339505e-01,
            3.71613617e+02, 1.47322418e+02, 8.86823356e-01,
            3.44620728e+02, 1.49652359e+02, 7.97436774e-01,
            3.07018951e+02, 1.73073975e+02, 8.70283782e-01,
            2.94083405e+02, 1.35533752e+02, 8.87153864e-01,
            3.98608582e+02, 1.46141907e+02, 8.13797414e-01,
            4.11530212e+02, 1.86041351e+02, 6.07490480e-01,
            4.00949615e+02, 1.81334503e+02, 7.05815792e-01,
            3.51657288e+02, 2.33049637e+02, 6.66694343e-01,
            3.22267395e+02, 2.77637787e+02, 4.87464190e-01,
            3.65721863e+02, 3.18752991e+02, 5.36773384e-01,
            3.71626221e+02, 2.38856796e+02, 6.13083124e-01,
            3.26980011e+02, 2.77615295e+02, 7.58820593e-01,
            3.64548859e+02, 3.22292114e+02, 5.75558662e-01,
            3.52820709e+02, 1.09740570e+02, 9.16776717e-01,
            3.62259064e+02, 1.09767181e+02, 9.22037721e-01, 0.0, 0.0,
            0.0, 3.79880249e+02, 1.15571846e+02, 9.31606054e-01 ]
    }
}
