{
    "pose_0": {
        "type_id": "opencv-matrix",
        "rows": 1,
        "cols": 18,
        "dt": "3f",
        "data": [ 3.72787140e+02, 1.15570595e+02, 6.32872939e-01,
            3.76288605e+02, 1.53177505e+02, 8.57923865e-01,
            3.48126923e+02, 1.54386307e+02, 8.26494753e-01,
            3.41028198e+02, 2.01352722e+02, 7.09244967e-01,
            3.43375183e+02, 2.42415298e+02, 6.94982231e-01,
            4.04480347e+02, 1.50816544e+02, 7.78626561e-01,
            4.15032074e+02, 1.94283951e+02, 7.52349734e-01,
            4.17404205e+02, 2.31854523e+02, 8.01715612e-01,
            3.62207489e+02, 2.44783157e+02, 6.66887581e-01,
            3.68059387e+02, 3.04669556e+02, 7.61252403e-01,
            3.71601898e+02, 3.62232727e+02, 7.66193986e-01,
            3.97433441e+02, 2.41260452e+02, 6.63542271e-01,
            3.99806885e+02, 3.02326172e+02, 7.96428442e-01,
            4.07969543e+02, 3.61029968e+02, 6.55550957e-01,
            3.69231323e+02, 1.08506233e+02, 6.77679658e-01,
            3.79813049e+02, 1.08507210e+02, 7.20506430e-01,
            3.61017517e+02, 1.12048981e+02, 4.63448673e-01,
            3.89156525e+02, 1.10919746e+02, 6.83927894e-01 ]
    }
}
