{
    "pose_0": {
        "type_id": "opencv-matrix",
        "rows": 1,
        "cols": 18,
        "dt": "3f",
        "data": [ 3.73956665e+02, 1.19100616e+02, 8.80882502e-01,
            3.82186829e+02, 1.46103241e+02, 8.84288371e-01,
            3.59827820e+02, 1.35573929e+02, 7.78657913e-01,
            3.23465332e+02, 1.28533920e+02, 8.56695294e-01,
            3.01147064e+02, 9.79678726e+01, 8.35478544e-01,
            4.08043091e+02, 1.54386856e+02, 8.55045795e-01,
            4.19759186e+02, 1.93117523e+02, 8.07179570e-01,
            4.36153992e+02, 2.24827255e+02, 8.31897557e-01,
            3.42219391e+02, 2.30662216e+02, 6.82906508e-01,
            3.43419800e+02, 2.96476807e+02, 7.28674531e-01,
            3.68100098e+02, 3.52778381e+02, 7.15280950e-01,
            3.69250153e+02, 2.37735245e+02, 6.82184398e-01,
            3.55160553e+02, 2.96455505e+02, 7.32469678e-01,
            3.88028992e+02, 3.55151733e+02, 7.40597785e-01,
            3.71604736e+02, 1.13219193e+02, 9.04501557e-01,
            3.81038422e+02, 1.15585709e+02, 9.38564658e-01, 0.0, 0.0,
            0.0, 3.98649017e+02, 1.16795616e+02, 9.89789188e-01 ]
    }
}
