{
    "pose_0": {
        "type_id": "opencv-matrix",
        "rows": 1,
        "cols": 18,
        "dt": "3f",
        "data": [ 3.66904510e+02, 1.12047287e+02, 6.13596916e-01,
            3.70463104e+02, 1.54360748e+02, 9.34443414e-01,
            3.42284943e+02, 1.56698608e+02, 8.60864639e-01,
            3.33992676e+02, 2.06010620e+02, 7.73273110e-01,
            3.34052490e+02, 2.47128860e+02, 7.93259501e-01,
            3.98654236e+02, 1.51995224e+02, 8.33273888e-01,
            4.09178772e+02, 1.95473450e+02, 7.56137848e-01,
            4.10344696e+02, 2.34185959e+02, 7.54447579e-01,
            3.57500671e+02, 2.48328491e+02, 6.65643930e-01,
            3.62194061e+02, 3.05891083e+02, 8.03688526e-01,
            3.71601563e+02, 3.62209076e+02, 8.40551794e-01,
            3.91553436e+02, 2.47120911e+02, 6.72428846e-01,
            3.93907104e+02, 3.05885925e+02, 7.48553574e-01,
            3.99766327e+02, 3.65741119e+02, 7.52452970e-01,
            3.62169525e+02, 1.07338135e+02, 7.37064123e-01,
            3.72775665e+02, 1.07341354e+02, 6.98694468e-01,
            3.52870972e+02, 1.09753075e+02, 4.84316438e-01,
            3.81030060e+02, 1.09762924e+02, 6.86985075e-01 ]
    }
}
