{
    "pose_0": {
        "type_id": "opencv-matrix",
        "rows": 1,
        "cols": 18,
        "dt": "3f",
        "data": [ 3.53969543e+02, 1.15587318e+02, 8.97116423e-01,
            3.70420898e+02, 1.44931580e+02, 8.63850236e-01,
            3.44589142e+02, 1.46169373e+02, 8.32436442e-01,
            3.12893921e+02, 1.75482544e+02, 9.01168823e-01,
            2.95293793e+02, 1.44898224e+02, 9.54403400e-01,
            3.91588074e+02, 1.37946152e+02, 7.10760176e-01,
            4.23267975e+02, 1.66128326e+02, 7.72338748e-01,
            4.00996216e+02, 1.47312286e+02, 8.71042728e-01,
            3.52850891e+02, 2.30722092e+02, 6.87288344e-01,
            3.51673676e+02, 2.97623596e+02, 7.69117951e-01,
            3.65734924e+02, 3.52829163e+02, 7.85838068e-01,
            3.79825226e+02, 2.33048111e+02, 6.56393290e-01,
            3.70416595e+02, 2.95268890e+02, 7.39311159e-01,
            4.18612915e+02, 3.32881042e+02, 7.90682316e-01,
            3.51675262e+02, 1.08515678e+02, 9.47259426e-01,
            3.62162262e+02, 1.08534431e+02, 9.79478300e-01, 0.0, 0.0,
            0.0, 3.79819031e+02, 1.09730415e+02, 9.47156072e-01 ]
    }
}
