{
    "pose_0": {
        "type_id": "opencv-matrix",
        "rows": 1,
        "cols": 18,
        "dt": "3f",
        "data": [ 3.55168060e+02, 1.23817070e+02, 8.54993463e-01,
            3.51629578e+02, 1.44992599e+02, 8.69580567e-01,
            3.26963226e+02, 1.53188675e+02, 7.69684434e-01,
            2.98812714e+02, 1.74322433e+02, 7.09845841e-01,
            2.67131256e+02, 1.93140137e+02, 9.14594293e-01,
            3.73948914e+02, 1.36789978e+02, 7.36847103e-01,
            4.09214325e+02, 1.28540527e+02, 8.25656533e-01,
            4.36206390e+02, 1.08587227e+02, 8.37475300e-01,
            3.66927032e+02, 2.36561981e+02, 5.98197401e-01,
            3.77459534e+02, 3.02294983e+02, 6.72557592e-01,
            3.61077545e+02, 3.62215271e+02, 7.34551132e-01,
            3.95105591e+02, 2.29522644e+02, 6.26499832e-01,
            3.88021393e+02, 3.03476318e+02, 6.99756205e-01,
            3.75124664e+02, 3.62240326e+02, 7.04522371e-01,
            3.50436920e+02, 1.16791176e+02, 9.24910545e-01,
            3.60985809e+02, 1.16754745e+02, 9.24693763e-01,
            3.33988190e+02, 1.16768661e+02, 1.01371074e+00, 0.0, 0.0,
            0.0 ]
    }
}
