{
    "pose_0": {
        "type_id": "opencv-matrix",
        "rows": 1,
        "cols": 18,
        "dt": "3f",
        "data": [ 3.89190826e+02, 1.15593254e+02, 2.58998573e-01,
            3.89256805e+02, 1.50835358e+02, 7.72737861e-01,
            3.63428925e+02, 1.54328659e+02, 6.74678802e-01,
            3.55150421e+02, 1.93107254e+02, 2.29694784e-01,
            3.62255798e+02, 2.28302307e+02, 9.74751189e-02,
            4.16195923e+02, 1.47306381e+02, 7.55680621e-01,
            4.33835388e+02, 1.91901581e+02, 6.90068364e-01,
            4.37408905e+02, 2.28317337e+02, 7.34618068e-01,
            3.77478882e+02, 2.40076157e+02, 6.19955063e-01,
            3.79770172e+02, 3.04694275e+02, 8.15039158e-01,
            3.79791656e+02, 3.60989197e+02, 8.29300225e-01,
            4.11563324e+02, 2.38922348e+02, 6.27015948e-01,
            4.15039917e+02, 3.05815887e+02, 7.68017769e-01,
            4.15045593e+02, 3.61023743e+02, 7.60247231e-01,
            3.82175262e+02, 1.08557350e+02, 2.64341980e-01,
            3.90379456e+02, 1.07395950e+02, 2.86944330e-01,
            3.72778625e+02, 1.15592743e+02, 2.51706630e-01,
            3.95061859e+02, 1.09752098e+02, 2.00742751e-01 ]
    }
}
