{
    "pose_0": {
        "type_id": "opencv-matrix",
        "rows": 1,
        "cols": 18,
        "dt": "3f",
        "data": [ 0.0, 0.0, 0.0, 3.86871460e+02, 1.53171127e+02,
            8.29353094e-01, 4.11528076e+02, 1.49637268e+02,
            7.72558331e-01, 4.26830414e+02, 1.93091873e+02,
            7.29989052e-01, 4.33820099e+02, 2.29533585e+02,
            7.39261031e-01, 3.61033875e+02, 1.54385696e+02,
            7.87078023e-01, 3.50453766e+02, 1.98964996e+02,
            5.37232339e-01, 3.50455139e+02, 2.33045563e+02,
            5.35940349e-01, 4.08023590e+02, 2.36551346e+02,
            6.41784191e-01, 4.09169342e+02, 2.99965576e+02,
            7.50897408e-01, 4.12703705e+02, 3.58700073e+02,
            7.35580206e-01, 3.71652802e+02, 2.38875427e+02,
            6.34749353e-01, 3.75138397e+02, 3.01152832e+02,
            7.50478387e-01, 3.79799713e+02, 3.60988831e+02,
            7.98439682e-01, 0.0, 0.0, 0.0, 0.0, 0.0, 0.0, 3.91593628e+02,
            1.10874908e+02, 6.10577703e-01, 3.68071411e+02,
            1.15588135e+02, 6.01339459e-01 ]
    }
}
