{
    "pose_0": {
        "type_id": "opencv-matrix",
        "rows": 1,
        "cols": 18,
        "dt": "3f",
        "data": [ 3.52872894e+02, 1.16709587e+02, 9.19978201e-01,
            3.70416351e+02, 1.44980377e+02, 8.74586344e-01,
            3.44605499e+02, 1.47306671e+02, 8.24389160e-01,
            3.11731598e+02, 1.74342331e+02, 8.86511981e-01,
            2.96407013e+02, 1.43762711e+02, 9.37024117e-01,
            3.91560974e+02, 1.41425522e+02, 6.94916487e-01,
            4.18632629e+02, 1.73083740e+02, 7.60516822e-01,
            4.02137146e+02, 1.44966965e+02, 8.99047136e-01,
            3.55167023e+02, 2.29487778e+02, 6.56007648e-01,
            3.43434479e+02, 2.87032898e+02, 6.51057541e-01,
            3.69215607e+02, 3.54009521e+02, 7.33473539e-01,
            3.81017456e+02, 2.30657211e+02, 6.26027584e-01,
            3.45787170e+02, 2.85913391e+02, 7.36833274e-01,
            3.92747009e+02, 3.14064667e+02, 7.97125220e-01,
            3.51652374e+02, 1.08555252e+02, 9.37043309e-01,
            3.61084991e+02, 1.08566864e+02, 9.72732484e-01, 0.0, 0.0,
            0.0, 3.79817413e+02, 1.09768341e+02, 9.27901328e-01 ]
    }
}
