{
    "pose_0": {
        "type_id": "opencv-matrix",
        "rows": 1,
        "cols": 18,
        "dt": "3f",
        "data": [ 3.69272339e+02, 1.19107651e+02, 9.04421210e-01,
            3.62234344e+02, 1.46172012e+02, 8.92891109e-01,
            3.35216003e+02, 1.51972626e+02, 7.89972007e-01,
            3.18762421e+02, 1.93151321e+02, 8.30776334e-01,
            2.82363220e+02, 2.06016983e+02, 7.73407519e-01,
            3.89235809e+02, 1.43788956e+02, 8.32060993e-01,
            4.16234924e+02, 1.62573044e+02, 5.84838688e-01,
            4.27940094e+02, 1.44928207e+02, 7.92897582e-01,
            3.48105804e+02, 2.41252914e+02, 6.52303576e-01,
            3.34037872e+02, 3.01154602e+02, 8.13435495e-01,
            3.59856995e+02, 3.55181458e+02, 7.57670760e-01,
            3.80954651e+02, 2.41243805e+02, 6.61885321e-01,
            3.78635101e+02, 3.08209442e+02, 7.49825299e-01,
            3.90426819e+02, 3.69267731e+02, 7.88541138e-01,
            3.62171234e+02, 1.14399162e+02, 9.11001801e-01,
            3.72799225e+02, 1.14423157e+02, 8.89230788e-01,
            3.51608215e+02, 1.14432343e+02, 8.84304523e-01,
            3.80957550e+02, 1.15549240e+02, 3.34152222e-01 ]
    }
}
