{
    "pose_0": {
        "type_id": "opencv-matrix",
        "rows": 1,
        "cols": 18,
        "dt": "3f",
        "data": [ 3.66902130e+02, 1.10920746e+02, 6.11817122e-01,
            3.70465088e+02, 1.54355591e+02, 9.33976531e-01,
            3.42285736e+02, 1.56693375e+02, 8.64019156e-01,
            3.34001770e+02, 2.04866486e+02, 7.75341213e-01,
            3.34052826e+02, 2.47111954e+02, 7.95451045e-01,
            3.98655579e+02, 1.51988281e+02, 8.31903279e-01,
            4.09185852e+02, 1.95468262e+02, 7.57449269e-01,
            4.10346405e+02, 2.33046967e+02, 7.57366717e-01,
            3.57504181e+02, 2.49437500e+02, 6.66932404e-01,
            3.62192169e+02, 3.05885590e+02, 8.06963861e-01,
            3.71600952e+02, 3.62208313e+02, 8.41657341e-01,
            3.91549042e+02, 2.47126312e+02, 6.73996866e-01,
            3.93906403e+02, 3.05880249e+02, 7.49485135e-01,
            3.99768036e+02, 3.65739197e+02, 7.54036903e-01,
            3.62168060e+02, 1.07338272e+02, 7.35525668e-01,
            3.72772095e+02, 1.07340851e+02, 6.97394609e-01,
            3.52870178e+02, 1.09754883e+02, 4.82565135e-01,
            3.81030975e+02, 1.10873001e+02, 6.89737082e-01 ]
    }
}
