{
    "pose_0": {
        "type_id": "opencv-matrix",
        "rows": 1,
        "cols": 18,
        "dt": "3f",
        "data": [ 3.95084015e+02, 1.14424911e+02, 6.22030020e-01,
            3.91556885e+02, 1.54314636e+02, 8.63440156e-01,
            3.65735504e+02, 1.49654892e+02, 7.49380887e-01,
            3.52805847e+02, 1.93121292e+02, 3.45095366e-01,
            3.52811188e+02, 2.28331345e+02, 1.64048433e-01,
            4.17435242e+02, 1.55560379e+02, 7.97457457e-01,
            4.19764069e+02, 2.02481079e+02, 3.29124421e-01,
            4.17440277e+02, 2.42411499e+02, 1.80629000e-01,
            3.68085297e+02, 2.38880005e+02, 6.19310856e-01,
            3.70466614e+02, 3.01128296e+02, 7.61922717e-01,
            3.79796143e+02, 3.57528107e+02, 8.33516002e-01,
            4.00967957e+02, 2.40075882e+02, 6.18873239e-01,
            3.99776581e+02, 3.03487030e+02, 7.54285812e-01,
            4.04467743e+02, 3.61076538e+02, 7.59240329e-01,
            3.90408813e+02, 1.08500374e+02, 7.30843246e-01,
            4.00970184e+02, 1.08576424e+02, 6.96488142e-01,
            3.84544128e+02, 1.12079147e+02, 3.29700768e-01,
            4.10346649e+02, 1.16765701e+02, 7.51179099e-01 ]
    }
}
