{
    "pose_0": {
        "type_id": "opencv-matrix",
        "rows": 1,
        "cols": 18,
        "dt": "3f",
        "data": [ 3.76322510e+02, 1.16723282e+02, 6.47563517e-01,
            3.79771057e+02, 1.53160004e+02, 8.61752331e-01,
            3.51606171e+02, 1.54296356e+02, 8.38491082e-01,
            3.42219360e+02, 2.00112762e+02, 6.71555281e-01,
            3.45771210e+02, 2.38889374e+02, 5.42615414e-01,
            4.06840973e+02, 1.51975708e+02, 7.81703830e-01,
            4.16253845e+02, 1.98980377e+02, 7.35431612e-01,
            4.11560791e+02, 2.38908279e+02, 6.67142272e-01,
            3.63375000e+02, 2.45947876e+02, 6.34996533e-01,
            3.68079010e+02, 3.05808685e+02, 7.76498020e-01,
            3.71599304e+02, 3.62219971e+02, 8.07060242e-01,
            3.98587982e+02, 2.44767578e+02, 6.75592899e-01,
            4.03310608e+02, 3.05808136e+02, 7.77880788e-01,
            4.09242432e+02, 3.61072418e+02, 7.92428732e-01,
            3.70473480e+02, 1.08580956e+02, 7.35031009e-01,
            3.82169556e+02, 1.08562828e+02, 6.97082579e-01,
            3.62268646e+02, 1.13222740e+02, 4.55586612e-01,
            3.90387573e+02, 1.12053871e+02, 6.72159553e-01 ]
    }
}
