{
    "pose_0": {
        "type_id": "opencv-matrix",
        "rows": 1,
        "cols": 18,
        "dt": "3f",
        "data": [ 3.79846375e+02, 1.16711494e+02, 6.81192398e-01,
            3.81006622e+02, 1.53157440e+02, 8.62275720e-01,
            3.52847076e+02, 1.53175064e+02, 8.11332107e-01,
            3.43382416e+02, 1.94299347e+02, 6.28528774e-01,
            3.50449860e+02, 2.30690994e+02, 4.33104694e-01,
            4.09166962e+02, 1.53136581e+02, 8.06871057e-01,
            4.17369720e+02, 2.01290268e+02, 6.30872071e-01,
            4.06825195e+02, 2.38930145e+02, 5.09925902e-01,
            3.63418610e+02, 2.45927338e+02, 6.08088017e-01,
            3.69227264e+02, 3.05835297e+02, 7.61279285e-01,
            3.71600525e+02, 3.62248718e+02, 8.08377385e-01,
            3.98641510e+02, 2.45926453e+02, 6.34863794e-01,
            4.05630920e+02, 3.05833923e+02, 7.61251807e-01,
            4.10340668e+02, 3.62242218e+02, 7.95138359e-01,
            3.72814423e+02, 1.08558846e+02, 7.09326744e-01,
            3.85712982e+02, 1.08553764e+02, 6.92254961e-01,
            3.68089844e+02, 1.10921486e+02, 4.20417488e-01,
            3.95103943e+02, 1.10915382e+02, 6.60257876e-01 ]
    }
}
