{
    "pose_0": {
        "type_id": "opencv-matrix",
        "rows": 1,
        "cols": 18,
        "dt": "3f",
        "data": [ 3.64563354e+02, 1.23787453e+02, 8.49493325e-01,
            3.71596893e+02, 1.51962448e+02, 8.66101027e-01,
            3.42272736e+02, 1.46149521e+02, 8.55360270e-01,
            3.30517029e+02, 1.90750595e+02, 7.89142311e-01,
            3.24671234e+02, 2.29551437e+02, 8.88111711e-01,
            3.99772369e+02, 1.54342270e+02, 7.67733455e-01,
            4.35011719e+02, 1.55561371e+02, 7.61394143e-01,
            4.31509521e+02, 1.28491821e+02, 8.28685105e-01,
            3.42267059e+02, 2.40061157e+02, 6.95791245e-01,
            3.53975159e+02, 3.05862518e+02, 7.73773670e-01,
            3.71630554e+02, 3.62212769e+02, 7.75251091e-01,
            3.71586700e+02, 2.42420547e+02, 6.67682707e-01,
            3.66899902e+02, 3.05817444e+02, 7.28694916e-01,
            3.89225922e+02, 3.65738983e+02, 7.76204944e-01,
            3.61044647e+02, 1.15592911e+02, 9.40984011e-01,
            3.71654907e+02, 1.16748055e+02, 9.31822896e-01,
            3.55174530e+02, 1.12063667e+02, 9.82758179e-02,
            3.88068085e+02, 1.16750015e+02, 9.52938080e-01 ]
    }
}
