{
    "pose_0": {
        "type_id": "opencv-matrix",
        "rows": 1,
        "cols": 18,
        "dt": "3f",
        "data": [ 3.80972870e+02, 1.24993195e+02, 9.24010456e-01,
            3.84532135e+02, 1.55491135e+02, 8.50198448e-01,
            3.63380798e+02, 1.43794067e+02, 7.74160922e-01,
            3.26997650e+02, 1.35574661e+02, 6.82998300e-01, 314.0,
            9.79801788e+01, 8.66857409e-01, 4.06848206e+02,
            1.66109421e+02, 7.81912148e-01, 4.09203186e+02,
            2.11861084e+02, 8.61655235e-01, 4.42048340e+02,
            2.33046783e+02, 7.59057760e-01, 3.37540558e+02,
            2.35384796e+02, 6.41857803e-01, 3.42230286e+02,
            3.03491547e+02, 7.25695789e-01, 3.66916809e+02,
            3.57523804e+02, 6.98268056e-01, 3.63366516e+02,
            2.43587540e+02, 6.60892010e-01, 3.51684631e+02,
            3.02324066e+02, 7.33393848e-01, 3.89227722e+02,
            3.60983032e+02, 7.88486838e-01, 3.79790894e+02,
            1.16810898e+02, 9.44799781e-01, 3.89215271e+02,
            1.17981476e+02, 9.60460544e-01, 0.0, 0.0, 0.0,
            4.06854126e+02, 1.21484901e+02, 8.93890798e-01 ]
    }
}
