{
    "pose_0": {
        "type_id": "opencv-matrix",
        "rows": 1,
        "cols": 18,
        "dt": "3f",
        "data": [ 4.25633575e+02, 1.09763123e+02, 6.26974523e-01,
            4.10357513e+02, 1.54285614e+02, 8.21474433e-01,
            3.82216522e+02, 1.54297653e+02, 7.69117713e-01,
            3.69241730e+02, 1.94291092e+02, 6.95314407e-01,
            3.69268402e+02, 2.34201965e+02, 6.89533412e-01,
            4.37406708e+02, 1.54292847e+02, 7.08945036e-01,
            4.54975220e+02, 1.95443558e+02, 4.20168251e-01,
            4.52635986e+02, 2.28344803e+02, 3.69110525e-01,
            3.90381714e+02, 2.43582672e+02, 6.58865571e-01,
            3.80997711e+02, 3.03460327e+02, 7.91358829e-01,
            3.80972992e+02, 3.51652039e+02, 8.02200139e-01,
            4.26781586e+02, 2.47097092e+02, 6.49670124e-01,
            4.19751373e+02, 3.08174225e+02, 7.51760483e-01,
            4.15071350e+02, 3.62183563e+02, 7.76010990e-01,
            4.18554016e+02, 1.07338791e+02, 6.69588327e-01,
            4.26803223e+02, 1.07314346e+02, 5.69661438e-01,
            4.00965210e+02, 1.09751030e+02, 6.10065401e-01, 0.0, 0.0,
            0.0 ]
    }
}
