{
    "pose_0": {
        "type_id": "opencv-matrix",
        "rows": 1,
        "cols": 18,
        "dt": "3f",
        "data": [ 4.24429138e+02, 1.15556732e+02, 6.60800695e-01,
            4.16242157e+02, 1.53190445e+02, 8.68903577e-01,
            3.88032257e+02, 1.48505051e+02, 8.09448838e-01,
            3.69264343e+02, 1.94274857e+02, 7.47704983e-01,
            3.61085388e+02, 2.37723572e+02, 7.68265307e-01,
            4.44405701e+02, 1.55481995e+02, 7.76538968e-01,
            4.53780457e+02, 2.01300034e+02, 3.98220330e-01,
            4.37360138e+02, 2.35369980e+02, 3.25956345e-01,
            3.88023071e+02, 2.41262161e+02, 6.67666793e-01,
            3.78608246e+02, 3.02293945e+02, 7.63903260e-01,
            3.78654510e+02, 3.56356140e+02, 7.70866096e-01,
            4.23295319e+02, 2.47118149e+02, 6.31226003e-01,
            4.17454254e+02, 3.07015930e+02, 8.22694004e-01,
            4.12712158e+02, 3.61069885e+02, 7.64040053e-01,
            4.17413940e+02, 1.08515694e+02, 7.27588952e-01,
            4.27967529e+02, 1.08531563e+02, 7.90960789e-01,
            4.06812134e+02, 1.10919594e+02, 7.38623619e-01,
            4.33831024e+02, 1.13260559e+02, 4.00454253e-01 ]
    }
}
