{
    "pose_0": {
        "type_id": "opencv-matrix",
        "rows": 1,
        "cols": 18,
        "dt": "3f",
        "data": [ 3.99779663e+02, 1.15574371e+02, 6.45440042e-01,
            4.03334778e+02, 1.51983841e+02, 8.04623604e-01,
            3.78640228e+02, 1.47286133e+02, 8.22641015e-01,
            3.63368591e+02, 1.88411316e+02, 2.85877645e-01,
            3.70447845e+02, 2.10713394e+02, 7.75243938e-02,
            4.28020325e+02, 1.54367584e+02, 8.38862777e-01,
            4.36147278e+02, 2.01322372e+02, 6.31938517e-01,
            4.09189270e+02, 2.13056137e+02, 4.26505893e-01,
            3.77495239e+02, 2.37699249e+02, 6.34904623e-01,
            3.71638428e+02, 3.03469452e+02, 7.82716632e-01,
            3.71632721e+02, 3.62209961e+02, 8.27693880e-01,
            4.10397095e+02, 2.40090408e+02, 6.14311576e-01,
            4.09248749e+02, 3.05834961e+02, 7.94230878e-01,
            4.10364990e+02, 3.63419556e+02, 7.83550799e-01,
            3.97405457e+02, 1.08553864e+02, 6.85448587e-01,
            4.06810303e+02, 1.08583916e+02, 6.55991197e-01,
            3.91569580e+02, 1.14392128e+02, 1.39602274e-01,
            4.18560333e+02, 1.14425903e+02, 7.59253979e-01 ]
    }
}
