{
    "pose_0": {
        "type_id": "opencv-matrix",
        "rows": 1,
        "cols": 18,
        "dt": "3f",
        "data": [ 3.91571503e+02, 1.14387611e+02, 5.47172368e-01,
            3.90404938e+02, 1.54332458e+02, 8.58291507e-01,
            3.64565918e+02, 1.50809402e+02, 7.09103167e-01,
            3.52812592e+02, 1.91910446e+02, 2.03749761e-01,
            3.54004059e+02, 2.22473755e+02, 8.36505145e-02,
            4.17360504e+02, 1.55580048e+02, 7.60289133e-01,
            4.18592560e+02, 2.02475586e+02, 3.28279048e-01,
            4.17377350e+02, 2.44757950e+02, 2.00600341e-01,
            3.68076843e+02, 2.37720718e+02, 6.27593577e-01,
            3.70442322e+02, 2.99980530e+02, 7.61437178e-01,
            3.79789581e+02, 3.57525238e+02, 8.33977044e-01,
            3.99796295e+02, 2.38914993e+02, 6.32495403e-01,
            3.98662415e+02, 3.02295776e+02, 7.54743576e-01,
            4.03334808e+02, 3.61042847e+02, 7.63172626e-01,
            3.89229156e+02, 1.07416512e+02, 6.38790846e-01,
            3.99762207e+02, 1.08550720e+02, 6.22667313e-01,
            3.82186218e+02, 1.10907120e+02, 2.93927461e-01,
            4.09165283e+02, 1.16764771e+02, 7.51057506e-01 ]
    }
}
