{
    "pose_0": {
        "type_id": "opencv-matrix",
        "rows": 1,
        "cols": 18,
        "dt": "3f",
        "data": [ 4.03303650e+02, 1.16757751e+02, 5.38076997e-01,
            4.06812439e+02, 1.51971298e+02, 8.18813205e-01,
            3.79821045e+02, 1.47299652e+02, 8.41360986e-01,
            3.64571442e+02, 1.90721359e+02, 3.46678019e-01,
            3.70441650e+02, 2.07193024e+02, 7.87253007e-02,
            4.29195435e+02, 1.54325729e+02, 8.07590783e-01,
            4.36223724e+02, 2.01295364e+02, 4.96411681e-01,
            4.16218292e+02, 2.15414063e+02, 2.07352310e-01,
            3.79855865e+02, 2.37744446e+02, 6.74434006e-01,
            3.71645050e+02, 3.03477478e+02, 7.79454291e-01,
            3.71632874e+02, 3.62202972e+02, 8.29786181e-01,
            4.15037659e+02, 2.41263123e+02, 5.97999036e-01,
            4.10382233e+02, 3.05885406e+02, 7.58011699e-01,
            4.10370056e+02, 3.64547455e+02, 7.74938762e-01,
            3.99755035e+02, 1.09695969e+02, 6.00624025e-01,
            4.09206482e+02, 1.09733124e+02, 5.57435155e-01,
            3.92756622e+02, 1.12071556e+02, 2.17836946e-01,
            4.19768402e+02, 1.15550575e+02, 6.44983172e-01 ]
    }
}
