{
    "pose_0": {
        "type_id": "opencv-matrix",
        "rows": 1,
        "cols": 18,
        "dt": "3f",
        "data": [ 0.0, 0.0, 0.0, 3.83356934e+02, 1.54312775e+02,
            8.02585483e-01, 4.09221741e+02, 1.55502579e+02,
            7.11861253e-01, 4.16224060e+02, 2.00125610e+02,
            3.83665025e-01, 0.0, 0.0, 0.0, 3.58667786e+02,
            1.53154007e+02, 5.71346104e-01, 3.45763641e+02,
            1.96611206e+02, 2.08967835e-01, 3.51673279e+02,
            2.28299103e+02, 8.93533528e-02, 3.96277496e+02,
            2.40085022e+02, 5.47142327e-01, 3.98620361e+02,
            3.03483246e+02, 7.38910317e-01, 4.02132141e+02,
            3.57522766e+02, 7.02160120e-01, 3.65737579e+02,
            2.38910828e+02, 5.57391822e-01, 3.70474396e+02,
            3.02315277e+02, 7.60932505e-01, 3.79801941e+02,
            3.58666901e+02, 7.86171854e-01, 0.0, 0.0, 0.0, 0.0, 0.0, 0.0,
            3.98668945e+02, 1.16713791e+02, 5.21354020e-01,
            3.73964111e+02, 1.12072517e+02, 4.20174062e-01 ]
    }
}
