{
    "pose_0": {
        "type_id": "opencv-matrix",
        "rows": 1,
        "cols": 18,
        "dt": "3f",
        "data": [ 3.66892975e+02, 1.14398888e+02, 6.24497175e-01,
            3.70465515e+02, 1.54368668e+02, 9.34040427e-01,
            3.42288574e+02, 1.56721207e+02, 8.53960872e-01,
            3.34022644e+02, 2.04834869e+02, 7.78526783e-01,
            3.34082733e+02, 2.45945465e+02, 7.64403284e-01,
            3.98655365e+02, 1.51992508e+02, 8.32613230e-01,
            4.09200500e+02, 1.94272964e+02, 7.78375387e-01,
            4.11557770e+02, 2.30714523e+02, 7.71813333e-01,
            3.58676666e+02, 2.48254974e+02, 6.70375228e-01,
            3.62231171e+02, 3.05800293e+02, 8.05281460e-01,
            3.71609161e+02, 3.62174011e+02, 8.41257870e-01,
            3.91582611e+02, 2.44778259e+02, 6.55349672e-01,
            3.93914551e+02, 3.05801147e+02, 7.60981083e-01,
            3.99746460e+02, 3.64561798e+02, 7.48271823e-01,
            3.61072052e+02, 1.07408691e+02, 7.44067430e-01,
            3.71656036e+02, 1.07390381e+02, 7.03339159e-01,
            3.52865692e+02, 1.12061981e+02, 4.79371369e-01,
            3.81024139e+02, 1.10915871e+02, 6.94995999e-01 ]
    }
}
