{
    "pose_0": {
        "type_id": "opencv-matrix",
        "rows": 1,
        "cols": 18,
        "dt": "3f",
        "data": [ 3.97422058e+02, 1.13243179e+02, 2.29256660e-01,
            3.97403442e+02, 1.51964706e+02, 7.27700710e-01,
            3.71605194e+02, 1.54328735e+02, 6.75360501e-01,
            3.64560394e+02, 1.91953339e+02, 2.06653506e-01,
            3.75112000e+02, 2.20108795e+02, 8.41046050e-02,
            4.19755280e+02, 1.47294098e+02, 7.53428280e-01,
            4.37399963e+02, 1.93079330e+02, 6.95070267e-01,
            4.44395874e+02, 2.29510742e+02, 7.46493399e-01,
            3.84523438e+02, 2.38870972e+02, 6.51930809e-01,
            3.80952240e+02, 3.02294159e+02, 7.84181476e-01,
            3.79815033e+02, 3.58687531e+02, 8.15949500e-01,
            4.18592499e+02, 2.38892288e+02, 6.57155693e-01,
            4.17426849e+02, 3.04666656e+02, 8.02279830e-01,
            4.16189026e+02, 3.62174866e+02, 7.57869661e-01,
            3.89208801e+02, 1.08503746e+02, 2.44801775e-01,
            3.97460785e+02, 1.07343971e+02, 2.64619648e-01,
            3.80978302e+02, 1.15583313e+02, 2.49665082e-01,
            3.97448364e+02, 1.10896103e+02, 1.71441078e-01 ]
    }
}
