{
    "pose_0": {
        "type_id": "opencv-matrix",
        "rows": 1,
        "cols": 18,
        "dt": "3f",
        "data": [ 3.77482697e+02, 1.20303444e+02, 8.81685317e-01,
            3.72759033e+02, 1.48462036e+02, 8.68314981e-01,
            3.43467194e+02, 1.43737701e+02, 8.08213949e-01,
            3.07043304e+02, 1.53165054e+02, 8.00205827e-01,
            2.94084442e+02, 1.22648506e+02, 7.24240661e-01,
            4.00945190e+02, 1.55506714e+02, 8.33563566e-01,
            4.27939545e+02, 1.91897400e+02, 7.93889284e-01,
            4.62012390e+02, 2.00127487e+02, 8.08497310e-01,
            3.49267517e+02, 2.43604965e+02, 6.62704229e-01,
            3.35177948e+02, 3.04648743e+02, 8.08755398e-01,
            3.38738525e+02, 3.69216980e+02, 7.65083253e-01,
            3.83335358e+02, 2.48319183e+02, 6.62889600e-01,
            3.79866302e+02, 3.10539703e+02, 7.72478700e-01,
            3.79770355e+02, 3.64586060e+02, 8.18566203e-01,
            3.70448425e+02, 1.15568016e+02, 9.52100575e-01,
            3.82167847e+02, 1.15561897e+02, 8.81998897e-01,
            3.62216827e+02, 1.14408966e+02, 5.89384735e-01,
            3.91594421e+02, 1.15558372e+02, 8.07186663e-01 ]
    }
}
