{
    "pose_0": {
        "type_id": "opencv-matrix",
        "rows": 1,
        "cols": 18,
        "dt": "3f",
        "data": [ 3.71617798e+02, 1.24978249e+02, 8.98525834e-01,
            3.82210602e+02, 1.53127365e+02, 8.09353232e-01,
            3.62185425e+02, 1.35554459e+02, 7.33258367e-01,
            3.26980499e+02, 1.16789948e+02, 7.80909061e-01,
            2.96483917e+02, 8.85298691e+01, 8.40605259e-01,
            4.06827057e+02, 1.64881042e+02, 7.80604541e-01,
            4.08057404e+02, 2.09532700e+02, 7.79542148e-01,
            3.99799744e+02, 2.43615311e+02, 7.85225689e-01,
            3.42226318e+02, 2.38859863e+02, 7.09606409e-01,
            3.17596069e+02, 2.91757080e+02, 7.87223458e-01,
            3.43469604e+02, 3.51629639e+02, 8.43654513e-01,
            3.71568604e+02, 2.48318985e+02, 6.64355516e-01,
            3.70457123e+02, 3.05822998e+02, 8.35889935e-01,
            3.90377686e+02, 3.65736969e+02, 8.00620794e-01,
            3.70452789e+02, 1.16794800e+02, 9.07394469e-01,
            3.79848450e+02, 1.17952812e+02, 9.87538159e-01, 0.0, 0.0,
            0.0, 3.98636993e+02, 1.19090729e+02, 9.64307129e-01 ]
    }
}
