{
    "pose_0": {
        "type_id": "opencv-matrix",
        "rows": 1,
        "cols": 18,
        "dt": "3f",
        "data": [ 3.97445587e+02, 1.16737991e+02, 7.10000813e-01,
            4.02143921e+02, 1.53133514e+02, 8.09596241e-01,
            3.78612701e+02, 1.49641525e+02, 7.65258431e-01,
            3.61007446e+02, 1.91947021e+02, 3.35839719e-01,
            3.55181305e+02, 2.25986557e+02, 1.88271642e-01,
            4.27997437e+02, 1.54352356e+02, 7.96719372e-01,
            4.40906281e+02, 1.98984024e+02, 3.35361242e-01,
            4.37392212e+02, 2.29498596e+02, 1.29798070e-01,
            3.70456909e+02, 2.36533371e+02, 6.04604840e-01,
            3.51589935e+02, 2.94071228e+02, 8.13634872e-01,
            3.68071472e+02, 3.56320557e+02, 7.65890241e-01,
            4.07973999e+02, 2.40106461e+02, 6.21170580e-01,
            4.04503693e+02, 3.04691589e+02, 7.48646021e-01,
            4.02172516e+02, 3.62233521e+02, 7.92277932e-01,
            3.91581421e+02, 1.08562843e+02, 7.41319180e-01,
            4.03305450e+02, 1.09711891e+02, 6.95169330e-01,
            3.88049103e+02, 1.10914497e+02, 1.19428441e-01,
            4.17373749e+02, 1.14399681e+02, 7.52643168e-01 ]
    }
}
