{
    "pose_0": {
        "type_id": "opencv-matrix",
        "rows": 1,
        "cols": 18,
        "dt": "3f",
        "data": [ 4.25598938e+02, 1.15561653e+02, 6.86735272e-01,
            4.17358429e+02, 1.54299225e+02, 8.86461079e-01,
            3.88060608e+02, 1.49634369e+02, 8.11067343e-01,
            3.70392151e+02, 1.93075912e+02, 7.89360881e-01,
            3.61045227e+02, 2.30722626e+02, 8.49633992e-01,
            4.45542419e+02, 1.55523880e+02, 7.87723780e-01,
            4.54986938e+02, 2.01289551e+02, 4.80568349e-01,
            4.39740692e+02, 2.37723434e+02, 4.36937034e-01,
            3.89217285e+02, 2.40091766e+02, 7.03183949e-01,
            3.79766937e+02, 2.99976410e+02, 7.93110847e-01,
            3.79832397e+02, 3.56359955e+02, 8.01789045e-01,
            4.25616089e+02, 2.45955750e+02, 6.52331233e-01,
            4.18543640e+02, 3.05894104e+02, 8.24347913e-01,
            4.13901031e+02, 3.61036255e+02, 7.69368351e-01,
            4.18559479e+02, 1.08528793e+02, 7.44533598e-01,
            4.27995087e+02, 1.08538284e+02, 7.95229256e-01,
            4.06849792e+02, 1.12063110e+02, 7.78990924e-01,
            4.33824982e+02, 1.13250206e+02, 2.69338965e-01 ]
    }
}
