{
    "pose_0": {
        "type_id": "opencv-matrix",
        "rows": 1,
        "cols": 18,
        "dt": "3f",
        "data": [ 3.89176666e+02, 1.17943604e+02, 7.18894780e-01,
            3.88025513e+02, 1.54394501e+02, 8.66137147e-01,
            3.61031769e+02, 1.46165970e+02, 7.92817354e-01,
            3.23473724e+02, 1.29690979e+02, 7.46739566e-01,
            2.95262909e+02, 1.00364891e+02, 7.90366352e-01,
            4.11559723e+02, 1.63742416e+02, 7.61247814e-01,
            4.46769745e+02, 1.91893753e+02, 7.63426900e-01,
            4.87882599e+02, 2.00165192e+02, 7.53051341e-01,
            3.46943146e+02, 2.41248962e+02, 6.36581600e-01,
            3.53979462e+02, 3.07000671e+02, 7.01733410e-01,
            3.66917480e+02, 3.62192932e+02, 7.71906137e-01,
            3.72808502e+02, 2.47138321e+02, 6.52595162e-01,
            3.71583191e+02, 3.05817108e+02, 7.28680372e-01,
            3.82210480e+02, 3.63406372e+02, 6.40167356e-01,
            3.82217987e+02, 1.10900299e+02, 7.54493296e-01,
            3.96280243e+02, 1.15544777e+02, 7.42413998e-01,
            3.79803680e+02, 1.15563812e+02, 3.12495470e-01,
            4.06837402e+02, 1.19119530e+02, 7.83362806e-01 ]
    }
}
