{
    "pose_0": {
        "type_id": "opencv-matrix",
        "rows": 1,
        "cols": 18,
        "dt": "3f",
        "data": [ 4.07986359e+02, 1.17890831e+02, 7.53927112e-01,
            4.00948883e+02, 1.53141922e+02, 8.42794657e-01,
            3.71656494e+02, 1.46146957e+02, 8.34586978e-01,
            3.49289642e+02, 1.88404495e+02, 6.78132296e-01,
            3.42251007e+02, 2.33035278e+02, 5.82412422e-01,
            4.29140167e+02, 1.55553055e+02, 7.97741175e-01,
            4.36240540e+02, 2.02528061e+02, 5.06907165e-01,
            4.30348785e+02, 2.42425751e+02, 3.70127141e-01,
            3.71615265e+02, 2.37735123e+02, 6.46271110e-01,
            3.70437256e+02, 2.99970367e+02, 7.55410433e-01,
            3.79791290e+02, 3.51629700e+02, 8.49865019e-01,
            4.09190521e+02, 2.41258423e+02, 6.28831983e-01,
            4.05650238e+02, 3.05840393e+02, 7.44466364e-01,
            4.05643341e+02, 3.61004089e+02, 7.84413517e-01,
            4.00982910e+02, 1.08601585e+02, 7.51280844e-01,
            4.15040222e+02, 1.12070671e+02, 7.23264754e-01,
            3.93941315e+02, 1.10899147e+02, 5.06923318e-01,
            4.22126495e+02, 1.16781715e+02, 7.08474100e-01 ]
    }
}
