{
    "pose_0": {
        "type_id": "opencv-matrix",
        "rows": 1,
        "cols": 18,
        "dt": "3f",
        "data": [ 3.72800629e+02, 1.13247032e+02, 6.69646442e-01,
            3.71650879e+02, 1.54276947e+02, 8.93944740e-01,
            3.44581787e+02, 1.55514420e+02, 8.52045357e-01,
            3.36393127e+02, 2.02452988e+02, 7.14002907e-01,
            3.39878448e+02, 2.40086349e+02, 7.08256245e-01,
            3.99828308e+02, 1.49637970e+02, 8.21810722e-01,
            4.10383698e+02, 1.94259689e+02, 7.68122017e-01,
            4.17363586e+02, 2.30686768e+02, 8.16954792e-01,
            3.62178436e+02, 2.47121048e+02, 6.73558950e-01,
            3.64572998e+02, 3.04658661e+02, 4.82463002e-01,
            3.71599792e+02, 3.59865601e+02, 1.84102386e-01,
            3.96245819e+02, 2.43589691e+02, 6.23375297e-01,
            3.98572998e+02, 3.03475281e+02, 4.60397065e-01, 0.0, 0.0,
            0.0, 3.68058319e+02, 1.07406601e+02, 7.12641478e-01,
            3.79773956e+02, 1.07389488e+02, 7.85246849e-01,
            3.57494171e+02, 1.10900932e+02, 6.39183462e-01,
            3.83350250e+02, 1.10917656e+02, 5.38502872e-01 ]
    }
}
