{
    "pose_0": {
        "type_id": "opencv-matrix",
        "rows": 1,
        "cols": 18,
        "dt": "3f",
        "data": [ 4.04483002e+02, 1.15596497e+02, 6.58613861e-01,
            3.99753082e+02, 1.54279877e+02, 8.90860319e-01,
            3.71605042e+02, 1.47293777e+02, 8.29879045e-01,
            3.52773163e+02, 1.93102844e+02, 6.99447334e-01,
            3.43432190e+02, 2.35365067e+02, 5.32443047e-01,
            4.26798492e+02, 1.55571472e+02, 7.93640554e-01,
            4.33831451e+02, 2.01343567e+02, 3.48827302e-01,
            4.26827942e+02, 2.36560608e+02, 1.70615524e-01,
            3.71636627e+02, 2.37724304e+02, 6.47921860e-01,
            3.71573395e+02, 3.02324219e+02, 7.66247571e-01,
            3.79836212e+02, 3.55178406e+02, 8.37669253e-01,
            4.08006104e+02, 2.40087341e+02, 6.46627665e-01,
            4.00995850e+02, 3.05802094e+02, 7.30917275e-01,
            4.04504669e+02, 3.62211151e+02, 7.93675959e-01,
            3.99784912e+02, 1.08513412e+02, 7.20616102e-01,
            4.10350830e+02, 1.09705276e+02, 6.99031711e-01,
            3.91587708e+02, 1.10882561e+02, 4.76315081e-01,
            4.18608856e+02, 1.16753998e+02, 7.40322471e-01 ]
    }
}
