{
    "pose_0": {
        "type_id": "opencv-matrix",
        "rows": 1,
        "cols": 18,
        "dt": "3f",
        "data": [ 3.80956573e+02, 1.24990662e+02, 9.26690757e-01,
            3.83358643e+02, 1.54374924e+02, 8.58484387e-01,
            3.62164581e+02, 1.41435318e+02, 8.08371723e-01,
            3.24655731e+02, 1.27330696e+02, 7.31857419e-01,
            3.07028625e+02, 9.68123322e+01, 8.38124931e-01,
            4.07999390e+02, 1.66102005e+02, 8.04156601e-01,
            4.12706696e+02, 2.10681000e+02, 7.84806371e-01,
            4.37339691e+02, 2.35379272e+02, 8.02547872e-01,
            3.35193909e+02, 2.34196091e+02, 6.72892451e-01,
            3.42247192e+02, 3.01146606e+02, 7.11704910e-01,
            3.64549500e+02, 3.56345123e+02, 7.11805403e-01,
            3.62220337e+02, 2.43591431e+02, 6.74837470e-01,
            3.52778076e+02, 2.98821350e+02, 7.23760366e-01,
            3.89229492e+02, 3.60985748e+02, 7.79808939e-01,
            3.79782043e+02, 1.16805099e+02, 9.25531924e-01,
            3.89201599e+02, 1.17980598e+02, 9.62413907e-01, 0.0, 0.0,
            0.0, 4.06835205e+02, 1.21460487e+02, 8.89686942e-01 ]
    }
}
