{
    "pose_0": {
        "type_id": "opencv-matrix",
        "rows": 1,
        "cols": 18,
        "dt": "3f",
        "data": [ 3.98586060e+02, 1.16799652e+02, 7.28524566e-01,
            3.99845795e+02, 1.55483002e+02, 8.99771452e-01,
            3.72824677e+02, 1.53159241e+02, 8.12640429e-01,
            3.52851471e+02, 1.82478241e+02, 8.33909035e-01,
            3.24678375e+02, 2.03660507e+02, 8.19248915e-01,
            4.27983582e+02, 1.57875443e+02, 8.07413399e-01,
            4.44385834e+02, 2.00132050e+02, 7.86299109e-01,
            4.52641632e+02, 2.31851959e+02, 7.87468731e-01,
            3.72813690e+02, 2.42434372e+02, 6.68073833e-01,
            3.57504883e+02, 3.09376556e+02, 7.03312397e-01,
            3.30524658e+02, 3.69235931e+02, 7.46093392e-01,
            4.07980133e+02, 2.48310623e+02, 6.87862754e-01,
            4.06800751e+02, 3.14004822e+02, 7.51399755e-01,
            4.04494537e+02, 3.65733673e+02, 6.84308946e-01,
            3.91581970e+02, 1.09705063e+02, 7.29486287e-01,
            4.04500885e+02, 1.10878860e+02, 7.05912173e-01,
            3.88051544e+02, 1.12065018e+02, 2.35953242e-01,
            4.17344147e+02, 1.15605576e+02, 7.84674048e-01 ]
    }
}
