{
    "pose_0": {
        "type_id": "opencv-matrix",
        "rows": 1,
        "cols": 18,
        "dt": "3f",
        "data": [ 3.76280243e+02, 1.13229149e+02, 8.25236082e-01,
            3.70401398e+02, 1.46157578e+02, 9.01857913e-01,
            3.41091888e+02, 1.50802353e+02, 8.02268207e-01,
            3.28131927e+02, 1.93055374e+02, 8.15983415e-01,
            3.19950104e+02, 2.29464066e+02, 7.90438294e-01,
            3.98615997e+02, 1.44888657e+02, 8.66957366e-01,
            4.13889313e+02, 1.83746460e+02, 8.00394535e-01,
            4.26751038e+02, 2.20104538e+02, 8.23409915e-01,
            3.52859344e+02, 2.45939331e+02, 6.83425665e-01,
            3.52820862e+02, 3.05855530e+02, 8.57470334e-01,
            3.64563049e+02, 3.61022430e+02, 8.20037723e-01,
            3.90424744e+02, 2.44770294e+02, 6.68128312e-01,
            3.89195068e+02, 3.11711365e+02, 7.90461779e-01,
            3.89184631e+02, 3.69225983e+02, 7.79759407e-01,
            3.70373444e+02, 1.07365608e+02, 9.39581275e-01,
            3.79869720e+02, 1.07374580e+02, 9.72395957e-01,
            3.53985016e+02, 1.08603050e+02, 9.30379629e-01,
            3.82180054e+02, 1.09755905e+02, 7.53588527e-02 ]
    }
}
