{
    "pose_0": {
        "type_id": "opencv-matrix",
        "rows": 1,
        "cols": 18,
        "dt": "3f",
        "data": [ 3.70440186e+02, 1.17959053e+02, 9.48541641e-01,
            3.64544464e+02, 1.46118683e+02, 8.57950211e-01,
            3.37558655e+02, 1.47339600e+02, 7.73228526e-01,
            3.22262482e+02, 1.94272751e+02, 8.38133216e-01,
            2.96433716e+02, 2.28343231e+02, 8.30833077e-01,
            3.90433105e+02, 1.43790131e+02, 7.61821389e-01,
            4.29144653e+02, 1.55486710e+02, 7.27205217e-01,
            4.30344238e+02, 1.35576950e+02, 8.17123830e-01,
            3.44604980e+02, 2.40089401e+02, 6.76124632e-01,
            3.35197784e+02, 3.04627594e+02, 7.66493022e-01,
            3.61034729e+02, 3.55159546e+02, 8.15012157e-01,
            3.77478149e+02, 2.40107376e+02, 6.64247632e-01,
            3.68099030e+02, 3.09353088e+02, 7.58511364e-01,
            3.89237274e+02, 3.63395966e+02, 7.93586612e-01,
            3.62263977e+02, 1.10890427e+02, 8.91332448e-01,
            3.76314972e+02, 1.12067970e+02, 8.55125606e-01,
            3.52789825e+02, 1.10885658e+02, 8.76887619e-01,
            3.81010986e+02, 1.12066948e+02, 3.77061337e-01 ]
    }
}
