{
    "pose_0": {
        "type_id": "opencv-matrix",
        "rows": 1,
        "cols": 18,
        "dt": "3f",
        "data": [ 3.77460358e+02, 1.24958160e+02, 8.53425026e-01,
            3.83338074e+02, 1.50798431e+02, 7.72507429e-01,
            3.61044250e+02, 1.35533752e+02, 7.39067733e-01,
            3.28151825e+02, 1.12052727e+02, 7.48729110e-01,
            2.98810333e+02, 8.85424118e+01, 7.76454926e-01,
            4.07993866e+02, 1.63734146e+02, 8.02452981e-01,
            4.16220734e+02, 2.09495132e+02, 7.74389029e-01,
            4.27931641e+02, 2.44768021e+02, 8.34937334e-01,
            3.34033020e+02, 2.31856583e+02, 6.98671460e-01,
            3.35232635e+02, 3.03461914e+02, 7.22712517e-01,
            3.62215668e+02, 3.54036743e+02, 7.82033861e-01,
            3.61040192e+02, 2.40103394e+02, 6.94535196e-01,
            3.50484131e+02, 2.99982330e+02, 7.31994450e-01,
            3.88027069e+02, 3.59872864e+02, 7.76496410e-01,
            3.72824524e+02, 1.16789459e+02, 8.64847362e-01,
            3.83349182e+02, 1.17984207e+02, 9.12180901e-01, 0.0, 0.0,
            0.0, 4.00961090e+02, 1.20317696e+02, 8.92069042e-01 ]
    }
}
