{
    "pose_0": {
        "type_id": "opencv-matrix",
        "rows": 1,
        "cols": 18,
        "dt": "3f",
        "data": [ 4.11559052e+02, 1.15611687e+02, 6.23220205e-01,
            4.11534821e+02, 1.52010178e+02, 8.24672341e-01,
            3.84513702e+02, 1.47326859e+02, 7.98154712e-01,
            3.71594513e+02, 1.91937073e+02, 4.67108727e-01,
            3.73951965e+02, 2.27148758e+02, 2.28275016e-01,
            4.37431702e+02, 1.54372925e+02, 8.02355528e-01,
            4.45622345e+02, 2.03654678e+02, 5.98888218e-01,
            4.26808838e+02, 2.23655426e+02, 4.46163863e-01,
            3.83358978e+02, 2.38915253e+02, 6.45378470e-01,
            3.71657562e+02, 2.97627655e+02, 7.96560168e-01,
            3.71655304e+02, 3.60983002e+02, 8.11595440e-01,
            4.19737640e+02, 2.42440277e+02, 6.13934875e-01,
            4.17361389e+02, 3.05856445e+02, 8.02819908e-01,
            4.10386322e+02, 3.63375793e+02, 7.77135909e-01,
            4.08044617e+02, 1.08557953e+02, 7.05967307e-01,
            4.18605743e+02, 1.09706612e+02, 6.54556632e-01,
            4.00994995e+02, 1.12068176e+02, 3.26782167e-01,
            4.28029358e+02, 1.15608727e+02, 7.59220779e-01 ]
    }
}
