{
    "pose_0": {
        "type_id": "opencv-matrix",
        "rows": 1,
        "cols": 18,
        "dt": "3f",
        "data": [ 3.68091980e+02, 1.17904236e+02, 9.47992086e-01,
            3.65736023e+02, 1.43758652e+02, 8.30202639e-01,
            3.39916473e+02, 1.35556534e+02, 8.00324678e-01,
            3.11719147e+02, 1.66112106e+02, 8.22581649e-01,
            3.39889282e+02, 1.81378433e+02, 7.84967184e-01,
            3.92727051e+02, 1.48474258e+02, 7.67002642e-01,
            4.33839111e+02, 1.63718445e+02, 7.86002696e-01,
            4.26780273e+02, 1.32020020e+02, 8.43817353e-01,
            3.42244263e+02, 2.38916412e+02, 6.87157810e-01,
            3.43448730e+02, 3.05825653e+02, 8.28954875e-01,
            3.50461700e+02, 3.64540619e+02, 7.55706191e-01,
            3.78670532e+02, 2.41241089e+02, 6.60551071e-01,
            3.77479645e+02, 3.08175812e+02, 7.62112379e-01,
            3.71666016e+02, 3.64548920e+02, 7.99916267e-01,
            3.61064240e+02, 1.09762810e+02, 9.29593861e-01,
            3.72776184e+02, 1.10872932e+02, 8.78507376e-01,
            3.52809723e+02, 1.12051949e+02, 7.77140915e-01,
            3.81040070e+02, 1.14423988e+02, 8.43168259e-01 ]
    }
}
