{
    "pose_0": {
        "type_id": "opencv-matrix",
        "rows": 1,
        "cols": 18,
        "dt": "3f",
        "data": [ 4.17383392e+02, 1.16707275e+02, 6.59211397e-01,
            4.13897675e+02, 1.53130539e+02, 8.26841712e-01,
            3.85706726e+02, 1.47332916e+02, 8.10248315e-01,
            3.71630463e+02, 1.91932571e+02, 5.83342671e-01,
            3.72778900e+02, 2.29473312e+02, 3.96994859e-01,
            4.40890533e+02, 1.54371750e+02, 7.84232557e-01,
            4.46809692e+02, 2.01332199e+02, 5.17374694e-01,
            4.29158051e+02, 2.24796478e+02, 3.66063535e-01,
            3.85701508e+02, 2.38863068e+02, 6.28360927e-01,
            3.72781677e+02, 2.96501678e+02, 7.97112942e-01,
            3.72763275e+02, 3.59855560e+02, 7.86259890e-01,
            4.20948029e+02, 2.41241302e+02, 5.99698007e-01,
            4.17374146e+02, 3.05838409e+02, 8.19892585e-01,
            4.10385498e+02, 3.62261017e+02, 7.79460788e-01,
            4.10343933e+02, 1.08539085e+02, 7.07485914e-01,
            4.23266266e+02, 1.08595558e+02, 6.75740063e-01,
            4.04475891e+02, 1.10914612e+02, 4.98078585e-01,
            4.30310455e+02, 1.15551010e+02, 6.87199473e-01 ]
    }
}
