{
    "pose_0": {
        "type_id": "opencv-matrix",
        "rows": 1,
        "cols": 18,
        "dt": "3f",
        "data": [ 3.79832825e+02, 1.16748962e+02, 9.53166842e-01,
            3.70433472e+02, 1.46173065e+02, 8.90644848e-01,
            3.43397614e+02, 1.53150711e+02, 8.18924248e-01,
            3.23472229e+02, 1.91894989e+02, 8.25281143e-01,
            2.96471710e+02, 2.13107803e+02, 8.35033417e-01,
            3.97445160e+02, 1.43731659e+02, 7.92840540e-01,
            4.26762177e+02, 1.70797974e+02, 7.91072488e-01,
            4.57359680e+02, 1.74265640e+02, 8.12418878e-01,
            3.55189545e+02, 2.43608032e+02, 6.54226959e-01,
            3.55154114e+02, 3.04708374e+02, 7.84881771e-01,
            3.51657837e+02, 3.61063599e+02, 8.64291966e-01,
            3.90435822e+02, 2.41268692e+02, 6.84052229e-01,
            3.89244568e+02, 3.09345703e+02, 7.87766457e-01,
            3.88060883e+02, 3.66925964e+02, 7.94478893e-01,
            3.71622131e+02, 1.08575363e+02, 9.55014884e-01,
            3.82215973e+02, 1.08592163e+02, 9.19737160e-01,
            3.58685028e+02, 1.10901199e+02, 8.64545584e-01, 0.0, 0.0,
            0.0 ]
    }
}
