{
    "pose_0": {
        "type_id": "opencv-matrix",
        "rows": 1,
        "cols": 18,
        "dt": "3f",
        "data": [ 3.89174408e+02, 1.16771248e+02, 7.97742248e-01,
            3.82205353e+02, 1.47326401e+02, 8.26109111e-01,
            3.58662109e+02, 1.39074799e+02, 7.86553919e-01,
            3.19921967e+02, 1.16766930e+02, 6.86216950e-01,
            2.87032654e+02, 8.39052887e+01, 7.66469777e-01,
            4.09195557e+02, 1.56704971e+02, 7.92995572e-01,
            4.37408295e+02, 1.83665375e+02, 8.34872305e-01,
            4.78481110e+02, 1.91968750e+02, 7.75455475e-01,
            3.51655579e+02, 2.40087082e+02, 6.72356725e-01,
            3.57509949e+02, 3.05870392e+02, 6.97339296e-01,
            3.69222351e+02, 3.62192047e+02, 7.76528060e-01,
            3.79800171e+02, 2.43597870e+02, 6.58308625e-01,
            3.76315521e+02, 3.04681488e+02, 7.19403684e-01,
            3.84536011e+02, 3.64544830e+02, 6.37160957e-01,
            3.82185303e+02, 1.08598236e+02, 7.87371159e-01,
            3.93930176e+02, 1.10885696e+02, 7.06012070e-01,
            3.77494965e+02, 1.09732384e+02, 5.90910792e-01,
            4.00974060e+02, 1.16708336e+02, 7.48501778e-01 ]
    }
}
