{
    "pose_0": {
        "type_id": "opencv-matrix",
        "rows": 1,
        "cols": 18,
        "dt": "3f",
        "data": [ 4.18544159e+02, 1.15605850e+02, 7.06567407e-01,
            4.15052277e+02, 1.53164169e+02, 8.38754892e-01,
            3.86856812e+02, 1.48487350e+02, 7.97446609e-01,
            3.70423340e+02, 1.94276657e+02, 7.24008203e-01,
            3.68082947e+02, 2.36550095e+02, 6.22045040e-01,
            4.42056885e+02, 1.54390106e+02, 7.67367303e-01,
            4.47954468e+02, 2.00124023e+02, 3.61819744e-01,
            4.31485291e+02, 2.29501114e+02, 1.90305188e-01,
            3.88027924e+02, 2.40104218e+02, 6.65981889e-01,
            3.73959808e+02, 3.01157043e+02, 7.55701602e-01,
            3.73958893e+02, 3.58677734e+02, 7.52189040e-01,
            4.22100250e+02, 2.47091049e+02, 6.20091558e-01,
            4.17393646e+02, 3.08207275e+02, 7.97323942e-01,
            4.10386078e+02, 3.63377472e+02, 7.76881456e-01,
            4.11524841e+02, 1.08526871e+02, 7.23450243e-01,
            4.25597198e+02, 1.08580551e+02, 7.33211577e-01,
            4.04503906e+02, 1.10905113e+02, 5.87364435e-01,
            4.31520630e+02, 1.15556030e+02, 6.90337539e-01 ]
    }
}
