{
    "pose_0": {
        "type_id": "opencv-matrix",
        "rows": 1,
        "cols": 18,
        "dt": "3f",
        "data": [ 0.0, 0.0, 0.0, 3.81021240e+02, 1.54305450e+02,
            8.92016172e-01, 4.09173401e+02, 1.54280487e+02,
            8.27689290e-01, 4.16219055e+02, 2.01304047e+02,
            4.68569040e-01, 4.15063049e+02, 2.33020782e+02,
            6.78803995e-02, 3.54011108e+02, 1.54386551e+02,
            8.06942165e-01, 3.42187195e+02, 2.01352036e+02,
            7.22115755e-01, 3.32850037e+02, 2.38915009e+02,
            6.91206157e-01, 4.00967712e+02, 2.41248245e+02,
            6.06278121e-01, 4.02122498e+02, 3.04664490e+02,
            7.46524096e-01, 4.06861115e+02, 3.58698792e+02,
            7.27317452e-01, 3.69242950e+02, 2.41254059e+02,
            5.98800063e-01, 3.71658722e+02, 3.04611816e+02,
            8.05641055e-01, 3.79787567e+02, 3.59860046e+02,
            8.12116504e-01, 0.0, 0.0, 0.0, 0.0, 0.0, 0.0, 3.92740509e+02,
            1.12079369e+02, 5.77222705e-01, 3.68060394e+02,
            1.14405289e+02, 5.83323717e-01 ]
    }
}
