{
    "pose_0": {
        "type_id": "opencv-matrix",
        "rows": 1,
        "cols": 18,
        "dt": "3f",
        "data": [ 3.84541595e+02, 1.14395927e+02, 5.19300938e-01,
            3.88031281e+02, 1.53125916e+02, 8.22595358e-01,
            3.60997375e+02, 1.51968094e+02, 7.70388842e-01,
            3.51608826e+02, 1.96611786e+02, 4.32993352e-01,
            3.62206055e+02, 2.24798645e+02, 2.44736940e-01,
            4.13881134e+02, 1.53174301e+02, 7.64512479e-01,
            4.17382111e+02, 2.01291809e+02, 4.64159250e-01,
            4.04481689e+02, 2.22461639e+02, 1.54537708e-01,
            3.69227844e+02, 2.40102539e+02, 6.32750988e-01,
            3.70449738e+02, 3.04686737e+02, 8.09462428e-01,
            3.71600220e+02, 3.62238708e+02, 8.10897768e-01,
            4.02153534e+02, 2.42409195e+02, 6.08438969e-01,
            4.06858978e+02, 3.05844421e+02, 7.62972593e-01,
            4.09254333e+02, 3.63377655e+02, 7.84450114e-01,
            3.80978455e+02, 1.07382576e+02, 6.40261292e-01,
            3.91553741e+02, 1.07406586e+02, 5.91931880e-01,
            3.73959198e+02, 1.08599777e+02, 2.94834316e-01,
            3.99843658e+02, 1.10897697e+02, 6.03422761e-01 ]
    }
}
