{
    "pose_0": {
        "type_id": "opencv-matrix",
        "rows": 1,
        "cols": 18,
        "dt": "3f",
        "data": [ 0.0, 0.0, 0.0, 3.80999451e+02, 1.54303223e+02,
            8.76951396e-01, 4.09145203e+02, 1.54295395e+02,
            8.00661087e-01, 4.13866608e+02, 2.02467026e+02,
            5.36935329e-01, 4.17447632e+02, 2.41245972e+02,
            1.95659399e-01, 3.53987762e+02, 1.54364319e+02,
            7.91802049e-01, 3.37553650e+02, 2.01294800e+02,
            7.34142900e-01, 3.29315399e+02, 2.37745300e+02,
            6.97868168e-01, 3.99808441e+02, 2.41270340e+02,
            6.10326350e-01, 4.00956665e+02, 3.02297821e+02,
            7.30612516e-01, 4.05641968e+02, 3.54018860e+02,
            7.11820662e-01, 3.68063293e+02, 2.41258972e+02,
            5.82056582e-01, 3.71648163e+02, 3.02330963e+02,
            8.00072670e-01, 3.79784271e+02, 3.58677673e+02,
            8.10577273e-01, 0.0, 0.0, 0.0, 0.0, 0.0, 0.0, 3.92741760e+02,
            1.12080841e+02, 4.96915162e-01, 3.70390594e+02,
            1.13222916e+02, 4.67386782e-01 ]
    }
}
