{
    "pose_0": {
        "type_id": "opencv-matrix",
        "rows": 1,
        "cols": 18,
        "dt": "3f",
        "data": [ 3.76283966e+02, 1.26113609e+02, 8.48209858e-01,
            3.84525543e+02, 1.49667206e+02, 7.69810617e-01,
            3.62232941e+02, 1.34387451e+02, 7.25057542e-01,
            3.29323486e+02, 1.14398041e+02, 7.66205609e-01,
            3.01127014e+02, 8.74049911e+01, 7.51340985e-01,
            4.07996613e+02, 1.63756699e+02, 8.22185755e-01,
            4.16233093e+02, 2.10663376e+02, 8.03980112e-01,
            4.18648956e+02, 2.54179443e+02, 8.05945277e-01,
            3.36356659e+02, 2.30655533e+02, 6.60170674e-01,
            3.24652313e+02, 2.95295776e+02, 8.24473977e-01,
            3.54032990e+02, 3.52871796e+02, 7.30376244e-01,
            3.61035156e+02, 2.40048325e+02, 6.88795507e-01,
            3.44573975e+02, 2.98789612e+02, 7.67835557e-01,
            3.79855682e+02, 3.61004944e+02, 7.80199528e-01,
            3.72780609e+02, 1.17935432e+02, 8.87040854e-01,
            3.82151215e+02, 1.19140640e+02, 9.10627365e-01, 0.0, 0.0,
            0.0, 3.99833191e+02, 1.21454460e+02, 9.12916005e-01 ]
    }
}
