{
    "pose_0": {
        "type_id": "opencv-matrix",
        "rows": 1,
        "cols": 18,
        "dt": "3f",
        "data": [ 3.99794281e+02, 1.15606842e+02, 6.63446665e-01,
            3.95078979e+02, 1.53174225e+02, 8.11540723e-01,
            3.69262085e+02, 1.47336914e+02, 7.80530989e-01,
            3.52869232e+02, 1.93107895e+02, 4.54349905e-01,
            3.52818146e+02, 2.29514221e+02, 2.73959845e-01,
            4.18613373e+02, 1.55520325e+02, 7.88568139e-01,
            4.19754639e+02, 2.01293900e+02, 2.72781104e-01,
            4.24432159e+02, 2.31859299e+02, 1.40803769e-01,
            3.70396484e+02, 2.37717621e+02, 6.14370883e-01,
            3.71577789e+02, 2.99969604e+02, 7.55349338e-01,
            3.79815125e+02, 3.58663879e+02, 8.33074868e-01,
            4.04466705e+02, 2.38927444e+02, 6.01688743e-01,
            3.99833099e+02, 3.03509735e+02, 7.30835855e-01,
            4.04499298e+02, 3.62173920e+02, 7.51170576e-01,
            3.97403381e+02, 1.08538933e+02, 7.11493731e-01,
            4.07964874e+02, 1.09745750e+02, 7.03008235e-01,
            3.89206970e+02, 1.10901680e+02, 4.85319406e-01,
            4.16189240e+02, 1.16802483e+02, 6.87716007e-01 ]
    }
}
