{
    "pose_0": {
        "type_id": "opencv-matrix",
        "rows": 1,
        "cols": 18,
        "dt": "3f",
        "data": [ 3.69211700e+02, 1.10918900e+02, 8.66030693e-01,
            3.66915314e+02, 1.46158905e+02, 8.57356787e-01,
            3.38736053e+02, 1.51986313e+02, 7.82892704e-01,
            3.34042084e+02, 1.94310852e+02, 8.14127803e-01,
            3.32840515e+02, 2.35382843e+02, 8.03399980e-01,
            3.96252258e+02, 1.43761734e+02, 8.00536513e-01,
            4.09152435e+02, 1.86067978e+02, 7.81171024e-01,
            4.18550842e+02, 2.22457703e+02, 8.38767886e-01,
            3.52881165e+02, 2.47134445e+02, 7.14191616e-01,
            3.54016418e+02, 3.08193878e+02, 7.73029983e-01,
            3.68081726e+02, 3.62263092e+02, 7.85785258e-01,
            3.90375366e+02, 2.45936447e+02, 6.94902062e-01,
            3.89218445e+02, 3.10531860e+02, 7.90898323e-01,
            3.89204193e+02, 3.69265900e+02, 7.86763430e-01,
            3.61042542e+02, 1.07330246e+02, 9.69828367e-01,
            3.71624939e+02, 1.07326500e+02, 9.37611699e-01,
            3.49264984e+02, 1.09711769e+02, 8.61814857e-01,
            3.78638733e+02, 1.08548347e+02, 1.40876696e-01 ]
    }
}
