{
    "pose_0": {
        "type_id": "opencv-matrix",
        "rows": 1,
        "cols": 18,
        "dt": "3f",
        "data": [ 4.02130554e+02, 1.16748062e+02, 6.58445597e-01,
            3.96282684e+02, 1.53173615e+02, 8.19954276e-01,
            3.70400848e+02, 1.47329910e+02, 8.10317516e-01,
            3.52840240e+02, 1.94257919e+02, 5.61128259e-01,
            3.49301636e+02, 2.31867676e+02, 3.75908375e-01,
            4.19776978e+02, 1.55513855e+02, 7.73826003e-01,
            4.19754608e+02, 2.01286591e+02, 2.21171767e-01,
            4.19750702e+02, 2.36526184e+02, 1.17558092e-01,
            3.70429565e+02, 2.37738098e+02, 6.23225570e-01,
            3.71584290e+02, 2.98798981e+02, 7.56079972e-01,
            3.79818481e+02, 3.57496368e+02, 8.35801303e-01,
            4.05632111e+02, 2.40056625e+02, 6.06912076e-01,
            3.99856476e+02, 3.03503448e+02, 7.09173143e-01,
            4.04493073e+02, 3.62177582e+02, 7.60363460e-01,
            3.98632782e+02, 1.08569374e+02, 7.24816024e-01,
            4.09170746e+02, 1.10904694e+02, 6.90678179e-01,
            3.90368927e+02, 1.10895721e+02, 6.00740790e-01,
            4.17375824e+02, 1.17891174e+02, 6.97540760e-01 ]
    }
}
