{
    "pose_0": {
        "type_id": "opencv-matrix",
        "rows": 1,
        "cols": 18,
        "dt": "3f",
        "data": [ 3.77466400e+02, 1.20302216e+02, 8.50029528e-01,
            3.68069183e+02, 1.42591614e+02, 7.86771715e-01,
            3.41045441e+02, 1.29674225e+02, 7.65411139e-01,
            3.05811249e+02, 1.07395287e+02, 7.50368297e-01,
            2.84677032e+02, 8.27153473e+01, 7.77520537e-01,
            3.91584595e+02, 1.50826385e+02, 7.62796879e-01,
            4.08006622e+02, 1.89552307e+02, 7.62493789e-01,
            4.20952087e+02, 2.21347260e+02, 7.94937670e-01,
            3.44612823e+02, 2.30702499e+02, 6.20003402e-01,
            3.55179535e+02, 3.02306976e+02, 7.03634977e-01,
            3.70456879e+02, 3.58684570e+02, 8.15065682e-01,
            3.75133728e+02, 2.36539063e+02, 6.04703546e-01,
            3.80974243e+02, 3.03493164e+02, 7.39978194e-01,
            3.92764923e+02, 3.63410217e+02, 7.61065245e-01,
            3.70483856e+02, 1.14423767e+02, 9.14618909e-01,
            3.82201813e+02, 1.16766449e+02, 8.95945549e-01,
            3.61046295e+02, 1.12079796e+02, 8.48113954e-01,
            3.89274567e+02, 1.17911194e+02, 4.02470410e-01 ]
    }
}
