{
    "pose_0": {
        "type_id": "opencv-matrix",
        "rows": 1,
        "cols": 18,
        "dt": "3f",
        "data": [ 3.77483032e+02, 1.24971565e+02, 8.94935489e-01,
            3.72802307e+02, 1.46180634e+02, 8.64183545e-01,
            3.46938263e+02, 1.36700592e+02, 7.68466949e-01,
            3.08213928e+02, 1.23797150e+02, 7.41218746e-01,
            2.85860657e+02, 9.09706650e+01, 8.09776187e-01,
            3.99827454e+02, 1.56708084e+02, 8.20532739e-01,
            4.11518341e+02, 2.02530594e+02, 7.87947893e-01,
            4.27954254e+02, 2.40038513e+02, 8.01557004e-01,
            3.41083649e+02, 2.31886780e+02, 6.80981159e-01,
            3.28169922e+02, 2.97629761e+02, 8.07494879e-01,
            3.61025452e+02, 3.58666779e+02, 7.06507206e-01,
            3.66909149e+02, 2.41237000e+02, 6.43530548e-01,
            3.45755188e+02, 2.98774261e+02, 7.37653315e-01,
            3.79833557e+02, 3.52829132e+02, 7.33551025e-01,
            3.71568909e+02, 1.16740990e+02, 9.56687033e-01,
            3.83373199e+02, 1.16807152e+02, 8.75750482e-01,
            3.63396637e+02, 1.13243378e+02, 4.71250117e-01,
            3.96244263e+02, 1.16799408e+02, 8.46594751e-01 ]
    }
}
