{
    "pose_0": {
        "type_id": "opencv-matrix",
        "rows": 1,
        "cols": 18,
        "dt": "3f",
        "data": [ 4.17395569e+02, 1.15565125e+02, 6.66372120e-01,
            4.16222748e+02, 1.53177780e+02, 8.61520767e-01,
            3.88023987e+02, 1.48486221e+02, 8.14106166e-01,
            3.70438446e+02, 1.93141068e+02, 7.52516925e-01,
            3.63389191e+02, 2.33013687e+02, 7.32095540e-01,
            4.43252777e+02, 1.55476501e+02, 7.78587461e-01,
            4.52615662e+02, 1.98983566e+02, 4.01744902e-01,
            4.37357269e+02, 2.29522049e+02, 3.14544380e-01,
            3.88036865e+02, 2.40080750e+02, 6.72102988e-01,
            3.76287811e+02, 2.99982300e+02, 7.64896989e-01,
            3.76310303e+02, 3.56357391e+02, 7.38189220e-01,
            4.23274170e+02, 2.45945984e+02, 6.20358467e-01,
            4.17441254e+02, 3.07042114e+02, 8.09328020e-01,
            4.10411621e+02, 3.62236847e+02, 7.77419984e-01,
            4.10369446e+02, 1.08499916e+02, 7.28954136e-01,
            4.24428497e+02, 1.08545609e+02, 7.04137325e-01,
            4.04507416e+02, 1.12046524e+02, 5.07111847e-01,
            4.32664032e+02, 1.14411987e+02, 6.93100810e-01 ]
    }
}
