{
    "pose_0": {
        "type_id": "opencv-matrix",
        "rows": 1,
        "cols": 18,
        "dt": "3f",
        "data": [ 3.81039978e+02, 1.16735130e+02, 6.70904040e-01,
            3.83346039e+02, 1.53141922e+02, 8.21720779e-01,
            3.55178864e+02, 1.53149963e+02, 7.69255877e-01,
            3.44602539e+02, 1.95474152e+02, 4.97130454e-01,
            3.55164825e+02, 2.33029984e+02, 3.30773503e-01,
            4.10388031e+02, 1.53163422e+02, 7.85579503e-01,
            4.17364899e+02, 2.01317657e+02, 5.29736578e-01,
            4.04474731e+02, 2.35365417e+02, 3.29268485e-01,
            3.66894562e+02, 2.43610687e+02, 5.90065956e-01,
            3.70377502e+02, 3.05855957e+02, 7.80986965e-01,
            3.71607239e+02, 3.62258270e+02, 7.89676189e-01,
            3.99825653e+02, 2.44768204e+02, 6.21462226e-01,
            4.05682129e+02, 3.05868561e+02, 7.55254745e-01,
            4.09225037e+02, 3.63420654e+02, 7.78105199e-01,
            3.77483673e+02, 1.08571846e+02, 6.78353190e-01,
            3.89176666e+02, 1.08593964e+02, 6.83284879e-01,
            3.70430756e+02, 1.10880547e+02, 4.77986574e-01,
            3.98566833e+02, 1.12063408e+02, 7.01229811e-01 ]
    }
}
