{
    "pose_0": {
        "type_id": "opencv-matrix",
        "rows": 1,
        "cols": 18,
        "dt": "3f",
        "data": [ 3.79825470e+02, 1.24948601e+02, 9.02224422e-01,
            3.83377533e+02, 1.50811462e+02, 7.85732865e-01,
            3.62235046e+02, 1.36746185e+02, 8.29842806e-01,
            3.30503296e+02, 1.24983475e+02, 7.59546578e-01,
            3.03489594e+02, 9.20971146e+01, 7.28256822e-01,
            4.06846985e+02, 1.63735504e+02, 8.01471949e-01,
            4.11544769e+02, 2.03709641e+02, 7.83284903e-01,
            4.33836975e+02, 2.38934326e+02, 8.22193682e-01,
            3.34059845e+02, 2.30714676e+02, 6.90041661e-01,
            3.41077484e+02, 2.98795135e+02, 7.22952068e-01,
            3.63407928e+02, 3.55182495e+02, 7.20874846e-01,
            3.61042816e+02, 2.40069458e+02, 7.01208115e-01,
            3.51680267e+02, 2.97640594e+02, 7.36431718e-01,
            3.89181458e+02, 3.60985077e+02, 7.69197941e-01,
            3.78620026e+02, 1.16775284e+02, 8.90757680e-01,
            3.88036163e+02, 1.17957779e+02, 9.44812000e-01, 0.0, 0.0,
            0.0, 4.04476990e+02, 1.19151314e+02, 8.86889160e-01 ]
    }
}
