{
    "pose_0": {
        "type_id": "opencv-matrix",
        "rows": 1,
        "cols": 18,
        "dt": "3f",
        "data": [ 3.99852234e+02, 1.16728897e+02, 7.37505674e-01,
            4.05643005e+02, 1.53169617e+02, 8.24146628e-01,
            3.79796875e+02, 1.47331818e+02, 7.96263516e-01,
            3.63376190e+02, 1.89575928e+02, 2.96191275e-01,
            3.61030334e+02, 2.23639023e+02, 1.30321637e-01,
            4.29153137e+02, 1.55507935e+02, 7.93739974e-01,
            4.37418243e+02, 2.01324509e+02, 4.86178905e-01,
            4.33821960e+02, 2.34205322e+02, 3.07604641e-01,
            3.75138794e+02, 2.36536163e+02, 6.19879723e-01,
            3.63392120e+02, 2.96491760e+02, 8.24674487e-01,
            3.95106049e+02, 3.31648315e+02, 7.06911623e-01,
            4.09223541e+02, 2.40060776e+02, 6.24950349e-01,
            4.06857239e+02, 3.04673492e+02, 7.26378083e-01,
            4.03333710e+02, 3.62180969e+02, 7.01400757e-01,
            3.98564545e+02, 1.08566696e+02, 7.84921587e-01,
            4.08034210e+02, 1.09717239e+02, 7.63013184e-01,
            3.90441193e+02, 1.12077896e+02, 1.35942742e-01,
            4.19773895e+02, 1.15574104e+02, 7.68398464e-01 ]
    }
}
