{
    "pose_0": {
        "type_id": "opencv-matrix",
        "rows": 1,
        "cols": 18,
        "dt": "3f",
        "data": [ 4.29139282e+02, 1.15554359e+02, 7.13266134e-01,
            4.16211304e+02, 1.54319580e+02, 8.83364499e-01,
            3.86862244e+02, 1.52002975e+02, 7.81715035e-01,
            3.69240845e+02, 1.94260483e+02, 7.57372200e-01,
            3.62173615e+02, 2.34201233e+02, 7.90341496e-01,
            4.44432404e+02, 1.55501404e+02, 7.99413860e-01,
            4.58497528e+02, 1.94279114e+02, 6.96913719e-01,
            4.52617004e+02, 2.30676773e+02, 7.10305154e-01,
            3.90384918e+02, 2.40057434e+02, 6.98942184e-01,
            3.79874420e+02, 2.98807220e+02, 8.13776553e-01,
            3.80990173e+02, 3.54016235e+02, 8.21382523e-01,
            4.26792877e+02, 2.44753769e+02, 6.63499236e-01,
            4.18597748e+02, 3.05838593e+02, 8.18728745e-01,
            4.16194702e+02, 3.61020264e+02, 7.95976162e-01,
            4.24461304e+02, 1.08514702e+02, 7.61941433e-01,
            4.32673401e+02, 1.08512085e+02, 6.66153431e-01,
            4.06846558e+02, 1.12052597e+02, 7.63502538e-01, 0.0, 0.0,
            0.0 ]
    }
}
