{
    "pose_0": {
        "type_id": "opencv-matrix",
        "rows": 1,
        "cols": 18,
        "dt": "3f",
        "data": [ 3.75154968e+02, 1.16759987e+02, 6.94384038e-01,
            3.80992584e+02, 1.54319778e+02, 8.93566251e-01,
            3.52854004e+02, 1.54335403e+02, 8.24123383e-01,
            3.37553223e+02, 1.97793365e+02, 7.16865659e-01,
            3.25832672e+02, 2.34203110e+02, 7.23077595e-01,
            4.09151672e+02, 1.54316711e+02, 8.44290257e-01,
            4.15040649e+02, 2.01293610e+02, 4.54077274e-01,
            4.15052368e+02, 2.41249985e+02, 2.82838792e-01,
            3.66893311e+02, 2.40103607e+02, 6.46786034e-01,
            3.71592529e+02, 3.02307953e+02, 7.83643425e-01,
            3.79776245e+02, 3.57517120e+02, 8.26380134e-01,
            3.98655060e+02, 2.40094040e+02, 6.51091218e-01,
            3.99777222e+02, 3.02321716e+02, 7.47446656e-01,
            4.03300995e+02, 3.53981873e+02, 7.03609765e-01,
            3.71589691e+02, 1.09709999e+02, 7.60722041e-01,
            3.81033844e+02, 1.09712891e+02, 7.15139329e-01,
            3.65733734e+02, 1.14425117e+02, 1.81405425e-01,
            3.92755310e+02, 1.13217758e+02, 7.15940893e-01 ]
    }
}
