{
    "pose_0": {
        "type_id": "opencv-matrix",
        "rows": 1,
        "cols": 18,
        "dt": "3f",
        "data": [ 3.71580750e+02, 1.23824997e+02, 8.97707522e-01,
            3.82182953e+02, 1.54280991e+02, 8.44000995e-01,
            3.61023956e+02, 1.36771057e+02, 8.04135501e-01,
            3.23490692e+02, 1.19133492e+02, 7.65092194e-01,
            2.92912292e+02, 9.09665298e+01, 7.72663295e-01,
            4.06821320e+02, 1.66069534e+02, 7.60679483e-01,
            4.00981567e+02, 2.15414978e+02, 7.32584476e-01,
            3.98565155e+02, 2.54168442e+02, 7.77829528e-01,
            3.44585236e+02, 2.40039597e+02, 7.13041782e-01,
            3.19918549e+02, 2.90557098e+02, 7.89133251e-01,
            3.49260712e+02, 3.51616852e+02, 8.33916068e-01,
            3.78614227e+02, 2.49454727e+02, 6.47280872e-01,
            3.82224182e+02, 3.12873352e+02, 7.65940905e-01,
            3.90378296e+02, 3.68088928e+02, 8.43220353e-01,
            3.70397552e+02, 1.16738503e+02, 8.96284461e-01,
            3.79804352e+02, 1.17900734e+02, 1.00220990e+00, 0.0, 0.0,
            0.0, 3.98565918e+02, 1.17919075e+02, 9.70475018e-01 ]
    }
}
