{
    "pose_0": {
        "type_id": "opencv-matrix",
        "rows": 1,
        "cols": 18,
        "dt": "3f",
        "data": [ 4.30308746e+02, 1.10904648e+02, 1.44091859e-01,
            4.12695038e+02, 1.54288452e+02, 7.11638093e-01,
            4.39728943e+02, 1.55483459e+02, 2.41783544e-01,
            4.55017883e+02, 1.94272339e+02, 2.51398861e-01,
            4.52621216e+02, 2.28347855e+02, 2.19808862e-01,
            4.39722137e+02, 1.54300461e+02, 4.94396269e-01,
            4.56133331e+02, 1.94296387e+02, 2.39375204e-01,
            4.52647156e+02, 2.25979202e+02, 2.12042958e-01,
            4.25587677e+02, 2.47101776e+02, 2.80124426e-01,
            4.19744507e+02, 3.05861969e+02, 5.33910275e-01,
            4.15054291e+02, 3.62182800e+02, 5.71810246e-01,
            4.23271393e+02, 2.47096558e+02, 3.22687745e-01,
            4.20955444e+02, 3.05803436e+02, 3.19513679e-01,
            4.17386200e+02, 3.58673370e+02, 1.93268403e-01,
            4.26839691e+02, 1.07317001e+02, 2.15587825e-01,
            4.29155090e+02, 1.07340355e+02, 8.22018087e-02,
            4.25598358e+02, 1.09727150e+02, 4.70807493e-01, 0.0, 0.0,
            0.0 ]
    }
}
