{
    "pose_0": {
        "type_id": "opencv-matrix",
        "rows": 1,
        "cols": 18,
        "dt": "3f",
        "data": [ 3.88063110e+02, 1.13242889e+02, 4.80041951e-01,
            3.91595306e+02, 1.51995499e+02, 8.07464778e-01,
            3.66927521e+02, 1.50800110e+02, 7.44732976e-01,
            3.53987823e+02, 1.94302155e+02, 5.64188719e-01,
            3.71585175e+02, 2.18921692e+02, 4.44832087e-01,
            4.17445862e+02, 1.54290253e+02, 7.71705091e-01,
            4.18610840e+02, 2.00114548e+02, 3.62453431e-01,
            4.02137390e+02, 2.16571701e+02, 1.90556288e-01,
            3.71568054e+02, 2.40075394e+02, 6.75661683e-01,
            3.71594238e+02, 3.04689911e+02, 8.17904592e-01,
            3.71607178e+02, 3.62228394e+02, 8.21111619e-01,
            4.05648102e+02, 2.41274918e+02, 6.15582645e-01,
            4.08037659e+02, 3.05823944e+02, 7.92464435e-01,
            4.10358063e+02, 3.62257233e+02, 7.88062096e-01,
            3.84508636e+02, 1.07388054e+02, 5.35884857e-01,
            3.92747925e+02, 1.07399994e+02, 5.35489678e-01,
            3.82163147e+02, 1.13249405e+02, 1.27123594e-01,
            4.07958313e+02, 1.10907166e+02, 5.82899690e-01 ]
    }
}
