{
    "pose_0": {
        "type_id": "opencv-matrix",
        "rows": 1,
        "cols": 18,
        "dt": "3f",
        "data": [ 3.76285522e+02, 1.16752304e+02, 6.86171412e-01,
            3.81004059e+02, 1.54321915e+02, 8.93590868e-01,
            3.52865265e+02, 1.53189545e+02, 8.01551580e-01,
            3.37547882e+02, 1.97789368e+02, 7.20728815e-01,
            3.26976929e+02, 2.37684433e+02, 7.10391521e-01,
            4.09158630e+02, 1.54378784e+02, 8.44588041e-01,
            4.16235168e+02, 2.01338272e+02, 5.05415440e-01,
            4.13870605e+02, 2.42418716e+02, 3.33312094e-01,
            3.64581940e+02, 2.40094742e+02, 6.37732267e-01,
            3.71563446e+02, 3.02312866e+02, 6.88314497e-01,
            3.79842926e+02, 3.56356140e+02, 6.14653826e-01,
            3.97426117e+02, 2.41257629e+02, 6.29247308e-01,
            3.95102234e+02, 3.02291656e+02, 6.45010650e-01,
            3.96261230e+02, 3.58692719e+02, 4.73691046e-01,
            3.71625610e+02, 1.08601341e+02, 7.45891571e-01,
            3.82159607e+02, 1.09717003e+02, 6.90604806e-01,
            3.68076935e+02, 1.14402466e+02, 1.50759652e-01,
            3.96244171e+02, 1.13254723e+02, 7.02638626e-01 ]
    }
}
