{
    "pose_0": {
        "type_id": "opencv-matrix",
        "rows": 1,
        "cols": 18,
        "dt": "3f",
        "data": [ 4.06822510e+02, 1.16753197e+02, 6.55669808e-01,
            4.09142731e+02, 1.51978699e+02, 8.56398165e-01,
            3.82171600e+02, 1.47299240e+02, 8.02165151e-01,
            3.70393250e+02, 1.90731644e+02, 3.86759669e-01,
            3.71602234e+02, 2.03664764e+02, 7.58618787e-02,
            4.33844574e+02, 1.54347702e+02, 7.67512798e-01,
            4.38532410e+02, 2.01337769e+02, 4.21471477e-01,
            4.18610046e+02, 2.20103424e+02, 1.43004045e-01,
            3.82157837e+02, 2.38873856e+02, 6.60028934e-01,
            3.71640106e+02, 3.03497040e+02, 8.02098572e-01,
            3.71637268e+02, 3.62198059e+02, 8.28828514e-01,
            4.17373718e+02, 2.42431244e+02, 6.05783880e-01,
            4.13863831e+02, 3.06997070e+02, 7.36332893e-01,
            4.10376923e+02, 3.63422241e+02, 7.73674965e-01,
            4.00955139e+02, 1.08586617e+02, 7.06445813e-01,
            4.11558594e+02, 1.09739273e+02, 6.71419263e-01,
            3.97450104e+02, 1.12060699e+02, 1.54236302e-01,
            4.25633972e+02, 1.15584541e+02, 7.24828005e-01 ]
    }
}
