{
    "pose_0": {
        "type_id": "opencv-matrix",
        "rows": 1,
        "cols": 18,
        "dt": "3f",
        "data": [ 3.70453796e+02, 1.15568336e+02, 7.11145878e-01,
            3.71611877e+02, 1.54299240e+02, 9.13423479e-01,
            3.43440338e+02, 1.55551926e+02, 8.66105914e-01,
            3.35237061e+02, 2.02463211e+02, 7.40178764e-01,
            3.38701477e+02, 2.40056351e+02, 7.50748873e-01,
            3.99795197e+02, 1.49653427e+02, 8.27846706e-01,
            4.10358154e+02, 1.93145645e+02, 7.83759534e-01,
            4.16231293e+02, 2.30705231e+02, 7.98148334e-01,
            3.61045715e+02, 2.45957458e+02, 6.77865803e-01,
            3.63371429e+02, 3.04661713e+02, 6.67283773e-01,
            3.71609619e+02, 3.61040161e+02, 4.58155394e-01,
            3.93908875e+02, 2.42416183e+02, 6.31310880e-01,
            3.96274689e+02, 3.03491272e+02, 6.30779624e-01,
            3.98637848e+02, 3.61039063e+02, 2.21162319e-01,
            3.63369843e+02, 1.08531387e+02, 7.72792220e-01,
            3.77449738e+02, 1.08510117e+02, 7.59019434e-01,
            3.54022186e+02, 1.12087456e+02, 6.12195134e-01,
            3.82192383e+02, 1.12089783e+02, 6.57218993e-01 ]
    }
}
