{
    "pose_0": {
        "type_id": "opencv-matrix",
        "rows": 1,
        "cols": 18,
        "dt": "3f",
        "data": [ 3.78666687e+02, 1.20307907e+02, 8.57330501e-01,
            3.82191772e+02, 1.50812271e+02, 8.20451319e-01,
            3.62185699e+02, 1.40269852e+02, 7.77030706e-01,
            3.24649811e+02, 1.35505463e+02, 7.85465121e-01,
            3.12864563e+02, 9.67970123e+01, 8.06711674e-01,
            4.06818146e+02, 1.59046890e+02, 7.70038366e-01,
            4.17375275e+02, 2.01293503e+02, 8.07675302e-01,
            4.38541138e+02, 2.22491608e+02, 7.75096297e-01,
            3.42234528e+02, 2.30708557e+02, 6.80917501e-01,
            3.43404602e+02, 2.98795929e+02, 7.33441591e-01,
            3.68080872e+02, 3.56349243e+02, 7.07341373e-01,
            3.65751556e+02, 2.38897095e+02, 6.60750866e-01,
            3.53994110e+02, 2.97639984e+02, 7.30553091e-01,
            3.89238129e+02, 3.61000610e+02, 7.89988220e-01,
            3.75119720e+02, 1.15590805e+02, 8.95274520e-01,
            3.85685974e+02, 1.16759827e+02, 9.07114387e-01, 0.0, 0.0,
            0.0, 4.00952332e+02, 1.17905571e+02, 9.61516857e-01 ]
    }
}
