{
    "pose_0": {
        "type_id": "opencv-matrix",
        "rows": 1,
        "cols": 18,
        "dt": "3f",
        "data": [ 3.61000488e+02, 1.14403313e+02, 8.69898200e-01,
            3.72780396e+02, 1.42587479e+02, 8.54994595e-01,
            3.45797821e+02, 1.36749954e+02, 8.13119471e-01,
            3.11725189e+02, 1.48457672e+02, 7.66310632e-01,
            2.94078278e+02, 1.23809242e+02, 6.96071863e-01,
            3.99797333e+02, 1.44964554e+02, 8.58187675e-01,
            4.16197357e+02, 1.86058029e+02, 7.57044017e-01,
            4.09181244e+02, 2.17777359e+02, 8.35782051e-01,
            3.43438354e+02, 2.29483154e+02, 6.76863551e-01,
            3.44628143e+02, 2.96457153e+02, 7.17252612e-01,
            3.72799347e+02, 3.52843262e+02, 5.97594202e-01,
            3.71628082e+02, 2.33032944e+02, 6.63570285e-01,
            3.56349670e+02, 2.96444427e+02, 8.01912129e-01,
            3.78667053e+02, 3.54005463e+02, 6.55228794e-01,
            3.56356384e+02, 1.07378708e+02, 9.22324777e-01,
            3.68101440e+02, 1.07418564e+02, 9.18409944e-01, 0.0, 0.0,
            0.0, 3.83377380e+02, 1.09699745e+02, 8.78833055e-01 ]
    }
}
