{
    "pose_0": {
        "type_id": "opencv-matrix",
        "rows": 1,
        "cols": 18,
        "dt": "3f",
        "data": [ 3.78673065e+02, 1.16770142e+02, 6.59108162e-01,
            3.81042816e+02, 1.54316879e+02, 8.80469978e-01,
            3.53996216e+02, 1.53181259e+02, 7.92385697e-01,
            3.42272766e+02, 1.98960175e+02, 6.54224098e-01,
            3.35205383e+02, 2.37707626e+02, 5.67635417e-01,
            4.09187805e+02, 1.54379883e+02, 8.49555969e-01,
            4.17411194e+02, 2.01336746e+02, 5.40200293e-01,
            4.11561646e+02, 2.44763443e+02, 3.02982271e-01,
            3.65738678e+02, 2.40088104e+02, 6.25886023e-01,
            3.71573914e+02, 3.03454559e+02, 7.24793911e-01,
            3.79802856e+02, 3.57515381e+02, 7.12926090e-01,
            3.98575500e+02, 2.41254333e+02, 6.44934058e-01,
            3.92766632e+02, 3.03454376e+02, 7.03646600e-01,
            3.98568085e+02, 3.56328217e+02, 5.82608819e-01,
            3.72818695e+02, 1.08603134e+02, 6.84081495e-01,
            3.85683807e+02, 1.09731735e+02, 6.44513667e-01,
            3.70383606e+02, 1.12076141e+02, 2.88746268e-01,
            3.97430786e+02, 1.15545959e+02, 7.16009855e-01 ]
    }
}
