{
    "pose_0": {
        "type_id": "opencv-matrix",
        "rows": 1,
        "cols": 18,
        "dt": "3f",
        "data": [ 4.23288330e+02, 1.12058647e+02, 5.90853214e-01,
            4.09240997e+02, 1.54347946e+02, 8.25731993e-01,
            3.82198425e+02, 1.54373642e+02, 7.84586191e-01,
            3.70439240e+02, 2.00148392e+02, 6.69245183e-01,
            3.75142731e+02, 2.40043991e+02, 5.72211921e-01,
            4.37401245e+02, 1.54328415e+02, 7.14043856e-01,
            4.53822144e+02, 2.01291550e+02, 3.28212827e-01,
            4.46763611e+02, 2.35372086e+02, 2.80830324e-01,
            3.90394440e+02, 2.45963455e+02, 6.40136838e-01,
            3.81020935e+02, 3.04639374e+02, 8.06987882e-01,
            3.79871277e+02, 3.52836700e+02, 8.39345038e-01,
            4.26759949e+02, 2.48277740e+02, 6.29582047e-01,
            4.19742615e+02, 3.10553925e+02, 7.58441687e-01,
            4.15060181e+02, 3.62206421e+02, 7.72996843e-01,
            4.17384827e+02, 1.07380096e+02, 6.92152143e-01,
            4.25621948e+02, 1.07358963e+02, 5.39610088e-01,
            3.99772888e+02, 1.12049927e+02, 6.13228142e-01, 0.0, 0.0,
            0.0 ]
    }
}
