{
    "pose_0": {
        "type_id": "opencv-matrix",
        "rows": 1,
        "cols": 18,
        "dt": "3f",
        "data": [ 3.81043518e+02, 1.17917542e+02, 5.43176770e-01,
            3.83335175e+02, 1.54299194e+02, 8.30533147e-01,
            3.57505371e+02, 1.52012802e+02, 7.31634200e-01,
            3.48104614e+02, 1.94288437e+02, 2.93716490e-01,
            3.51617554e+02, 2.25981049e+02, 1.77564323e-01,
            4.09228821e+02, 1.55478745e+02, 8.16496789e-01,
            4.17350494e+02, 2.00140518e+02, 4.35969204e-01,
            4.12707092e+02, 2.38883636e+02, 1.88203096e-01,
            3.63405365e+02, 2.38890381e+02, 6.25689983e-01,
            3.70443481e+02, 3.02308289e+02, 7.76670635e-01,
            3.79798584e+02, 3.58690369e+02, 8.27916265e-01,
            3.97425781e+02, 2.40055984e+02, 6.16780698e-01,
            3.97457520e+02, 3.03461182e+02, 7.60337353e-01,
            4.00986664e+02, 3.58694824e+02, 7.07020402e-01,
            3.78665039e+02, 1.10875450e+02, 5.52861869e-01,
            3.89197540e+02, 1.12059402e+02, 5.38660526e-01,
            3.71624573e+02, 1.13241646e+02, 3.53695214e-01,
            3.98610504e+02, 1.16697296e+02, 6.57581627e-01 ]
    }
}
