{
    "pose_0": {
        "type_id": "opencv-matrix",
        "rows": 1,
        "cols": 18,
        "dt": "3f",
        "data": [ 3.69228668e+02, 1.20294159e+02, 8.44983876e-01,
            3.79799164e+02, 1.52005905e+02, 8.34987223e-01,
            3.56352539e+02, 1.37925644e+02, 7.18326628e-01,
            3.15235748e+02, 1.26184761e+02, 7.13405609e-01,
            2.72948212e+02, 1.15603226e+02, 7.45617449e-01,
            3.99849030e+02, 1.63710907e+02, 8.01227868e-01,
            4.17358856e+02, 2.02542786e+02, 7.53266692e-01,
            4.25631989e+02, 2.41283890e+02, 7.53654063e-01,
            3.43477570e+02, 2.38912552e+02, 7.11765587e-01,
            3.27009827e+02, 2.96400330e+02, 8.41983497e-01,
            3.56354584e+02, 3.52814087e+02, 7.99314916e-01,
            3.71664581e+02, 2.47090347e+02, 6.63390696e-01,
            3.81045471e+02, 3.09355194e+02, 7.57250011e-01,
            3.89269043e+02, 3.68098358e+02, 8.21475983e-01,
            3.64574402e+02, 1.15574760e+02, 8.36253405e-01,
            3.73947968e+02, 1.16742256e+02, 9.17981207e-01, 0.0, 0.0,
            0.0, 3.91610809e+02, 1.16753853e+02, 9.35636699e-01 ]
    }
}
