{
    "pose_0": {
        "type_id": "opencv-matrix",
        "rows": 1,
        "cols": 18,
        "dt": "3f",
        "data": [ 3.64589569e+02, 1.23790710e+02, 8.34499121e-01,
            3.73938293e+02, 1.46132019e+02, 8.60064685e-01,
            3.50451630e+02, 1.37905884e+02, 7.66414821e-01,
            3.16445068e+02, 1.51974915e+02, 7.50082016e-01,
            2.88202698e+02, 1.75462524e+02, 7.79881060e-01,
            3.99749023e+02, 1.54307983e+02, 8.02595019e-01,
            4.19773071e+02, 1.89576553e+02, 6.90657139e-01,
            4.38575653e+02, 1.55562302e+02, 7.26181090e-01,
            3.43387329e+02, 2.37731003e+02, 6.88131094e-01,
            3.51657440e+02, 3.04679565e+02, 7.51109898e-01,
            3.71580261e+02, 3.61015717e+02, 8.04315150e-01,
            3.71652924e+02, 2.41244690e+02, 6.70419276e-01,
            3.71575256e+02, 3.04663147e+02, 7.44530916e-01,
            3.89242523e+02, 3.65743591e+02, 7.61887312e-01,
            3.62242401e+02, 1.16740723e+02, 9.27362204e-01,
            3.71642151e+02, 1.17891487e+02, 9.47555482e-01, 0.0, 0.0,
            0.0, 3.90380859e+02, 1.17885490e+02, 9.53392565e-01 ]
    }
}
