{
    "pose_0": {
        "type_id": "opencv-matrix",
        "rows": 1,
        "cols": 18,
        "dt": "3f",
        "data": [ 3.81031433e+02, 1.15609497e+02, 9.26363409e-01,
            3.71641113e+02, 1.46152557e+02, 9.04219627e-01,
            3.43456146e+02, 1.51980118e+02, 7.93814659e-01,
            3.22257385e+02, 1.90722549e+02, 7.73480773e-01,
            2.96493683e+02, 2.24828262e+02, 7.83115208e-01,
            3.99799500e+02, 1.43763138e+02, 8.40395033e-01,
            4.25584259e+02, 1.76672394e+02, 7.90690184e-01,
            4.53781067e+02, 1.94257324e+02, 8.12773824e-01,
            3.52871002e+02, 2.43587982e+02, 6.90431952e-01,
            3.45764008e+02, 2.99981079e+02, 7.81946540e-01,
            3.59848602e+02, 3.52836090e+02, 8.17702711e-01,
            3.90440247e+02, 2.43603195e+02, 6.73657537e-01,
            3.89202148e+02, 3.09373749e+02, 7.78251529e-01,
            3.88027740e+02, 3.65748047e+02, 7.72534788e-01,
            3.75122131e+02, 1.08520073e+02, 8.91353667e-01,
            3.86892548e+02, 1.08535400e+02, 9.35528755e-01,
            3.61038879e+02, 1.09728317e+02, 9.59243119e-01, 0.0, 0.0,
            0.0 ]
    }
}
