{
    "pose_0": {
        "type_id": "opencv-matrix",
        "rows": 1,
        "cols": 18,
        "dt": "3f",
        "data": [ 3.99824463e+02, 1.16741600e+02, 7.26169705e-01,
            4.04492371e+02, 1.52012970e+02, 8.12216878e-01,
            3.79784821e+02, 1.48456085e+02, 8.07837188e-01,
            3.63366364e+02, 1.90755814e+02, 3.64124775e-01,
            3.62195831e+02, 2.24821777e+02, 2.13973761e-01,
            4.28035492e+02, 1.54350922e+02, 8.16052318e-01,
            4.40880768e+02, 2.00126785e+02, 5.31145930e-01,
            4.36182678e+02, 2.30687500e+02, 4.41708982e-01,
            3.73974609e+02, 2.36539246e+02, 6.14292741e-01,
            3.55174133e+02, 2.94103241e+02, 7.94066191e-01,
            3.98608551e+02, 3.23479218e+02, 6.76863253e-01,
            4.09226227e+02, 2.40068817e+02, 6.29068315e-01,
            4.06824554e+02, 3.03467316e+02, 6.46555007e-01,
            4.04488495e+02, 3.61067810e+02, 6.85623229e-01,
            3.97401306e+02, 1.08578377e+02, 7.46410370e-01,
            4.07992004e+02, 1.09714241e+02, 7.21428037e-01,
            3.90374786e+02, 1.09735306e+02, 2.91165382e-01,
            4.18551056e+02, 1.14397255e+02, 7.41748571e-01 ]
    }
}
