{
    "pose_0": {
        "type_id": "opencv-matrix",
        "rows": 1,
        "cols": 18,
        "dt": "3f",
        "data": [ 3.88070221e+02, 1.26116676e+02, 9.50615168e-01,
            3.79852051e+02, 1.48459213e+02, 8.18376601e-01,
            3.56344604e+02, 1.34352509e+02, 6.59036219e-01,
            3.22288971e+02, 1.17921600e+02, 8.01006675e-01,
            2.95260284e+02, 9.09040527e+01, 8.39221597e-01,
            4.03297272e+02, 1.63679886e+02, 7.63335824e-01,
            4.10365601e+02, 2.06022156e+02, 7.46036112e-01,
            4.23294891e+02, 2.47131851e+02, 7.68660665e-01,
            3.35201569e+02, 2.38902618e+02, 6.69997692e-01,
            3.43452820e+02, 3.05845520e+02, 7.77769089e-01,
            3.62226440e+02, 3.59859619e+02, 8.14078152e-01,
            3.63375580e+02, 2.45919312e+02, 6.54078960e-01,
            3.70384583e+02, 3.04683746e+02, 7.57587552e-01,
            3.90351685e+02, 3.62178406e+02, 8.10270309e-01,
            3.81060516e+02, 1.16740730e+02, 9.39816236e-01,
            3.97425629e+02, 1.17996696e+02, 8.89049828e-01,
            3.76322266e+02, 1.14427177e+02, 5.20208061e-01,
            4.04502838e+02, 1.22611572e+02, 6.85966134e-01 ]
    }
}
