{
    "pose_0": {
        "type_id": "opencv-matrix",
        "rows": 1,
        "cols": 18,
        "dt": "3f",
        "data": [ 3.65748383e+02, 1.12076645e+02, 8.40453327e-01,
            3.69211639e+02, 1.48490524e+02, 8.33823860e-01,
            3.41093353e+02, 1.54389618e+02, 8.60443711e-01,
            3.23409241e+02, 1.93107422e+02, 8.50986421e-01,
            2.88218262e+02, 2.01350006e+02, 7.93985963e-01,
            3.96243317e+02, 1.44907425e+02, 8.14430356e-01,
            4.19751801e+02, 1.74316193e+02, 7.48429477e-01,
            4.33829803e+02, 1.64931274e+02, 7.72951245e-01,
            3.54031677e+02, 2.47133926e+02, 6.79513693e-01,
            3.61006348e+02, 3.07018188e+02, 7.41413772e-01,
            3.70380981e+02, 3.63391907e+02, 7.95058191e-01,
            3.89212097e+02, 2.44761230e+02, 6.85237885e-01,
            3.83372192e+02, 3.07008209e+02, 7.08368361e-01,
            3.88037201e+02, 3.68075409e+02, 7.77071953e-01,
            3.61006439e+02, 1.07333092e+02, 9.80117440e-01,
            3.71640228e+02, 1.07373451e+02, 9.58996296e-01,
            3.51655121e+02, 1.08608948e+02, 8.75731230e-01,
            3.79862732e+02, 1.10881989e+02, 7.99516141e-01 ]
    }
}
