{
    "pose_0": {
        "type_id": "opencv-matrix",
        "rows": 1,
        "cols": 18,
        "dt": "3f",
        "data": [ 3.52788269e+02, 1.16733765e+02, 9.66340899e-01,
            3.51689941e+02, 1.48474167e+02, 8.80523086e-01,
            3.27001282e+02, 1.60207092e+02, 7.55354404e-01,
            2.96458588e+02, 1.87212738e+02, 6.94582224e-01,
            2.61228577e+02, 2.11856430e+02, 8.43488991e-01,
            3.75141510e+02, 1.37908035e+02, 7.58981884e-01,
            4.04468201e+02, 1.26154877e+02, 7.77401507e-01,
            4.25592773e+02, 1.06207329e+02, 8.27674389e-01,
            3.63406921e+02, 2.37694519e+02, 6.11153781e-01,
            3.79822571e+02, 3.01121979e+02, 7.56372333e-01,
            3.63388153e+02, 3.62173279e+02, 5.99418104e-01,
            3.90407806e+02, 2.29520981e+02, 6.14066005e-01,
            3.86884857e+02, 3.02293549e+02, 6.49101496e-01,
            3.71596436e+02, 3.60992798e+02, 5.49094975e-01,
            3.43490479e+02, 1.09713692e+02, 9.25472558e-01,
            3.54040405e+02, 1.08533585e+02, 8.93103361e-01,
            3.31656158e+02, 1.15591911e+02, 9.04269576e-01, 0.0, 0.0,
            0.0 ]
    }
}
