{
    "pose_0": {
        "type_id": "opencv-matrix",
        "rows": 1,
        "cols": 18,
        "dt": "3f",
        "data": [ 4.11547943e+02, 1.16773506e+02, 6.13771021e-01,
            4.10357635e+02, 1.52004181e+02, 8.33750308e-01,
            3.84528107e+02, 1.47329636e+02, 7.90673077e-01,
            3.72789642e+02, 1.90756165e+02, 4.44543570e-01,
            3.77484985e+02, 2.21313263e+02, 2.57778734e-01,
            4.36225494e+02, 1.54366135e+02, 8.04814935e-01,
            4.44427246e+02, 2.02470352e+02, 4.84526664e-01,
            4.25634247e+02, 2.20124069e+02, 2.98327297e-01,
            3.83365570e+02, 2.38865097e+02, 6.40128195e-01,
            3.71649506e+02, 2.99971283e+02, 8.00198674e-01,
            3.71652985e+02, 3.61014374e+02, 8.28225851e-01,
            4.18611084e+02, 2.42421738e+02, 6.06275558e-01,
            4.16224030e+02, 3.05860107e+02, 7.86230862e-01,
            4.10377716e+02, 3.63393555e+02, 7.80550241e-01,
            4.08011200e+02, 1.09698029e+02, 6.77248180e-01,
            4.18589996e+02, 1.10885902e+02, 6.39444470e-01,
            3.99844208e+02, 1.12072159e+02, 3.65961432e-01,
            4.27980957e+02, 1.16716705e+02, 7.10998297e-01 ]
    }
}
