{
    "pose_0": {
        "type_id": "opencv-matrix",
        "rows": 1,
        "cols": 18,
        "dt": "3f",
        "data": [ 3.64583771e+02, 1.16815475e+02, 9.26289618e-01,
            3.63381287e+02, 1.43760513e+02, 8.51869226e-01,
            3.38724335e+02, 1.36787994e+02, 7.94330597e-01,
            3.24681366e+02, 1.74330612e+02, 7.84752369e-01,
            3.69231598e+02, 1.75477737e+02, 8.14412951e-01,
            3.90394897e+02, 1.46113998e+02, 8.37009668e-01,
            4.30307007e+02, 1.57851685e+02, 7.39373803e-01,
            4.25621429e+02, 1.29687836e+02, 8.54928792e-01,
            3.43472015e+02, 2.38912384e+02, 6.82345808e-01,
            3.43481262e+02, 3.05800568e+02, 8.19620371e-01,
            3.51649628e+02, 3.66906830e+02, 7.97673464e-01,
            3.79798706e+02, 2.40075607e+02, 7.13577986e-01,
            3.72777466e+02, 3.06994476e+02, 7.96045601e-01,
            3.71572479e+02, 3.63398773e+02, 8.32850456e-01,
            3.60970245e+02, 1.09747284e+02, 8.85141671e-01,
            3.71593872e+02, 1.09728462e+02, 9.49481368e-01,
            3.51648499e+02, 1.10894501e+02, 7.32133925e-01,
            3.79866516e+02, 1.14382980e+02, 8.21591496e-01 ]
    }
}
