{
    "pose_0": {
        "type_id": "opencv-matrix",
        "rows": 1,
        "cols": 18,
        "dt": "3f",
        "data": [ 3.71608185e+02, 1.19114380e+02, 9.35448050e-01,
            3.70411285e+02, 1.49661438e+02, 8.58869612e-01,
            3.41089752e+02, 1.44984207e+02, 8.27509999e-01,
            3.05855255e+02, 1.66131775e+02, 7.93496490e-01,
            2.71772247e+02, 1.83716995e+02, 8.59013736e-01,
            3.98592926e+02, 1.54346146e+02, 8.31664979e-01,
            4.31485962e+02, 1.73169220e+02, 7.61468291e-01,
            4.36182739e+02, 1.37924362e+02, 8.78883719e-01,
            3.43398376e+02, 2.42414688e+02, 6.69571042e-01,
            3.43471588e+02, 3.08212372e+02, 7.56811678e-01,
            3.51647644e+02, 3.62247894e+02, 8.03223073e-01,
            3.79805939e+02, 2.47125519e+02, 6.92077935e-01,
            3.75119751e+02, 3.12847321e+02, 7.31312037e-01,
            3.78651031e+02, 3.63399261e+02, 7.65210688e-01,
            3.64572815e+02, 1.15541405e+02, 8.41208816e-01,
            3.78670776e+02, 1.14408112e+02, 8.82382631e-01,
            3.57514008e+02, 1.15565811e+02, 7.85298109e-01,
            3.88015656e+02, 1.16701553e+02, 8.61617684e-01 ]
    }
}
