{
    "pose_0": {
        "type_id": "opencv-matrix",
        "rows": 1,
        "cols": 18,
        "dt": "3f",
        "data": [ 3.89244263e+02, 1.13220085e+02, 6.22789919e-01,
            3.91605072e+02, 1.47322571e+02, 8.12752306e-01,
            3.65743622e+02, 1.43745438e+02, 7.26417184e-01,
            3.25835663e+02, 1.36698730e+02, 7.38722444e-01,
            2.85916779e+02, 1.16768311e+02, 8.03532720e-01,
            4.19753174e+02, 1.54370453e+02, 7.84527957e-01,
            4.50286011e+02, 1.75464050e+02, 7.71296144e-01,
            4.76109863e+02, 1.75474350e+02, 7.80624449e-01,
            3.62214905e+02, 2.38904572e+02, 3.69866580e-01, 
            3.34026611e+02, 2.94068878e+02, 8.06683898e-01,
            3.52778473e+02, 3.56321808e+02, 7.76699603e-01,
            3.89178589e+02, 2.45953430e+02,3.45214307e-01, 
            3.90348267e+02, 3.50443726e+02, 8.08970332e-01,
            3.82201630e+02, 2.35377640e+02, 5.01074433e-01,
            3.85684631e+02,1.07307716e+02, 6.80461407e-01, 
            3.97414948e+02,1.07374420e+02, 6.68030560e-01, 
            3.80988068e+02,1.07410362e+02, 1.94939792e-01, 
            4.08045959e+02,1.12051140e+02, 7.56295979e-01 ]
    }
}
