{
    "pose_0": {
        "type_id": "opencv-matrix",
        "rows": 1,
        "cols": 18,
        "dt": "3f",
        "data": [ 3.68058075e+02, 1.19133087e+02, 8.57291698e-01,
            3.62257019e+02, 1.47327576e+02, 8.72309327e-01,
            3.35230652e+02, 1.51983673e+02, 7.77075827e-01,
            3.03454529e+02, 1.74267487e+02, 8.08694065e-01,
            2.72969208e+02, 1.55469635e+02, 7.52078295e-01,
            3.90360382e+02, 1.46098022e+02, 8.51768076e-01,
            4.26777893e+02, 1.66080261e+02, 7.73613989e-01,
            4.25619659e+02, 1.80179321e+02, 8.25436831e-01,
            3.51579865e+02, 2.40114349e+02, 6.86785460e-01,
            3.52830292e+02, 3.04626862e+02, 8.01176548e-01,
            3.69268646e+02, 3.60994873e+02, 8.22114944e-01,
            3.81060669e+02, 2.40075943e+02, 6.71644092e-01,
            3.81031921e+02, 3.04650024e+02, 7.94349551e-01,
            3.91596405e+02, 3.66898560e+02, 7.75074959e-01,
            3.61040588e+02, 1.14423882e+02, 9.21992242e-01,
            3.71634796e+02, 1.15551857e+02, 9.06561971e-01,
            3.50426636e+02, 1.14422615e+02, 8.56292009e-01,
            3.79813995e+02, 1.15580254e+02, 3.08530778e-01 ]
    }
}
