{
    "pose_0": {
        "type_id": "opencv-matrix",
        "rows": 1,
        "cols": 18,
        "dt": "3f",
        "data": [ 3.75118622e+02, 1.16741783e+02, 7.23967075e-01,
            3.81006897e+02, 1.54319565e+02, 8.96632195e-01,
            3.52872681e+02, 1.54299896e+02, 8.12044263e-01,
            3.37560577e+02, 1.94303879e+02, 7.32418895e-01,
            3.25792511e+02, 2.31839264e+02, 7.46211171e-01,
            4.09155518e+02, 1.54352478e+02, 8.53721082e-01,
            4.16246735e+02, 2.01278366e+02, 6.06567383e-01,
            4.16244568e+02, 2.37730255e+02, 4.42783624e-01,
            3.65719299e+02, 2.40068924e+02, 6.57094359e-01,
            3.70469238e+02, 3.01157318e+02, 7.74798512e-01,
            3.79797089e+02, 3.57495605e+02, 8.26898456e-01,
            3.98565491e+02, 2.40092819e+02, 6.55063450e-01,
            3.98617981e+02, 3.01150360e+02, 7.74184585e-01,
            4.00980835e+02, 3.54015808e+02, 7.32331455e-01,
            3.71581146e+02, 1.08601234e+02, 7.81411290e-01,
            3.81020874e+02, 1.09699020e+02, 7.50619471e-01,
            3.66904114e+02, 1.14414932e+02, 1.17166631e-01,
            3.93934540e+02, 1.13218735e+02, 7.37053573e-01 ]
    }
}
