{
    "pose_0": {
        "type_id": "opencv-matrix",
        "rows": 1,
        "cols": 18,
        "dt": "3f",
        "data": [ 3.89241699e+02, 1.15568695e+02, 3.25715154e-01,
            3.91606018e+02, 1.53126404e+02, 7.70869613e-01,
            3.70385529e+02, 1.55478973e+02, 7.18394995e-01,
            3.63409729e+02, 1.94278214e+02, 2.23056868e-01,
            3.72815125e+02, 2.24796906e+02, 1.47740558e-01,
            4.17449951e+02, 1.47298676e+02, 7.87256300e-01,
            4.37365204e+02, 1.91951004e+02, 7.12724030e-01,
            4.42087341e+02, 2.29526688e+02, 7.32305408e-01,
            3.81058228e+02, 2.40061356e+02, 6.82231784e-01,
            3.79861420e+02, 3.03478210e+02, 8.06834817e-01,
            3.79814056e+02, 3.59845032e+02, 8.33709478e-01,
            4.17395721e+02, 2.40056610e+02, 6.59801066e-01,
            4.17356445e+02, 3.04703735e+02, 7.95564771e-01,
            4.15075806e+02, 3.61050232e+02, 7.61128306e-01,
            3.82182281e+02, 1.08553444e+02, 3.60071212e-01,
            3.92755707e+02, 1.07351212e+02, 3.54542702e-01,
            3.73962036e+02, 1.15595871e+02, 3.22076201e-01,
            3.98566010e+02, 1.09720108e+02, 2.36859441e-01 ]
    }
}
