{
    "pose_0": {
        "type_id": "opencv-matrix",
        "rows": 1,
        "cols": 18,
        "dt": "3f",
        "data": [ 4.07967072e+02, 1.16762077e+02, 6.34960175e-01,
            4.08009399e+02, 1.52008087e+02, 8.65579367e-01,
            3.80998840e+02, 1.47295319e+02, 8.37054193e-01,
            3.69232910e+02, 1.89567825e+02, 3.86641324e-01,
            3.72793762e+02, 2.11883682e+02, 1.21548280e-01,
            4.31519958e+02, 1.54369492e+02, 7.88989842e-01,
            4.37347687e+02, 2.01331482e+02, 4.67170596e-01,
            4.17413391e+02, 2.18920227e+02, 1.80646628e-01,
            3.81004089e+02, 2.37718597e+02, 6.68720484e-01,
            3.71639771e+02, 3.03480286e+02, 7.84112811e-01,
            3.71634155e+02, 3.62207336e+02, 8.25633049e-01,
            4.16215149e+02, 2.41253433e+02, 6.11546755e-01,
            4.11523621e+02, 3.05870209e+02, 7.47740448e-01,
            4.10377869e+02, 3.64542267e+02, 7.73299515e-01,
            4.00962402e+02, 1.08602303e+02, 6.73615396e-01,
            4.13863770e+02, 1.09727165e+02, 6.43840611e-01,
            3.97416443e+02, 1.13220757e+02, 3.00757825e-01,
            4.25579834e+02, 1.15576912e+02, 7.01581657e-01 ]
    }
}
