{
    "pose_0": {
        "type_id": "opencv-matrix",
        "rows": 1,
        "cols": 18,
        "dt": "3f",
        "data": [ 3.82214569e+02, 1.27310226e+02, 9.48014319e-01,
            3.79852661e+02, 1.50803162e+02, 8.56668770e-01,
            3.55184113e+02, 1.37925354e+02, 7.49758601e-01,
            3.16405670e+02, 1.23830734e+02, 7.04271436e-01,
            2.88253632e+02, 9.56302490e+01, 7.52152801e-01,
            4.02162018e+02, 1.59063095e+02, 7.55605042e-01,
            4.08001160e+02, 2.04836823e+02, 7.53647149e-01,
            4.19762970e+02, 2.48330994e+02, 8.18842530e-01,
            3.32876648e+02, 2.36559937e+02, 6.69677973e-01,
            3.36401001e+02, 3.04627197e+02, 7.04374909e-01,
            3.61030426e+02, 3.56362396e+02, 7.87298262e-01,
            3.59873840e+02, 2.42447067e+02, 6.49389207e-01,
            3.55151642e+02, 3.02334595e+02, 6.69539928e-01,
            3.84538147e+02, 3.63371643e+02, 7.19705105e-01,
            3.79756409e+02, 1.19090538e+02, 9.23294008e-01,
            3.90399414e+02, 1.19146370e+02, 9.25579369e-01,
            3.71603271e+02, 1.16781654e+02, 4.18766588e-01,
            4.00969208e+02, 1.19134438e+02, 8.26123834e-01 ]
    }
}
