{
    "pose_0": {
        "type_id": "opencv-matrix",
        "rows": 1,
        "cols": 18,
        "dt": "3f",
        "data": [ 4.29138031e+02, 1.15547806e+02, 7.23377407e-01,
            4.17350342e+02, 1.54338593e+02, 9.01011467e-01,
            3.88007996e+02, 1.51970718e+02, 7.90230632e-01,
            3.70377991e+02, 1.93080917e+02, 7.81399369e-01,
            3.61053070e+02, 2.30669540e+02, 8.57633352e-01,
            4.45586975e+02, 1.55562866e+02, 7.93078184e-01,
            4.56199310e+02, 2.01323792e+02, 5.90314746e-01,
            4.46778168e+02, 2.36527298e+02, 5.39414465e-01,
            3.90369568e+02, 2.40084610e+02, 6.87536716e-01,
            3.79846283e+02, 2.98788605e+02, 8.22249830e-01,
            3.80981628e+02, 3.55170715e+02, 8.10276568e-01,
            4.26772400e+02, 2.45956970e+02, 6.56577945e-01,
            4.18587341e+02, 3.05868744e+02, 8.25568676e-01,
            4.16196686e+02, 3.61020355e+02, 7.94075549e-01,
            4.24451355e+02, 1.08509270e+02, 7.72517979e-01,
            4.33835968e+02, 1.08507706e+02, 7.28286266e-01,
            4.07963013e+02, 1.10906746e+02, 7.76389182e-01, 0.0, 0.0,
            0.0 ]
    }
}
