{
    "pose_0": {
        "type_id": "opencv-matrix",
        "rows": 1,
        "cols": 18,
        "dt": "3f",
        "data": [ 3.89264618e+02, 1.15593269e+02, 6.28763795e-01,
            3.88052887e+02, 1.47325424e+02, 8.31892967e-01,
            3.61011566e+02, 1.42615906e+02, 7.67387331e-01,
            3.22283997e+02, 1.27323547e+02, 7.80973256e-01,
            2.88260956e+02, 9.79935074e+01, 7.77257204e-01,
            4.15061523e+02, 1.55493378e+02, 7.85266995e-01,
            4.37369049e+02, 1.75474869e+02, 8.38976741e-01,
            4.73798706e+02, 1.81319641e+02, 8.32633615e-01,
            3.50435608e+02, 2.34209579e+02, 6.33919299e-01,
            3.34000214e+02, 2.96418854e+02, 7.64848888e-01,
            3.52878510e+02, 3.61003326e+02, 7.37733006e-01,
            3.79805115e+02, 2.41251892e+02, 6.87778115e-01,
            3.63407867e+02, 2.95264618e+02, 6.87532365e-01,
            3.81001892e+02, 3.52826233e+02, 6.93517208e-01,
            3.83369659e+02, 1.07404015e+02, 6.53495371e-01,
            3.97448700e+02, 1.08529198e+02, 6.67865515e-01,
            3.78611450e+02, 1.08579712e+02, 5.11721075e-01,
            4.06798370e+02, 1.14396851e+02, 6.83973968e-01 ]
    }
}
