{
    "pose_0": {
        "type_id": "opencv-matrix",
        "rows": 1,
        "cols": 18,
        "dt": "3f",
        "data": [ 3.73974060e+02, 1.26089920e+02, 8.46760154e-01,
            3.86862030e+02, 1.48488098e+02, 7.73494065e-01,
            3.62265564e+02, 1.34376160e+02, 7.11520076e-01,
            3.30494171e+02, 1.15572983e+02, 7.78702259e-01,
            2.99971497e+02, 8.74211121e+01, 7.60070205e-01,
            4.09158997e+02, 1.63693573e+02, 8.23596358e-01,
            4.16190338e+02, 2.09515411e+02, 7.89659142e-01,
            4.10403778e+02, 2.49430115e+02, 8.27000380e-01,
            3.38736145e+02, 2.29492371e+02, 6.54090822e-01,
            3.24678131e+02, 2.95254059e+02, 8.32115352e-01,
            3.55151276e+02, 3.55155151e+02, 6.99557006e-01,
            3.65714386e+02, 2.38918915e+02, 6.52726591e-01,
            3.43409210e+02, 2.97599792e+02, 7.78878450e-01,
            3.78647766e+02, 3.59832520e+02, 7.19761372e-01,
            3.71646271e+02, 1.17927628e+02, 8.60145271e-01,
            3.81028931e+02, 1.19098862e+02, 9.53516960e-01, 0.0, 0.0,
            0.0, 3.99780640e+02, 1.19115250e+02, 9.64851379e-01 ]
    }
}
