{
    "pose_0": {
        "type_id": "opencv-matrix",
        "rows": 1,
        "cols": 18,
        "dt": "3f",
        "data": [ 3.89203674e+02, 1.15574036e+02, 4.53361630e-01,
            3.89198212e+02, 1.54357254e+02, 7.98580766e-01,
            3.62228760e+02, 1.50831390e+02, 6.46929264e-01,
            3.52809814e+02, 1.91905716e+02, 9.64897200e-02, 0.0, 0.0,
            0.0, 4.13872345e+02, 1.56701736e+02, 6.83696508e-01,
            4.13867340e+02, 2.01330933e+02, 2.25788951e-01,
            4.12702789e+02, 2.44759735e+02, 1.37856305e-01,
            3.68081696e+02, 2.38918900e+02, 5.63277483e-01,
            3.70453644e+02, 2.99971924e+02, 5.35981536e-01,
            3.80945404e+02, 3.55163239e+02, 4.59079444e-01,
            3.96262848e+02, 2.41239517e+02, 5.30365884e-01,
            3.98569397e+02, 2.99957703e+02, 4.77679551e-01,
            3.97427856e+02, 3.60986359e+02, 3.29697788e-01,
            3.85680756e+02, 1.08524834e+02, 5.03834665e-01,
            3.95109833e+02, 1.08580261e+02, 5.12117445e-01,
            3.80970551e+02, 1.12056778e+02, 2.10810304e-01,
            4.06801758e+02, 1.16737411e+02, 6.17244780e-01 ]
    }
}
