{
    "pose_0": {
        "type_id": "opencv-matrix",
        "rows": 1,
        "cols": 18,
        "dt": "3f",
        "data": [ 3.71619446e+02, 1.15568695e+02, 7.17299461e-01,
            3.71646027e+02, 1.54289505e+02, 9.03868437e-01,
            3.43471954e+02, 1.55536026e+02, 8.60876322e-01,
            3.35242584e+02, 2.02468826e+02, 7.47779727e-01,
            3.38734772e+02, 2.40099075e+02, 7.57565320e-01,
            3.99827179e+02, 1.49649338e+02, 8.24279070e-01,
            4.10381805e+02, 1.93140625e+02, 7.84856021e-01,
            4.17350861e+02, 2.30687744e+02, 8.28881204e-01,
            3.61048096e+02, 2.47088028e+02, 6.91485703e-01,
            3.62277496e+02, 3.04696228e+02, 7.44917512e-01,
            3.71593781e+02, 3.62208008e+02, 6.81529224e-01,
            3.93935425e+02, 2.42430725e+02, 6.40904844e-01,
            3.97421783e+02, 3.04636749e+02, 7.42398262e-01,
            3.99788300e+02, 3.63378296e+02, 5.07632673e-01,
            3.64564362e+02, 1.08529663e+02, 7.40275323e-01,
            3.78629120e+02, 1.08508881e+02, 7.88922429e-01,
            3.55164185e+02, 1.12064384e+02, 6.59153283e-01,
            3.83340881e+02, 1.12072258e+02, 6.23926461e-01 ]
    }
}
