{
    "pose_0": {
        "type_id": "opencv-matrix",
        "rows": 1,
        "cols": 18,
        "dt": "3f",
        "data": [ 4.00968384e+02, 1.16774612e+02, 2.12108463e-01,
            3.99826843e+02, 1.53153442e+02, 8.02473187e-01,
            3.77491943e+02, 1.54388443e+02, 7.27010846e-01,
            3.70399780e+02, 1.98951324e+02, 3.08025420e-01,
            3.76297119e+02, 2.16585480e+02, 5.69342300e-02,
            4.26771515e+02, 1.48466171e+02, 7.58362353e-01,
            4.44417816e+02, 1.94289688e+02, 5.69449544e-01,
            4.45582092e+02, 2.35387589e+02, 5.93799770e-01,
            3.89257141e+02, 2.41277298e+02, 6.62641823e-01,
            3.82181763e+02, 3.04635651e+02, 7.76143074e-01,
            3.79847839e+02, 3.53978241e+02, 8.23561192e-01,
            4.25595642e+02, 2.44768326e+02, 6.14565492e-01,
            4.18621399e+02, 3.07045898e+02, 7.72066474e-01,
            4.16210297e+02, 3.62196564e+02, 7.69649744e-01,
            3.93925812e+02, 1.09731758e+02, 2.24632993e-01,
            4.04493317e+02, 1.08532738e+02, 2.44213268e-01,
            3.88023254e+02, 1.16744255e+02, 2.88312674e-01,
            4.07960968e+02, 1.13256104e+02, 2.38934845e-01 ]
    }
}
