{
    "pose_0": {
        "type_id": "opencv-matrix",
        "rows": 1,
        "cols": 18,
        "dt": "3f",
        "data": [ 4.03321045e+02, 1.13248947e+02, 1.72378778e-01,
            3.98603729e+02, 1.51998550e+02, 7.39427924e-01,
            3.72811859e+02, 1.54348160e+02, 6.31860018e-01,
            3.68077148e+02, 1.94295441e+02, 2.04516038e-01,
            3.78624146e+02, 2.20099854e+02, 6.60849065e-02,
            4.22109253e+02, 1.47331848e+02, 7.13540673e-01,
            4.38572632e+02, 1.96641418e+02, 6.08314931e-01,
            4.44415405e+02, 2.36534515e+02, 6.65755630e-01,
            3.88048492e+02, 2.40104752e+02, 6.55826569e-01,
            3.81009369e+02, 3.04669525e+02, 8.14315438e-01,
            3.79825836e+02, 3.58676392e+02, 8.14912319e-01,
            4.19788300e+02, 2.43595795e+02, 6.02426529e-01,
            4.18529175e+02, 3.08190338e+02, 7.86110759e-01,
            4.15069641e+02, 3.62237091e+02, 7.52746344e-01,
            3.98631256e+02, 1.07394203e+02, 2.04705581e-01, 0.0, 0.0,
            0.0, 3.91572723e+02, 1.12081451e+02, 2.40203187e-01,
            3.96244568e+02, 1.15595879e+02, 1.13767803e-01 ]
    }
}
