{
    "pose_0": {
        "type_id": "opencv-matrix",
        "rows": 1,
        "cols": 18,
        "dt": "3f",
        "data": [ 3.65733521e+02, 1.16802834e+02, 8.93760741e-01,
            3.59866394e+02, 1.48472641e+02, 8.26874375e-01,
            3.34040161e+02, 1.56704193e+02, 7.80254543e-01,
            3.12852661e+02, 1.90741913e+02, 7.04955399e-01,
            2.77692596e+02, 1.95466721e+02, 8.44082892e-01,
            3.82201691e+02, 1.41406723e+02, 7.49688327e-01,
            4.22091095e+02, 1.40247452e+02, 7.40502119e-01,
            4.49116852e+02, 1.23779671e+02, 8.04324150e-01,
            3.60987061e+02, 2.48303818e+02, 6.99779510e-01,
            3.63408722e+02, 3.05864166e+02, 8.11156988e-01,
            3.50488556e+02, 3.62175171e+02, 8.70519400e-01,
            3.91596069e+02, 2.42424835e+02, 6.67941332e-01,
            3.99779999e+02, 3.05796539e+02, 9.20995772e-01,
            3.79874695e+02, 3.60990387e+02, 8.52816343e-01,
            3.59870941e+02, 1.09744118e+02, 8.97172272e-01,
            3.70414154e+02, 1.09702881e+02, 9.46498036e-01,
            3.43444214e+02, 1.12058586e+02, 9.28872406e-01, 0.0, 0.0,
            0.0 ]
    }
}
