{
    "pose_0": {
        "type_id": "opencv-matrix",
        "rows": 1,
        "cols": 18,
        "dt": "3f",
        "data": [ 3.77447083e+02, 1.22614784e+02, 8.70240569e-01,
            3.71638092e+02, 1.44975983e+02, 9.21749115e-01,
            3.44587280e+02, 1.35581543e+02, 7.88149774e-01,
            3.07037598e+02, 1.24983276e+02, 7.34390974e-01,
            2.87012787e+02, 9.79449692e+01, 8.21764886e-01,
            3.99796234e+02, 1.54304840e+02, 8.37963998e-01,
            4.18583588e+02, 1.95435059e+02, 7.80448973e-01,
            4.37398407e+02, 2.33013779e+02, 7.68712819e-01,
            3.42263336e+02, 2.37726089e+02, 7.15036154e-01,
            3.24665344e+02, 2.96492157e+02, 8.70369434e-01,
            3.52812897e+02, 3.51611023e+02, 8.68893862e-01,
            3.73944794e+02, 2.42443329e+02, 6.28441393e-01,
            3.65753052e+02, 3.05833466e+02, 8.16554964e-01,
            3.79841553e+02, 3.62209320e+02, 8.30592513e-01,
            3.70447479e+02, 1.15586670e+02, 9.44377184e-01,
            3.82165588e+02, 1.16700127e+02, 8.94141197e-01,
            3.62234528e+02, 1.12080368e+02, 5.24693787e-01,
            3.91605255e+02, 1.15590080e+02, 8.01391900e-01 ]
    }
}
