{
    "pose_0": {
        "type_id": "opencv-matrix",
        "rows": 1,
        "cols": 18,
        "dt": "3f",
        "data": [ 3.99766907e+02, 1.16710716e+02, 7.23698318e-01,
            4.04499542e+02, 1.52013046e+02, 8.04493785e-01,
            3.79795990e+02, 1.47338959e+02, 7.94615030e-01,
            3.63374725e+02, 1.90749420e+02, 3.03498298e-01,
            3.61062714e+02, 2.25972748e+02, 1.07787937e-01,
            4.29132141e+02, 1.54371765e+02, 8.02473903e-01,
            4.38533051e+02, 2.01315613e+02, 4.78810370e-01,
            4.33857788e+02, 2.31873932e+02, 2.86705941e-01,
            3.73950439e+02, 2.37695129e+02, 6.19110882e-01,
            3.59821381e+02, 2.95244781e+02, 8.07707727e-01,
            3.99797424e+02, 3.24637939e+02, 6.49961591e-01,
            4.09206909e+02, 2.40085175e+02, 6.18760049e-01,
            4.06830780e+02, 3.03479462e+02, 6.54304624e-01,
            4.04478333e+02, 3.61067657e+02, 6.92313671e-01,
            3.96253937e+02, 1.08548264e+02, 7.52552509e-01,
            4.06829620e+02, 1.08598846e+02, 7.20034838e-01,
            3.90392822e+02, 1.10892944e+02, 1.47773474e-01,
            4.18568420e+02, 1.14405830e+02, 7.63186753e-01 ]
    }
}
