{
    "pose_0": {
        "type_id": "opencv-matrix",
        "rows": 1,
        "cols": 18,
        "dt": "3f",
        "data": [ 3.62284302e+02, 1.16814789e+02, 9.69357729e-01,
            3.62240479e+02, 1.44994202e+02, 9.21239018e-01,
            3.36357117e+02, 1.44951706e+02, 8.27193737e-01,
            3.38737915e+02, 1.87220383e+02, 6.88262343e-01,
            3.79828400e+02, 1.83745117e+02, 8.27855408e-01,
            3.89262115e+02, 1.46085342e+02, 8.09170544e-01,
            4.27945343e+02, 1.54288040e+02, 7.37982690e-01,
            4.20955231e+02, 1.27332787e+02, 8.82471919e-01,
            3.45758362e+02, 2.40048279e+02, 6.49487972e-01,
            3.51675903e+02, 3.03485077e+02, 7.93190777e-01,
            3.53972565e+02, 3.63395813e+02, 7.89750040e-01,
            3.79770325e+02, 2.40054688e+02, 7.03117490e-01,
            3.72815155e+02, 3.04640533e+02, 7.53108203e-01,
            3.71581207e+02, 3.63366211e+02, 8.26380134e-01,
            3.57529846e+02, 1.09736862e+02, 8.45386386e-01,
            3.70447388e+02, 1.09724991e+02, 9.49667990e-01,
            3.50455017e+02, 1.10893074e+02, 7.40437627e-01,
            3.79795563e+02, 1.13259041e+02, 8.23818207e-01 ]
    }
}
