{
    "pose_0": {
        "type_id": "opencv-matrix",
        "rows": 1,
        "cols": 18,
        "dt": "3f",
        "data": [ 0.0, 0.0, 0.0, 3.88040131e+02, 1.53149017e+02,
            8.02437782e-01, 4.12708221e+02, 1.48489624e+02,
            7.42480934e-01, 4.26822205e+02, 1.94278259e+02,
            5.45383573e-01, 4.36157867e+02, 2.29528183e+02,
            5.14041424e-01, 3.62177795e+02, 1.54367340e+02,
            7.28811979e-01, 3.51640015e+02, 1.97800323e+02,
            2.24834144e-01, 3.56358276e+02, 2.33032288e+02,
            1.73820332e-01, 4.09151123e+02, 2.38904739e+02,
            6.08291388e-01, 4.09231964e+02, 3.02331512e+02,
            7.50939667e-01, 4.12696198e+02, 3.59881195e+02,
            7.23287702e-01, 3.71630890e+02, 2.40089981e+02,
            6.24397278e-01, 3.77483704e+02, 3.03492767e+02,
            7.47439027e-01, 3.79797424e+02, 3.60980927e+02,
            7.80181885e-01, 0.0, 0.0, 0.0, 0.0, 0.0, 0.0, 3.91608765e+02,
            1.09748642e+02, 5.25617182e-01, 3.69212524e+02,
            1.16708733e+02, 5.66223383e-01 ]
    }
}
