{
    "pose_0": {
        "type_id": "opencv-matrix",
        "rows": 1,
        "cols": 18,
        "dt": "3f",
        "data": [ 4.04477295e+02, 1.16726776e+02, 6.97902501e-01,
            3.99784760e+02, 1.53187531e+02, 8.88963640e-01,
            3.71621368e+02, 1.47287155e+02, 8.25024724e-01,
            3.51624512e+02, 1.93092834e+02, 7.10696757e-01,
            3.43384155e+02, 2.35383926e+02, 5.95285952e-01,
            4.27937073e+02, 1.55561600e+02, 8.06911111e-01,
            4.34995331e+02, 2.02508087e+02, 4.18647915e-01,
            4.28002350e+02, 2.41262711e+02, 2.63929844e-01,
            3.71645569e+02, 2.37724136e+02, 6.37726188e-01,
            3.71559479e+02, 3.02305908e+02, 7.66684890e-01,
            3.79827820e+02, 3.54011078e+02, 8.49795341e-01,
            4.08042969e+02, 2.40095474e+02, 6.35448217e-01,
            4.02164856e+02, 3.04704010e+02, 7.24849343e-01,
            4.05634735e+02, 3.62170715e+02, 7.88787067e-01,
            3.99780914e+02, 1.08547157e+02, 7.62848675e-01,
            4.10350098e+02, 1.09755844e+02, 7.20774412e-01,
            3.91581757e+02, 1.10877594e+02, 3.94114971e-01,
            4.19752228e+02, 1.16773743e+02, 7.49337673e-01 ]
    }
}
