{
    "pose_0": {
        "type_id": "opencv-matrix",
        "rows": 1,
        "cols": 18,
        "dt": "3f",
        "data": [ 0.0, 0.0, 0.0, 3.81061981e+02, 1.54319077e+02,
            8.87976170e-01, 4.09208069e+02, 1.55506134e+02,
            8.56729805e-01, 4.17372467e+02, 2.01283722e+02,
            5.54159880e-01, 0.0, 0.0, 0.0, 3.53995819e+02,
            1.53173889e+02, 7.66316473e-01, 3.43469299e+02,
            1.98974274e+02, 2.99233049e-01, 3.48125946e+02,
            2.29509598e+02, 1.15176544e-01, 3.96266388e+02,
            2.41237244e+02, 5.90495229e-01, 3.98552032e+02,
            3.03469269e+02, 7.30579555e-01, 4.00956177e+02,
            3.58678986e+02, 7.19188154e-01, 3.62234314e+02,
            2.40063293e+02, 6.11835718e-01, 3.70463684e+02,
            3.03473877e+02, 7.95007527e-01, 3.79802032e+02,
            3.58705688e+02, 8.08870137e-01, 0.0, 0.0, 0.0, 0.0, 0.0, 0.0,
            3.98643890e+02, 1.15556221e+02, 6.55391097e-01,
            3.71590454e+02, 1.10895958e+02, 6.88832402e-01 ]
    }
}
