{
    "pose_0": {
        "type_id": "opencv-matrix",
        "rows": 1,
        "cols": 18,
        "dt": "3f",
        "data": [ 3.68089539e+02, 1.24978523e+02, 8.74398530e-01,
            3.76304901e+02, 1.46148331e+02, 8.16118181e-01,
            3.51640900e+02, 1.37884384e+02, 7.51243949e-01,
            3.21073456e+02, 1.35534210e+02, 7.98689842e-01,
            2.89379791e+02, 1.14436180e+02, 7.90999413e-01,
            3.99839630e+02, 1.54376984e+02, 7.69804180e-01,
            4.25613159e+02, 1.91876266e+02, 7.46649981e-01,
            4.19802521e+02, 2.30657440e+02, 8.54585350e-01,
            3.42285004e+02, 2.29528061e+02, 6.79414868e-01,
            3.43481750e+02, 2.96499908e+02, 7.22592294e-01,
            3.69244995e+02, 3.52827454e+02, 7.18475878e-01,
            3.69236481e+02, 2.35361252e+02, 6.50175035e-01,
            3.55178650e+02, 2.96489899e+02, 7.34675407e-01,
            3.88004120e+02, 3.54032745e+02, 7.44021177e-01,
            3.64545746e+02, 1.16794502e+02, 9.15661633e-01,
            3.75149658e+02, 1.17978645e+02, 8.84368896e-01, 0.0, 0.0,
            0.0, 3.90454010e+02, 1.21478416e+02, 8.93948019e-01 ]
    }
}
