{
    "pose_0": {
        "type_id": "opencv-matrix",
        "rows": 1,
        "cols": 18,
        "dt": "3f",
        "data": [ 3.98583252e+02, 1.16776352e+02, 7.24685073e-01,
            4.02165863e+02, 1.52011459e+02, 8.03600907e-01,
            3.78622437e+02, 1.48486786e+02, 7.72510350e-01,
            3.61064575e+02, 1.91901245e+02, 3.31500649e-01,
            3.59871368e+02, 2.24796448e+02, 2.31287643e-01,
            4.28014282e+02, 1.54346909e+02, 7.97171652e-01,
            4.43255707e+02, 1.97803787e+02, 3.76823574e-01,
            4.44396240e+02, 2.24820953e+02, 2.54367381e-01,
            3.71592010e+02, 2.36548447e+02, 6.20096028e-01,
            3.50440430e+02, 2.92894928e+02, 7.78044164e-01,
            3.79771606e+02, 3.38708527e+02, 7.80511856e-01,
            4.07990021e+02, 2.41241776e+02, 6.26141250e-01,
            4.05658997e+02, 3.05893341e+02, 7.27306843e-01,
            4.04487549e+02, 3.62254120e+02, 7.10622132e-01,
            3.91605804e+02, 1.08597092e+02, 7.44101763e-01,
            4.04473785e+02, 1.09759048e+02, 6.96341455e-01,
            3.89224976e+02, 1.09740753e+02, 1.71084180e-01,
            4.17387115e+02, 1.14422050e+02, 7.58759558e-01 ]
    }
}
