{
    "pose_0": {
        "type_id": "opencv-matrix",
        "rows": 1,
        "cols": 18,
        "dt": "3f",
        "data": [ 4.02134766e+02, 1.14423241e+02, 6.84055567e-01,
            4.02147156e+02, 1.51996292e+02, 8.12933981e-01,
            3.72815002e+02, 1.46088684e+02, 8.31926882e-01,
            3.50466431e+02, 1.86051849e+02, 6.97308302e-01,
            3.42219513e+02, 2.30671585e+02, 4.83437359e-01,
            4.30329010e+02, 1.55540558e+02, 7.94707060e-01,
            4.38547638e+02, 2.02481369e+02, 5.53871095e-01,
            4.35038635e+02, 2.38880569e+02, 4.13698435e-01,
            3.72796692e+02, 2.37694885e+02, 6.26310587e-01,
            3.70390930e+02, 2.98803101e+02, 7.54707754e-01,
            3.79774597e+02, 3.45778625e+02, 8.18984270e-01,
            4.10382080e+02, 2.40095703e+02, 6.31105781e-01,
            4.07956573e+02, 3.04630768e+02, 7.87473023e-01,
            4.05641388e+02, 3.60997528e+02, 7.73560584e-01,
            3.98664032e+02, 1.07391541e+02, 7.86652684e-01,
            4.09221832e+02, 1.08564110e+02, 7.60991871e-01,
            3.92766357e+02, 1.10895622e+02, 1.35475397e-01,
            4.23267303e+02, 1.15601318e+02, 7.55019784e-01 ]
    }
}
