{
    "pose_0": {
        "type_id": "opencv-matrix",
        "rows": 1,
        "cols": 18,
        "dt": "3f",
        "data": [ 4.00981079e+02, 1.16724113e+02, 7.37884879e-01,
            4.05644165e+02, 1.53164276e+02, 8.29639792e-01,
            3.79786285e+02, 1.47318390e+02, 8.10219407e-01,
            3.63369873e+02, 1.90762375e+02, 3.12764227e-01,
            3.61049866e+02, 2.25996414e+02, 1.54479116e-01,
            4.29156647e+02, 1.55512711e+02, 8.02377105e-01,
            4.37416504e+02, 2.02455719e+02, 5.57690442e-01,
            4.33857544e+02, 2.37729584e+02, 4.14046645e-01,
            3.75129944e+02, 2.37737991e+02, 6.24790430e-01,
            3.64557281e+02, 2.96506073e+02, 8.03196549e-01,
            3.91556915e+02, 3.34063141e+02, 8.06235433e-01,
            4.09226410e+02, 2.41246658e+02, 6.21565282e-01,
            4.07965637e+02, 3.07039917e+02, 7.54916012e-01,
            4.04481842e+02, 3.62214935e+02, 7.15583563e-01,
            3.98606964e+02, 1.08567833e+02, 7.98207581e-01,
            4.09158447e+02, 1.09710968e+02, 7.81322122e-01,
            3.91588989e+02, 1.13239944e+02, 1.42978594e-01,
            4.20918823e+02, 1.15598007e+02, 7.60590851e-01 ]
    }
}
