{
    "pose_0": {
        "type_id": "opencv-matrix",
        "rows": 1,
        "cols": 18,
        "dt": "3f",
        "data": [ 3.90423645e+02, 1.13246468e+02, 6.65646672e-01,
            3.89221252e+02, 1.46155365e+02, 8.79118145e-01,
            3.61062927e+02, 1.39099915e+02, 7.59469271e-01,
            3.18748444e+02, 1.26139030e+02, 7.19160676e-01,
            2.85882843e+02, 9.91877365e+01, 8.20665419e-01,
            4.16247253e+02, 1.54368637e+02, 7.98219919e-01,
            4.45542450e+02, 1.74285858e+02, 8.44489038e-01,
            4.76171082e+02, 1.73116730e+02, 8.22454035e-01,
            3.59858032e+02, 2.30709137e+02, 5.43283701e-01,
            3.34026611e+02, 2.94068878e+02, 8.06683898e-01,
            3.52778473e+02, 3.56321808e+02, 7.76699603e-01,
            3.76281281e+02, 2.91760956e+02, 6.40579700e-01,
            3.90348267e+02, 3.50443726e+02, 8.08970332e-01,
            3.82201630e+02, 2.35377640e+02, 5.01074433e-01,
            3.76281281e+02, 2.91760956e+02, 6.40579700e-01,
            3.90348267e+02, 3.50443726e+02, 8.08970332e-01,
            3.86862274e+02, 1.07321045e+02, 7.22754121e-01,
            3.98621185e+02, 1.07394005e+02, 7.63785422e-01,
            3.78673401e+02, 1.07398109e+02, 5.78611135e-01,
            4.07961243e+02, 1.13226234e+02, 7.22482979e-01 ]
    }
}
