{
    "pose_0": {
        "type_id": "opencv-matrix",
        "rows": 1,
        "cols": 18,
        "dt": "3f",
        "data": [ 3.84510468e+02, 1.15575447e+02, 6.58638299e-01,
            3.88032227e+02, 1.54364761e+02, 8.44323874e-01,
            3.61014679e+02, 1.52007629e+02, 7.49490261e-01,
            3.50452942e+02, 1.93125931e+02, 2.48600304e-01,
            3.54009216e+02, 2.24795959e+02, 1.06158994e-01,
            4.12712830e+02, 1.55583145e+02, 7.39315271e-01,
            4.17380676e+02, 2.02457809e+02, 3.41635406e-01,
            4.17371063e+02, 2.40063431e+02, 1.88451990e-01,
            3.66893219e+02, 2.38894638e+02, 6.18647516e-01,
            3.70437256e+02, 3.01128754e+02, 7.39556551e-01,
            3.79779266e+02, 3.57507446e+02, 8.24610293e-01,
            3.98619629e+02, 2.40087112e+02, 6.24682248e-01,
            3.98645660e+02, 3.02317902e+02, 7.50714421e-01,
            4.02161560e+02, 3.61075836e+02, 7.65529275e-01,
            3.80991211e+02, 1.08543617e+02, 7.61549771e-01,
            3.91555542e+02, 1.08581078e+02, 7.11894155e-01,
            3.77461731e+02, 1.15551765e+02, 1.54435322e-01,
            4.03298126e+02, 1.15606873e+02, 7.21249461e-01 ]
    }
}
