{
    "pose_0": {
        "type_id": "opencv-matrix",
        "rows": 1,
        "cols": 18,
        "dt": "3f",
        "data": [ 3.85697449e+02, 1.16791779e+02, 5.15990257e-01,
            3.86864899e+02, 1.54331177e+02, 8.20040107e-01,
            3.59883087e+02, 1.51987869e+02, 7.25326538e-01,
            3.50437317e+02, 1.93112000e+02, 2.27973774e-01,
            3.53999146e+02, 2.24792969e+02, 1.15157634e-01,
            4.10393707e+02, 1.55536407e+02, 7.69754410e-01,
            4.16228363e+02, 2.01278137e+02, 3.18015605e-01,
            4.13880157e+02, 2.38895050e+02, 1.41156584e-01,
            3.65748383e+02, 2.38928543e+02, 5.98368824e-01,
            3.70468231e+02, 3.02332611e+02, 7.67264783e-01,
            3.79785950e+02, 3.58661835e+02, 8.03050399e-01,
            3.98570160e+02, 2.41248657e+02, 6.01071298e-01,
            3.98628693e+02, 3.04609070e+02, 7.66940117e-01,
            4.03328491e+02, 3.61052582e+02, 7.32903421e-01,
            3.81015869e+02, 1.09730682e+02, 5.79385817e-01,
            3.91581360e+02, 1.10888214e+02, 5.42248011e-01,
            3.76293762e+02, 1.13260078e+02, 2.97530234e-01,
            3.99858307e+02, 1.16724983e+02, 6.62487030e-01 ]
    }
}
