{
    "pose_0": {
        "type_id": "opencv-matrix",
        "rows": 1,
        "cols": 18,
        "dt": "3f",
        "data": [ 3.66903931e+02, 1.21480049e+02, 8.22463930e-01,
            3.78666473e+02, 1.44956299e+02, 8.80361080e-01,
            3.52823761e+02, 1.33206299e+02, 7.41661549e-01,
            3.23413330e+02, 1.30869720e+02, 7.06083477e-01,
            2.81189301e+02, 1.39092484e+02, 7.53171384e-01,
            4.02137695e+02, 1.54337265e+02, 7.75875807e-01,
            4.08048645e+02, 1.95444153e+02, 7.00013161e-01,
            4.36202728e+02, 1.96610062e+02, 7.51056135e-01,
            3.43430664e+02, 2.40047699e+02, 7.03478992e-01,
            3.50488007e+02, 3.05811340e+02, 7.47282803e-01,
            3.70475800e+02, 3.61049652e+02, 8.45687449e-01,
            3.72768951e+02, 2.45939102e+02, 6.77383065e-01,
            3.71633270e+02, 3.04689087e+02, 7.67188907e-01,
            3.90355591e+02, 3.66922638e+02, 7.94144392e-01,
            3.63362671e+02, 1.15594177e+02, 8.56240869e-01,
            3.72767334e+02, 1.16787819e+02, 9.51273799e-01, 0.0, 0.0,
            0.0, 3.90454895e+02, 1.16777382e+02, 9.47154641e-01 ]
    }
}
