{
    "pose_0": {
        "type_id": "opencv-matrix",
        "rows": 1,
        "cols": 18,
        "dt": "3f",
        "data": [ 3.70431885e+02, 1.24938560e+02, 8.96644950e-01,
            3.80975739e+02, 1.53175949e+02, 8.75800312e-01,
            3.59821381e+02, 1.40246033e+02, 7.45362461e-01,
            3.18752014e+02, 1.26118065e+02, 7.47279406e-01,
            2.83531464e+02, 9.91017532e+01, 8.43500435e-01,
            4.02164429e+02, 1.63715546e+02, 7.38909900e-01,
            4.09168060e+02, 2.10707458e+02, 5.92608273e-01,
            4.10389252e+02, 2.49485336e+02, 4.70754296e-01,
            3.44615295e+02, 2.40074997e+02, 7.03401327e-01,
            3.18750793e+02, 2.90558685e+02, 7.84175754e-01,
            3.46946808e+02, 3.51585815e+02, 8.07599366e-01,
            3.78655457e+02, 2.49472794e+02, 6.57522798e-01,
            3.82214996e+02, 3.12847931e+02, 7.56621957e-01,
            3.90356934e+02, 3.68093323e+02, 8.30211461e-01,
            3.69216278e+02, 1.16769234e+02, 8.81863832e-01,
            3.78627991e+02, 1.17921654e+02, 9.41805840e-01, 0.0, 0.0,
            0.0, 3.96262573e+02, 1.17957390e+02, 9.20814455e-01 ]
    }
}
