{
    "pose_0": {
        "type_id": "opencv-matrix",
        "rows": 1,
        "cols": 18,
        "dt": "3f",
        "data": [ 3.72815216e+02, 1.16753357e+02, 9.05535102e-01,
            3.65746002e+02, 1.46157501e+02, 8.47329080e-01,
            3.39905792e+02, 1.53179688e+02, 7.87306249e-01,
            3.21116425e+02, 1.90747055e+02, 6.44919395e-01,
            2.90561157e+02, 2.07183578e+02, 7.84842074e-01,
            3.91564056e+02, 1.42578506e+02, 7.56866157e-01,
            4.25639160e+02, 1.57865295e+02, 7.83398449e-01,
            4.63167328e+02, 1.53175323e+02, 8.63848448e-01,
            3.59882660e+02, 2.43605667e+02, 6.41187370e-01,
            3.62240814e+02, 3.05815735e+02, 8.30724001e-01,
            3.51656555e+02, 3.61071106e+02, 8.67828667e-01,
            3.91591064e+02, 2.38923187e+02, 6.50500655e-01,
            3.89267609e+02, 3.05878479e+02, 7.87233710e-01,
            3.88062988e+02, 3.68062988e+02, 7.79251039e-01,
            3.68092010e+02, 1.08609146e+02, 8.85572195e-01,
            3.79775909e+02, 1.08583595e+02, 9.78485644e-01,
            3.52820679e+02, 1.10896225e+02, 9.35761333e-01,
            3.81008331e+02, 1.10861595e+02, 6.81761503e-02 ]
    }
}
