{
    "pose_0": {
        "type_id": "opencv-matrix",
        "rows": 1,
        "cols": 18,
        "dt": "3f",
        "data": [ 4.05653839e+02, 1.16738533e+02, 7.04256177e-01,
            4.02132935e+02, 1.52009247e+02, 8.12568545e-01,
            3.72793060e+02, 1.46107986e+02, 8.31432164e-01,
            3.50461334e+02, 1.84868973e+02, 6.97066009e-01,
            3.42216644e+02, 2.28316040e+02, 4.39577401e-01,
            4.30319885e+02, 1.55545731e+02, 7.87426353e-01,
            4.37421600e+02, 2.02480957e+02, 5.28014660e-01,
            4.34995789e+02, 2.38896286e+02, 3.85582179e-01,
            3.72771759e+02, 2.37707367e+02, 6.37343526e-01,
            3.70415833e+02, 2.99959106e+02, 7.55386293e-01,
            3.79785309e+02, 3.46965332e+02, 8.15926373e-01,
            4.10355713e+02, 2.40108887e+02, 6.28648460e-01,
            4.06840332e+02, 3.04698273e+02, 7.81585813e-01,
            4.05636169e+02, 3.60986908e+02, 7.76134133e-01,
            3.99804565e+02, 1.08534325e+02, 7.75735021e-01,
            4.11531738e+02, 1.09735909e+02, 7.13193238e-01,
            3.92757355e+02, 1.09695717e+02, 2.92037159e-01,
            4.23286438e+02, 1.16711067e+02, 7.26119936e-01 ]
    }
}
