{
    "pose_0": {
        "type_id": "opencv-matrix",
        "rows": 1,
        "cols": 18,
        "dt": "3f",
        "data": [ 3.98631256e+02, 1.15586205e+02, 6.52910531e-01,
            3.99760376e+02, 1.51978439e+02, 8.72714341e-01,
            3.72767700e+02, 1.47327240e+02, 7.80110717e-01,
            3.61075470e+02, 1.90733246e+02, 2.87517011e-01,
            3.69242676e+02, 2.06024734e+02, 7.21139535e-02,
            4.25639374e+02, 1.54333099e+02, 8.13133955e-01,
            4.32674561e+02, 2.01288834e+02, 4.84085083e-01,
            4.08039063e+02, 2.13055695e+02, 3.29670876e-01,
            3.73973938e+02, 2.36535416e+02, 6.32570207e-01,
            3.71640717e+02, 3.03505554e+02, 7.84750938e-01,
            3.71619476e+02, 3.62198486e+02, 8.28559220e-01,
            4.09194214e+02, 2.38911072e+02, 6.35319352e-01,
            4.09209564e+02, 3.04707550e+02, 7.75290310e-01,
            4.10367065e+02, 3.63372406e+02, 7.81675518e-01,
            3.92747620e+02, 1.08525826e+02, 6.88758492e-01,
            4.05650574e+02, 1.08576309e+02, 6.77203476e-01,
            3.89186523e+02, 1.10878983e+02, 2.98037022e-01,
            4.16215973e+02, 1.14413254e+02, 6.78347290e-01 ]
    }
}
