{
    "pose_0": {
        "type_id": "opencv-matrix",
        "rows": 1,
        "cols": 18,
        "dt": "3f",
        "data": [ 3.54013184e+02, 1.16702065e+02, 9.20629144e-01,
            3.54030518e+02, 1.48462555e+02, 8.09357464e-01,
            3.34081635e+02, 1.56694519e+02, 7.91704416e-01,
            3.15262512e+02, 1.97773636e+02, 7.86853790e-01,
            2.91762848e+02, 2.29479630e+02, 8.31638157e-01,
            3.75141174e+02, 1.40239014e+02, 7.29840457e-01,
            4.05667206e+02, 1.36694885e+02, 8.26299369e-01,
            4.18645325e+02, 1.08552910e+02, 9.52158451e-01,
            3.62259003e+02, 2.41240570e+02, 6.24163032e-01,
            3.72819916e+02, 3.05861084e+02, 8.17637742e-01,
            3.51605072e+02, 3.63395691e+02, 8.20431828e-01,
            3.88059692e+02, 2.34214020e+02, 6.08487606e-01,
            3.83354858e+02, 3.06996033e+02, 7.35542834e-01,
            3.71626099e+02, 3.64570068e+02, 8.22544634e-01,
            3.49269531e+02, 1.09700974e+02, 8.93058121e-01,
            3.59869019e+02, 1.08524651e+02, 9.43419695e-01,
            3.34087799e+02, 1.15574364e+02, 9.31263447e-01,
            3.62215515e+02, 1.09743073e+02, 7.95615166e-02 ]
    }
}
