{
    "pose_0": {
        "type_id": "opencv-matrix",
        "rows": 1,
        "cols": 18,
        "dt": "3f",
        "data": [ 4.00992920e+02, 1.16727554e+02, 2.82804877e-01,
            3.97457520e+02, 1.53176437e+02, 8.08330655e-01,
            3.70462463e+02, 1.47331924e+02, 7.89652586e-01,
            3.52868988e+02, 1.93125534e+02, 5.09848475e-01,
            3.51603760e+02, 2.30713440e+02, 3.43929529e-01,
            4.20941223e+02, 1.55507004e+02, 7.18710065e-01,
            4.18609863e+02, 2.00137314e+02, 1.50873929e-01,
            4.22094818e+02, 2.34186661e+02, 9.08771977e-02,
            3.71605469e+02, 2.37720993e+02, 6.20600164e-01,
            3.71584961e+02, 2.98796448e+02, 7.49512017e-01,
            3.79818756e+02, 3.56327240e+02, 8.23712587e-01,
            4.05666656e+02, 2.40048325e+02, 6.00455523e-01,
            3.99849548e+02, 3.03471344e+02, 7.01194704e-01,
            4.04472748e+02, 3.62169159e+02, 7.60052085e-01,
            3.99760101e+02, 1.08591011e+02, 3.44418079e-01,
            4.08025574e+02, 1.09708031e+02, 3.33694041e-01,
            3.91618774e+02, 1.12061874e+02, 3.56392264e-01,
            4.17411346e+02, 1.17910934e+02, 5.11459410e-01 ]
    }
}
