{
    "pose_0": {
        "type_id": "opencv-matrix",
        "rows": 1,
        "cols": 18,
        "dt": "3f",
        "data": [ 4.04490601e+02, 1.16703239e+02, 7.23299086e-01,
            4.03299072e+02, 1.52016037e+02, 8.17936480e-01,
            3.75114929e+02, 1.46112717e+02, 8.35251331e-01,
            3.52823486e+02, 1.89565536e+02, 6.85298622e-01,
            3.42281799e+02, 2.28339539e+02, 5.02260685e-01,
            4.30315338e+02, 1.55529312e+02, 8.10141385e-01,
            4.38564148e+02, 2.02490234e+02, 5.91738641e-01,
            4.36164032e+02, 2.38916016e+02, 4.59821463e-01,
            3.73980896e+02, 2.38863434e+02, 6.25673354e-01,
            3.69275024e+02, 2.99979645e+02, 7.68662691e-01,
            3.79868195e+02, 3.44596954e+02, 8.46831977e-01,
            4.11524292e+02, 2.41254700e+02, 6.25593305e-01,
            4.07980408e+02, 3.05806610e+02, 8.06118906e-01,
            4.05639069e+02, 3.61011993e+02, 7.63368726e-01,
            3.99793549e+02, 1.08535835e+02, 8.25778246e-01,
            4.10391144e+02, 1.09714668e+02, 7.57769942e-01,
            3.93924591e+02, 1.09756599e+02, 2.17309669e-01,
            4.24440796e+02, 1.16729645e+02, 7.93997884e-01 ]
    }
}
