{
    "pose_0": {
        "type_id": "opencv-matrix",
        "rows": 1,
        "cols": 18,
        "dt": "3f",
        "data": [ 4.02129730e+02, 1.16720306e+02, 7.44430304e-01,
            4.05644592e+02, 1.53187759e+02, 8.36946547e-01,
            3.78671753e+02, 1.47323380e+02, 8.09817672e-01,
            3.62216461e+02, 1.90766830e+02, 3.71119499e-01,
            3.61048676e+02, 2.24807251e+02, 2.24516869e-01,
            4.29192413e+02, 1.55539810e+02, 7.93012977e-01,
            4.38555206e+02, 2.02476608e+02, 5.82871974e-01,
            4.36213867e+02, 2.38872467e+02, 4.72330660e-01,
            3.75134125e+02, 2.37736938e+02, 6.18009806e-01,
            3.68082336e+02, 2.97602570e+02, 7.94364035e-01,
            3.89250793e+02, 3.36368042e+02, 7.87815988e-01,
            4.10359375e+02, 2.41251312e+02, 6.22442424e-01,
            4.06859222e+02, 3.05873322e+02, 7.63628185e-01,
            4.03315491e+02, 3.62210205e+02, 7.19805598e-01,
            3.98636414e+02, 1.08558159e+02, 8.26104641e-01,
            4.09215790e+02, 1.09708168e+02, 7.95154214e-01,
            3.92742645e+02, 1.14401489e+02, 1.50459141e-01,
            4.23261688e+02, 1.16720161e+02, 7.83659041e-01 ]
    }
}
