{
    "pose_0": {
        "type_id": "opencv-matrix",
        "rows": 1,
        "cols": 18,
        "dt": "3f",
        "data": [ 3.76314972e+02, 1.26095436e+02, 8.40086222e-01,
            3.84506866e+02, 1.47327988e+02, 7.81190395e-01,
            3.62177216e+02, 1.32035950e+02, 7.24608779e-01,
            3.29323395e+02, 1.14386009e+02, 7.54805923e-01,
            2.97652252e+02, 8.74032440e+01, 7.87236571e-01,
            4.08010010e+02, 1.63724915e+02, 8.18445444e-01,
            4.17368744e+02, 2.10677795e+02, 8.08578074e-01,
            4.26753723e+02, 2.51825150e+02, 8.32527280e-01,
            3.36366730e+02, 2.30692841e+02, 6.71324730e-01,
            3.28166473e+02, 2.96480408e+02, 7.31537700e-01,
            3.56325317e+02, 3.54020966e+02, 7.08655894e-01,
            3.62207855e+02, 2.40092667e+02, 7.00913548e-01,
            3.44624939e+02, 2.97659912e+02, 7.38665700e-01,
            3.80990448e+02, 3.61015625e+02, 7.97709644e-01,
            3.72804291e+02, 1.17912369e+02, 8.67561996e-01,
            3.82169800e+02, 1.19136673e+02, 8.98842931e-01, 0.0, 0.0,
            0.0, 3.99842224e+02, 1.20306946e+02, 9.13205028e-01 ]
    }
}
