{
    "pose_0": {
        "type_id": "opencv-matrix",
        "rows": 1,
        "cols": 18,
        "dt": "3f",
        "data": [ 3.86863098e+02, 1.13247475e+02, 5.68219841e-01,
            3.90380493e+02, 1.53139145e+02, 8.50637078e-01,
            3.62255829e+02, 1.50839340e+02, 7.60575891e-01,
            3.52789703e+02, 1.95467255e+02, 5.50086260e-01,
            3.68078125e+02, 2.18944443e+02, 3.75996828e-01,
            4.17405182e+02, 1.54306976e+02, 7.93355703e-01,
            4.20925934e+02, 2.02486618e+02, 5.19124448e-01,
            3.99816010e+02, 2.16563995e+02, 1.78759217e-01,
            3.70434845e+02, 2.41241562e+02, 6.81082487e-01,
            3.71563049e+02, 3.04690277e+02, 8.26117098e-01,
            3.71608002e+02, 3.62229065e+02, 8.19833100e-01,
            4.05633331e+02, 2.43600113e+02, 6.18148386e-01,
            4.08006500e+02, 3.05873016e+02, 7.88474619e-01,
            4.09250458e+02, 3.63392487e+02, 7.87777781e-01,
            3.81046082e+02, 1.07373039e+02, 6.66445851e-01,
            3.91584595e+02, 1.07402901e+02, 6.43146515e-01,
            3.78621887e+02, 1.10898315e+02, 1.41097009e-01,
            4.04497009e+02, 1.10899101e+02, 6.21298552e-01 ]
    }
}
