{
    "pose_0": {
        "type_id": "opencv-matrix",
        "rows": 1,
        "cols": 18,
        "dt": "3f",
        "data": [ 3.78653381e+02, 1.16766083e+02, 6.42999828e-01,
            3.81060211e+02, 1.54314392e+02, 8.58261943e-01,
            3.54024170e+02, 1.53169403e+02, 7.64617383e-01,
            3.43455780e+02, 1.98972717e+02, 4.47729915e-01,
            3.42210205e+02, 2.37731812e+02, 3.27041537e-01,
            4.09192352e+02, 1.54389313e+02, 8.37357998e-01,
            4.17416168e+02, 2.02462570e+02, 4.97527599e-01,
            4.12695801e+02, 2.42437622e+02, 2.76903808e-01,
            3.64583069e+02, 2.40062881e+02, 5.56133687e-01,
            3.71601776e+02, 2.98781433e+02, 4.72900629e-01, 0.0, 0.0,
            0.0, 3.96258881e+02, 2.40110092e+02, 5.51541805e-01,
            3.92746979e+02, 2.97629425e+02, 4.45615858e-01, 0.0, 0.0,
            0.0, 3.72814728e+02, 1.08600044e+02, 6.72999322e-01,
            3.84537506e+02, 1.09732132e+02, 6.31145895e-01,
            3.70413177e+02, 1.12060051e+02, 2.38147914e-01,
            3.97445007e+02, 1.14434898e+02, 7.17693150e-01 ]
    }
}
