{
    "pose_0": {
        "type_id": "opencv-matrix",
        "rows": 1,
        "cols": 18,
        "dt": "3f",
        "data": [ 3.65734802e+02, 1.14384773e+02, 6.46226823e-01,
            3.70462219e+02, 1.54353668e+02, 9.33097720e-01,
            3.42288940e+02, 1.56702560e+02, 8.61130834e-01,
            3.34060120e+02, 2.03710922e+02, 7.58344352e-01,
            3.35208984e+02, 2.45952377e+02, 7.39573061e-01,
            3.98641602e+02, 1.51973022e+02, 8.26727331e-01,
            4.09198456e+02, 1.94258789e+02, 7.74172127e-01,
            4.12698669e+02, 2.30716080e+02, 7.73925304e-01,
            3.58707275e+02, 2.48277405e+02, 6.68619871e-01,
            3.62248596e+02, 3.05817413e+02, 7.87378371e-01,
            3.71610718e+02, 3.62188293e+02, 8.01549494e-01,
            3.91588684e+02, 2.45927475e+02, 6.47978485e-01,
            3.93911011e+02, 3.04695984e+02, 7.61033475e-01,
            3.98659698e+02, 3.64584229e+02, 7.06923246e-01,
            3.61046844e+02, 1.07396790e+02, 7.67768621e-01,
            3.71632294e+02, 1.07377571e+02, 7.31552124e-01,
            3.52848297e+02, 1.12054680e+02, 4.67111796e-01,
            3.81020294e+02, 1.10900681e+02, 7.12115407e-01 ]
    }
}
