{
    "pose_0": {
        "type_id": "opencv-matrix",
        "rows": 1,
        "cols": 18,
        "dt": "3f",
        "data": [ 3.71601807e+02, 1.16728020e+02, 5.70096254e-01,
            3.77491943e+02, 1.53171295e+02, 8.52545679e-01,
            3.50445984e+02, 1.54340225e+02, 8.23220015e-01,
            3.42189117e+02, 2.01276611e+02, 7.01107144e-01,
            3.42279999e+02, 2.38906372e+02, 7.02943206e-01,
            4.05657898e+02, 1.50834930e+02, 7.70995736e-01,
            4.16196899e+02, 1.97775146e+02, 7.17385888e-01,
            4.17390076e+02, 2.34190262e+02, 7.28736699e-01,
            3.62267761e+02, 2.45941406e+02, 6.51943266e-01,
            3.68069366e+02, 3.04683044e+02, 7.52754688e-01,
            3.71598694e+02, 3.62232910e+02, 7.44997680e-01,
            3.98572845e+02, 2.42435394e+02, 6.66678607e-01,
            4.00960297e+02, 3.03466675e+02, 7.66409338e-01,
            4.09155151e+02, 3.61024109e+02, 5.91838419e-01,
            3.68065552e+02, 1.08583549e+02, 5.84636927e-01,
            3.78620422e+02, 1.08581894e+02, 5.76874733e-01,
            3.62187714e+02, 1.13236649e+02, 2.83013850e-01,
            3.89198456e+02, 1.12069481e+02, 6.70400202e-01 ]
    }
}
