{
    "pose_0": {
        "type_id": "opencv-matrix",
        "rows": 1,
        "cols": 18,
        "dt": "3f",
        "data": [ 3.70376373e+02, 1.17969452e+02, 9.41736281e-01,
            3.69216400e+02, 1.46152283e+02, 8.40546846e-01,
            3.39904907e+02, 1.46153046e+02, 8.17098081e-01,
            3.23471741e+02, 1.93094177e+02, 7.94760764e-01,
            3.23459198e+02, 2.31884552e+02, 7.74265170e-01,
            3.96251923e+02, 1.46131943e+02, 7.24826336e-01,
            4.32667847e+02, 1.51984543e+02, 7.40104556e-01,
            4.30341553e+02, 1.26156120e+02, 8.31616163e-01,
            3.43378143e+02, 2.37727570e+02, 6.79293871e-01,
            3.43471375e+02, 3.04654266e+02, 7.72481441e-01,
            3.68097015e+02, 3.61017242e+02, 7.65325367e-01,
            3.75116089e+02, 2.38894257e+02, 6.41073406e-01,
            3.62243591e+02, 3.04666901e+02, 7.83654690e-01,
            3.86863678e+02, 3.62245331e+02, 7.68601358e-01,
            3.62223480e+02, 1.09760582e+02, 9.05848384e-01,
            3.75132080e+02, 1.12077789e+02, 8.27721119e-01,
            3.54019531e+02, 1.08598442e+02, 7.24146068e-01,
            3.83332581e+02, 1.13243378e+02, 7.84739196e-01 ]
    }
}
