{
    "pose_0": {
        "type_id": "opencv-matrix",
        "rows": 1,
        "cols": 18,
        "dt": "3f",
        "data": [ 3.71634552e+02, 1.15549850e+02, 6.88925743e-01,
            3.73953918e+02, 1.53191742e+02, 8.66009653e-01,
            3.46925110e+02, 1.55489288e+02, 8.33052814e-01,
            3.39910797e+02, 2.02468872e+02, 7.15065002e-01,
            3.42280090e+02, 2.42442947e+02, 6.56427920e-01,
            4.02142700e+02, 1.50800049e+02, 7.86732018e-01,
            4.12721619e+02, 1.94256119e+02, 7.65888214e-01,
            4.17432434e+02, 2.31860474e+02, 8.30946386e-01,
            3.62190979e+02, 2.44777008e+02, 6.74219549e-01,
            3.66903442e+02, 3.04701050e+02, 7.72833228e-01,
            3.71603943e+02, 3.62240326e+02, 8.29370141e-01,
            3.97431824e+02, 2.42408859e+02, 6.67037487e-01,
            3.98665649e+02, 3.04628784e+02, 8.32693756e-01,
            4.04491089e+02, 3.61063538e+02, 7.56177306e-01,
            3.66891449e+02, 1.08499809e+02, 7.17199743e-01,
            3.78664490e+02, 1.07419632e+02, 7.61556625e-01,
            3.58700928e+02, 1.12073601e+02, 5.17537832e-01,
            3.86889374e+02, 1.10903625e+02, 6.63710833e-01 ]
    }
}
