{
    "pose_0": {
        "type_id": "opencv-matrix",
        "rows": 1,
        "cols": 18,
        "dt": "3f",
        "data": [ 3.76298950e+02, 1.20291031e+02, 8.48085046e-01,
            3.71584412e+02, 1.51969574e+02, 8.73351395e-01,
            3.42214447e+02, 1.46119431e+02, 8.35160553e-01,
            3.12907104e+02, 1.81326904e+02, 7.44582117e-01,
            2.88212769e+02, 1.62565155e+02, 7.66850710e-01,
            4.00959656e+02, 1.55482513e+02, 7.93682635e-01,
            4.37389740e+02, 1.73139343e+02, 7.77826965e-01,
            4.45540833e+02, 1.43758392e+02, 8.16208184e-01,
            3.43433929e+02, 2.48305481e+02, 7.06520259e-01,
            3.44627960e+02, 3.11695831e+02, 7.32891917e-01,
            3.51643250e+02, 3.63395508e+02, 8.27070117e-01,
            3.80980804e+02, 2.49489563e+02, 6.99821651e-01,
            3.78656372e+02, 3.12868835e+02, 7.61330068e-01,
            3.78609894e+02, 3.63425598e+02, 7.62975335e-01,
            3.70402466e+02, 1.15575417e+02, 9.24128413e-01,
            3.81032990e+02, 1.15572510e+02, 9.17337894e-01,
            3.61075928e+02, 1.14423813e+02, 7.67248273e-01,
            3.90390625e+02, 1.16708549e+02, 8.67419124e-01 ]
    }
}
