{
    "pose_0": {
        "type_id": "opencv-matrix",
        "rows": 1,
        "cols": 18,
        "dt": "3f",
        "data": [ 3.80990875e+02, 1.15568039e+02, 9.23670292e-01,
            3.71629089e+02, 1.47279587e+02, 8.89855802e-01,
            3.43440125e+02, 1.51970200e+02, 8.00561905e-01,
            3.23443268e+02, 1.90748657e+02, 8.01174104e-01,
            3.05872833e+02, 2.29501938e+02, 7.96918631e-01,
            3.99827759e+02, 1.44914841e+02, 8.48052859e-01,
            4.18558746e+02, 1.83682846e+02, 8.43559980e-01,
            4.37407654e+02, 2.09549591e+02, 7.89439797e-01,
            3.52848602e+02, 2.45921967e+02, 6.80132926e-01,
            3.46950562e+02, 3.04664459e+02, 8.12464178e-01,
            3.63381775e+02, 3.57519012e+02, 8.07915211e-01,
            3.91572876e+02, 2.45929581e+02, 6.69540405e-01,
            3.89208282e+02, 3.09378998e+02, 7.88136542e-01,
            3.89170013e+02, 3.68089569e+02, 7.89358914e-01,
            3.72827515e+02, 1.08488953e+02, 9.04642045e-01,
            3.85705475e+02, 1.08503960e+02, 9.00419235e-01,
            3.61001221e+02, 1.09734848e+02, 9.45733130e-01, 0.0, 0.0,
            0.0 ]
    }
}
