{
    "pose_0": {
        "type_id": "opencv-matrix",
        "rows": 1,
        "cols": 18,
        "dt": "3f",
        "data": [ 3.62212860e+02, 1.16813683e+02, 1.00208044e+00,
            3.62169067e+02, 1.46168152e+02, 9.08172250e-01,
            3.35211609e+02, 1.47338226e+02, 7.83610821e-01,
            3.42199249e+02, 1.90745422e+02, 7.51592100e-01,
            3.77489136e+02, 2.09525345e+02, 6.74262404e-01,
            3.88012085e+02, 1.44994858e+02, 8.10864329e-01,
            4.19747101e+02, 1.49641098e+02, 7.39335120e-01,
            4.20947113e+02, 1.26192627e+02, 8.82269979e-01,
            3.49311249e+02, 2.37718246e+02, 6.39198959e-01,
            3.57499268e+02, 3.02329498e+02, 7.73705781e-01,
            3.50452087e+02, 3.64583038e+02, 8.09222102e-01,
            3.79813538e+02, 2.34217194e+02, 6.44928217e-01,
            3.78636200e+02, 2.98802887e+02, 7.17715025e-01,
            3.70437744e+02, 3.63387512e+02, 8.30678701e-01,
            3.55149017e+02, 1.09748314e+02, 8.70824277e-01,
            3.69262726e+02, 1.09721069e+02, 9.05828416e-01,
            3.45761169e+02, 1.12073235e+02, 7.94131279e-01,
            3.76295227e+02, 1.12073616e+02, 6.99180126e-01 ]
    }
}
