{
    "pose_0": {
        "type_id": "opencv-matrix",
        "rows": 1,
        "cols": 18,
        "dt": "3f",
        "data": [ 3.63402985e+02, 1.21456909e+02, 8.62321138e-01,
            3.73937256e+02, 1.46077103e+02, 8.56380761e-01,
            3.50453827e+02, 1.36731369e+02, 7.67544150e-01,
            3.17592712e+02, 1.34362198e+02, 8.02567184e-01,
            2.87075439e+02, 1.13229561e+02, 8.64802659e-01,
            3.99763458e+02, 1.54297562e+02, 7.55842090e-01,
            4.25610138e+02, 1.89572769e+02, 7.27838874e-01,
            4.17424103e+02, 2.28286102e+02, 8.35054934e-01,
            3.43399475e+02, 2.29535675e+02, 6.98227882e-01,
            3.44575714e+02, 2.98799927e+02, 6.98181093e-01,
            3.70396606e+02, 3.52854218e+02, 7.15824902e-01,
            3.69268646e+02, 2.36530838e+02, 6.57368898e-01,
            3.54033295e+02, 2.97655304e+02, 7.38120317e-01,
            3.86888184e+02, 3.54023987e+02, 7.49958277e-01,
            3.62182129e+02, 1.15566505e+02, 9.25146282e-01,
            3.71642059e+02, 1.16774010e+02, 9.58216429e-01, 0.0, 0.0,
            0.0, 3.89270966e+02, 1.19095146e+02, 9.44479048e-01 ]
    }
}
