{
    "pose_0": {
        "type_id": "opencv-matrix",
        "rows": 1,
        "cols": 18,
        "dt": "3f",
        "data": [ 3.65718628e+02, 1.14415482e+02, 5.92218697e-01,
            3.70483124e+02, 1.54312836e+02, 9.03210461e-01,
            3.43410095e+02, 1.55565521e+02, 7.96409369e-01,
            3.34045715e+02, 2.03673584e+02, 4.12112743e-01,
            3.34085510e+02, 2.40088074e+02, 2.17477396e-01,
            3.98649719e+02, 1.49668350e+02, 7.96639383e-01,
            4.09179718e+02, 1.94262756e+02, 7.33865976e-01,
            4.12721283e+02, 2.30699875e+02, 7.27116168e-01,
            3.90391266e+02, 2.45933792e+02, 5.04224896e-01,
            3.93925690e+02, 3.04669983e+02, 7.54377842e-01,
            3.98669098e+02, 3.65722198e+02, 7.31172681e-01,
            3.96255341e+02, 2.41266266e+02, 2.17099920e-01, 0.0, 0.0,
            0.0, 0.0, 0.0, 0.0, 3.61048737e+02, 1.08492920e+02,
            7.07914591e-01, 3.71620300e+02, 1.07392456e+02,
            6.71362400e-01, 3.52868195e+02, 1.12057663e+02,
            3.93209785e-01, 3.81005310e+02, 1.10898849e+02,
            6.85262620e-01 ]
    }
}
