{
    "pose_0": {
        "type_id": "opencv-matrix",
        "rows": 1,
        "cols": 18,
        "dt": "3f",
        "data": [ 3.65735992e+02, 1.12082489e+02, 5.98772168e-01,
            3.70467346e+02, 1.54359467e+02, 9.35280919e-01,
            3.42286560e+02, 1.56702393e+02, 8.57055783e-01,
            3.34004333e+02, 2.04852661e+02, 7.79602408e-01,
            3.34049957e+02, 2.47086456e+02, 7.91882753e-01,
            3.98656830e+02, 1.51988129e+02, 8.32371056e-01,
            4.09193726e+02, 1.94296906e+02, 7.71877170e-01,
            4.10388031e+02, 2.31849045e+02, 7.79767632e-01,
            3.57496460e+02, 2.48302185e+02, 6.68943167e-01,
            3.62206055e+02, 3.05874725e+02, 8.01881909e-01,
            3.71607727e+02, 3.62192749e+02, 8.39460433e-01,
            3.91561981e+02, 2.47095245e+02, 6.70858324e-01,
            3.93907196e+02, 3.05867798e+02, 7.55385816e-01,
            3.99763763e+02, 3.65719910e+02, 7.50917554e-01,
            3.61066223e+02, 1.07362221e+02, 7.21974730e-01,
            3.71643768e+02, 1.07356827e+02, 6.87904119e-01,
            3.52868317e+02, 1.10884911e+02, 4.37820584e-01,
            3.81022400e+02, 1.10891861e+02, 6.96334302e-01 ]
    }
}
