{
    "pose_0": {
        "type_id": "opencv-matrix",
        "rows": 1,
        "cols": 18,
        "dt": "3f",
        "data": [ 3.77459839e+02, 1.16724548e+02, 6.22785807e-01,
            3.81026581e+02, 1.54304672e+02, 8.53941023e-01,
            3.54027069e+02, 1.53164978e+02, 7.33539224e-01,
            3.41046143e+02, 1.97796799e+02, 5.15666366e-01,
            3.32863220e+02, 2.38852264e+02, 5.40977478e-01,
            4.09147339e+02, 1.54365036e+02, 8.03593397e-01,
            4.17393433e+02, 2.01275208e+02, 3.88711005e-01,
            4.16215881e+02, 2.40118408e+02, 2.06517443e-01,
            3.71593781e+02, 2.41248627e+02, 2.66588390e-01, 0.0, 0.0,
            0.0, 0.0, 0.0, 0.0, 3.71614166e+02, 2.41253860e+02,
            3.68292302e-01, 3.71556763e+02, 3.03487091e+02,
            7.68809438e-01, 3.79780182e+02, 3.56361267e+02,
            8.03148508e-01, 3.71669403e+02, 1.08571739e+02,
            6.80024862e-01, 3.82207184e+02, 1.08598152e+02,
            6.33230269e-01, 3.69265259e+02, 1.12086189e+02,
            1.78162202e-01, 3.96280884e+02, 1.13255386e+02,
            6.70589030e-01 ]
    }
}
