{
    "pose_0": {
        "type_id": "opencv-matrix",
        "rows": 1,
        "cols": 18,
        "dt": "3f",
        "data": [ 3.83336792e+02, 1.23780640e+02, 8.37598503e-01,
            3.73961426e+02, 1.46075012e+02, 8.28687608e-01,
            3.50463593e+02, 1.28503677e+02, 7.34579802e-01,
            3.16453339e+02, 1.08495163e+02, 7.57347465e-01,
            2.92918671e+02, 8.39009857e+01, 7.57901371e-01,
            3.99771729e+02, 1.57848495e+02, 8.05963337e-01,
            4.07993958e+02, 2.04834229e+02, 7.59678245e-01,
            4.25628540e+02, 2.38936630e+02, 8.67355883e-01,
            3.42265686e+02, 2.37707123e+02, 6.53073072e-01,
            3.51582184e+02, 3.04677368e+02, 7.55467832e-01,
            3.70391418e+02, 3.59865753e+02, 8.41420472e-01,
            3.71570038e+02, 2.41237213e+02, 6.69530272e-01,
            3.72812256e+02, 3.04647491e+02, 7.41531610e-01,
            3.91575348e+02, 3.63426666e+02, 7.75925934e-01,
            3.79811676e+02, 1.15552048e+02, 9.14373040e-01,
            3.90450378e+02, 1.17897560e+02, 9.18994129e-01,
            3.70437714e+02, 1.10893570e+02, 7.95436978e-01,
            3.98651337e+02, 1.19096962e+02, 6.00953937e-01 ]
    }
}
