{
    "pose_0": {
        "type_id": "opencv-matrix",
        "rows": 1,
        "cols": 18,
        "dt": "3f",
        "data": [ 3.71655548e+02, 1.24958878e+02, 8.74564350e-01,
            3.84520569e+02, 1.47290085e+02, 7.95881450e-01,
            3.61031738e+02, 1.30857208e+02, 7.30406642e-01,
            3.28154694e+02, 1.13222351e+02, 7.57839799e-01,
            2.97626923e+02, 8.73819809e+01, 7.90342689e-01,
            4.09147064e+02, 1.63682938e+02, 8.11407745e-01,
            4.12703613e+02, 2.10680222e+02, 7.73192525e-01,
            4.06823853e+02, 2.49486893e+02, 7.98401952e-01,
            3.39876129e+02, 2.30656296e+02, 6.70153260e-01,
            3.23429413e+02, 2.95290649e+02, 8.56168389e-01,
            3.51675507e+02, 3.56335297e+02, 7.83849537e-01,
            3.63385437e+02, 2.41249893e+02, 6.47658288e-01,
            3.43437622e+02, 2.96504608e+02, 8.43187273e-01,
            3.76318939e+02, 3.58665863e+02, 7.16020226e-01,
            3.70487152e+02, 1.16792206e+02, 8.50864768e-01,
            3.79875153e+02, 1.17965431e+02, 9.82793689e-01, 0.0, 0.0,
            0.0, 3.98659027e+02, 1.17990578e+02, 9.80740428e-01 ]
    }
}
