{
    "pose_0": {
        "type_id": "opencv-matrix",
        "rows": 1,
        "cols": 18,
        "dt": "3f",
        "data": [ 3.69238464e+02, 1.14410606e+02, 6.46486163e-01,
            3.71586761e+02, 1.54298920e+02, 9.06001806e-01,
            3.43429688e+02, 1.55549988e+02, 8.48995328e-01,
            3.36363953e+02, 2.02490845e+02, 6.74036145e-01,
            3.37539612e+02, 2.40098160e+02, 6.02028489e-01,
            3.99763306e+02, 1.49655106e+02, 8.16683710e-01,
            4.10339355e+02, 1.94254715e+02, 7.57506490e-01,
            4.15075195e+02, 2.30699936e+02, 7.60389805e-01,
            3.61055267e+02, 2.48280243e+02, 5.80184817e-01,
            3.63396759e+02, 3.04649048e+02, 2.41211653e-01,
            3.71705475e+02, 3.60981964e+02, 5.70622198e-02,
            3.93917267e+02, 2.43592957e+02, 5.49860179e-01,
            3.97422913e+02, 3.02310822e+02, 1.86101958e-01, 0.0, 0.0,
            0.0, 3.62200012e+02, 1.08498894e+02, 7.63576925e-01,
            3.73945557e+02, 1.07403358e+02, 7.17065334e-01,
            3.53994598e+02, 1.12084419e+02, 5.09075701e-01,
            3.81049866e+02, 1.12048927e+02, 6.80749893e-01 ]
    }
}
