{
    "pose_0": {
        "type_id": "opencv-matrix",
        "rows": 1,
        "cols": 18,
        "dt": "3f",
        "data": [ 3.66905426e+02, 1.12048767e+02, 6.11381888e-01,
            3.70466522e+02, 1.54358627e+02, 9.34852004e-01,
            3.42285370e+02, 1.56700760e+02, 8.60231340e-01,
            3.33990479e+02, 2.06017975e+02, 7.72347510e-01,
            3.34056824e+02, 2.47132446e+02, 7.91913986e-01,
            3.98658752e+02, 1.51990784e+02, 8.32988799e-01,
            4.09184204e+02, 1.95467072e+02, 7.59314835e-01,
            4.10353302e+02, 2.33052673e+02, 7.56250024e-01,
            3.57503662e+02, 2.48325531e+02, 6.66120589e-01,
            3.62194031e+02, 3.05886810e+02, 8.04801643e-01,
            3.71601715e+02, 3.62203186e+02, 8.41713309e-01,
            3.91554352e+02, 2.47117493e+02, 6.71859741e-01,
            3.93909485e+02, 3.05887573e+02, 7.47250557e-01,
            3.99767120e+02, 3.65744781e+02, 7.52479732e-01,
            3.62171112e+02, 1.07339920e+02, 7.35400558e-01,
            3.72775726e+02, 1.07342850e+02, 6.97068453e-01,
            3.52873169e+02, 1.09751877e+02, 4.84503597e-01,
            3.81031097e+02, 1.10873352e+02, 6.86940372e-01 ]
    }
}
