{
    "pose_0": {
        "type_id": "opencv-matrix",
        "rows": 1,
        "cols": 18,
        "dt": "3f",
        "data": [ 4.18560547e+02, 1.13233559e+02, 5.48613012e-01,
            4.09161041e+02, 1.54327240e+02, 8.33536863e-01,
            3.81051514e+02, 1.54382309e+02, 7.69770563e-01,
            3.70418671e+02, 1.96606552e+02, 2.99971193e-01,
            3.78643646e+02, 2.30708527e+02, 1.01258703e-01,
            4.36203644e+02, 1.53178848e+02, 7.06832528e-01,
            4.50299927e+02, 1.95466507e+02, 3.05888832e-01,
            4.46741974e+02, 2.33039474e+02, 2.95555979e-01,
            3.90353851e+02, 2.44787476e+02, 6.45105660e-01,
            3.81046722e+02, 3.04645386e+02, 7.97637880e-01,
            3.79856384e+02, 3.52805969e+02, 8.31203282e-01,
            4.25649719e+02, 2.47118347e+02, 6.26702368e-01,
            4.19753510e+02, 3.10522400e+02, 7.45327771e-01,
            4.15064667e+02, 3.62215027e+02, 7.67799735e-01,
            4.12695343e+02, 1.07405937e+02, 5.67009747e-01,
            4.18635956e+02, 1.07370705e+02, 5.22918522e-01,
            3.97445984e+02, 1.14413193e+02, 5.82319021e-01, 0.0, 0.0,
            0.0 ]
    }
}
