{
    "pose_0": {
        "type_id": "opencv-matrix",
        "rows": 1,
        "cols": 18,
        "dt": "3f",
        "data": [ 3.98571747e+02, 1.17910469e+02, 6.79183125e-01,
            3.99747437e+02, 1.55486404e+02, 9.11445439e-01,
            3.71581665e+02, 1.53179245e+02, 8.06980252e-01,
            3.31688416e+02, 1.71958237e+02, 6.96165442e-01,
            2.94103394e+02, 1.82518753e+02, 7.51028299e-01,
            4.26813934e+02, 1.57881714e+02, 8.13763499e-01,
            4.44402100e+02, 1.91913223e+02, 8.26200902e-01,
            4.63190369e+02, 2.11911331e+02, 8.56331646e-01,
            3.70475433e+02, 2.45952866e+02, 7.11118639e-01,
            3.50429260e+02, 2.99989319e+02, 7.38247514e-01,
            3.32838745e+02, 3.63387939e+02, 7.35890448e-01,
            4.03324432e+02, 2.50639191e+02, 6.41350865e-01,
            4.05652039e+02, 3.14062073e+02, 7.87462234e-01,
            4.05656433e+02, 3.64559052e+02, 7.62617946e-01,
            3.90462891e+02, 1.09739731e+02, 7.15639174e-01,
            4.04487885e+02, 1.10905701e+02, 6.65556848e-01,
            3.86859833e+02, 1.14423851e+02, 3.52670342e-01,
            4.16190460e+02, 1.16716003e+02, 7.38085449e-01 ]
    }
}
