{
    "pose_0": {
        "type_id": "opencv-matrix",
        "rows": 1,
        "cols": 18,
        "dt": "3f",
        "data": [ 3.88048523e+02, 1.15579758e+02, 1.87092826e-01,
            3.85694122e+02, 1.53133698e+02, 7.84679890e-01,
            3.58696777e+02, 1.52014496e+02, 7.32269764e-01,
            3.46962921e+02, 1.97779465e+02, 3.90043616e-01,
            3.58694916e+02, 2.31849899e+02, 2.46475056e-01,
            4.11554657e+02, 1.53170654e+02, 7.47718155e-01,
            4.17386108e+02, 2.01315414e+02, 4.53440428e-01,
            4.05679047e+02, 2.30696579e+02, 2.34763071e-01,
            3.68087921e+02, 2.44783417e+02, 6.01054430e-01,
            3.70422974e+02, 3.05836029e+02, 7.89685309e-01,
            3.71601349e+02, 3.62240265e+02, 7.92371392e-01,
            4.00984833e+02, 2.45942322e+02, 6.17520452e-01,
            4.06816345e+02, 3.05891907e+02, 7.51115918e-01,
            4.09240021e+02, 3.63402344e+02, 7.74664760e-01,
            3.82174164e+02, 1.08503799e+02, 2.39395484e-01,
            3.95096039e+02, 1.07386414e+02, 2.49914020e-01,
            3.78629028e+02, 1.09727600e+02, 3.00976336e-01,
            3.98606415e+02, 1.09752129e+02, 3.33005190e-01 ]
    }
}
