{
    "pose_0": {
        "type_id": "opencv-matrix",
        "rows": 1,
        "cols": 18,
        "dt": "3f",
        "data": [ 3.92761719e+02, 1.12060303e+02, 3.73616397e-01,
            3.90398193e+02, 1.53125107e+02, 8.21395338e-01,
            3.66911041e+02, 1.54390182e+02, 7.21109629e-01,
            3.62186584e+02, 1.97779633e+02, 3.11130941e-01,
            3.71613098e+02, 2.28314209e+02, 1.87408119e-01,
            4.17354584e+02, 1.47300919e+02, 7.82258451e-01,
            4.35010284e+02, 1.90769516e+02, 7.19530582e-01,
            4.38579102e+02, 2.28305695e+02, 7.48215199e-01,
            3.80960388e+02, 2.40108826e+02, 6.68743551e-01,
            3.79830444e+02, 3.05836609e+02, 8.18235040e-01,
            3.79805908e+02, 3.59883118e+02, 8.32420528e-01,
            4.16238495e+02, 2.38930786e+02, 6.55087769e-01,
            4.16208832e+02, 3.05851257e+02, 7.71609843e-01,
            4.15062622e+02, 3.61061096e+02, 7.63702750e-01,
            3.88042236e+02, 1.07386673e+02, 4.18255746e-01,
            3.95091919e+02, 1.07308670e+02, 3.70074362e-01,
            3.73956940e+02, 1.15548515e+02, 4.10858572e-01,
            3.93905273e+02, 1.10908875e+02, 7.69510567e-02 ]
    }
}
