{
    "pose_0": {
        "type_id": "opencv-matrix",
        "rows": 1,
        "cols": 18,
        "dt": "3f",
        "data": [ 3.71594513e+02, 1.24954361e+02, 8.99888515e-01,
            3.83332886e+02, 1.54287399e+02, 8.23659658e-01,
            3.61045868e+02, 1.35588303e+02, 7.88551092e-01,
            3.25796387e+02, 1.17938736e+02, 8.15247655e-01,
            2.96393005e+02, 8.97774200e+01, 8.73105168e-01,
            4.07961395e+02, 1.66082382e+02, 7.82189071e-01,
            4.06860748e+02, 2.16570282e+02, 6.59352303e-01,
            3.92751587e+02, 2.49461472e+02, 5.81190407e-01,
            3.43422455e+02, 2.38932693e+02, 7.46637106e-01,
            3.17604736e+02, 2.91731476e+02, 7.85054564e-01,
            3.49304871e+02, 3.51583954e+02, 8.46639872e-01,
            3.75126862e+02, 2.49464127e+02, 6.37067139e-01,
            3.81050385e+02, 3.11683228e+02, 7.74532974e-01,
            3.90390808e+02, 3.68060791e+02, 8.43332529e-01,
            3.70436218e+02, 1.16761604e+02, 8.69856179e-01,
            3.79820160e+02, 1.17930687e+02, 1.00134683e+00, 0.0, 0.0,
            0.0, 3.98601837e+02, 1.17966499e+02, 9.76453483e-01 ]
    }
}
