{
    "pose_0": {
        "type_id": "opencv-matrix",
        "rows": 1,
        "cols": 18,
        "dt": "3f",
        "data": [ 4.04506897e+02, 1.16738213e+02, 7.08080530e-01,
            4.01002167e+02, 1.53125687e+02, 8.12978506e-01,
            3.72788971e+02, 1.46122101e+02, 8.22815478e-01,
            3.50426300e+02, 1.84885834e+02, 6.82835400e-01,
            3.42213501e+02, 2.30685562e+02, 5.08757770e-01,
            4.29182953e+02, 1.55545654e+02, 7.85049796e-01,
            4.37371948e+02, 2.02475800e+02, 4.76643980e-01,
            4.32667786e+02, 2.38891052e+02, 3.19772363e-01,
            3.72766235e+02, 2.36536713e+02, 6.24535441e-01,
            3.70420135e+02, 2.97606964e+02, 7.78661489e-01,
            3.79792328e+02, 3.49308228e+02, 8.37845564e-01,
            4.09239349e+02, 2.40077896e+02, 6.29543841e-01,
            4.05683838e+02, 3.04671356e+02, 7.60551393e-01,
            4.05636017e+02, 3.60996582e+02, 7.77949214e-01,
            3.99796234e+02, 1.08540131e+02, 7.80508876e-01,
            4.11517059e+02, 1.09745277e+02, 7.21326828e-01,
            3.91612366e+02, 1.09713120e+02, 2.86249667e-01,
            4.23264771e+02, 1.16747787e+02, 7.32157052e-01 ]
    }
}
