{
    "pose_0": {
        "type_id": "opencv-matrix",
        "rows": 1,
        "cols": 18,
        "dt": "3f",
        "data": [ 3.96264618e+02, 1.15594147e+02, 4.53865886e-01,
            3.96266357e+02, 1.53133102e+02, 8.09411764e-01,
            3.69269836e+02, 1.49636002e+02, 7.81603217e-01,
            3.58694489e+02, 1.95464523e+02, 5.11577964e-01,
            3.72771271e+02, 2.16582062e+02, 2.05571085e-01,
            4.20933258e+02, 1.54330154e+02, 7.67375171e-01,
            4.26800507e+02, 2.01297424e+02, 4.04436618e-01,
            4.03324432e+02, 2.14257172e+02, 1.90117374e-01,
            3.71644379e+02, 2.40071854e+02, 6.55850530e-01,
            3.71605957e+02, 3.04708252e+02, 8.13535154e-01,
            3.71609467e+02, 3.62229279e+02, 8.26873183e-01,
            4.07955109e+02, 2.42427750e+02, 6.28527164e-01,
            4.09171204e+02, 3.06997375e+02, 7.71479487e-01,
            4.10368408e+02, 3.63369171e+02, 7.87324309e-01,
            3.90380341e+02, 1.08527779e+02, 5.39300084e-01,
            4.00979156e+02, 1.08548141e+02, 5.18203974e-01,
            3.83337677e+02, 1.10889275e+02, 4.00955617e-01,
            4.09186829e+02, 1.13224609e+02, 5.65156281e-01 ]
    }
}
