{
    "pose_0": {
        "type_id": "opencv-matrix",
        "rows": 1,
        "cols": 18,
        "dt": "3f",
        "data": [ 3.61020355e+02, 1.17891502e+02, 9.78575110e-01,
            3.59845520e+02, 1.47317734e+02, 8.49263072e-01,
            3.32896393e+02, 1.54328323e+02, 8.49496484e-01,
            3.38705048e+02, 2.01351990e+02, 7.31780887e-01,
            3.52802460e+02, 2.40066223e+02, 6.61445737e-01,
            3.82201782e+02, 1.44929733e+02, 8.67140651e-01,
            4.09203156e+02, 1.49642288e+02, 7.34237254e-01,
            4.18634155e+02, 1.22651176e+02, 8.37327302e-01,
            3.51673279e+02, 2.43597641e+02, 6.55464053e-01,
            3.52817352e+02, 3.09364349e+02, 8.17143083e-01,
            3.42265717e+02, 3.66906128e+02, 8.32494140e-01,
            3.83353424e+02, 2.40090759e+02, 6.68499053e-01,
            3.79847992e+02, 3.10529480e+02, 7.73921609e-01,
            3.70422333e+02, 3.64573456e+02, 8.01852047e-01,
            3.52817169e+02, 1.10875839e+02, 9.19345319e-01,
            3.65723114e+02, 1.09754028e+02, 8.72348249e-01,
            3.43393005e+02, 1.15543732e+02, 8.65743399e-01,
            3.71651581e+02, 1.14414116e+02, 6.36460543e-01 ]
    }
}
