{
    "pose_0": {
        "type_id": "opencv-matrix",
        "rows": 1,
        "cols": 18,
        "dt": "3f",
        "data": [ 3.95099213e+02, 1.16730286e+02, 6.96194649e-01,
            4.01000031e+02, 1.55474396e+02, 8.78097057e-01,
            3.75143646e+02, 1.53162109e+02, 8.00009012e-01,
            3.58705841e+02, 1.84892868e+02, 7.89785087e-01,
            3.34039307e+02, 2.10752075e+02, 8.27643752e-01,
            4.28023438e+02, 1.56730164e+02, 7.98351943e-01,
            4.44388885e+02, 2.01257965e+02, 7.89158940e-01,
            4.49119537e+02, 2.34193527e+02, 7.59307563e-01,
            3.75136597e+02, 2.38892761e+02, 6.68876350e-01,
            3.53990448e+02, 3.02322784e+02, 7.62605190e-01,
            3.42253876e+02, 3.66906830e+02, 7.84877717e-01,
            4.09147827e+02, 2.47093430e+02, 6.76161826e-01,
            4.05647552e+02, 3.09383484e+02, 7.03425527e-01,
            4.03331726e+02, 3.64557526e+02, 7.09673226e-01,
            3.90412811e+02, 1.08564537e+02, 7.58644342e-01,
            4.00973114e+02, 1.09711411e+02, 7.18192995e-01,
            3.88017456e+02, 1.14414413e+02, 7.88782835e-02,
            4.17342316e+02, 1.15561783e+02, 7.86635578e-01 ]
    }
}
