{
    "pose_0": {
        "type_id": "opencv-matrix",
        "rows": 1,
        "cols": 18,
        "dt": "3f",
        "data": [ 3.68064819e+02, 1.16705711e+02, 8.91091287e-01,
            3.70448517e+02, 1.43746857e+02, 8.81275117e-01,
            3.43386505e+02, 1.37935364e+02, 8.12187374e-01,
            3.09349091e+02, 1.17904030e+02, 7.22445071e-01,
            2.77700439e+02, 8.62044754e+01, 7.59518921e-01,
            3.97437103e+02, 1.44938843e+02, 7.95681834e-01,
            4.25619019e+02, 1.61392532e+02, 7.43335247e-01,
            4.47951843e+02, 1.64884323e+02, 8.48731220e-01,
            3.61016144e+02, 2.38863358e+02, 6.60322189e-01,
            3.64587555e+02, 3.04614746e+02, 7.06925869e-01,
            3.69238068e+02, 3.63368164e+02, 8.00216734e-01,
            3.90363953e+02, 2.38909607e+02, 6.81819081e-01,
            3.89208008e+02, 3.04630493e+02, 7.43043363e-01,
            3.89251495e+02, 3.64583618e+02, 7.29481280e-01,
            3.61071838e+02, 1.07421997e+02, 9.84359086e-01,
            3.72781830e+02, 1.08562584e+02, 9.01186228e-01,
            3.52865723e+02, 1.08546310e+02, 7.22369909e-01,
            3.81020416e+02, 1.12072189e+02, 7.93308973e-01 ]
    }
}
