{
    "pose_0": {
        "type_id": "opencv-matrix",
        "rows": 1,
        "cols": 18,
        "dt": "3f",
        "data": [ 3.70473907e+02, 1.19137016e+02, 9.33986366e-01,
            3.66898254e+02, 1.44956863e+02, 8.48003626e-01,
            3.39871063e+02, 1.40253281e+02, 7.50995159e-01,
            2.96419952e+02, 1.26188103e+02, 8.21697831e-01,
            2.76526154e+02, 9.91040726e+01, 8.70087743e-01,
            3.93904388e+02, 1.46162048e+02, 7.98118293e-01,
            4.13875946e+02, 1.81373169e+02, 7.65419543e-01,
            4.19780548e+02, 2.10756699e+02, 8.14473152e-01,
            3.50488892e+02, 2.38906143e+02, 6.68877900e-01,
            3.57530243e+02, 3.05804382e+02, 7.44978607e-01,
            3.70453735e+02, 3.59867798e+02, 8.24242473e-01,
            3.80983276e+02, 2.40047501e+02, 6.74095213e-01,
            3.82197601e+02, 3.04693176e+02, 7.57592261e-01,
            3.93909882e+02, 3.64564117e+02, 7.74456322e-01,
            3.63423370e+02, 1.14406296e+02, 8.72537971e-01,
            3.78623138e+02, 1.15614220e+02, 8.88746619e-01,
            3.52871918e+02, 1.13226540e+02, 8.69181573e-01,
            3.82196381e+02, 1.16756607e+02, 4.60732639e-01 ]
    }
}
