{
    "pose_0": {
        "type_id": "opencv-matrix",
        "rows": 1,
        "cols": 18,
        "dt": "3f",
        "data": [ 3.62171661e+02, 1.14413933e+02, 9.21312928e-01,
            3.62257782e+02, 1.47276428e+02, 9.18728054e-01,
            3.34085449e+02, 1.53153625e+02, 8.45000625e-01,
            3.35180847e+02, 1.91956757e+02, 7.09350765e-01,
            3.39887726e+02, 2.22457932e+02, 5.38993299e-01,
            3.90452820e+02, 1.43747330e+02, 7.91582108e-01,
            4.08004486e+02, 1.86037506e+02, 7.67103076e-01,
            4.17416016e+02, 2.21267624e+02, 7.98710823e-01,
            3.52807556e+02, 2.45934219e+02, 6.97951317e-01,
            3.56338287e+02, 3.09362274e+02, 7.39637494e-01,
            3.69253998e+02, 3.63373505e+02, 7.89338291e-01,
            3.89248932e+02, 2.42436264e+02, 6.73500359e-01,
            3.89203278e+02, 3.09378021e+02, 7.70566761e-01,
            3.89195862e+02, 3.68086700e+02, 7.72015929e-01,
            3.54010773e+02, 1.07398277e+02, 9.38545644e-01,
            3.68092224e+02, 1.07400803e+02, 9.19882894e-01,
            3.43405426e+02, 1.10899567e+02, 8.89936864e-01,
            3.71599335e+02, 1.08609383e+02, 2.56312281e-01 ]
    }
}
