{
    "pose_0": {
        "type_id": "opencv-matrix",
        "rows": 1,
        "cols": 18,
        "dt": "3f",
        "data": [ 3.99771790e+02, 1.16702217e+02, 6.07491016e-01,
            3.92771637e+02, 1.53188843e+02, 8.00191641e-01,
            3.68082825e+02, 1.48475327e+02, 7.21747696e-01,
            3.54005829e+02, 1.91907867e+02, 1.82658225e-01,
            3.52840027e+02, 2.24801697e+02, 7.12547675e-02,
            4.18598114e+02, 1.55534683e+02, 7.72184551e-01,
            4.19757751e+02, 2.01289246e+02, 2.25865126e-01,
            4.18587402e+02, 2.40061951e+02, 1.29870355e-01,
            3.69256958e+02, 2.38865128e+02, 6.04245365e-01,
            3.71559875e+02, 2.98794708e+02, 6.96526468e-01,
            3.79816711e+02, 3.57511810e+02, 7.58329153e-01,
            4.02151093e+02, 2.40072632e+02, 5.82286537e-01,
            3.99774841e+02, 3.01148804e+02, 6.66137695e-01,
            4.04474182e+02, 3.61049164e+02, 6.63083315e-01,
            3.95092682e+02, 1.08534744e+02, 6.40309155e-01,
            4.06829346e+02, 1.09728058e+02, 6.53950095e-01,
            3.89156311e+02, 1.10915031e+02, 4.68734711e-01,
            4.13885529e+02, 1.16765060e+02, 6.63759172e-01 ]
    }
}
