{
    "pose_0": {
        "type_id": "opencv-matrix",
        "rows": 1,
        "cols": 18,
        "dt": "3f",
        "data": [ 3.79833588e+02, 1.26124626e+02, 9.63929713e-01,
            3.75130768e+02, 1.48453384e+02, 8.13334465e-01,
            3.49286255e+02, 1.36760437e+02, 7.92748153e-01,
            3.11684937e+02, 1.24949409e+02, 7.07176089e-01,
            2.87018555e+02, 9.32889023e+01, 7.94035673e-01,
            4.00984650e+02, 1.60195099e+02, 7.97687888e-01,
            4.08040375e+02, 2.06014313e+02, 7.83467710e-01,
            4.23267029e+02, 2.47115921e+02, 7.29609907e-01,
            3.34074829e+02, 2.37697800e+02, 6.85436487e-01,
            3.27004028e+02, 3.02332855e+02, 7.34526277e-01,
            3.62185242e+02, 3.59830078e+02, 6.97899461e-01,
            3.62212830e+02, 2.44775116e+02, 6.60489976e-01,
            3.43434143e+02, 3.04647156e+02, 7.58470833e-01,
            3.82214020e+02, 3.60999054e+02, 7.54366755e-01,
            3.72805328e+02, 1.16800369e+02, 9.16226268e-01,
            3.88049347e+02, 1.17945564e+02, 9.18420911e-01,
            3.69253632e+02, 1.15548531e+02, 5.48012137e-01,
            3.98554169e+02, 1.17976784e+02, 8.78017664e-01 ]
    }
}
