{
    "pose_0": {
        "type_id": "opencv-matrix",
        "rows": 1,
        "cols": 18,
        "dt": "3f",
        "data": [ 3.79857208e+02, 1.24946075e+02, 8.96762609e-01,
            3.83357208e+02, 1.53151306e+02, 8.12560201e-01,
            3.62236481e+02, 1.37894928e+02, 8.14612210e-01,
            3.25809967e+02, 1.35518646e+02, 7.74569869e-01,
            3.14054840e+02, 9.79198151e+01, 8.87203515e-01,
            4.06837067e+02, 1.63784973e+02, 8.00132155e-01,
            4.13860748e+02, 2.09520432e+02, 7.49478817e-01,
            4.43257874e+02, 2.29522903e+02, 7.84783125e-01,
            3.37558319e+02, 2.35387253e+02, 6.47074699e-01,
            3.42275452e+02, 3.03490936e+02, 7.31131613e-01,
            3.68079102e+02, 3.57526947e+02, 7.11214662e-01,
            3.62234009e+02, 2.42444153e+02, 6.77310944e-01,
            3.52825806e+02, 3.02308167e+02, 7.46140003e-01,
            3.89243835e+02, 3.61005646e+02, 7.98754096e-01,
            3.78634552e+02, 1.16770195e+02, 9.03393984e-01,
            3.89152954e+02, 1.17937492e+02, 9.55276012e-01, 0.0, 0.0,
            0.0, 4.04508179e+02, 1.19151337e+02, 8.84789765e-01 ]
    }
}
