{
    "pose_0": {
        "type_id": "opencv-matrix",
        "rows": 1,
        "cols": 18,
        "dt": "3f",
        "data": [ 3.77471069e+02, 1.20313675e+02, 8.71517122e-01,
            3.71621002e+02, 1.49663971e+02, 8.83843899e-01,
            3.42281799e+02, 1.44968292e+02, 8.51704955e-01,
            3.14009094e+02, 1.70780243e+02, 7.32443511e-01,
            2.89418243e+02, 1.46121811e+02, 7.73045540e-01,
            3.99828491e+02, 1.55496765e+02, 8.27835083e-01,
            4.36158112e+02, 1.78992554e+02, 6.97492182e-01,
            4.51482452e+02, 1.48498032e+02, 7.93386340e-01,
            3.45770233e+02, 2.45925949e+02, 6.59240901e-01,
            3.43444977e+02, 3.04698334e+02, 7.89097190e-01,
            3.51608673e+02, 3.62219635e+02, 8.34716737e-01,
            3.82167328e+02, 2.48302353e+02, 6.72393322e-01,
            3.79835938e+02, 3.09367218e+02, 7.81783521e-01,
            3.78619904e+02, 3.64546204e+02, 7.80830085e-01,
            3.70426910e+02, 1.15588310e+02, 9.45188880e-01,
            3.82155579e+02, 1.15583023e+02, 9.05192673e-01,
            3.62181488e+02, 1.14438477e+02, 7.03258634e-01,
            3.90449554e+02, 1.15611366e+02, 8.46215785e-01 ]
    }
}
