{
    "pose_0": {
        "type_id": "opencv-matrix",
        "rows": 1,
        "cols": 18,
        "dt": "3f",
        "data": [ 4.25645477e+02, 1.14429718e+02, 6.99945450e-01,
            4.17363556e+02, 1.54310623e+02, 9.01142061e-01,
            3.88044342e+02, 1.49647812e+02, 8.11699092e-01,
            3.70412170e+02, 1.91956848e+02, 7.99939632e-01,
            3.61043060e+02, 2.30661194e+02, 8.65547776e-01,
            4.45580353e+02, 1.55544083e+02, 8.01731706e-01,
            4.56218842e+02, 2.00152786e+02, 5.76462686e-01,
            4.45604034e+02, 2.35374344e+02, 5.39535224e-01,
            3.89254486e+02, 2.40075562e+02, 7.01952457e-01,
            3.79814758e+02, 2.98791107e+02, 8.13797295e-01,
            3.79875519e+02, 3.56347504e+02, 8.08844090e-01,
            4.25646454e+02, 2.45948395e+02, 6.49645209e-01,
            4.18556305e+02, 3.05840851e+02, 8.30552578e-01,
            4.15073792e+02, 3.61017303e+02, 7.84053087e-01,
            4.18582581e+02, 1.08509773e+02, 7.48348832e-01,
            4.28023834e+02, 1.08510239e+02, 7.99534142e-01,
            4.06827209e+02, 1.10915428e+02, 7.72897720e-01,
            4.34974487e+02, 1.12075859e+02, 2.15487108e-01 ]
    }
}
