{
    "pose_0": {
        "type_id": "opencv-matrix",
        "rows": 1,
        "cols": 18,
        "dt": "3f",
        "data": [ 4.04497284e+02, 1.16739426e+02, 7.02439904e-01,
            3.99833954e+02, 1.53153336e+02, 8.57173920e-01,
            3.71639160e+02, 1.46168579e+02, 8.27637136e-01,
            3.50459015e+02, 1.89579681e+02, 6.82793438e-01,
            3.42249603e+02, 2.34215897e+02, 5.65524161e-01,
            4.28011627e+02, 1.55540726e+02, 8.14121783e-01,
            4.36176025e+02, 2.02499680e+02, 4.47240919e-01,
            4.29184814e+02, 2.41249771e+02, 2.62189627e-01,
            3.71643311e+02, 2.37740875e+02, 6.43428266e-01,
            3.70469055e+02, 2.99967834e+02, 7.56492496e-01,
            3.79804382e+02, 3.52816528e+02, 8.60141277e-01,
            4.09199310e+02, 2.41256317e+02, 6.26965880e-01,
            4.04499390e+02, 3.05855835e+02, 7.38359094e-01,
            4.05644806e+02, 3.61060089e+02, 7.88956225e-01,
            3.99798035e+02, 1.08552994e+02, 7.74697840e-01,
            4.10386292e+02, 1.09755402e+02, 7.19133437e-01,
            3.91610779e+02, 1.09758583e+02, 3.29898566e-01,
            4.20940704e+02, 1.16768303e+02, 7.55419433e-01 ]
    }
}
