{
    "pose_0": {
        "type_id": "opencv-matrix",
        "rows": 1,
        "cols": 18,
        "dt": "3f",
        "data": [ 3.70402527e+02, 1.17928528e+02, 9.76098657e-01,
            3.69230835e+02, 1.44956955e+02, 8.70371938e-01,
            3.41093140e+02, 1.35598633e+02, 8.19323242e-01,
            3.12895813e+02, 1.55488235e+02, 7.98636854e-01,
            3.03451538e+02, 1.82565125e+02, 8.18138123e-01,
            3.96273987e+02, 1.53186859e+02, 7.69436598e-01,
            4.35010681e+02, 1.66070831e+02, 8.08461964e-01,
            4.28020782e+02, 1.35544586e+02, 8.99506927e-01,
            3.43423584e+02, 2.37740952e+02, 7.13448882e-01,
            3.44582703e+02, 3.07021118e+02, 7.77676404e-01,
            3.51627869e+02, 3.62263824e+02, 8.08111072e-01,
            3.79867950e+02, 2.41233276e+02, 7.07843840e-01,
            3.78631683e+02, 3.07012421e+02, 7.90979147e-01,
            3.78654724e+02, 3.62235138e+02, 7.81419694e-01,
            3.62215149e+02, 1.09767029e+02, 9.21482682e-01,
            3.76288391e+02, 1.10895126e+02, 8.35328639e-01,
            3.52886475e+02, 1.12056503e+02, 7.81854033e-01,
            3.83332458e+02, 1.14403923e+02, 7.66263664e-01 ]
    }
}
