{
    "pose_0": {
        "type_id": "opencv-matrix",
        "rows": 1,
        "cols": 18,
        "dt": "3f",
        "data": [ 3.66898743e+02, 1.13254730e+02, 6.08107448e-01,
            3.70467560e+02, 1.54357590e+02, 9.35655236e-01,
            3.42286987e+02, 1.56701141e+02, 8.60099137e-01,
            3.34012878e+02, 2.03694122e+02, 7.95122743e-01,
            3.34052246e+02, 2.45935318e+02, 7.95670807e-01,
            3.98657074e+02, 1.51982330e+02, 8.31194997e-01,
            4.09196167e+02, 1.94273895e+02, 7.82514513e-01,
            4.11520233e+02, 2.30727814e+02, 7.86072135e-01,
            3.57507690e+02, 2.48275269e+02, 6.73562765e-01,
            3.62216461e+02, 3.05835571e+02, 8.05433691e-01,
            3.71610107e+02, 3.62186890e+02, 8.40855479e-01,
            3.91561005e+02, 2.45943756e+02, 6.67924464e-01,
            3.93902863e+02, 3.05838257e+02, 7.61102796e-01,
            3.99755737e+02, 3.65723450e+02, 7.51594901e-01,
            3.61076355e+02, 1.07393562e+02, 7.30830193e-01,
            3.72767731e+02, 1.07380898e+02, 6.93434834e-01,
            3.52868195e+02, 1.10923264e+02, 4.73784983e-01,
            3.81025635e+02, 1.10910065e+02, 6.89518213e-01 ]
    }
}
