{
    "pose_0": {
        "type_id": "opencv-matrix",
        "rows": 1,
        "cols": 18,
        "dt": "3f",
        "data": [ 3.70470856e+02, 1.16772896e+02, 9.72436070e-01,
            3.62186523e+02, 1.46162308e+02, 8.87779832e-01,
            3.36392700e+02, 1.54379044e+02, 7.62077689e-01,
            3.15232086e+02, 1.88392181e+02, 7.00008214e-01,
            2.85838501e+02, 2.00168472e+02, 8.68058085e-01,
            3.89170654e+02, 1.39077164e+02, 8.05276632e-01,
            4.26792786e+02, 1.47286636e+02, 7.85484433e-01,
            4.57323120e+02, 1.35553131e+02, 8.86436701e-01,
            3.59879578e+02, 2.47112305e+02, 6.58380508e-01,
            3.65733185e+02, 3.07019714e+02, 7.75378704e-01,
            3.52767639e+02, 3.61082794e+02, 8.53036046e-01,
            3.91580475e+02, 2.40098450e+02, 6.59055471e-01,
            3.93923584e+02, 3.05884033e+02, 7.63451517e-01,
            3.84527649e+02, 3.62195740e+02, 7.98070967e-01,
            3.62260254e+02, 1.08610741e+02, 9.32416141e-01,
            3.73952606e+02, 1.08604675e+02, 9.15033638e-01,
            3.50429077e+02, 1.10904099e+02, 8.81479740e-01, 0.0, 0.0,
            0.0 ]
    }
}
