{
    "pose_0": {
        "type_id": "opencv-matrix",
        "rows": 1,
        "cols": 18,
        "dt": "3f",
        "data": [ 1.02473096e+03, 2.21163162e+02, 9.13470328e-01,
            9.09982178e+02, 3.36007690e+02, 7.83407986e-01,
            7.98095093e+02, 3.53665009e+02, 6.25590265e-01,
            7.39208923e+02, 5.74543518e+02, 8.32981825e-01,
            6.62671021e+02, 7.65664612e+02, 7.87991643e-01,
            1.02472668e+03, 3.15402740e+02, 8.01947355e-01,
            1.02172443e+03, 4.83268707e+02, 7.54077733e-01,
            1.09239832e+03, 5.47855652e+02, 8.08243871e-01,
            8.54051270e+02, 6.89237488e+02, 4.31671709e-01,
            1.12774097e+03, 6.86262146e+02, 5.69263458e-01,
            1.44271887e+03, 8.80444519e+02, 3.63135993e-01,
            9.80572021e+02, 6.21430786e+02, 4.46556121e-01,
            1.18952271e+03, 5.86161682e+02, 7.37926483e-01,
            1.47219922e+03, 7.83318726e+02, 4.19839948e-01,
            9.95248047e+02, 1.94652832e+02, 8.32182169e-01,
            1.03653186e+03, 1.80034042e+02, 9.26613212e-01,
            9.01167175e+02, 1.77040817e+02, 7.43194818e-01, 0.0, 0.0,
            0.0 ]
    }
}
