{
    "pose_0": {
        "type_id": "opencv-matrix",
        "rows": 1,
        "cols": 18,
        "dt": "3f",
        "data": [ 9.48260315e+02, 1.74123154e+02, 8.87569189e-01,
            8.36403625e+02, 2.68267303e+02, 7.83977389e-01,
            7.06889587e+02, 2.91840729e+02, 6.30554974e-01,
            6.12747681e+02, 5.00841278e+02, 7.62869716e-01,
            5.30303284e+02, 6.65698242e+02, 8.36741090e-01,
            9.65887390e+02, 2.41808289e+02, 7.37397313e-01,
            9.80614929e+02, 3.91953613e+02, 7.92644024e-01,
            1.07182458e+03, 4.06594666e+02, 7.99540043e-01,
            8.48132874e+02, 6.18562134e+02, 4.84730750e-01,
            9.39385803e+02, 7.39310669e+02, 2.70779967e-01,
            1.21900562e+03, 8.77627808e+02, 1.78790584e-01,
            9.77673462e+02, 5.39108765e+02, 5.33819973e-01,
            1.18367090e+03, 4.03742493e+02, 8.15812469e-01,
            1.38084656e+03, 6.56854980e+02, 6.24019206e-01,
            9.10010742e+02, 1.47633011e+02, 8.72229218e-01,
            9.59961060e+02, 1.30143692e+02, 9.38519001e-01,
            8.21621887e+02, 1.29896561e+02, 6.62622273e-01, 0.0, 0.0,
            0.0 ]
    }
}
