{
    "pose_0": {
        "type_id": "opencv-matrix",
        "rows": 1,
        "cols": 18,
        "dt": "3f",
        "data": [ 1.03362451e+03, 2.18233978e+02, 8.55062366e-01,
            9.33480103e+02, 3.27248901e+02, 7.24001408e-01,
            8.21655945e+02, 3.50714203e+02, 6.35239720e-01,
            7.62736511e+02, 5.71399658e+02, 7.87431479e-01,
            6.77456482e+02, 7.45163452e+02, 7.87823796e-01,
            1.04828882e+03, 3.09567871e+02, 7.32441306e-01,
            1.01298889e+03, 4.47869934e+02, 2.50655949e-01,
            1.07174377e+03, 4.62695313e+02, 6.68777883e-01,
            8.54055054e+02, 6.86287781e+02, 3.97852510e-01,
            9.74815491e+02, 6.50950745e+02, 7.22569048e-01,
            1.26316516e+03, 8.86493408e+02, 2.70978183e-01,
            1.00118707e+03, 6.03898682e+02, 4.45745587e-01,
            1.16299792e+03, 4.74317474e+02, 8.20156872e-01,
            1.37786487e+03, 7.27461426e+02, 6.29307628e-01,
            9.98214294e+02, 1.91773636e+02, 8.84646893e-01,
            1.04828699e+03, 1.74296417e+02, 1.02852106e+00,
            9.07023804e+02, 1.91785095e+02, 6.50747180e-01, 0.0, 0.0,
            0.0 ]
    }
}
