{
    "pose_0": {
        "type_id": "opencv-matrix",
        "rows": 1,
        "cols": 18,
        "dt": "3f",
        "data": [ 1.02490894e+03, 2.21283432e+02, 9.06169713e-01,
            9.12878723e+02, 3.41830963e+02, 7.93440521e-01,
            7.98120667e+02, 3.62445587e+02, 6.66886151e-01,
            7.36269592e+02, 5.83248474e+02, 7.89429188e-01,
            6.53913208e+02, 7.65893494e+02, 7.98449278e-01,
            1.02486377e+03, 3.21271332e+02, 7.92163312e-01,
            1.03355762e+03, 5.06682861e+02, 7.90994763e-01,
            1.11597778e+03, 5.92125488e+02, 8.16312611e-01,
            8.56921387e+02, 6.92170959e+02, 4.58772600e-01,
            1.16309094e+03, 7.48066284e+02, 4.92300779e-01,
            1.40442529e+03, 8.80544189e+02, 2.10316584e-01,
            9.86471985e+02, 6.30404419e+02, 5.11283994e-01,
            1.21021997e+03, 6.71516541e+02, 6.39446497e-01,
            1.50450134e+03, 8.04013306e+02, 3.93700302e-01,
            9.95255127e+02, 1.97532166e+02, 8.53007436e-01,
            1.03951575e+03, 1.80065399e+02, 9.33496058e-01,
            9.01185852e+02, 1.88820847e+02, 6.73690259e-01, 0.0, 0.0,
            0.0 ]
    }
}
