{
    "pose_0": {
        "type_id": "opencv-matrix",
        "rows": 1,
        "cols": 18,
        "dt": "3f",
        "data": [ 1.04242615e+03, 2.12413010e+02, 8.43234599e-01,
            9.36494385e+02, 3.24222290e+02, 7.39834368e-01,
            8.27507324e+02, 3.44817963e+02, 6.61017179e-01,
            7.65842529e+02, 5.56862000e+02, 7.86476195e-01,
            6.83343018e+02, 7.42132996e+02, 7.98269272e-01,
            1.04833813e+03, 3.09528015e+02, 7.41791427e-01,
            1.03946484e+03, 4.59689728e+02, 2.45737553e-01,
            1.07193420e+03, 4.62544922e+02, 6.11514986e-01,
            8.56993774e+02, 6.68604187e+02, 4.41508025e-01,
            9.39351868e+02, 6.86242981e+02, 5.78195870e-01,
            1.23374072e+03, 9.04101990e+02, 2.09030211e-01,
            1.00414038e+03, 6.00993835e+02, 4.90537643e-01,
            1.16600842e+03, 4.65490723e+02, 8.35396349e-01,
            1.37508984e+03, 7.18653625e+02, 6.05925560e-01,
            1.00116779e+03, 1.85895905e+02, 8.72307777e-01,
            1.05130420e+03, 1.74125168e+02, 9.73985195e-01,
            9.12897095e+02, 1.77239670e+02, 6.69011474e-01, 0.0, 0.0,
            0.0 ]
    }
}
