{
    "pose_0": {
        "type_id": "opencv-matrix",
        "rows": 1,
        "cols": 18,
        "dt": "3f",
        "data": [ 6.71501099e+02, 2.80161011e+02, 8.77405822e-01,
            6.21621277e+02, 3.62442780e+02, 7.74781406e-01,
            4.94995056e+02, 4.09493927e+02, 6.19944155e-01,
            3.65392212e+02, 5.03852905e+02, 8.56141329e-01,
            3.41972534e+02, 6.68682068e+02, 8.61502290e-01,
            7.48101074e+02, 3.15427429e+02, 7.09160447e-01,
            9.03954956e+02, 4.39121094e+02, 8.29935253e-01,
            1.04817932e+03, 4.24337067e+02, 8.60297740e-01,
            8.33396423e+02, 6.48008850e+02, 4.50632513e-01,
            9.98296082e+02, 7.86293335e+02, 2.57284790e-01,
            1.30735449e+03, 9.18785217e+02, 3.81105989e-01,
            9.27596008e+02, 5.42085022e+02, 4.91295993e-01,
            1.17488562e+03, 4.33158478e+02, 8.12224865e-01,
            1.37799133e+03, 6.77489868e+02, 5.97775221e-01,
            6.30401123e+02, 2.65408844e+02, 8.55063200e-01,
            6.71575500e+02, 2.44725464e+02, 9.22790766e-01,
            5.44953857e+02, 2.68455109e+02, 7.61341155e-01, 0.0, 0.0,
            0.0 ]
    }
}
