{
    "pose_0": {
        "type_id": "opencv-matrix",
        "rows": 1,
        "cols": 18,
        "dt": "3f",
        "data": [ 1.02470325e+03, 2.21265274e+02, 9.26706195e-01,
            9.10073914e+02, 3.38821259e+02, 7.86439657e-01,
            7.95214050e+02, 3.53645660e+02, 6.32669210e-01,
            7.36328247e+02, 5.77353210e+02, 8.18350971e-01,
            6.53928589e+02, 7.65859436e+02, 7.91727364e-01,
            1.02767590e+03, 3.18350342e+02, 8.00276279e-01,
            1.02472461e+03, 4.92008575e+02, 7.36764789e-01,
            1.09529468e+03, 5.53897034e+02, 8.49983394e-01,
            8.54081787e+02, 6.86282776e+02, 4.44486409e-01,
            1.13949182e+03, 6.92161987e+02, 6.00689292e-01,
            1.40736511e+03, 8.60028748e+02, 2.59354293e-01,
            9.80674927e+02, 6.24376648e+02, 4.86405909e-01,
            1.19252844e+03, 6.06807983e+02, 7.54279494e-01,
            1.48389307e+03, 7.89236206e+02, 4.18762654e-01,
            9.92361450e+02, 1.94780029e+02, 8.50943148e-01,
            1.03939551e+03, 1.80103363e+02, 9.41147864e-01,
            9.01112183e+02, 1.77132568e+02, 7.29514956e-01, 0.0, 0.0,
            0.0 ]
    }
}
