{
    "pose_0": {
        "type_id": "opencv-matrix",
        "rows": 1,
        "cols": 18,
        "dt": "3f",
        "data": [ 1.00412872e+03, 2.12420105e+02, 8.67899120e-01,
            9.04038391e+02, 3.44865631e+02, 8.25628459e-01,
            7.89291748e+02, 3.62530426e+02, 6.98679328e-01,
            7.33336914e+02, 5.83258545e+02, 7.84147263e-01,
            6.48175110e+02, 7.83323914e+02, 7.86934614e-01,
            1.01589630e+03, 3.35975128e+02, 7.32574105e-01,
            1.04533521e+03, 5.27235779e+02, 8.39243412e-01,
            1.11898328e+03, 6.45008423e+02, 8.43917251e-01,
            8.56988586e+02, 7.00962830e+02, 4.75590110e-01,
            1.11597107e+03, 7.89279968e+02, 3.07420105e-01,
            1.40153003e+03, 9.07061157e+02, 1.00779079e-01,
            9.86537354e+02, 6.45141663e+02, 5.96125960e-01,
            1.15719165e+03, 7.21631836e+02, 4.33059484e-01,
            1.23965930e+03, 7.53978821e+02, 8.86885673e-02,
            9.71743774e+02, 1.80106049e+02, 8.61126602e-01,
            1.01596997e+03, 1.74147583e+02, 9.21184301e-01,
            8.80474060e+02, 1.83010483e+02, 7.24483311e-01, 0.0, 0.0,
            0.0 ]
    }
}
