{
    "pose_0": {
        "type_id": "opencv-matrix",
        "rows": 1,
        "cols": 18,
        "dt": "3f",
        "data": [ 8.06982605e+02, 2.50717361e+02, 8.45026016e-01,
            7.21610718e+02, 3.18374207e+02, 7.51612663e-01,
            5.77426636e+02, 3.62502533e+02, 6.13259256e-01,
            4.53674011e+02, 5.27310425e+02, 7.75841415e-01,
            3.56628235e+02, 6.65617798e+02, 7.87029564e-01,
            8.56910461e+02, 2.80148682e+02, 6.95551395e-01,
            9.51234375e+02, 4.27237885e+02, 8.28806341e-01,
            1.07183411e+03, 4.09582733e+02, 8.67148280e-01,
            8.36469360e+02, 6.36225769e+02, 4.65886176e-01,
            9.83526245e+02, 7.62797913e+02, 2.29617238e-01,
            1.31025500e+03, 9.04073608e+02, 3.30104053e-01,
            9.54059387e+02, 5.39087463e+02, 5.42967081e-01,
            1.18670508e+03, 4.12547272e+02, 8.57071519e-01,
            1.39266418e+03, 6.71530701e+02, 5.98497868e-01,
            7.68753113e+02, 2.27111237e+02, 8.73322129e-01,
            8.12931763e+02, 2.18229919e+02, 8.94136369e-01,
            6.74557983e+02, 2.18308899e+02, 6.73988581e-01, 0.0, 0.0,
            0.0 ]
    }
}
