{
    "pose_0": {
        "type_id": "opencv-matrix",
        "rows": 1,
        "cols": 18,
        "dt": "3f",
        "data": [ 6.83341248e+02, 2.71326172e+02, 8.67859185e-01,
            6.39169495e+02, 3.56641235e+02, 7.19883263e-01,
            5.06744843e+02, 4.06620514e+02, 6.17517173e-01,
            3.68476715e+02, 5.03815460e+02, 8.42336178e-01,
            3.41955017e+02, 6.68582336e+02, 8.65245581e-01,
            7.62801941e+02, 3.09508606e+02, 7.18075633e-01,
            9.04008667e+02, 4.36090454e+02, 8.62979650e-01,
            1.04837537e+03, 4.12710297e+02, 8.74380827e-01,
            8.36337341e+02, 6.47964539e+02, 4.82226223e-01,
            9.98211304e+02, 7.74614624e+02, 3.06205273e-01,
            1.21320776e+03, 8.86441284e+02, 2.35950485e-01,
            9.30582153e+02, 5.39125671e+02, 5.24175048e-01,
            1.17490820e+03, 4.30246826e+02, 7.94344604e-01,
            1.38090540e+03, 6.77467468e+02, 5.84755123e-01,
            6.47924927e+02, 2.50629425e+02, 9.39939499e-01,
            6.92072205e+02, 2.35944260e+02, 8.32785726e-01,
            5.53823853e+02, 2.56546173e+02, 7.18697011e-01, 0.0, 0.0,
            0.0 ]
    }
}
