{
    "pose_0": {
        "type_id": "opencv-matrix",
        "rows": 1,
        "cols": 18,
        "dt": "3f",
        "data": [ 1.02474854e+03, 2.21191284e+02, 9.09294963e-01,
            9.10017578e+02, 3.35964569e+02, 7.72598743e-01,
            7.98131470e+02, 3.50758057e+02, 6.19883597e-01,
            7.39216858e+02, 5.77284363e+02, 8.32179010e-01,
            6.65677612e+02, 7.62796814e+02, 8.10153902e-01,
            1.02474670e+03, 3.15410522e+02, 8.01637590e-01,
            1.01006055e+03, 4.83200073e+02, 6.51848793e-01,
            1.08363220e+03, 5.30221497e+02, 8.25845778e-01,
            8.54064758e+02, 6.92132751e+02, 4.00509298e-01,
            1.11902148e+03, 6.86245300e+02, 5.87357402e-01,
            1.45742200e+03, 8.80515747e+02, 2.43116438e-01,
            9.80660828e+02, 6.15576111e+02, 4.42161769e-01,
            1.18650867e+03, 5.62685974e+02, 7.56326020e-01,
            1.44859595e+03, 7.71597351e+02, 4.65856910e-01,
            9.95245605e+02, 1.91865234e+02, 8.28203261e-01,
            1.03939392e+03, 1.77270752e+02, 9.52461183e-01,
            9.03997437e+02, 1.77062317e+02, 7.52958894e-01, 0.0, 0.0,
            0.0 ]
    }
}
