{
    "pose_0": {
        "type_id": "opencv-matrix",
        "rows": 1,
        "cols": 18,
        "dt": "3f",
        "data": [ 1.02194781e+03, 1.80103485e+02, 9.23810720e-01,
            9.24630310e+02, 2.94805542e+02, 7.72735298e-01,
            8.01055664e+02, 3.18312714e+02, 6.55386090e-01,
            7.36234863e+02, 5.30378296e+02, 8.01034570e-01,
            6.59818604e+02, 7.15783020e+02, 8.20618570e-01,
            1.04522632e+03, 2.74225677e+02, 7.51647174e-01,
            1.00119348e+03, 3.89098785e+02, 4.30216193e-01,
            1.07185095e+03, 4.35986969e+02, 7.80351758e-01,
            8.57013916e+02, 6.36254639e+02, 4.85492975e-01,
            9.30545776e+02, 7.62843506e+02, 2.27485478e-01,
            1.30727393e+03, 9.27609497e+02, 2.90565312e-01,
            9.98312561e+02, 5.71484619e+02, 5.68301558e-01,
            1.18068701e+03, 4.33173828e+02, 8.08692455e-01,
            1.38092224e+03, 6.95172424e+02, 6.05705023e-01,
            9.80580750e+02, 1.53597794e+02, 9.02149320e-01,
            1.03656482e+03, 1.44702042e+02, 8.85641515e-01,
            8.98126038e+02, 1.56450516e+02, 6.58209503e-01, 0.0, 0.0,
            0.0 ]
    }
}
