{
    "pose_0": {
        "type_id": "opencv-matrix",
        "rows": 1,
        "cols": 18,
        "dt": "3f",
        "data": [ 1.01302344e+03, 1.77201019e+02, 8.86660933e-01,
            9.10060974e+02, 2.91891754e+02, 7.65113354e-01,
            7.92239746e+02, 3.15461639e+02, 6.75831914e-01,
            7.21645203e+02, 5.30252869e+02, 7.97247350e-01,
            6.45105835e+02, 7.12681091e+02, 8.30253780e-01,
            1.03355701e+03, 2.71180786e+02, 7.47337699e-01,
            1.00116821e+03, 3.86051971e+02, 3.98784459e-01,
            1.07181262e+03, 4.33119934e+02, 7.78647602e-01,
            8.56883789e+02, 6.30344727e+02, 4.77380246e-01,
            9.48199463e+02, 7.65808411e+02, 2.38615006e-01,
            1.21605933e+03, 9.06922546e+02, 1.27046943e-01,
            9.98240601e+02, 5.65640991e+02, 5.63935578e-01,
            1.17779370e+03, 4.30250122e+02, 7.89397657e-01,
            1.38090198e+03, 6.92174744e+02, 6.12260163e-01,
            9.74660645e+02, 1.53439621e+02, 9.28546011e-01,
            1.02482959e+03, 1.41715195e+02, 9.23723102e-01,
            8.83414795e+02, 1.56551239e+02, 6.89124644e-01, 0.0, 0.0,
            0.0 ]
    }
}
