{
    "pose_0": {
        "type_id": "opencv-matrix",
        "rows": 1,
        "cols": 18,
        "dt": "3f",
        "data": [ 6.47943604e+02, 2.91826691e+02, 9.14473236e-01,
            6.00846558e+02, 3.68450684e+02, 7.65737355e-01,
            4.74345093e+02, 4.15452698e+02, 6.16781235e-01,
            3.41993195e+02, 5.03813293e+02, 8.71800661e-01,
            3.39056702e+02, 6.74455200e+02, 8.80866587e-01,
            7.27520569e+02, 3.21371155e+02, 6.95043862e-01,
            8.92273987e+02, 4.39148499e+02, 7.73604631e-01,
            1.04525146e+03, 4.27257355e+02, 8.38598311e-01,
            8.24624573e+02, 6.50957092e+02, 4.32341039e-01,
            9.83571228e+02, 7.86264587e+02, 2.67367065e-01,
            1.21904675e+03, 9.01044067e+02, 1.45719469e-01,
            9.24718384e+02, 5.47883911e+02, 4.64151263e-01,
            1.17190552e+03, 4.36192352e+02, 8.02491248e-01,
            1.38672473e+03, 6.89258789e+02, 6.22380257e-01,
            6.06872253e+02, 2.71316223e+02, 8.64335239e-01,
            6.48011719e+02, 2.47880203e+02, 8.86976838e-01,
            5.21434509e+02, 2.88826996e+02, 7.26538062e-01, 0.0, 0.0,
            0.0 ]
    }
}
