{
    "pose_0": {
        "type_id": "opencv-matrix",
        "rows": 1,
        "cols": 18,
        "dt": "3f",
        "data": [ 1.02778442e+03, 2.21236694e+02, 9.00350571e-01,
            9.24693726e+02, 3.33036163e+02, 7.53947198e-01,
            8.09933655e+02, 3.47782196e+02, 6.52332425e-01,
            7.45188965e+02, 5.74503174e+02, 8.06955457e-01,
            6.68708435e+02, 7.59827332e+02, 8.29227448e-01,
            1.03063086e+03, 3.15382019e+02, 7.37457037e-01,
            1.01880157e+03, 4.62581543e+02, 2.57981718e-01,
            1.05714685e+03, 4.80249451e+02, 6.15573704e-01,
            8.54079468e+02, 6.98077271e+02, 4.05649543e-01,
            1.09532385e+03, 6.24492188e+02, 6.96960032e-01,
            1.28966443e+03, 8.06945068e+02, 1.20184258e-01,
            9.77704651e+02, 6.18554199e+02, 3.43382597e-01,
            1.14259961e+03, 4.83170227e+02, 8.82756233e-01,
            1.33677393e+03, 7.06852417e+02, 3.40648323e-01,
            9.98214661e+02, 1.94677063e+02, 8.90142500e-01,
            1.04547351e+03, 1.77265015e+02, 9.80206609e-01,
            9.06928467e+02, 1.77223663e+02, 7.20118940e-01, 0.0, 0.0,
            0.0 ]
    }
}
