{
    "pose_0": {
        "type_id": "opencv-matrix",
        "rows": 1,
        "cols": 18,
        "dt": "3f",
        "data": [ 1.00713599e+03, 2.21166931e+02, 8.76894355e-01,
            9.04129944e+02, 3.42046082e+02, 8.16481411e-01,
            7.89319763e+02, 3.62586884e+02, 6.92818999e-01,
            7.36230408e+02, 5.83246155e+02, 7.87564337e-01,
            6.48181458e+02, 7.80387451e+02, 7.78859079e-01,
            1.01891852e+03, 3.27162537e+02, 7.26824105e-01,
            1.04546521e+03, 5.27358887e+02, 8.73257041e-01,
            1.12776697e+03, 6.48127686e+02, 7.96932876e-01,
            8.56948181e+02, 7.00961182e+02, 4.70491499e-01,
            1.15425513e+03, 7.89326294e+02, 2.72873878e-01,
            1.39857239e+03, 9.01163879e+02, 8.77435803e-02,
            9.83587036e+02, 6.45146423e+02, 6.06100619e-01,
            1.14842883e+03, 7.21581482e+02, 3.62306654e-01,
            1.23958923e+03, 7.59846741e+02, 5.05877845e-02,
            9.74619019e+02, 1.94695160e+02, 8.69638801e-01,
            1.02175568e+03, 1.77225632e+02, 9.63661849e-01,
            8.83412903e+02, 1.88904449e+02, 6.77372634e-01, 0.0, 0.0,
            0.0 ]
    }
}
