{
    "pose_0": {
        "type_id": "opencv-matrix",
        "rows": 1,
        "cols": 18,
        "dt": "3f",
        "data": [ 9.95301392e+02, 1.73996246e+02, 8.76975656e-01,
            8.98142090e+02, 2.83039001e+02, 7.47032583e-01,
            7.68780396e+02, 3.12438660e+02, 6.57221913e-01,
            6.94999023e+02, 5.27274719e+02, 8.41471553e-01,
            6.09756470e+02, 6.92232727e+02, 8.23900640e-01,
            1.02177979e+03, 2.56563080e+02, 7.57292807e-01,
            9.98284180e+02, 4.03683655e+02, 5.02145529e-01,
            1.07198352e+03, 4.21372040e+02, 7.38847375e-01,
            8.56976440e+02, 6.27401489e+02, 5.18671632e-01,
            9.51184204e+02, 7.65666138e+02, 1.92238182e-01,
            1.21609424e+03, 8.92341309e+02, 1.38385460e-01,
            9.98146362e+02, 5.56844666e+02, 5.58577061e-01,
            1.18066772e+03, 4.18467010e+02, 7.77656853e-01,
            1.37802600e+03, 6.74571838e+02, 6.15706861e-01,
            9.51235962e+02, 1.50506668e+02, 9.15140033e-01,
            1.00129175e+03, 1.29966797e+02, 1.00646544e+00,
            8.59955811e+02, 1.53461624e+02, 6.87696457e-01, 0.0, 0.0,
            0.0 ]
    }
}
