{
    "pose_0": {
        "type_id": "opencv-matrix",
        "rows": 1,
        "cols": 18,
        "dt": "3f",
        "data": [ 7.39388184e+02, 2.62438995e+02, 8.69802654e-01,
            6.74569946e+02, 3.39058075e+02, 7.51428246e-01,
            5.47884460e+02, 3.88982666e+02, 6.21854544e-01,
            4.09666534e+02, 5.27215393e+02, 8.18708241e-01,
            3.53650269e+02, 6.71467468e+02, 8.28031540e-01,
            8.06876404e+02, 2.91873779e+02, 7.17423797e-01,
            9.27741577e+02, 4.27249695e+02, 8.34299266e-01,
            1.05716772e+03, 4.09703278e+02, 8.85409951e-01,
            8.42261108e+02, 6.33289673e+02, 4.65701699e-01,
            9.86468140e+02, 7.53977234e+02, 2.64308721e-01,
            1.22487903e+03, 8.80528748e+02, 2.14816391e-01,
            9.51080322e+02, 5.42009094e+02, 5.28624892e-01,
            1.18371741e+03, 4.18419250e+02, 8.15418303e-01,
            1.39261572e+03, 6.74520569e+02, 5.59345186e-01,
            7.03895020e+02, 2.41861435e+02, 8.27201724e-01,
            7.42235962e+02, 2.21258453e+02, 9.16883230e-01,
            6.12694824e+02, 2.38921799e+02, 6.45664692e-01, 0.0, 0.0,
            0.0 ]
    }
}
