{
    "pose_0": {
        "type_id": "opencv-matrix",
        "rows": 1,
        "cols": 18,
        "dt": "3f",
        "data": [ 7.15626953e+02, 2.68451447e+02, 8.86623502e-01,
            6.59791687e+02, 3.47770081e+02, 7.23938823e-01,
            5.30307190e+02, 3.94938202e+02, 6.13478124e-01,
            3.92010132e+02, 5.09705780e+02, 7.83560872e-01,
            3.47863739e+02, 6.71477173e+02, 8.28443944e-01,
            7.86295837e+02, 3.00767365e+02, 7.05450237e-01,
            9.21708252e+02, 4.36010651e+02, 8.50457966e-01,
            1.05131189e+03, 4.12697357e+02, 8.69798183e-01,
            8.42297485e+02, 6.45021973e+02, 4.66504931e-01,
            9.83529114e+02, 7.65721497e+02, 2.49153346e-01,
            1.22784851e+03, 8.86435547e+02, 1.60225242e-01,
            9.39395508e+02, 5.47915161e+02, 5.27333260e-01,
            1.18078076e+03, 4.30138824e+02, 7.93101430e-01,
            1.38677039e+03, 6.74582825e+02, 5.88418961e-01,
            6.74470520e+02, 2.47759171e+02, 8.73086214e-01,
            7.18543274e+02, 2.27173141e+02, 8.91652882e-01,
            5.83317322e+02, 2.47858154e+02, 6.89941704e-01, 0.0, 0.0,
            0.0 ]
    }
}
