{
    "pose_0": {
        "type_id": "opencv-matrix",
        "rows": 1,
        "cols": 18,
        "dt": "3f",
        "data": [ 7.36198853e+02, 2.59503357e+02, 8.04489315e-01,
            6.71531311e+02, 3.41890137e+02, 7.70110011e-01,
            5.39111755e+02, 3.92023682e+02, 5.87930322e-01,
            4.09530396e+02, 5.21448853e+02, 7.85727561e-01,
            3.50782898e+02, 6.68680603e+02, 8.33159685e-01,
            7.98166565e+02, 2.91854614e+02, 7.15349793e-01,
            9.27625366e+02, 4.27255768e+02, 8.42805028e-01,
            1.05422961e+03, 4.09721039e+02, 8.98261070e-01,
            8.48181274e+02, 6.42076416e+02, 4.44754034e-01,
            1.00117462e+03, 7.65763611e+02, 2.56736517e-01,
            1.23373889e+03, 8.83460632e+02, 2.35963523e-01,
            9.48210327e+02, 5.42086731e+02, 5.11358321e-01,
            1.18369568e+03, 4.15539276e+02, 8.17411244e-01,
            1.38674451e+03, 6.68624023e+02, 6.10443354e-01,
            6.92293396e+02, 2.44637283e+02, 9.00102258e-01,
            7.39143188e+02, 2.21170288e+02, 8.89313936e-01,
            5.98037109e+02, 2.47621048e+02, 7.07315683e-01, 0.0, 0.0,
            0.0 ]
    }
}
