{
    "pose_0": {
        "type_id": "opencv-matrix",
        "rows": 1,
        "cols": 18,
        "dt": "3f",
        "data": [ 6.45097839e+02, 2.91874786e+02, 9.13188100e-01,
            5.98089355e+02, 3.68483917e+02, 7.73461461e-01,
            4.74331421e+02, 4.15525421e+02, 6.03464782e-01,
            3.41908905e+02, 5.06781219e+02, 8.68183374e-01,
            3.38963379e+02, 6.74568604e+02, 8.55551898e-01,
            7.30387512e+02, 3.24233643e+02, 6.86654568e-01,
            8.86382141e+02, 4.44892944e+02, 8.05629075e-01,
            1.04241943e+03, 4.27222290e+02, 8.27592134e-01,
            8.18717346e+02, 6.53906799e+02, 4.29937869e-01,
            9.80631470e+02, 7.86302063e+02, 3.09830129e-01,
            1.21021143e+03, 8.98153137e+02, 2.14751616e-01,
            9.12911011e+02, 5.47947144e+02, 4.69511330e-01,
            1.16615247e+03, 4.36052094e+02, 8.20717871e-01,
            1.37803418e+03, 6.86265747e+02, 5.85605264e-01,
            6.03835327e+02, 2.71410309e+02, 9.03019488e-01,
            6.47895447e+02, 2.50626862e+02, 9.06026840e-01,
            5.15568237e+02, 2.88878754e+02, 7.24021912e-01, 0.0, 0.0,
            0.0 ]
    }
}
