{
    "pose_0": {
        "type_id": "opencv-matrix",
        "rows": 1,
        "cols": 18,
        "dt": "3f",
        "data": [ 6.45000854e+02, 2.91952759e+02, 8.97234261e-01,
            5.98033020e+02, 3.71340454e+02, 7.48303354e-01,
            4.74355469e+02, 4.18457764e+02, 6.03673160e-01,
            3.41872253e+02, 5.06683533e+02, 8.75772357e-01,
            3.38949554e+02, 6.74554565e+02, 8.51084292e-01,
            7.24564453e+02, 3.24263855e+02, 6.87020004e-01,
            8.86470947e+02, 4.44933197e+02, 7.95122564e-01,
            1.04524194e+03, 4.27274780e+02, 8.43972027e-01,
            8.18726868e+02, 6.51020081e+02, 4.41659838e-01,
            9.71759705e+02, 7.77549255e+02, 2.69451737e-01,
            1.21900513e+03, 9.04018433e+02, 2.10446358e-01,
            9.12929077e+02, 5.50807312e+02, 4.69795883e-01,
            1.16615405e+03, 4.36180756e+02, 8.19225430e-01,
            1.38084692e+03, 6.89233276e+02, 5.96051455e-01,
            6.03817322e+02, 2.71410156e+02, 8.83233190e-01,
            6.45117493e+02, 2.50723175e+02, 8.68330717e-01,
            5.12638123e+02, 2.88841125e+02, 7.07987428e-01, 0.0, 0.0,
            0.0 ]
    }
}
