{
    "pose_0": {
        "type_id": "opencv-matrix",
        "rows": 1,
        "cols": 18,
        "dt": "3f",
        "data": [ 1.03069275e+03, 2.21218704e+02, 8.80032718e-01,
            9.27553528e+02, 3.33101868e+02, 7.40264475e-01,
            8.12842529e+02, 3.53649261e+02, 6.51791692e-01,
            7.53995239e+02, 5.74389954e+02, 7.75523305e-01,
            6.71563232e+02, 7.53911926e+02, 8.10295582e-01,
            1.03941248e+03, 3.15364380e+02, 7.18003392e-01,
            1.02470874e+03, 4.80291687e+02, 1.88616797e-01,
            1.06599744e+03, 4.80144745e+02, 5.14755428e-01,
            8.53998535e+02, 6.95146362e+02, 4.23360378e-01,
            1.03657422e+03, 6.21423035e+02, 6.81472182e-01,
            1.22783130e+03, 8.04017334e+02, 7.96263814e-02,
            9.98251038e+02, 6.03868713e+02, 2.79499203e-01,
            1.14843665e+03, 4.80099762e+02, 8.30525219e-01,
            1.36032605e+03, 7.24508911e+02, 5.37992060e-01,
            9.98234558e+02, 1.94739410e+02, 9.11297977e-01,
            1.04819885e+03, 1.77153564e+02, 1.00860047e+00,
            9.04155457e+02, 1.83039047e+02, 6.88310444e-01, 0.0, 0.0,
            0.0 ]
    }
}
