{
    "pose_0": {
        "type_id": "opencv-matrix",
        "rows": 1,
        "cols": 18,
        "dt": "3f",
        "data": [ 9.95259644e+02, 2.18218491e+02, 8.38826954e-01,
            9.04137451e+02, 3.56665802e+02, 8.21566999e-01,
            7.89276733e+02, 3.65547180e+02, 7.01106608e-01,
            7.30445862e+02, 5.95078186e+02, 7.98955083e-01,
            6.48040161e+02, 7.89171631e+02, 8.26596797e-01,
            1.02169623e+03, 3.41988678e+02, 7.60927618e-01,
            1.04540747e+03, 5.33219971e+02, 8.65360379e-01,
            1.11894446e+03, 6.48110352e+02, 8.19940388e-01,
            8.54065613e+02, 7.09800049e+02, 4.73120391e-01,
            1.09538953e+03, 7.89262634e+02, 2.84400374e-01,
            1.40440137e+03, 9.10015076e+02, 5.28135635e-02,
            9.80619263e+02, 6.51033936e+02, 5.91919839e-01,
            1.15721094e+03, 7.36254578e+02, 2.99419194e-01, 0.0, 0.0,
            0.0, 9.54066040e+02, 1.88845322e+02, 8.69083166e-01,
            1.00132977e+03, 1.77003723e+02, 1.02212059e+00,
            8.74596985e+02, 1.83023575e+02, 6.46645188e-01, 0.0, 0.0,
            0.0 ]
    }
}
