{
    "pose_0": {
        "type_id": "opencv-matrix",
        "rows": 1,
        "cols": 18,
        "dt": "3f",
        "data": [ 7.83304199e+02, 2.65301422e+02, 8.37898731e-01,
            7.06925781e+02, 3.30104767e+02, 7.18511164e-01,
            5.71490906e+02, 3.68441437e+02, 6.09878838e-01,
            4.36018677e+02, 5.27421143e+02, 8.01911235e-01,
            3.47817841e+02, 6.68723633e+02, 8.24196339e-01,
            8.33525574e+02, 2.88973083e+02, 7.11341441e-01,
            9.39357117e+02, 4.18400848e+02, 7.69078135e-01,
            1.06882361e+03, 4.09528107e+02, 8.60538363e-01,
            8.39301514e+02, 6.33294250e+02, 4.57918316e-01,
            9.95282715e+02, 7.65768982e+02, 2.47468084e-01,
            1.24256042e+03, 8.80581238e+02, 1.58360273e-01,
            9.51192505e+02, 5.33237000e+02, 5.34502387e-01,
            1.18647058e+03, 4.12633667e+02, 8.34412158e-01,
            1.39268823e+03, 6.71630188e+02, 5.49776971e-01,
            7.42218628e+02, 2.44621231e+02, 8.96375537e-01,
            7.86331299e+02, 2.24057297e+02, 9.29212570e-01,
            6.47956848e+02, 2.30068222e+02, 6.71071470e-01, 0.0, 0.0,
            0.0 ]
    }
}
