{
    "pose_0": {
        "type_id": "opencv-matrix",
        "rows": 1,
        "cols": 18,
        "dt": "3f",
        "data": [ 9.77562500e+02, 1.74029388e+02, 9.31066334e-01,
            8.71723450e+02, 2.71271606e+02, 7.87947595e-01,
            7.39297485e+02, 2.91988708e+02, 6.67638540e-01,
            6.56826172e+02, 5.03865936e+02, 7.73848355e-01,
            5.74565125e+02, 6.74604370e+02, 8.23759556e-01,
            1.00129083e+03, 2.50713043e+02, 7.96560526e-01,
            9.98290283e+02, 4.03666901e+02, 6.57008410e-01,
            1.07188770e+03, 4.12516693e+02, 7.94941247e-01,
            8.53994019e+02, 6.24449768e+02, 5.12292087e-01,
            9.33534607e+02, 7.39313354e+02, 2.35185340e-01,
            1.30732983e+03, 9.04022217e+02, 3.39408398e-01,
            9.92339783e+02, 5.50876343e+02, 5.43816566e-01,
            1.18074524e+03, 4.12438721e+02, 8.34964335e-01,
            1.38093726e+03, 6.71526978e+02, 6.28161013e-01,
            9.36470398e+02, 1.50441208e+02, 8.63441944e-01,
            9.89382080e+02, 1.29964005e+02, 9.37349796e-01,
            8.51113464e+02, 1.41739548e+02, 6.78380668e-01, 0.0, 0.0,
            0.0 ]
    }
}
