{
    "pose_0": {
        "type_id": "opencv-matrix",
        "rows": 1,
        "cols": 18,
        "dt": "3f",
        "data": [ 1.00408606e+03, 2.09522659e+02, 8.67456555e-01,
            9.04003906e+02, 3.44932129e+02, 8.12681198e-01,
            7.89275452e+02, 3.62575500e+02, 7.03738570e-01,
            7.36203064e+02, 5.83268921e+02, 7.86886513e-01,
            6.48139893e+02, 7.83368652e+02, 7.83341289e-01,
            1.01295648e+03, 3.35992432e+02, 7.31145263e-01,
            1.04525244e+03, 5.27348389e+02, 8.44912767e-01,
            1.11902954e+03, 6.47920105e+02, 8.40755045e-01,
            8.57004028e+02, 6.98102783e+02, 4.74328727e-01,
            1.11895337e+03, 7.89239746e+02, 3.71074408e-01,
            1.40141064e+03, 9.04141541e+02, 1.10161498e-01,
            9.89412720e+02, 6.48022583e+02, 6.01831555e-01,
            1.14839038e+03, 7.21558228e+02, 4.43251967e-01,
            1.24251965e+03, 7.59897766e+02, 8.10112581e-02,
            9.71652344e+02, 1.80099152e+02, 8.39142561e-01,
            1.01588342e+03, 1.74116348e+02, 9.10674334e-01,
            8.80458862e+02, 1.85881241e+02, 7.03294575e-01, 0.0, 0.0,
            0.0 ]
    }
}
