{
    "pose_0": {
        "type_id": "opencv-matrix",
        "rows": 1,
        "cols": 18,
        "dt": "3f",
        "data": [ 8.83600464e+02, 2.21158035e+02, 8.87984693e-01,
            7.86344727e+02, 2.88986725e+02, 7.31189609e-01,
            6.45105713e+02, 3.15319794e+02, 5.95382094e-01,
            5.09743774e+02, 4.97912506e+02, 7.38688171e-01,
            4.12572968e+02, 6.47906860e+02, 8.31006944e-01,
            9.12951233e+02, 2.62496490e+02, 6.94644034e-01,
            9.71743408e+02, 4.12472076e+02, 8.10959578e-01,
            1.08653748e+03, 3.97814087e+02, 7.60976553e-01,
            8.42241699e+02, 6.24433899e+02, 4.48624790e-01,
            9.36446838e+02, 7.39220459e+02, 1.86549097e-01,
            1.21606921e+03, 8.68751831e+02, 1.39864594e-01,
            9.74788635e+02, 5.33200928e+02, 5.43964148e-01,
            1.19542261e+03, 4.03653473e+02, 7.86447108e-01,
            1.39850281e+03, 6.71523682e+02, 6.01385474e-01,
            8.56833923e+02, 1.88899887e+02, 8.43292534e-01,
            9.03945862e+02, 1.77175690e+02, 9.29929852e-01,
            7.62877563e+02, 1.71107254e+02, 6.76595569e-01, 0.0, 0.0,
            0.0 ]
    }
}
