{
    "pose_0": {
        "type_id": "opencv-matrix",
        "rows": 1,
        "cols": 18,
        "dt": "3f",
        "data": [ 6.47972351e+02, 2.91853027e+02, 9.11768615e-01,
            6.00951660e+02, 3.68443024e+02, 7.58292913e-01,
            4.77250122e+02, 4.15466492e+02, 6.19406402e-01,
            3.42044189e+02, 5.03786224e+02, 8.61113906e-01,
            3.39087189e+02, 6.71664063e+02, 8.88521254e-01,
            7.30431458e+02, 3.21388550e+02, 6.98405921e-01,
            8.92284241e+02, 4.39096069e+02, 7.94613421e-01,
            1.04530750e+03, 4.27248932e+02, 8.40280294e-01,
            8.30465881e+02, 6.53876831e+02, 4.38296616e-01,
            9.83576355e+02, 7.86419800e+02, 3.12311023e-01,
            1.21614124e+03, 9.01070801e+02, 1.78743169e-01,
            9.27524292e+02, 5.47940552e+02, 4.62168306e-01,
            1.17194165e+03, 4.36115631e+02, 8.05050194e-01,
            1.38677356e+03, 6.92161499e+02, 6.00661159e-01,
            6.06798889e+02, 2.71385620e+02, 8.72530758e-01,
            6.48076294e+02, 2.47817215e+02, 9.14568603e-01,
            5.18557068e+02, 2.91745178e+02, 7.49411285e-01, 0.0, 0.0,
            0.0 ]
    }
}
