{
    "pose_0": {
        "type_id": "opencv-matrix",
        "rows": 1,
        "cols": 18,
        "dt": "3f",
        "data": [ 6.48202454e+02, 2.91720215e+02, 8.62909794e-01,
            6.00983459e+02, 3.68485809e+02, 7.48287797e-01,
            4.77262238e+02, 4.18419678e+02, 6.00894928e-01,
            3.44868988e+02, 5.06842773e+02, 8.47510338e-01,
            3.39046204e+02, 6.74595520e+02, 8.66577804e-01,
            7.30471008e+02, 3.21280762e+02, 6.99017167e-01,
            8.89410278e+02, 4.42048676e+02, 7.81952977e-01,
            1.04532422e+03, 4.24309265e+02, 8.30182552e-01,
            8.27523193e+02, 6.56831421e+02, 4.25447017e-01,
            9.74737793e+02, 7.80470764e+02, 2.83804744e-01,
            1.21318359e+03, 8.98235535e+02, 2.77650148e-01,
            9.21684509e+02, 5.50826965e+02, 4.67387497e-01,
            1.16613501e+03, 4.36105042e+02, 8.28587115e-01,
            1.38673474e+03, 6.92136841e+02, 6.15637600e-01,
            6.15630920e+02, 2.71165100e+02, 8.84581447e-01,
            6.50980225e+02, 2.47734024e+02, 8.91397715e-01,
            5.24292603e+02, 2.83092194e+02, 7.14439869e-01, 0.0, 0.0,
            0.0 ]
    }
}
