{
    "pose_0": {
        "type_id": "opencv-matrix",
        "rows": 1,
        "cols": 18,
        "dt": "3f",
        "data": [ 6.98174255e+02, 2.68424744e+02, 8.80969107e-01,
            6.48003174e+02, 3.47821655e+02, 7.61613786e-01,
            5.21482788e+02, 3.97865173e+02, 5.94887495e-01,
            3.85974060e+02, 5.06736481e+02, 8.29294205e-01,
            3.44858002e+02, 6.68640442e+02, 8.42303991e-01,
            7.74556763e+02, 3.00751801e+02, 6.67650521e-01,
            9.07145325e+02, 4.36045013e+02, 8.55225801e-01,
            1.05132031e+03, 4.12618530e+02, 8.55027556e-01,
            8.39360962e+02, 6.45036133e+02, 4.76704061e-01,
            9.83538635e+02, 7.62870483e+02, 2.65997022e-01,
            1.23372986e+03, 8.86446960e+02, 1.98878631e-01,
            9.33561096e+02, 5.42016907e+02, 5.29630363e-01,
            1.18069531e+03, 4.27312012e+02, 7.73088455e-01,
            1.38092273e+03, 6.74567322e+02, 5.32895088e-01,
            6.65684387e+02, 2.47647659e+02, 9.09746468e-01,
            7.09772278e+02, 2.24304321e+02, 8.44930172e-01,
            5.71469299e+02, 2.50682281e+02, 7.38631010e-01, 0.0, 0.0,
            0.0 ]
    }
}
