{
    "pose_0": {
        "type_id": "opencv-matrix",
        "rows": 1,
        "cols": 18,
        "dt": "3f",
        "data": [ 1.03065454e+03, 2.18327423e+02, 8.71148229e-01,
            9.30518799e+02, 3.33026154e+02, 7.55164742e-01,
            8.15863159e+02, 3.50779083e+02, 6.45370901e-01,
            7.62688232e+02, 5.74326416e+02, 7.99374223e-01,
            6.74508240e+02, 7.50975281e+02, 7.89599657e-01,
            1.04530115e+03, 3.12447479e+02, 7.45430887e-01,
            1.02470654e+03, 4.56731171e+02, 2.85703659e-01,
            1.07178735e+03, 4.74328857e+02, 6.28432691e-01,
            8.53984192e+02, 6.95128540e+02, 4.06892717e-01,
            1.01003918e+03, 6.27459961e+02, 6.94261432e-01,
            1.19547717e+03, 8.21688538e+02, 7.15305954e-02,
            1.00121265e+03, 6.03879517e+02, 3.40373069e-01,
            1.15722742e+03, 4.77319000e+02, 8.13973784e-01,
            1.37488989e+03, 7.27490173e+02, 6.11816049e-01,
            9.98146729e+02, 1.94644608e+02, 8.88074219e-01,
            1.04817334e+03, 1.77054535e+02, 1.02746034e+00,
            9.04159363e+02, 1.91753571e+02, 6.83010042e-01, 0.0, 0.0,
            0.0 ]
    }
}
