{
    "pose_0": {
        "type_id": "opencv-matrix",
        "rows": 1,
        "cols": 18,
        "dt": "3f",
        "data": [ 6.74613586e+02, 2.74165070e+02, 8.81710112e-01,
            6.27403076e+02, 3.56644104e+02, 7.38554001e-01,
            5.00845764e+02, 4.00803864e+02, 6.27557099e-01,
            3.65577271e+02, 5.03737457e+02, 8.31681311e-01,
            3.41927002e+02, 6.68547546e+02, 8.66697907e-01,
            7.59781006e+02, 3.12528839e+02, 7.05122113e-01,
            9.03960327e+02, 4.36115295e+02, 8.69093180e-01,
            1.04818665e+03, 4.15540222e+02, 8.84967268e-01,
            8.36348938e+02, 6.45111633e+02, 4.72146869e-01,
            9.95300110e+02, 7.74564453e+02, 2.51728445e-01,
            1.22492590e+03, 8.86395325e+02, 2.01431200e-01,
            9.27708618e+02, 5.42073792e+02, 5.35564542e-01,
            1.17487769e+03, 4.30259369e+02, 8.01545799e-01,
            1.37794897e+03, 6.74562256e+02, 6.04886234e-01,
            6.44939453e+02, 2.53623001e+02, 8.96704495e-01,
            6.86223022e+02, 2.35943726e+02, 8.08979154e-01,
            5.50767822e+02, 2.65293335e+02, 7.29187608e-01, 0.0, 0.0,
            0.0 ]
    }
}
