{
    "pose_0": {
        "type_id": "opencv-matrix",
        "rows": 1,
        "cols": 18,
        "dt": "3f",
        "data": [ 6.95031982e+02, 2.71205719e+02, 9.16630328e-01,
            6.42155701e+02, 3.50797211e+02, 7.35509217e-01,
            5.12624634e+02, 4.03737885e+02, 6.01045728e-01,
            3.74296051e+02, 5.06741272e+02, 7.99444318e-01,
            3.42010345e+02, 6.68649353e+02, 8.72521400e-01,
            7.65744812e+02, 3.03612000e+02, 6.94106996e-01,
            9.07030945e+02, 4.36094879e+02, 8.81705523e-01,
            1.05125696e+03, 4.12709625e+02, 8.64870429e-01,
            8.39335999e+02, 6.45040222e+02, 4.85476971e-01,
            9.89418091e+02, 7.65815247e+02, 3.07094961e-01,
            1.21899268e+03, 8.86467468e+02, 2.91901052e-01,
            9.33550049e+02, 5.42034302e+02, 5.24156868e-01,
            1.17782874e+03, 4.30185669e+02, 7.81459391e-01,
            1.39260706e+03, 6.89226501e+02, 5.56133747e-01,
            6.53904114e+02, 2.50644867e+02, 8.70072901e-01,
            6.95185669e+02, 2.27152252e+02, 8.78238618e-01,
            5.62684753e+02, 2.53571625e+02, 6.86735213e-01, 0.0, 0.0,
            0.0 ]
    }
}
