{
    "pose_0": {
        "type_id": "opencv-matrix",
        "rows": 1,
        "cols": 18,
        "dt": "3f",
        "data": [ 6.44999390e+02, 2.91933105e+02, 9.10266876e-01,
            5.98007263e+02, 3.71342010e+02, 7.49023795e-01,
            4.74312714e+02, 4.15592743e+02, 5.99502385e-01,
            3.41797546e+02, 5.06811432e+02, 8.73590469e-01,
            3.38938660e+02, 6.77431885e+02, 8.38618338e-01,
            7.24540710e+02, 3.24277740e+02, 6.84285700e-01,
            8.86485840e+02, 4.44955292e+02, 7.95715094e-01,
            1.04523853e+03, 4.27242249e+02, 8.36637974e-01,
            8.18722473e+02, 6.56830750e+02, 4.28400069e-01,
            9.89444275e+02, 7.89222290e+02, 2.74232268e-01,
            1.21315027e+03, 9.03988037e+02, 2.10028902e-01,
            9.12908508e+02, 5.50825745e+02, 4.70115244e-01,
            1.16613342e+03, 4.36203003e+02, 8.14774394e-01,
            1.37798242e+03, 6.86280640e+02, 5.87822795e-01,
            6.03807617e+02, 2.71381989e+02, 8.93105984e-01,
            6.45132385e+02, 2.50726334e+02, 8.66564631e-01,
            5.12660278e+02, 2.86031921e+02, 7.04804361e-01, 0.0, 0.0,
            0.0 ]
    }
}
