{
    "pose_0": {
        "type_id": "opencv-matrix",
        "rows": 1,
        "cols": 18,
        "dt": "3f",
        "data": [ 6.68503235e+02, 2.88887604e+02, 8.61633480e-01,
            6.18636902e+02, 3.65472717e+02, 7.57907987e-01,
            4.86190094e+02, 4.12570221e+02, 6.01921260e-01,
            3.62426483e+02, 5.06856842e+02, 8.30983162e-01,
            3.41948944e+02, 6.71600586e+02, 8.58948350e-01,
            7.42297546e+02, 3.18294983e+02, 7.18248069e-01,
            9.01112854e+02, 4.44904572e+02, 8.00411582e-01,
            1.04819238e+03, 4.27214752e+02, 8.50480199e-01,
            8.30461792e+02, 6.48014099e+02, 4.59420145e-01,
            9.92385681e+02, 7.86298157e+02, 2.74245471e-01,
            1.21902673e+03, 8.98121826e+02, 2.16691941e-01,
            9.24686096e+02, 5.47879883e+02, 4.96840477e-01,
            1.16903943e+03, 4.36012604e+02, 8.25418472e-01,
            1.38091943e+03, 6.83377502e+02, 5.71101189e-01,
            6.24559082e+02, 2.68372070e+02, 9.16696668e-01,
            6.68627563e+02, 2.47656036e+02, 8.99330318e-01,
            5.33270447e+02, 2.74304840e+02, 7.25930572e-01, 0.0, 0.0,
            0.0 ]
    }
}
