{
    "pose_0": {
        "type_id": "opencv-matrix",
        "rows": 1,
        "cols": 18,
        "dt": "3f",
        "data": [ 9.30631653e+02, 1.82998642e+02, 9.01645124e-01,
            8.21639832e+02, 2.68291321e+02, 7.36891627e-01,
            6.86240845e+02, 2.86018219e+02, 5.92858255e-01,
            5.71475586e+02, 4.83220276e+02, 7.65032291e-01,
            4.80204559e+02, 6.48094666e+02, 8.29624057e-01,
            9.51179810e+02, 2.44873337e+02, 7.79863656e-01,
            9.77690796e+02, 4.06706970e+02, 8.24090600e-01,
            1.08069177e+03, 3.91993500e+02, 7.74831176e-01,
            8.42317261e+02, 6.18540100e+02, 4.68108743e-01,
            9.42356628e+02, 7.39181152e+02, 2.20571116e-01,
            1.21609424e+03, 8.68765991e+02, 2.63193250e-01,
            9.74746521e+02, 5.36190125e+02, 5.51852942e-01,
            1.18946838e+03, 3.92057190e+02, 8.34198117e-01,
            1.38094617e+03, 6.56843018e+02, 5.98997176e-01,
            9.04019958e+02, 1.53611053e+02, 9.24821973e-01,
            9.45331238e+02, 1.50513397e+02, 8.68488908e-01,
            8.09931519e+02, 1.35853012e+02, 6.96218669e-01, 0.0, 0.0,
            0.0 ]
    }
}
