{
    "pose_0": {
        "type_id": "opencv-matrix",
        "rows": 1,
        "cols": 18,
        "dt": "3f",
        "data": [ 1.02185925e+03, 2.27119995e+02, 8.98860097e-01,
            9.10055054e+02, 3.44832336e+02, 7.69228458e-01,
            7.95230713e+02, 3.62548920e+02, 6.68879032e-01,
            7.39114502e+02, 5.83244385e+02, 7.98370600e-01,
            6.53913635e+02, 7.71659241e+02, 7.61675656e-01,
            1.02483398e+03, 3.33079071e+02, 7.47376025e-01,
            1.04238647e+03, 5.21432190e+02, 7.63481081e-01,
            1.11882275e+03, 6.30353210e+02, 8.10326099e-01,
            8.59894714e+02, 6.95089111e+02, 4.56390619e-01,
            1.09830762e+03, 7.83412354e+02, 1.53740898e-01,
            1.51927185e+03, 9.07078369e+02, 5.60321249e-02,
            9.92354187e+02, 6.42168152e+02, 5.79250336e-01,
            1.25436792e+03, 7.56930054e+02, 5.99808574e-01,
            1.51334192e+03, 8.21651245e+02, 5.04417837e-01,
            9.80649414e+02, 2.00577072e+02, 8.81557941e-01,
            1.03060608e+03, 1.91750961e+02, 8.91810834e-01,
            8.89358398e+02, 1.88887711e+02, 6.43971562e-01, 0.0, 0.0,
            0.0 ]
    }
}
