{
    "pose_0": {
        "type_id": "opencv-matrix",
        "rows": 1,
        "cols": 18,
        "dt": "3f",
        "data": [ 6.65576843e+02, 2.91793976e+02, 8.72214198e-01,
            6.15603638e+02, 3.65491028e+02, 7.36151934e-01,
            4.83168915e+02, 4.15468323e+02, 6.27147675e-01,
            3.59533142e+02, 5.06857422e+02, 8.14977407e-01,
            3.41900757e+02, 6.74491150e+02, 8.56894612e-01,
            7.39321167e+02, 3.18270233e+02, 7.29039311e-01,
            9.01086731e+02, 4.44919891e+02, 7.89933085e-01,
            1.04545923e+03, 4.27227142e+02, 8.45644712e-01,
            8.21700989e+02, 6.50926636e+02, 4.45107400e-01,
            9.92330261e+02, 7.83428589e+02, 2.70364583e-01,
            1.21603198e+03, 8.95238892e+02, 2.00677142e-01,
            9.24682190e+02, 5.47937683e+02, 5.15802860e-01,
            1.16903638e+03, 4.36044586e+02, 8.19540381e-01,
            1.38386340e+03, 6.89190613e+02, 5.99406242e-01,
            6.24421082e+02, 2.68452454e+02, 9.06488299e-01,
            6.68523193e+02, 2.47834869e+02, 8.71635318e-01,
            5.30239624e+02, 2.80159088e+02, 7.26710796e-01, 0.0, 0.0,
            0.0 ]
    }
}
