{
    "pose_0": {
        "type_id": "opencv-matrix",
        "rows": 1,
        "cols": 18,
        "dt": "3f",
        "data": [ 8.33540588e+02, 2.44912842e+02, 9.13997352e-01,
            7.45152832e+02, 3.12485931e+02, 7.09489942e-01,
            6.00881042e+02, 3.44847076e+02, 5.65604210e-01,
            4.62570648e+02, 5.21470886e+02, 7.25402892e-01,
            3.62455475e+02, 6.59837769e+02, 7.94857800e-01,
            8.80447998e+02, 2.74328552e+02, 6.95368111e-01,
            9.57024841e+02, 4.24291138e+02, 8.06962371e-01,
            1.07473608e+03, 4.09553040e+02, 8.57541680e-01,
            8.36443848e+02, 6.30350281e+02, 4.78200316e-01,
            9.74755310e+02, 7.62850769e+02, 2.45581195e-01,
            1.31904834e+03, 9.04146179e+02, 3.25995684e-01,
            9.57127747e+02, 5.36168152e+02, 5.31555235e-01,
            1.18955981e+03, 4.12494446e+02, 8.65085542e-01,
            1.39560901e+03, 6.71480103e+02, 6.16747558e-01,
            8.03926331e+02, 2.21141190e+02, 8.57972324e-01,
            8.42309265e+02, 2.06574326e+02, 8.33999395e-01,
            7.09754089e+02, 2.00701050e+02, 6.66557610e-01, 0.0, 0.0,
            0.0 ]
    }
}
