{
    "pose_0": {
        "type_id": "opencv-matrix",
        "rows": 1,
        "cols": 18,
        "dt": "3f",
        "data": [ 6.53979004e+02, 2.91953583e+02, 8.57291102e-01,
            6.03914429e+02, 3.68507324e+02, 7.08697498e-01,
            4.80255341e+02, 4.18403351e+02, 5.93074858e-01,
            3.50773895e+02, 5.03753540e+02, 8.16835046e-01,
            3.42060059e+02, 6.71602295e+02, 8.57454956e-01,
            7.36322693e+02, 3.24238312e+02, 6.88775241e-01,
            9.01075378e+02, 4.42004181e+02, 7.89698601e-01,
            1.04830859e+03, 4.30180542e+02, 8.59410524e-01,
            8.33403503e+02, 6.53896118e+02, 4.40187246e-01,
            9.98200012e+02, 7.86354675e+02, 3.02009910e-01,
            1.31316418e+03, 9.27587402e+02, 3.14838469e-01,
            9.27624207e+02, 5.50805603e+02, 4.77474540e-01,
            1.18367249e+03, 4.36191101e+02, 8.22381496e-01,
            1.37800757e+03, 6.80402954e+02, 5.80536664e-01,
            6.18639709e+02, 2.74168915e+02, 8.94391418e-01,
            6.56854675e+02, 2.47853394e+02, 8.46118569e-01,
            5.27363708e+02, 2.91919159e+02, 7.84843862e-01, 0.0, 0.0,
            0.0 ]
    }
}
