{
    "pose_0": {
        "type_id": "opencv-matrix",
        "rows": 1,
        "cols": 18,
        "dt": "3f",
        "data": [ 7.21599915e+02, 2.68222839e+02, 8.73843670e-01,
            6.68547302e+02, 3.42044434e+02, 7.86907554e-01,
            5.36162231e+02, 3.92037048e+02, 5.84297597e-01,
            4.06567871e+02, 5.12624451e+02, 7.53092408e-01,
            3.47864532e+02, 6.71455139e+02, 8.27712834e-01,
            7.89371704e+02, 2.94839935e+02, 7.33404517e-01,
            9.27464600e+02, 4.33020538e+02, 8.48670721e-01,
            1.05416528e+03, 4.12494904e+02, 8.96885216e-01,
            8.39341919e+02, 6.42166931e+02, 4.67883527e-01,
            9.92361267e+02, 7.62821716e+02, 2.88351685e-01,
            1.21604431e+03, 8.80548584e+02, 1.78464547e-01,
            9.39437195e+02, 5.45021362e+02, 5.15308142e-01,
            1.18077637e+03, 4.24291351e+02, 7.77330101e-01,
            1.38675073e+03, 6.74544739e+02, 5.13068378e-01,
            6.89225586e+02, 2.44849945e+02, 8.88282537e-01,
            7.30369080e+02, 2.24258331e+02, 8.40692043e-01,
            5.94988586e+02, 2.44787308e+02, 7.01382279e-01, 0.0, 0.0,
            0.0 ]
    }
}
