{
    "pose_0": {
        "type_id": "opencv-matrix",
        "rows": 1,
        "cols": 18,
        "dt": "3f",
        "data": [ 8.15889526e+02, 2.47834244e+02, 8.74712825e-01,
            7.39171021e+02, 3.15421539e+02, 7.63128757e-01,
            5.94978271e+02, 3.53658264e+02, 5.59686780e-01,
            4.59535858e+02, 5.24376160e+02, 7.86038876e-01,
            3.59465424e+02, 6.65600586e+02, 7.83682108e-01,
            8.65804443e+02, 2.77148132e+02, 6.63947225e-01,
            9.54169128e+02, 4.30120178e+02, 8.42267692e-01,
            1.07474548e+03, 4.09607330e+02, 8.48761559e-01,
            8.36414490e+02, 6.30372864e+02, 4.86568958e-01,
            9.74755005e+02, 7.62735535e+02, 2.97281027e-01,
            1.23371680e+03, 8.80596375e+02, 1.51864901e-01,
            9.54192078e+02, 5.36180847e+02, 5.49085855e-01,
            1.18952881e+03, 4.12562256e+02, 8.52870464e-01,
            1.39558472e+03, 6.71607361e+02, 5.98990619e-01,
            7.86310059e+02, 2.24199799e+02, 9.02874768e-01,
            8.33386780e+02, 2.12416489e+02, 8.81150842e-01,
            6.92242065e+02, 2.09490952e+02, 6.43932164e-01, 0.0, 0.0,
            0.0 ]
    }
}
