{
    "pose_0": {
        "type_id": "opencv-matrix",
        "rows": 1,
        "cols": 18,
        "dt": "3f",
        "data": [ 1.00410193e+03, 2.12352600e+02, 8.65790546e-01,
            9.04042358e+02, 3.47782806e+02, 8.16961050e-01,
            7.89271240e+02, 3.62604919e+02, 6.92484021e-01,
            7.33382080e+02, 5.86235718e+02, 7.72606850e-01,
            6.48134644e+02, 7.86208252e+02, 7.99877346e-01,
            1.01588428e+03, 3.38907806e+02, 7.47898996e-01,
            1.04526184e+03, 5.27448303e+02, 8.60137820e-01,
            1.11902515e+03, 6.47963501e+02, 8.33869338e-01,
            8.56914307e+02, 7.03945862e+02, 4.58077103e-01,
            1.12191907e+03, 8.01028442e+02, 2.92772323e-01,
            1.40147485e+03, 9.07058105e+02, 8.45964998e-02,
            9.86520325e+02, 6.48043579e+02, 5.88598847e-01,
            1.16599817e+03, 7.33413879e+02, 3.90552104e-01, 0.0, 0.0,
            0.0, 9.71683167e+02, 1.80103378e+02, 8.50233078e-01,
            1.01592236e+03, 1.74141190e+02, 9.19609189e-01,
            8.80386475e+02, 1.83013977e+02, 7.03318119e-01, 0.0, 0.0,
            0.0 ]
    }
}
