{
    "pose_0": {
        "type_id": "opencv-matrix",
        "rows": 1,
        "cols": 18,
        "dt": "3f",
        "data": [ 6.51091370e+02, 2.88967041e+02, 8.30533862e-01,
            6.03917847e+02, 3.68424500e+02, 7.30392277e-01,
            4.80198486e+02, 4.15594604e+02, 6.03899598e-01,
            3.47841766e+02, 5.06863434e+02, 8.15453172e-01,
            3.39081696e+02, 6.74535889e+02, 8.73135090e-01,
            7.36305542e+02, 3.18449585e+02, 7.30104804e-01,
            8.95263855e+02, 4.44916443e+02, 7.78840959e-01,
            1.04522107e+03, 4.27208923e+02, 8.44660163e-01,
            8.21655945e+02, 6.51012329e+02, 4.30960029e-01,
            9.77717957e+02, 7.80455261e+02, 3.09535772e-01,
            1.21603845e+03, 8.95267761e+02, 1.88900471e-01,
            9.24617920e+02, 5.47902832e+02, 4.78011131e-01,
            1.16904358e+03, 4.36046692e+02, 8.08555245e-01,
            1.38965527e+03, 6.92142883e+02, 6.16312206e-01,
            6.18534485e+02, 2.68462341e+02, 8.94147038e-01,
            6.53918579e+02, 2.47676605e+02, 8.72288287e-01,
            5.27187561e+02, 2.85920410e+02, 7.19507933e-01, 0.0, 0.0,
            0.0 ]
    }
}
