{
    "pose_0": {
        "type_id": "opencv-matrix",
        "rows": 1,
        "cols": 18,
        "dt": "3f",
        "data": [ 1.04232849e+03, 2.15368835e+02, 8.52858841e-01,
            9.33519043e+02, 3.24320465e+02, 7.32211173e-01,
            8.21701904e+02, 3.44946564e+02, 6.44332409e-01,
            7.62904236e+02, 5.62682861e+02, 7.81750321e-01,
            6.80372864e+02, 7.42252625e+02, 8.01860988e-01,
            1.04826440e+03, 3.09481323e+02, 7.37407625e-01,
            1.02175177e+03, 4.53712006e+02, 2.42069572e-01,
            1.07179553e+03, 4.62692932e+02, 6.68881059e-01,
            8.57029358e+02, 6.77423767e+02, 4.10793155e-01,
            9.54180725e+02, 6.68563599e+02, 6.40360951e-01,
            1.24548242e+03, 8.89372192e+02, 2.22749412e-01,
            1.00120001e+03, 6.09755310e+02, 4.57966417e-01,
            1.16312219e+03, 4.68489166e+02, 8.27100694e-01,
            1.37505042e+03, 7.21560303e+02, 6.38781428e-01,
            9.98340637e+02, 1.88916870e+02, 8.80951703e-01,
            1.04845532e+03, 1.74163284e+02, 1.00597692e+00,
            9.07041931e+02, 1.88834885e+02, 6.67807460e-01, 0.0, 0.0,
            0.0 ]
    }
}
