{
    "pose_0": {
        "type_id": "opencv-matrix",
        "rows": 1,
        "cols": 18,
        "dt": "3f",
        "data": [ 6.80387451e+02, 2.71347443e+02, 8.72696221e-01,
            6.36189270e+02, 3.56663330e+02, 7.25746989e-01,
            5.03834503e+02, 4.03755859e+02, 6.14136577e-01,
            3.65630890e+02, 5.03884277e+02, 8.36633325e-01,
            3.41938110e+02, 6.68565857e+02, 8.65658581e-01,
            7.62713745e+02, 3.12380188e+02, 6.99202418e-01,
            9.04031738e+02, 4.36070160e+02, 8.71594012e-01,
            1.04839734e+03, 4.12681183e+02, 8.74271929e-01,
            8.36365051e+02, 6.45113403e+02, 4.81599480e-01,
            9.89412170e+02, 7.68685730e+02, 2.80025721e-01,
            1.21612451e+03, 8.83590027e+02, 2.16081381e-01,
            9.30519226e+02, 5.42077576e+02, 5.29990733e-01,
            1.17488733e+03, 4.30231262e+02, 7.96776235e-01,
            1.37798962e+03, 6.74520142e+02, 6.01952374e-01,
            6.45105957e+02, 2.50663177e+02, 9.39166963e-01,
            6.89184998e+02, 2.35951263e+02, 8.29637766e-01,
            5.50967773e+02, 2.53638062e+02, 7.30373323e-01, 0.0, 0.0,
            0.0 ]
    }
}
