{
    "pose_0": {
        "type_id": "opencv-matrix",
        "rows": 1,
        "cols": 18,
        "dt": "3f",
        "data": [ 7.89468567e+02, 2.56597809e+02, 8.56047273e-01,
            7.15766968e+02, 3.21401306e+02, 7.71347046e-01,
            5.77297485e+02, 3.65454285e+02, 6.17579401e-01,
            4.39017792e+02, 5.30172363e+02, 7.96031117e-01,
            3.53663208e+02, 6.68570374e+02, 8.03900957e-01,
            8.45201050e+02, 2.88893402e+02, 6.85626507e-01,
            9.51060181e+02, 4.27201599e+02, 8.16726804e-01,
            1.07175220e+03, 4.09556824e+02, 8.70474756e-01,
            8.39301514e+02, 6.33305847e+02, 4.74606633e-01,
            9.77638123e+02, 7.62809143e+02, 2.59736151e-01,
            1.31614526e+03, 9.04115540e+02, 3.37437004e-01,
            9.54096375e+02, 5.39147095e+02, 5.45751989e-01,
            1.18663318e+03, 4.12665649e+02, 8.30681562e-01,
            1.39268298e+03, 6.71587280e+02, 5.60283422e-01,
            7.59917053e+02, 2.35947998e+02, 8.59340429e-01,
            8.01040771e+02, 2.21189331e+02, 8.44486356e-01,
            6.65606384e+02, 2.24177124e+02, 6.99275076e-01, 0.0, 0.0,
            0.0 ]
    }
}
