{
    "pose_0": {
        "type_id": "opencv-matrix",
        "rows": 1,
        "cols": 18,
        "dt": "3f",
        "data": [ 1.00111847e+03, 2.18203217e+02, 9.17971849e-01,
            9.04128906e+02, 3.56663818e+02, 8.28558445e-01,
            7.89261292e+02, 3.65493256e+02, 7.03165114e-01,
            7.30459961e+02, 5.97839478e+02, 8.00719261e-01,
            6.48124939e+02, 7.86417664e+02, 8.23084831e-01,
            1.02170111e+03, 3.42041809e+02, 7.71821439e-01,
            1.04533643e+03, 5.30348938e+02, 8.66961479e-01,
            1.11895239e+03, 6.48055298e+02, 8.18201184e-01,
            8.56937500e+02, 7.09804688e+02, 4.64701980e-01,
            1.11897107e+03, 7.92298279e+02, 3.52459788e-01,
            1.40142932e+03, 9.12917908e+02, 1.02273688e-01,
            9.83602722e+02, 6.50990601e+02, 5.81801713e-01,
            1.20724805e+03, 7.62698792e+02, 3.48193526e-01,
            1.51924597e+03, 8.27502991e+02, 3.36751878e-01,
            9.59955261e+02, 1.83042953e+02, 8.22036564e-01,
            1.01008960e+03, 1.74273773e+02, 9.49942350e-01,
            8.77621948e+02, 1.85919296e+02, 6.81172252e-01, 0.0, 0.0,
            0.0 ]
    }
}
