{
    "pose_0": {
        "type_id": "opencv-matrix",
        "rows": 1,
        "cols": 18,
        "dt": "3f",
        "data": [ 7.30376099e+02, 2.62447021e+02, 8.12016845e-01,
            6.71509705e+02, 3.41836029e+02, 7.79552221e-01,
            5.42087402e+02, 3.89052094e+02, 5.98368108e-01,
            4.09521118e+02, 5.12665344e+02, 7.69408703e-01,
            3.50706665e+02, 6.68699768e+02, 8.31239879e-01,
            7.98109924e+02, 2.91943726e+02, 7.18010187e-01,
            9.27636597e+02, 4.30123230e+02, 8.51997554e-01,
            1.06004712e+03, 4.09712372e+02, 8.76967728e-01,
            8.39348938e+02, 6.42078430e+02, 4.54736203e-01,
            9.95306763e+02, 7.62803711e+02, 2.72066861e-01,
            1.32490894e+03, 9.10028442e+02, 3.65625590e-01,
            9.36511902e+02, 5.47875916e+02, 5.30578017e-01,
            1.18367932e+03, 4.18425537e+02, 7.99475908e-01,
            1.38969946e+03, 6.71629822e+02, 5.56892037e-01,
            6.92167847e+02, 2.44665756e+02, 8.98812413e-01,
            7.36341309e+02, 2.21333145e+02, 9.06426668e-01,
            5.98024231e+02, 2.44798599e+02, 7.22584367e-01, 0.0, 0.0,
            0.0 ]
    }
}
