{
    "pose_0": {
        "type_id": "opencv-matrix",
        "rows": 1,
        "cols": 18,
        "dt": "3f",
        "data": [ 6.92090698e+02, 2.71256744e+02, 9.09965813e-01,
            6.42119507e+02, 3.50794250e+02, 7.36585915e-01,
            5.12648071e+02, 4.00767578e+02, 6.05108202e-01,
            3.74261627e+02, 5.03898773e+02, 8.06163371e-01,
            3.41971893e+02, 6.68607666e+02, 8.67487669e-01,
            7.62887634e+02, 3.06554382e+02, 7.09880352e-01,
            9.04156860e+02, 4.36061218e+02, 8.75616550e-01,
            1.05125330e+03, 4.12687378e+02, 8.63075614e-01,
            8.36371155e+02, 6.45120361e+02, 4.93326724e-01,
            9.92356934e+02, 7.68759949e+02, 2.98485518e-01,
            1.21312549e+03, 8.83592529e+02, 3.22342485e-01,
            9.30629333e+02, 5.42079407e+02, 5.46055913e-01,
            1.17775195e+03, 4.30242737e+02, 7.86175549e-01,
            1.38386353e+03, 6.80399475e+02, 5.87475538e-01,
            6.50906799e+02, 2.47861816e+02, 9.15814102e-01,
            6.95112488e+02, 2.27220322e+02, 8.69159460e-01,
            5.56811462e+02, 2.50776550e+02, 7.13958383e-01, 0.0, 0.0,
            0.0 ]
    }
}
