{
    "pose_0": {
        "type_id": "opencv-matrix",
        "rows": 1,
        "cols": 18,
        "dt": "3f",
        "data": [ 9.09950256e+02, 1.97790558e+02, 9.02060270e-01,
            8.06913818e+02, 2.71270752e+02, 7.53678322e-01,
            6.65645935e+02, 2.94802826e+02, 5.99111497e-01,
            5.47843140e+02, 4.83258881e+02, 7.43680835e-01,
            4.53807617e+02, 6.45026123e+02, 8.35536242e-01,
            9.33606628e+02, 2.47800873e+02, 7.50077307e-01,
            9.71802795e+02, 4.09491028e+02, 8.29795957e-01,
            1.08652710e+03, 3.89082092e+02, 7.96288908e-01,
            8.42241638e+02, 6.18541443e+02, 4.56286222e-01,
            9.04075378e+02, 7.09801819e+02, 3.57044637e-01,
            1.22194519e+03, 8.68739868e+02, 2.01826558e-01,
            9.74797058e+02, 5.36135925e+02, 5.34470677e-01,
            1.18970752e+03, 3.91975891e+02, 8.28004420e-01,
            1.39557935e+03, 6.68528625e+02, 5.76060295e-01,
            8.80565125e+02, 1.68284882e+02, 8.87940109e-01,
            9.27653015e+02, 1.56556686e+02, 9.38715100e-01,
            7.89323608e+02, 1.47652191e+02, 6.66729033e-01, 0.0, 0.0,
            0.0 ]
    }
}
