{
    "pose_0": {
        "type_id": "opencv-matrix",
        "rows": 1,
        "cols": 18,
        "dt": "3f",
        "data": [ 1.02776685e+03, 2.21180847e+02, 8.98062348e-01,
            9.27716614e+02, 3.33115112e+02, 7.53085852e-01,
            8.15753418e+02, 3.50776123e+02, 6.48231924e-01,
            7.59774231e+02, 5.74425842e+02, 7.90783167e-01,
            6.71675537e+02, 7.51069397e+02, 8.02993476e-01,
            1.04240796e+03, 3.15388763e+02, 7.41441250e-01,
            9.98356201e+02, 5.24377747e+02, 1.91533759e-01, 0.0, 0.0,
            0.0, 8.51121643e+02, 6.95150085e+02, 4.16514903e-01,
            1.02469128e+03, 6.24440674e+02, 6.94038332e-01,
            1.21017920e+03, 8.15789001e+02, 5.95390871e-02,
            9.98260254e+02, 6.03872681e+02, 2.94501424e-01,
            1.15424792e+03, 4.80180206e+02, 8.33639741e-01,
            1.36911475e+03, 7.30454163e+02, 5.16277015e-01,
            9.98133057e+02, 1.94669617e+02, 8.84815514e-01,
            1.04540613e+03, 1.77178665e+02, 1.01034820e+00,
            9.04166931e+02, 1.88891327e+02, 6.87316120e-01, 0.0, 0.0,
            0.0 ]
    }
}
