{
    "pose_0": {
        "type_id": "opencv-matrix",
        "rows": 1,
        "cols": 18,
        "dt": "3f",
        "data": [ 6.45066589e+02, 2.91883972e+02, 9.10522521e-01,
            5.97984985e+02, 3.68515961e+02, 7.50157535e-01,
            4.71434784e+02, 4.18408173e+02, 5.95711350e-01,
            3.41829987e+02, 5.06821899e+02, 8.65486741e-01,
            3.38930511e+02, 6.77426270e+02, 8.37644219e-01,
            7.24594482e+02, 3.24256470e+02, 6.79636896e-01,
            8.86499695e+02, 4.44970367e+02, 7.96306968e-01,
            1.04243677e+03, 4.27199921e+02, 8.23417425e-01,
            8.15811829e+02, 6.53913818e+02, 4.33175385e-01,
            9.80582764e+02, 7.86327637e+02, 3.00588429e-01,
            1.21308093e+03, 9.03949036e+02, 2.05013126e-01,
            9.12880554e+02, 5.50822327e+02, 4.64534074e-01,
            1.16607361e+03, 4.36148651e+02, 8.23945880e-01,
            1.37506165e+03, 6.80413635e+02, 6.02589130e-01,
            6.03890259e+02, 2.71324799e+02, 8.90577018e-01,
            6.45150757e+02, 2.50681229e+02, 8.59413803e-01,
            5.15582947e+02, 2.83080200e+02, 6.91174209e-01, 0.0, 0.0,
            0.0 ]
    }
}
