{
    "pose_0": {
        "type_id": "opencv-matrix",
        "rows": 1,
        "cols": 18,
        "dt": "3f",
        "data": [ 6.48005310e+02, 2.91880402e+02, 9.20370042e-01,
            6.00995239e+02, 3.68442200e+02, 7.56144226e-01,
            4.77319000e+02, 4.15483826e+02, 6.12171888e-01,
            3.42079071e+02, 5.03825012e+02, 8.57024312e-01,
            3.41784821e+02, 6.71608459e+02, 8.98351192e-01,
            7.30380249e+02, 3.21334656e+02, 6.98836029e-01,
            8.92256958e+02, 4.39152222e+02, 7.79718399e-01,
            1.04542432e+03, 4.27265320e+02, 8.52958322e-01,
            8.30479553e+02, 6.51005188e+02, 4.39371824e-01,
            9.83584534e+02, 7.89246094e+02, 2.99015194e-01,
            1.22491699e+03, 9.01113831e+02, 1.24562331e-01,
            9.27523621e+02, 5.50830017e+02, 4.77005392e-01,
            1.17480725e+03, 4.36199982e+02, 7.92142153e-01,
            1.38673425e+03, 6.92116272e+02, 5.88023663e-01,
            6.09707642e+02, 2.71362823e+02, 8.57738078e-01,
            6.48104065e+02, 2.47883774e+02, 8.94352555e-01,
            5.24280273e+02, 2.88854034e+02, 7.47907758e-01, 0.0, 0.0,
            0.0 ]
    }
}
