{
    "pose_0": {
        "type_id": "opencv-matrix",
        "rows": 1,
        "cols": 18,
        "dt": "3f",
        "data": [ 8.80489624e+02, 2.21278732e+02, 9.09241140e-01,
            7.83414124e+02, 2.88944672e+02, 7.16757476e-01,
            6.42151245e+02, 3.15406555e+02, 5.89332044e-01,
            5.03859009e+02, 4.92042267e+02, 7.29816616e-01,
            4.06557831e+02, 6.45131042e+02, 8.23407233e-01,
            9.07004761e+02, 2.56575195e+02, 7.39097416e-01,
            9.68844727e+02, 4.12508148e+02, 8.37332010e-01,
            1.08362073e+03, 3.94949738e+02, 7.64635205e-01,
            8.45233521e+02, 6.24499817e+02, 4.74851817e-01,
            9.74690186e+02, 7.59883667e+02, 2.16874212e-01,
            1.22192346e+03, 8.74679016e+02, 1.97508901e-01,
            9.74750916e+02, 5.33255005e+02, 5.67456841e-01,
            1.19260803e+03, 4.03720978e+02, 7.94335961e-01,
            1.39845288e+03, 6.71534790e+02, 6.10375345e-01,
            8.45250427e+02, 1.94720413e+02, 8.50914419e-01,
            8.89398743e+02, 1.82929153e+02, 8.57436776e-01,
            7.59820801e+02, 1.74101776e+02, 6.84348941e-01, 0.0, 0.0,
            0.0 ]
    }
}
