{
    "pose_0": {
        "type_id": "opencv-matrix",
        "rows": 1,
        "cols": 18,
        "dt": "3f",
        "data": [ 9.04005188e+02, 2.09430115e+02, 8.71929288e-01,
            8.04005493e+02, 2.77134735e+02, 6.99541628e-01,
            6.59802063e+02, 2.94934662e+02, 5.75099051e-01,
            5.30325195e+02, 4.86177551e+02, 7.60091603e-01,
            4.33247467e+02, 6.47919250e+02, 8.46714020e-01,
            9.30657654e+02, 2.59485962e+02, 7.31418967e-01,
            9.74582947e+02, 4.09459747e+02, 8.24654222e-01,
            1.08651636e+03, 3.91983429e+02, 7.78894007e-01,
            8.39394470e+02, 6.21470642e+02, 4.28799689e-01,
            8.83414001e+02, 6.92182373e+02, 2.93017119e-01,
            1.21903711e+03, 8.71653381e+02, 1.54512286e-01,
            9.77727356e+02, 5.30311035e+02, 5.09153187e-01,
            1.19246143e+03, 3.94880157e+02, 8.19890022e-01,
            1.38969568e+03, 6.56885864e+02, 5.87482274e-01,
            8.68703735e+02, 1.77122253e+02, 8.74240220e-01,
            9.10068237e+02, 1.71243042e+02, 9.00153875e-01,
            7.83344055e+02, 1.56440750e+02, 6.37424588e-01, 0.0, 0.0,
            0.0 ]
    }
}
