{
    "pose_0": {
        "type_id": "opencv-matrix",
        "rows": 1,
        "cols": 18,
        "dt": "3f",
        "data": [ 7.24525574e+02, 2.65408997e+02, 8.38277638e-01,
            6.68685303e+02, 3.41981476e+02, 7.82282293e-01,
            5.36201843e+02, 3.92018829e+02, 5.82575738e-01,
            4.09464752e+02, 5.09772278e+02, 7.77775526e-01,
            3.50699921e+02, 6.68696716e+02, 8.32859218e-01,
            7.95210510e+02, 2.94756226e+02, 7.15490282e-01,
            9.27503906e+02, 4.30137207e+02, 8.32146704e-01,
            1.05715759e+03, 4.09746918e+02, 8.89499426e-01,
            8.42285828e+02, 6.42104858e+02, 4.71694171e-01,
            9.95343323e+02, 7.65795654e+02, 2.98886478e-01,
            1.31615295e+03, 9.09920471e+02, 3.75242889e-01,
            9.42321228e+02, 5.47883789e+02, 5.43744206e-01,
            1.18368652e+03, 4.21404053e+02, 7.94077039e-01,
            1.38379285e+03, 6.68650330e+02, 5.72871566e-01,
            6.92003967e+02, 2.44777573e+02, 8.91266286e-01,
            7.33366516e+02, 2.24133133e+02, 8.62380266e-01,
            5.95085632e+02, 2.44767487e+02, 6.94764853e-01, 0.0, 0.0,
            0.0 ]
    }
}
