{
    "pose_0": {
        "type_id": "opencv-matrix",
        "rows": 1,
        "cols": 18,
        "dt": "3f",
        "data": [ 9.92323303e+02, 2.18178223e+02, 8.31754982e-01,
            9.04132690e+02, 3.59574982e+02, 8.35435510e-01,
            7.89267212e+02, 3.68505157e+02, 6.70051038e-01,
            7.30368347e+02, 5.98038879e+02, 8.09883475e-01,
            6.48020569e+02, 7.89166260e+02, 8.36984336e-01,
            1.02170917e+03, 3.41939728e+02, 7.69033194e-01,
            1.04537378e+03, 5.33297302e+02, 8.55714500e-01,
            1.11902771e+03, 6.53855652e+02, 7.87317097e-01,
            8.54078369e+02, 7.12712280e+02, 4.74463254e-01,
            1.08068347e+03, 7.89376770e+02, 2.07503825e-01,
            1.40146899e+03, 9.09991272e+02, 1.21598661e-01,
            9.83568420e+02, 6.53909729e+02, 5.76480567e-01,
            1.16612561e+03, 7.42110535e+02, 4.57369745e-01,
            1.47801953e+03, 8.54026306e+02, 2.07807899e-01,
            9.51227539e+02, 1.85950027e+02, 8.80310237e-01,
            1.00114978e+03, 1.74279388e+02, 1.01605225e+00,
            8.71730774e+02, 1.94700165e+02, 6.61173642e-01, 0.0, 0.0,
            0.0 ]
    }
}
