{
    "pose_0": {
        "type_id": "opencv-matrix",
        "rows": 1,
        "cols": 18,
        "dt": "3f",
        "data": [ 1.02780981e+03, 2.21064529e+02, 8.86823177e-01,
            9.30671753e+02, 3.33089294e+02, 7.47792959e-01,
            8.18735107e+02, 3.50784973e+02, 6.39275968e-01,
            7.62805542e+02, 5.71430603e+02, 7.99827695e-01,
            6.77457214e+02, 7.45229980e+02, 7.77226567e-01,
            1.04820117e+03, 3.15349884e+02, 7.63680935e-01,
            1.02174744e+03, 4.56723480e+02, 2.09463656e-01,
            1.06900928e+03, 4.74329987e+02, 5.71677923e-01,
            8.54023071e+02, 6.95100769e+02, 3.91358733e-01,
            9.98116699e+02, 6.42130188e+02, 7.22190380e-01,
            1.27493188e+03, 8.77594299e+02, 1.94944173e-01,
            1.00712152e+03, 6.00888306e+02, 4.17105854e-01,
            1.16012317e+03, 4.77238678e+02, 8.27050209e-01,
            1.37497913e+03, 7.24597168e+02, 6.24879897e-01,
            9.98149597e+02, 1.91857620e+02, 8.86071324e-01,
            1.04818066e+03, 1.77084915e+02, 1.02555728e+00,
            9.06960510e+02, 1.85924988e+02, 6.77868664e-01, 0.0, 0.0,
            0.0 ]
    }
}
