{
    "pose_0": {
        "type_id": "opencv-matrix",
        "rows": 1,
        "cols": 18,
        "dt": "3f",
        "data": [ 7.86388000e+02, 2.62436066e+02, 8.53136837e-01,
            7.12717407e+02, 3.24284058e+02, 7.37364352e-01,
            5.74361633e+02, 3.68402832e+02, 6.15715504e-01,
            4.36113495e+02, 5.27413269e+02, 8.13229203e-01,
            3.50739044e+02, 6.68629517e+02, 8.14884186e-01,
            8.36458496e+02, 2.86036316e+02, 7.00147510e-01,
            9.48230530e+02, 4.24345642e+02, 7.95783818e-01,
            1.06899805e+03, 4.09506866e+02, 8.69735360e-01,
            8.36421570e+02, 6.30385315e+02, 4.61633980e-01,
            9.71761719e+02, 7.53983521e+02, 2.29028970e-01,
            1.23076123e+03, 8.80525330e+02, 1.93446338e-01,
            9.51265869e+02, 5.33215942e+02, 5.33016980e-01,
            1.18655420e+03, 4.12672119e+02, 8.36534023e-01,
            1.39269104e+03, 6.74468323e+02, 5.46187818e-01,
            7.48050781e+02, 2.41879333e+02, 8.64247203e-01,
            7.89350281e+02, 2.21257111e+02, 9.43768620e-01,
            6.50989868e+02, 2.27144104e+02, 6.74762785e-01, 0.0, 0.0,
            0.0 ]
    }
}
