{
    "pose_0": {
        "type_id": "opencv-matrix",
        "rows": 1,
        "cols": 18,
        "dt": "3f",
        "data": [ 8.36421509e+02, 2.44739700e+02, 9.07254755e-01,
            7.45200623e+02, 3.09543396e+02, 6.99913204e-01,
            6.00945435e+02, 3.41909821e+02, 5.71578860e-01,
            4.65517303e+02, 5.15561707e+02, 7.08727539e-01,
            3.62552124e+02, 6.59761108e+02, 7.91971207e-01,
            8.80507324e+02, 2.71421539e+02, 7.16336608e-01,
            9.59951172e+02, 4.18426819e+02, 7.96880186e-01,
            1.07197961e+03, 4.06725983e+02, 8.42805624e-01,
            8.39349304e+02, 6.27421265e+02, 4.65713978e-01,
            9.74681396e+02, 7.62832947e+02, 2.66871512e-01,
            1.23962012e+03, 8.83402649e+02, 1.75380349e-01,
            9.62933228e+02, 5.36146057e+02, 5.32567441e-01,
            1.18960474e+03, 4.09655029e+02, 8.65041018e-01,
            1.39851196e+03, 6.71646118e+02, 6.01874411e-01,
            8.06887573e+02, 2.18312820e+02, 8.78316045e-01,
            8.48184692e+02, 2.03575409e+02, 8.44381392e-01,
            7.15581604e+02, 2.00566681e+02, 6.93556190e-01, 0.0, 0.0,
            0.0 ]
    }
}
