{
    "pose_0": {
        "type_id": "opencv-matrix",
        "rows": 1,
        "cols": 18,
        "dt": "3f",
        "data": [ 1.03061267e+03, 2.21231491e+02, 8.89669418e-01,
            9.27521729e+02, 3.33110687e+02, 7.56275654e-01,
            8.12817627e+02, 3.50744537e+02, 6.58945262e-01,
            7.50992920e+02, 5.74425659e+02, 7.77623057e-01,
            6.71504639e+02, 7.54006775e+02, 8.07586551e-01,
            1.03652087e+03, 3.15340118e+02, 7.27410078e-01,
            1.02471936e+03, 4.80196381e+02, 2.50153303e-01,
            1.06880408e+03, 4.80152557e+02, 5.74229002e-01,
            8.53989136e+02, 6.95092834e+02, 4.26538050e-01,
            1.04832764e+03, 6.12711487e+02, 7.06216097e-01,
            1.24255371e+03, 8.12857605e+02, 1.21731997e-01,
            9.98237000e+02, 6.00993225e+02, 3.03712219e-01,
            1.14842468e+03, 4.80223785e+02, 8.44001293e-01,
            1.35439233e+03, 7.21622437e+02, 5.76515019e-01,
            9.98193420e+02, 1.94709167e+02, 9.04418111e-01,
            1.04545898e+03, 1.77188797e+02, 1.00031447e+00,
            9.04164307e+02, 1.83022293e+02, 6.98990941e-01, 0.0, 0.0,
            0.0 ]
    }
}
