{
    "pose_0": {
        "type_id": "opencv-matrix",
        "rows": 1,
        "cols": 18,
        "dt": "3f",
        "data": [ 6.77461121e+02, 2.71332031e+02, 8.85286450e-01,
            6.30360352e+02, 3.56681854e+02, 7.24670887e-01,
            5.00847229e+02, 4.03757629e+02, 6.25895560e-01,
            3.65571045e+02, 5.03834808e+02, 8.48122716e-01,
            3.41927948e+02, 6.68561523e+02, 8.70907307e-01,
            7.62702698e+02, 3.12463440e+02, 7.16303170e-01,
            9.04063660e+02, 4.36094757e+02, 8.78546178e-01,
            1.04823474e+03, 4.15478027e+02, 8.78473222e-01,
            8.36328796e+02, 6.45062805e+02, 4.64482367e-01,
            9.95291504e+02, 7.74559204e+02, 2.83895791e-01,
            1.23667761e+03, 8.86487488e+02, 2.16482550e-01,
            9.27702271e+02, 5.42076599e+02, 5.23698628e-01,
            1.17773682e+03, 4.30239197e+02, 7.99142957e-01,
            1.37797400e+03, 6.74545654e+02, 6.01183712e-01,
            6.44975037e+02, 2.50653992e+02, 9.28979814e-01,
            6.89170410e+02, 2.33016327e+02, 8.21110666e-01,
            5.50828918e+02, 2.59530640e+02, 7.34352410e-01, 0.0, 0.0,
            0.0 ]
    }
}
