{
    "pose_0": {
        "type_id": "opencv-matrix",
        "rows": 1,
        "cols": 18,
        "dt": "3f",
        "data": [ 1.03650830e+03, 1.91834610e+02, 8.38464856e-01,
            9.30637268e+02, 3.03655243e+02, 7.39648700e-01,
            8.15767944e+02, 3.24265442e+02, 6.44930899e-01,
            7.56939209e+02, 5.47917358e+02, 7.98389554e-01,
            6.92092102e+02, 7.30434204e+02, 8.09401274e-01,
            1.04834790e+03, 2.88845612e+02, 7.41943479e-01,
            1.00709161e+03, 4.09689301e+02, 3.19945186e-01,
            1.07778784e+03, 4.39067780e+02, 6.66515112e-01,
            8.57017761e+02, 6.48032288e+02, 5.22075593e-01,
            9.71788940e+02, 7.89347717e+02, 1.83593974e-01,
            1.21310486e+03, 9.12865112e+02, 2.27909386e-01,
            9.98224182e+02, 5.86206055e+02, 5.48099399e-01,
            1.18078101e+03, 4.38995667e+02, 8.00322473e-01,
            1.38098022e+03, 7.00990845e+02, 5.93190908e-01,
            9.98258301e+02, 1.65328613e+02, 8.73067021e-01,
            1.04827026e+03, 1.50750977e+02, 1.02313256e+00,
            9.06942505e+02, 1.68302628e+02, 6.83564603e-01, 0.0, 0.0,
            0.0 ]
    }
}
