{
    "pose_0": {
        "type_id": "opencv-matrix",
        "rows": 1,
        "cols": 18,
        "dt": "3f",
        "data": [ 9.83516968e+02, 2.12443314e+02, 8.25784802e-01,
            9.04109375e+02, 3.59527802e+02, 8.30021739e-01,
            7.89296570e+02, 3.71313568e+02, 6.61457062e-01,
            7.27497986e+02, 5.98054688e+02, 8.03922713e-01,
            6.47979370e+02, 7.89233826e+02, 8.38097811e-01,
            1.02169482e+03, 3.41872437e+02, 7.76150823e-01,
            1.04531396e+03, 5.33197388e+02, 8.44594896e-01,
            1.11895337e+03, 6.50987671e+02, 8.04772258e-01,
            8.54065735e+02, 7.09832886e+02, 4.73931551e-01,
            1.09241699e+03, 7.92219116e+02, 1.93984345e-01,
            1.40439636e+03, 9.10073669e+02, 8.41694102e-02,
            9.80690491e+02, 6.56846741e+02, 5.77518404e-01,
            1.16899426e+03, 7.42189941e+02, 3.61564487e-01, 0.0, 0.0,
            0.0, 9.48277344e+02, 1.80144470e+02, 8.77924383e-01,
            9.98346313e+02, 1.74266418e+02, 1.00722861e+00,
            8.71708191e+02, 1.97620148e+02, 6.83310330e-01, 0.0, 0.0,
            0.0 ]
    }
}
