{
    "pose_0": {
        "type_id": "opencv-matrix",
        "rows": 1,
        "cols": 18,
        "dt": "3f",
        "data": [ 6.51006897e+02, 2.91861786e+02, 8.80687952e-01,
            6.03834961e+02, 3.68421631e+02, 7.36166239e-01,
            4.77352966e+02, 4.12632599e+02, 6.12849414e-01,
            3.47781067e+02, 5.03751587e+02, 8.27259779e-01,
            3.41919037e+02, 6.71535706e+02, 8.94205272e-01,
            7.33407043e+02, 3.21330536e+02, 7.11553216e-01,
            8.98209534e+02, 4.39151550e+02, 8.01531613e-01,
            1.04829285e+03, 4.27300934e+02, 8.50426793e-01,
            8.33506165e+02, 6.53867126e+02, 4.44237500e-01,
            9.92364502e+02, 7.83405579e+02, 2.61141658e-01,
            1.21604907e+03, 9.01149475e+02, 3.66502911e-01,
            9.27588745e+02, 5.50825012e+02, 4.78664249e-01,
            1.18072375e+03, 4.36240356e+02, 8.04798782e-01,
            1.39258569e+03, 6.92146912e+02, 5.73576808e-01,
            6.15665222e+02, 2.71298798e+02, 8.81030679e-01,
            6.53910217e+02, 2.47754257e+02, 8.82675290e-01,
            5.24399780e+02, 2.88877289e+02, 7.39784598e-01, 0.0, 0.0,
            0.0 ]
    }
}
