{
    "pose_0": {
        "type_id": "opencv-matrix",
        "rows": 1,
        "cols": 18,
        "dt": "3f",
        "data": [ 7.18659302e+02, 2.68342468e+02, 9.16211367e-01,
            6.68468933e+02, 3.44870972e+02, 7.70353973e-01,
            5.33252991e+02, 3.91983490e+02, 6.09542489e-01,
            4.00800720e+02, 5.12671753e+02, 7.46019542e-01,
            3.50711914e+02, 6.71465210e+02, 8.24552119e-01,
            7.89366760e+02, 2.97784241e+02, 7.15879440e-01,
            9.21754028e+02, 4.33099335e+02, 8.33729267e-01,
            1.05419812e+03, 4.12516998e+02, 8.74716938e-01,
            8.39383850e+02, 6.45036011e+02, 4.73295748e-01,
            9.95266602e+02, 7.65704590e+02, 3.05285245e-01,
            1.23370691e+03, 8.83576477e+02, 1.91458732e-01,
            9.39433655e+02, 5.47887634e+02, 5.38781822e-01,
            1.18070947e+03, 4.30118835e+02, 7.81004071e-01,
            1.38089685e+03, 6.71521545e+02, 5.53376019e-01,
            6.83321655e+02, 2.47634750e+02, 8.65126669e-01,
            7.27438477e+02, 2.24317490e+02, 8.66999447e-01,
            5.92073792e+02, 2.47625763e+02, 7.22299516e-01, 0.0, 0.0,
            0.0 ]
    }
}
