{
    "pose_0": {
        "type_id": "opencv-matrix",
        "rows": 1,
        "cols": 18,
        "dt": "3f",
        "data": [ 8.12884521e+02, 2.47813248e+02, 9.22124922e-01,
            7.36212463e+02, 3.15471466e+02, 7.42001057e-01,
            5.86219910e+02, 3.56640503e+02, 5.70035040e-01,
            4.56696320e+02, 5.27196411e+02, 7.88144767e-01,
            3.56640472e+02, 6.65681763e+02, 7.92331874e-01,
            8.62854370e+02, 2.80150726e+02, 6.77556813e-01,
            9.54140320e+02, 4.27272644e+02, 8.40468585e-01,
            1.07189771e+03, 4.09598083e+02, 8.57928157e-01,
            8.36426880e+02, 6.30390686e+02, 4.71894503e-01,
            9.77625427e+02, 7.59881592e+02, 2.70498037e-01,
            1.31316785e+03, 9.04157654e+02, 3.42892379e-01,
            9.54150635e+02, 5.36139160e+02, 5.54677129e-01,
            1.18945801e+03, 4.12554932e+02, 8.52617979e-01,
            1.39559790e+03, 6.71632874e+02, 5.90936124e-01,
            7.83351440e+02, 2.24277786e+02, 9.07610357e-01,
            8.27495544e+02, 2.12393250e+02, 7.90754855e-01,
            6.89161133e+02, 2.18279739e+02, 6.75112009e-01, 0.0, 0.0,
            0.0 ]
    }
}
