{
    "pose_0": {
        "type_id": "opencv-matrix",
        "rows": 1,
        "cols": 18,
        "dt": "3f",
        "data": [ 1.02774731e+03, 2.21258881e+02, 9.02244627e-01,
            9.24651672e+02, 3.33073944e+02, 7.51288712e-01,
            8.09944092e+02, 3.47792267e+02, 6.56067133e-01,
            7.48076843e+02, 5.74449463e+02, 7.98040032e-01,
            6.71449707e+02, 7.59767334e+02, 8.16604078e-01,
            1.03063123e+03, 3.15352509e+02, 7.37861097e-01,
            1.01882214e+03, 4.80300781e+02, 2.39112839e-01,
            1.06002563e+03, 4.80188965e+02, 5.35557270e-01,
            8.54022583e+02, 7.00976563e+02, 4.16767776e-01,
            1.08655237e+03, 6.12733704e+02, 6.67825103e-01,
            1.37797559e+03, 8.80513611e+02, 4.92862791e-01,
            9.77645996e+02, 6.21468506e+02, 3.28343362e-01,
            1.14262732e+03, 4.80369293e+02, 8.93778622e-01,
            1.35436816e+03, 7.18641418e+02, 3.75162393e-01,
            9.98166138e+02, 1.94705414e+02, 8.79342437e-01,
            1.04534802e+03, 1.77276337e+02, 9.82328355e-01,
            9.04138367e+02, 1.77197403e+02, 6.93557620e-01, 0.0, 0.0,
            0.0 ]
    }
}
