{
    "pose_0": {
        "type_id": "opencv-matrix",
        "rows": 1,
        "cols": 18,
        "dt": "3f",
        "data": [ 8.45267761e+02, 2.41744095e+02, 8.36068094e-01,
            7.59777222e+02, 2.97720123e+02, 6.92794561e-01,
            6.09747498e+02, 3.33040039e+02, 5.52314401e-01,
            4.80223114e+02, 5.03870605e+02, 7.41187751e-01,
            3.71301636e+02, 6.50902954e+02, 7.99712360e-01,
            8.86438782e+02, 2.71309570e+02, 7.38435566e-01,
            9.62958069e+02, 4.15580597e+02, 8.15877855e-01,
            1.07777490e+03, 4.03717773e+02, 7.85785377e-01,
            8.39375671e+02, 6.27410095e+02, 4.80704755e-01,
            9.80584961e+02, 7.62820862e+02, 3.20289999e-01,
            1.23079285e+03, 8.80506592e+02, 2.70275384e-01,
            9.62963257e+02, 5.36153076e+02, 5.46808958e-01,
            1.18969946e+03, 4.09546021e+02, 8.61710429e-01,
            1.39556396e+03, 6.71489136e+02, 5.67753673e-01,
            8.12833679e+02, 2.12400970e+02, 8.52879822e-01,
            8.57093506e+02, 2.00577057e+02, 9.33521211e-01,
            7.18694763e+02, 1.94758102e+02, 6.62421703e-01, 0.0, 0.0,
            0.0 ]
    }
}
