{
    "pose_0": {
        "type_id": "opencv-matrix",
        "rows": 1,
        "cols": 18,
        "dt": "3f",
        "data": [ 1.02481055e+03, 2.24068436e+02, 9.33945537e-01,
            9.15825867e+02, 3.39060120e+02, 7.87049592e-01,
            8.03960938e+02, 3.56648621e+02, 6.38888419e-01,
            7.39132751e+02, 5.80287048e+02, 8.09043467e-01,
            6.51048035e+02, 7.71692383e+02, 7.72607148e-01,
            1.02486926e+03, 3.24237946e+02, 7.63457477e-01,
            1.03061829e+03, 5.06801910e+02, 7.87083328e-01,
            1.11584387e+03, 6.06846130e+02, 8.17578137e-01,
            8.56907410e+02, 6.92122437e+02, 4.78860706e-01,
            1.16309155e+03, 7.62709351e+02, 5.30629933e-01,
            1.40446521e+03, 9.01055420e+02, 3.01060826e-01,
            9.83512207e+02, 6.39200562e+02, 5.54717124e-01,
            1.23366565e+03, 7.09852661e+02, 4.86861467e-01,
            1.49857373e+03, 8.12822327e+02, 5.24387121e-01,
            9.92377014e+02, 1.97566895e+02, 8.47864270e-01,
            1.03950049e+03, 1.80084167e+02, 9.25368726e-01,
            9.03970154e+02, 1.82960587e+02, 6.93632841e-01, 0.0, 0.0,
            0.0 ]
    }
}
