{
    "pose_0": {
        "type_id": "opencv-matrix",
        "rows": 1,
        "cols": 18,
        "dt": "3f",
        "data": [ 7.59755188e+02, 2.62409241e+02, 8.10540915e-01,
            6.92133057e+02, 3.36035828e+02, 7.67664552e-01,
            5.53825562e+02, 3.85995544e+02, 6.27301931e-01,
            4.24303345e+02, 5.27372009e+02, 7.54352450e-01,
            3.50734375e+02, 6.71494324e+02, 8.31630647e-01,
            8.15848816e+02, 2.91765076e+02, 7.01301634e-01,
            9.30695557e+02, 4.18471985e+02, 7.99674332e-01,
            1.06302649e+03, 4.09472870e+02, 8.47195089e-01,
            8.42241699e+02, 6.27475586e+02, 4.27725732e-01,
            9.57049377e+02, 7.39305237e+02, 1.99422359e-01,
            1.23959473e+03, 8.80635559e+02, 9.67804864e-02,
            9.51216370e+02, 5.30360352e+02, 5.17610013e-01,
            1.18652295e+03, 4.12571686e+02, 8.52179885e-01,
            1.39558667e+03, 6.71519531e+02, 6.05768383e-01,
            7.18634033e+02, 2.41844193e+02, 8.86640847e-01,
            7.62798157e+02, 2.21265686e+02, 9.29245949e-01,
            6.21621704e+02, 2.35948578e+02, 6.86355829e-01, 0.0, 0.0,
            0.0 ]
    }
}
