{
    "pose_0": {
        "type_id": "opencv-matrix",
        "rows": 1,
        "cols": 18,
        "dt": "3f",
        "data": [ 8.59877319e+02, 2.27129196e+02, 9.13802028e-01,
            7.65779053e+02, 2.94761597e+02, 7.24445522e-01,
            6.21580933e+02, 3.24257629e+02, 5.69461048e-01,
            4.86137939e+02, 5.03671356e+02, 7.36777246e-01,
            3.85911377e+02, 6.48011169e+02, 8.28167796e-01,
            9.01034241e+02, 2.68318420e+02, 7.17072904e-01,
            9.68843079e+02, 4.12627167e+02, 8.39019477e-01,
            1.08361450e+03, 3.97800385e+02, 7.57640898e-01,
            8.39395996e+02, 6.24534790e+02, 4.64408368e-01,
            9.74731506e+02, 7.62815735e+02, 2.41413891e-01,
            1.23077979e+03, 8.80417114e+02, 1.87129170e-01,
            9.71776306e+02, 5.33225769e+02, 5.38359582e-01,
            1.19256958e+03, 4.06611908e+02, 8.10827672e-01,
            1.39552893e+03, 6.68589783e+02, 5.82498550e-01,
            8.30487732e+02, 2.00712387e+02, 9.35318410e-01,
            8.74645752e+02, 1.94752777e+02, 8.59665751e-01,
            7.39237610e+02, 1.83038208e+02, 6.68298185e-01, 0.0, 0.0,
            0.0 ]
    }
}
