{
    "pose_0": {
        "type_id": "opencv-matrix",
        "rows": 1,
        "cols": 18,
        "dt": "3f",
        "data": [ 6.74526855e+02, 2.74214447e+02, 8.70908678e-01,
            6.27382507e+02, 3.59592621e+02, 7.30893433e-01,
            5.00827911e+02, 4.06677155e+02, 6.22598410e-01,
            3.65549774e+02, 5.03727875e+02, 8.39526296e-01,
            3.41948456e+02, 6.68573486e+02, 8.67842555e-01,
            7.56904724e+02, 3.15344482e+02, 7.11842418e-01,
            9.03984314e+02, 4.36228088e+02, 8.52492094e-01,
            1.04818323e+03, 4.18517181e+02, 8.58788431e-01,
            8.36328979e+02, 6.45049255e+02, 4.83304262e-01,
            9.83585571e+02, 7.68709717e+02, 2.98048675e-01,
            1.30727832e+03, 9.18757813e+02, 3.50588500e-01,
            9.27564209e+02, 5.42084045e+02, 5.09903312e-01,
            1.17489392e+03, 4.33066803e+02, 8.04648697e-01,
            1.38091589e+03, 6.80429260e+02, 5.80985367e-01,
            6.42098816e+02, 2.53645737e+02, 8.58378172e-01,
            6.80417114e+02, 2.35975403e+02, 7.84482598e-01,
            5.47934937e+02, 2.65333069e+02, 7.13795185e-01, 0.0, 0.0,
            0.0 ]
    }
}
