{
    "pose_0": {
        "type_id": "opencv-matrix",
        "rows": 1,
        "cols": 18,
        "dt": "3f",
        "data": [ 7.45220764e+02, 2.53642914e+02, 8.31580997e-01,
            6.83379028e+02, 3.38937561e+02, 7.49534190e-01,
            5.50846069e+02, 3.86155487e+02, 6.44887507e-01,
            4.12692291e+02, 5.24432007e+02, 7.80507088e-01,
            3.53662292e+02, 6.68695679e+02, 8.32737088e-01,
            8.12767578e+02, 2.91798462e+02, 7.39362478e-01,
            9.30522888e+02, 4.21357758e+02, 8.22147012e-01,
            1.05713831e+03, 4.09558258e+02, 8.67978692e-01,
            8.39300415e+02, 6.27476196e+02, 4.50418144e-01,
            9.86494263e+02, 7.56870850e+02, 2.56989360e-01,
            1.23372546e+03, 8.83368652e+02, 2.44309038e-01,
            9.51116577e+02, 5.33247437e+02, 5.12225449e-01,
            1.18372949e+03, 4.12597870e+02, 8.42654586e-01,
            1.38975354e+03, 6.71590149e+02, 5.63023388e-01,
            7.12770203e+02, 2.38871033e+02, 8.60218763e-01,
            7.53936523e+02, 2.18220444e+02, 8.32488060e-01,
            6.18502991e+02, 2.38850845e+02, 6.78757608e-01, 0.0, 0.0,
            0.0 ]
    }
}
