{
    "pose_0": {
        "type_id": "opencv-matrix",
        "rows": 1,
        "cols": 18,
        "dt": "3f",
        "data": [ 6.95169495e+02, 2.68442413e+02, 9.14189458e-01,
            6.45125916e+02, 3.50807007e+02, 7.55646586e-01,
            5.15562256e+02, 4.06589264e+02, 6.06032729e-01,
            3.80214203e+02, 5.03868591e+02, 8.01162004e-01,
            3.44821899e+02, 6.68650513e+02, 8.53287101e-01,
            7.71613647e+02, 3.06567719e+02, 6.73618555e-01,
            9.07149902e+02, 4.36052094e+02, 8.72510731e-01,
            1.05131323e+03, 4.12601776e+02, 8.70326698e-01,
            8.42229126e+02, 6.45072754e+02, 4.81432885e-01,
            9.98236816e+02, 7.71611145e+02, 3.02351475e-01,
            1.21311401e+03, 8.83415222e+02, 2.47909456e-01,
            9.33519958e+02, 5.39139526e+02, 5.36587358e-01,
            1.17783521e+03, 4.30145081e+02, 7.79104471e-01,
            1.38096887e+03, 6.74521667e+02, 5.60735226e-01,
            6.59786011e+02, 2.47752747e+02, 8.66226196e-01,
            6.98120056e+02, 2.27070267e+02, 8.84387136e-01,
            5.68502014e+02, 2.53581635e+02, 7.07733750e-01, 0.0, 0.0,
            0.0 ]
    }
}
