{
    "pose_0": {
        "type_id": "opencv-matrix",
        "rows": 1,
        "cols": 18,
        "dt": "3f",
        "data": [ 1.03060266e+03, 2.21182877e+02, 8.81509542e-01,
            9.24655273e+02, 3.30148834e+02, 7.30211258e-01,
            8.09911743e+02, 3.47759460e+02, 6.43966794e-01,
            7.45107605e+02, 5.74531189e+02, 8.18751752e-01,
            6.68699524e+02, 7.59859375e+02, 8.34206998e-01,
            1.02776038e+03, 3.15369690e+02, 7.31694460e-01,
            1.00419659e+03, 4.59669464e+02, 1.99137628e-01,
            1.05416040e+03, 4.80239899e+02, 5.72911620e-01,
            8.57043579e+02, 7.03896545e+02, 4.10448283e-01,
            1.11006238e+03, 6.24482361e+02, 6.44531548e-01,
            1.30731116e+03, 8.06942078e+02, 1.35811195e-01,
            9.74753113e+02, 6.21538086e+02, 3.39486182e-01,
            1.14254883e+03, 4.83269958e+02, 8.76201391e-01,
            1.34850500e+03, 7.12748169e+02, 2.75424689e-01,
            9.98285034e+02, 1.94682892e+02, 8.94418538e-01,
            1.04542542e+03, 1.77238235e+02, 9.80168581e-01,
            9.07000671e+02, 1.77177704e+02, 7.10056126e-01, 0.0, 0.0,
            0.0 ]
    }
}
