{
    "pose_0": {
        "type_id": "opencv-matrix",
        "rows": 1,
        "cols": 18,
        "dt": "3f",
        "data": [ 9.33470093e+02, 1.80095322e+02, 9.02411640e-01,
            8.30416138e+02, 2.71166595e+02, 7.69050717e-01,
            6.92153992e+02, 2.91750000e+02, 6.26764119e-01,
            5.77499146e+02, 4.86164337e+02, 7.69553304e-01,
            4.97883789e+02, 6.53909241e+02, 7.57479072e-01,
            9.54217468e+02, 2.47662567e+02, 7.76664317e-01,
            9.77733521e+02, 4.03669952e+02, 7.72943735e-01,
            1.07480054e+03, 4.00749817e+02, 7.52292931e-01,
            8.51040405e+02, 6.21487915e+02, 4.75396216e-01,
            9.36479736e+02, 7.36313660e+02, 2.07681090e-01,
            1.21607043e+03, 8.71691711e+02, 1.35424212e-01,
            9.77621277e+02, 5.39090576e+02, 5.27514458e-01,
            1.18656311e+03, 4.00767975e+02, 8.28085721e-01,
            1.38089001e+03, 6.56895264e+02, 5.96999824e-01,
            9.03980164e+02, 1.53501831e+02, 9.07535255e-01,
            9.51172363e+02, 1.44666489e+02, 8.97188902e-01,
            8.12811157e+02, 1.35840469e+02, 6.61219776e-01, 0.0, 0.0,
            0.0 ]
    }
}
