{
    "pose_0": {
        "type_id": "opencv-matrix",
        "rows": 1,
        "cols": 18,
        "dt": "3f",
        "data": [ 1.02475439e+03, 2.21277206e+02, 9.13551271e-01,
            9.12924744e+02, 3.38914795e+02, 7.88881183e-01,
            7.95225830e+02, 3.56573608e+02, 6.38493180e-01,
            7.36244385e+02, 5.77386536e+02, 8.06378007e-01,
            6.53869812e+02, 7.65863831e+02, 7.91455150e-01,
            1.02769275e+03, 3.18401459e+02, 7.92533278e-01,
            1.02490076e+03, 5.03743744e+02, 8.05706143e-01,
            1.11003772e+03, 5.71472229e+02, 7.77934909e-01,
            8.56941895e+02, 6.95073547e+02, 4.31281328e-01,
            1.16017334e+03, 7.21578247e+02, 2.95520425e-01,
            1.42205823e+03, 8.80487183e+02, 2.38023847e-01,
            9.92336365e+02, 6.27408630e+02, 4.90330786e-01,
            1.20430688e+03, 6.24589783e+02, 7.35650897e-01,
            1.50745715e+03, 8.03947632e+02, 3.86530071e-01,
            9.92368896e+02, 1.94796768e+02, 8.46189380e-01,
            1.03939661e+03, 1.80023117e+02, 9.55482662e-01,
            9.01152649e+02, 1.80012283e+02, 7.14490891e-01, 0.0, 0.0,
            0.0 ]
    }
}
