{
    "pose_0": {
        "type_id": "opencv-matrix",
        "rows": 1,
        "cols": 18,
        "dt": "3f",
        "data": [ 8.92340576e+02, 2.12444931e+02, 8.34005713e-01,
            7.92263306e+02, 2.85956299e+02, 7.02589810e-01,
            6.48040649e+02, 3.09530090e+02, 5.84362268e-01,
            5.24404480e+02, 4.92070648e+02, 7.34445333e-01,
            4.27280151e+02, 6.47939758e+02, 8.24535012e-01,
            9.27577881e+02, 2.65361298e+02, 7.35908628e-01,
            9.71718811e+02, 4.09600952e+02, 7.94264317e-01,
            1.08942944e+03, 3.94846802e+02, 7.54144967e-01,
            8.42295959e+02, 6.24456543e+02, 4.47223097e-01,
            9.33515930e+02, 7.36292542e+02, 1.95971966e-01,
            1.22784717e+03, 8.71692810e+02, 1.00676581e-01,
            9.77594788e+02, 5.33275574e+02, 5.38313627e-01,
            1.19257605e+03, 4.00725830e+02, 7.91139960e-01,
            1.39853113e+03, 6.68660339e+02, 6.19569242e-01,
            8.59968201e+02, 1.80099060e+02, 8.93464684e-01,
            9.06977051e+02, 1.74221176e+02, 9.87940490e-01,
            7.65855469e+02, 1.62388672e+02, 6.31461859e-01, 0.0, 0.0,
            0.0 ]
    }
}
