{
    "pose_0": {
        "type_id": "opencv-matrix",
        "rows": 1,
        "cols": 18,
        "dt": "3f",
        "data": [ 6.45007629e+02, 2.91883545e+02, 8.91493380e-01,
            5.98004822e+02, 3.71312988e+02, 7.47189999e-01,
            4.74319397e+02, 4.15586975e+02, 5.94744563e-01,
            3.41847961e+02, 5.06664612e+02, 8.74446988e-01,
            3.38959229e+02, 6.74500549e+02, 8.56271505e-01,
            7.27461914e+02, 3.24295685e+02, 6.75591171e-01,
            8.86439453e+02, 4.42030212e+02, 7.99759507e-01,
            1.04526172e+03, 4.27222168e+02, 8.40097129e-01,
            8.18711914e+02, 6.51008484e+02, 4.40259218e-01,
            9.62936218e+02, 7.71614868e+02, 2.54915386e-01,
            1.21609277e+03, 9.01125977e+02, 2.02368230e-01,
            9.15859558e+02, 5.47983276e+02, 4.69208837e-01,
            1.16895264e+03, 4.36197052e+02, 8.13494503e-01,
            1.38089856e+03, 6.92119324e+02, 5.88816702e-01,
            6.03826355e+02, 2.71391510e+02, 8.81429493e-01,
            6.45102600e+02, 2.50704895e+02, 8.55947554e-01,
            5.12644897e+02, 2.88875977e+02, 7.11023331e-01, 0.0, 0.0,
            0.0 ]
    }
}
