{
    "pose_0": {
        "type_id": "opencv-matrix",
        "rows": 1,
        "cols": 18,
        "dt": "3f",
        "data": [ 1.04547693e+03, 2.00567780e+02, 9.45013583e-01,
            9.39374756e+02, 3.15406464e+02, 7.39793122e-01,
            8.24581909e+02, 3.38878296e+02, 6.47199035e-01,
            7.62883423e+02, 5.53791504e+02, 8.58903885e-01,
            6.92221252e+02, 7.36290588e+02, 8.29207301e-01,
            1.05119751e+03, 2.94779907e+02, 7.64404058e-01,
            1.01588324e+03, 4.21420074e+02, 2.63978094e-01,
            1.07488586e+03, 4.50851074e+02, 6.43358111e-01,
            8.57025696e+02, 6.53939697e+02, 5.34534931e-01,
            9.80611145e+02, 7.80473755e+02, 2.28759751e-01,
            1.21310547e+03, 9.18835876e+02, 3.61114591e-01,
            9.95279297e+02, 5.95036194e+02, 5.31761944e-01,
            1.17487817e+03, 4.50765289e+02, 7.85274863e-01,
            1.37789575e+03, 7.03970825e+02, 5.93428373e-01,
            1.00132037e+03, 1.74165970e+02, 9.20088887e-01,
            1.06006409e+03, 1.56508240e+02, 9.39326048e-01,
            9.21743103e+02, 1.74235504e+02, 7.00466514e-01, 0.0, 0.0,
            0.0 ]
    }
}
