{
    "pose_0": {
        "type_id": "opencv-matrix",
        "rows": 1,
        "cols": 18,
        "dt": "3f",
        "data": [ 6.48168823e+02, 2.91822876e+02, 8.80818963e-01,
            6.03824890e+02, 3.68400238e+02, 7.42340684e-01,
            4.77315430e+02, 4.12617828e+02, 6.22110069e-01,
            3.44880127e+02, 5.03851105e+02, 8.60902667e-01,
            3.41869263e+02, 6.71626038e+02, 9.03662980e-01,
            7.33375854e+02, 3.21361694e+02, 7.10633099e-01,
            8.95230530e+02, 4.39096039e+02, 7.92595208e-01,
            1.04822241e+03, 4.27276093e+02, 8.44991803e-01,
            8.30511353e+02, 6.56815186e+02, 4.39418793e-01,
            9.95271301e+02, 7.86339111e+02, 2.95958012e-01,
            1.21306409e+03, 9.01036072e+02, 2.61737257e-01,
            9.27519714e+02, 5.50861816e+02, 4.79197204e-01,
            1.17773669e+03, 4.36234802e+02, 7.99942017e-01,
            1.38677673e+03, 6.89239258e+02, 5.63725829e-01,
            6.12672852e+02, 2.71344177e+02, 8.66427600e-01,
            6.50918884e+02, 2.47784882e+02, 8.99452209e-01,
            5.24349792e+02, 2.91744385e+02, 7.67615795e-01, 0.0, 0.0,
            0.0 ]
    }
}
