{
    "pose_0": {
        "type_id": "opencv-matrix",
        "rows": 1,
        "cols": 18,
        "dt": "3f",
        "data": [ 7.12688843e+02, 2.68384583e+02, 8.64787221e-01,
            6.56822693e+02, 3.44956482e+02, 7.14114070e-01,
            5.27352295e+02, 3.97807373e+02, 6.00966215e-01,
            3.89096771e+02, 5.09742126e+02, 7.93098688e-01,
            3.47785614e+02, 6.71438477e+02, 8.31375003e-01,
            7.83443848e+02, 3.00698639e+02, 6.99045837e-01,
            9.18761047e+02, 4.35987976e+02, 8.37547541e-01,
            1.05129028e+03, 4.12653381e+02, 8.79794836e-01,
            8.42240784e+02, 6.45026611e+02, 4.81435180e-01,
            9.92342651e+02, 7.65824036e+02, 2.86761582e-01,
            1.21605798e+03, 8.83447021e+02, 1.74623862e-01,
            9.36471924e+02, 5.47904297e+02, 5.36350787e-01,
            1.18075024e+03, 4.30128571e+02, 7.89675832e-01,
            1.38970874e+03, 6.77452026e+02, 5.87591588e-01,
            6.71573425e+02, 2.47667694e+02, 8.88133287e-01,
            7.15794189e+02, 2.27108551e+02, 8.88145387e-01,
            5.80282288e+02, 2.47716568e+02, 7.13072538e-01, 0.0, 0.0,
            0.0 ]
    }
}
