{
    "pose_0": {
        "type_id": "opencv-matrix",
        "rows": 1,
        "cols": 18,
        "dt": "3f",
        "data": [ 6.48151489e+02, 2.91845123e+02, 8.89273405e-01,
            6.00992004e+02, 3.68408234e+02, 7.44844258e-01,
            4.77293091e+02, 4.12646149e+02, 6.13488257e-01,
            3.44834015e+02, 5.03810822e+02, 8.60994816e-01,
            3.41844116e+02, 6.71668823e+02, 8.97365987e-01,
            7.33313965e+02, 3.21356506e+02, 7.10711300e-01,
            8.95223450e+02, 4.39108734e+02, 7.94210911e-01,
            1.04818103e+03, 4.27268494e+02, 8.58837306e-01,
            8.30485840e+02, 6.56861450e+02, 4.41042751e-01,
            9.80576660e+02, 7.83363647e+02, 2.83897310e-01,
            1.21610449e+03, 9.01147400e+02, 2.01595113e-01,
            9.24670898e+02, 5.50923401e+02, 4.82155412e-01,
            1.17488489e+03, 4.36181519e+02, 8.06408167e-01,
            1.38384851e+03, 6.89166687e+02, 5.88628888e-01,
            6.12741333e+02, 2.71304962e+02, 8.60471427e-01,
            6.50973572e+02, 2.47812302e+02, 8.90329003e-01,
            5.24330933e+02, 2.88987946e+02, 7.41651893e-01, 0.0, 0.0,
            0.0 ]
    }
}
