{
    "pose_0": {
        "type_id": "opencv-matrix",
        "rows": 1,
        "cols": 18,
        "dt": "3f",
        "data": [ 6.48011414e+02, 2.91785980e+02, 9.16027308e-01,
            6.00943787e+02, 3.68454407e+02, 7.69856155e-01,
            4.77281677e+02, 4.15541077e+02, 6.07411444e-01,
            3.42067566e+02, 5.06757690e+02, 8.63454044e-01,
            3.38988129e+02, 6.74544434e+02, 8.64698887e-01,
            7.30443665e+02, 3.21368500e+02, 6.96061671e-01,
            8.89352051e+02, 4.44960083e+02, 7.85862327e-01,
            1.04522107e+03, 4.27226593e+02, 8.28506470e-01,
            8.21689514e+02, 6.53893616e+02, 4.32050884e-01,
            9.62942871e+02, 7.68744751e+02, 2.58891225e-01,
            1.21309045e+03, 8.98161072e+02, 2.37137944e-01,
            9.18811890e+02, 5.50839233e+02, 4.73914206e-01,
            1.16616394e+03, 4.36062286e+02, 8.21629405e-01,
            1.38380017e+03, 6.89266602e+02, 5.91765702e-01,
            6.06803772e+02, 2.71282349e+02, 8.81185889e-01,
            6.48132019e+02, 2.47788208e+02, 9.23867583e-01,
            5.18544128e+02, 2.86010895e+02, 7.22290099e-01, 0.0, 0.0,
            0.0 ]
    }
}
