{
    "pose_0": {
        "type_id": "opencv-matrix",
        "rows": 1,
        "cols": 18,
        "dt": "3f",
        "data": [ 9.80609375e+02, 1.71247284e+02, 8.86325836e-01,
            8.80542297e+02, 2.74193756e+02, 8.13270569e-01,
            7.54004517e+02, 2.94955444e+02, 6.52480125e-01,
            6.71445313e+02, 5.09734467e+02, 8.34833980e-01,
            5.89103943e+02, 6.86204834e+02, 7.59104729e-01,
            1.00706390e+03, 2.50692764e+02, 7.53517985e-01,
            9.95300903e+02, 3.97849426e+02, 5.46816528e-01,
            1.07195728e+03, 4.15584656e+02, 7.47963488e-01,
            8.53994019e+02, 6.24484009e+02, 4.90940362e-01,
            9.33525146e+02, 7.42275635e+02, 2.09888309e-01,
            1.21317969e+03, 8.83385254e+02, 2.19374329e-01,
            9.92383972e+02, 5.53787537e+02, 5.37575722e-01,
            1.18072205e+03, 4.12534424e+02, 8.29760075e-01,
            1.38673450e+03, 6.71646606e+02, 6.03214085e-01,
            9.48134155e+02, 1.47697662e+02, 8.76731515e-01,
            9.95328064e+02, 1.29900330e+02, 9.65480447e-01,
            8.56938171e+02, 1.50504700e+02, 7.30152726e-01, 0.0, 0.0,
            0.0 ]
    }
}
