{
    "pose_0": {
        "type_id": "opencv-matrix",
        "rows": 1,
        "cols": 18,
        "dt": "3f",
        "data": [ 6.59763855e+02, 2.91810791e+02, 8.59103322e-01,
            6.06862366e+02, 3.65531555e+02, 7.30643213e-01,
            4.80251801e+02, 4.15587433e+02, 6.15440965e-01,
            3.56574677e+02, 5.06836670e+02, 8.13703537e-01,
            3.41863373e+02, 6.71712097e+02, 8.59785259e-01,
            7.39188477e+02, 3.18304626e+02, 7.34342873e-01,
            9.01049255e+02, 4.47841583e+02, 7.87571728e-01,
            1.04538171e+03, 4.27233795e+02, 8.49927187e-01,
            8.27584656e+02, 6.50940247e+02, 4.41059083e-01,
            9.86465088e+02, 7.83390564e+02, 2.57717341e-01,
            1.21603687e+03, 8.95252197e+02, 1.75819248e-01,
            9.24694214e+02, 5.47934082e+02, 5.00016809e-01,
            1.16902759e+03, 4.36023071e+02, 8.15006495e-01,
            1.38674084e+03, 6.89243652e+02, 5.97638249e-01,
            6.21573975e+02, 2.71194794e+02, 9.23895001e-01,
            6.65611145e+02, 2.47865295e+02, 8.63308847e-01,
            5.30188110e+02, 2.83011932e+02, 7.44321346e-01, 0.0, 0.0,
            0.0 ]
    }
}
