{
    "pose_0": {
        "type_id": "opencv-matrix",
        "rows": 1,
        "cols": 18,
        "dt": "3f",
        "data": [ 9.59984436e+02, 1.71253769e+02, 8.71644974e-01,
            8.56938354e+02, 2.68388214e+02, 8.25015903e-01,
            7.18768921e+02, 2.91818390e+02, 6.65554404e-01,
            6.30397888e+02, 5.00806061e+02, 7.61877239e-01,
            5.50994324e+02, 6.68743652e+02, 8.50094140e-01,
            9.86500793e+02, 2.47768585e+02, 7.76268780e-01,
            9.95325195e+02, 3.91944855e+02, 7.27643728e-01,
            1.07186487e+03, 4.09488739e+02, 8.01225305e-01,
            8.45218750e+02, 6.18569885e+02, 5.03221750e-01,
            9.39421448e+02, 7.42195313e+02, 2.93330431e-01,
            1.21309814e+03, 8.80442261e+02, 1.96982101e-01,
            9.80628174e+02, 5.42065979e+02, 5.32334745e-01,
            1.18363904e+03, 4.06650177e+02, 8.28029335e-01,
            1.38091321e+03, 6.68560913e+02, 6.04380071e-01,
            9.27547424e+02, 1.44741623e+02, 8.75387967e-01,
            9.74753052e+02, 1.29929230e+02, 9.64933157e-01,
            8.33490906e+02, 1.30037094e+02, 7.05252469e-01, 0.0, 0.0,
            0.0 ]
    }
}
