{
    "pose_0": {
        "type_id": "opencv-matrix",
        "rows": 1,
        "cols": 18,
        "dt": "3f",
        "data": [ 9.98306763e+02, 1.74086029e+02, 9.34315205e-01,
            9.04145081e+02, 2.83050232e+02, 7.89157391e-01,
            7.83395447e+02, 3.09530762e+02, 6.53789043e-01,
            7.03989807e+02, 5.27223206e+02, 7.81072915e-01,
            6.21595886e+02, 6.95129822e+02, 8.49609435e-01,
            1.02478101e+03, 2.62377563e+02, 7.73742735e-01,
            9.98353149e+02, 3.94921082e+02, 5.40281653e-01,
            1.07200134e+03, 4.30112335e+02, 7.64476120e-01,
            8.56919312e+02, 6.27461548e+02, 4.89097446e-01,
            9.71779175e+02, 7.77532532e+02, 1.81390762e-01,
            1.21023157e+03, 8.95272156e+02, 2.13771313e-01,
            9.95336975e+02, 5.59711731e+02, 5.57360947e-01,
            1.18067529e+03, 4.24336395e+02, 7.66778767e-01,
            1.37508813e+03, 6.74470276e+02, 6.26056612e-01,
            9.54224731e+02, 1.50551697e+02, 9.15385962e-01,
            1.00708112e+03, 1.30091080e+02, 9.94680822e-01,
            8.77499084e+02, 1.53659454e+02, 6.88538909e-01, 0.0, 0.0,
            0.0 ]
    }
}
