{
    "pose_0": {
        "type_id": "opencv-matrix",
        "rows": 1,
        "cols": 18,
        "dt": "3f",
        "data": [ 7.53920593e+02, 2.56554413e+02, 8.04329038e-01,
            6.89232361e+02, 3.38876556e+02, 7.53948212e-01,
            5.50918152e+02, 3.86109344e+02, 6.36457443e-01,
            4.15613129e+02, 5.27313538e+02, 7.78145671e-01,
            3.53638916e+02, 6.71438110e+02, 8.30120742e-01,
            8.12927002e+02, 2.91744629e+02, 7.16312289e-01,
            9.30635742e+02, 4.18498840e+02, 8.12222123e-01,
            1.06010168e+03, 4.09513794e+02, 8.49038303e-01,
            8.39356934e+02, 6.27405151e+02, 4.32184011e-01,
            9.54101807e+02, 7.36338684e+02, 1.83917433e-01,
            1.23665137e+03, 8.80546387e+02, 1.24247134e-01,
            9.51163452e+02, 5.33264038e+02, 5.17192125e-01,
            1.18369727e+03, 4.12589478e+02, 8.41213644e-01,
            1.39552112e+03, 6.71557434e+02, 5.68819880e-01,
            7.15803284e+02, 2.41742386e+02, 8.93541098e-01,
            7.59889587e+02, 2.21128555e+02, 8.99015844e-01,
            6.21492432e+02, 2.38859116e+02, 7.18927383e-01, 0.0, 0.0,
            0.0 ]
    }
}
