{
    "pose_0": {
        "type_id": "opencv-matrix",
        "rows": 1,
        "cols": 18,
        "dt": "3f",
        "data": [ 1.04533508e+03, 2.09452545e+02, 8.74130845e-01,
            9.39404114e+02, 3.18509338e+02, 7.49409020e-01,
            8.27591309e+02, 3.41983765e+02, 6.63134873e-01,
            7.65682861e+02, 5.56846375e+02, 8.05657506e-01,
            6.89122620e+02, 7.39290527e+02, 8.13101292e-01,
            1.04836169e+03, 3.00760193e+02, 7.34557271e-01,
            1.03359412e+03, 4.50814392e+02, 2.73498386e-01,
            1.06892786e+03, 4.59713989e+02, 6.72461331e-01,
            8.62889282e+02, 6.62703918e+02, 4.76262897e-01,
            1.02475586e+03, 7.65739136e+02, 8.30379277e-02,
            1.21318262e+03, 9.04170227e+02, 3.07198167e-01,
            1.00130139e+03, 5.98046021e+02, 5.21761656e-01,
            1.16891150e+03, 4.59710876e+02, 8.47032428e-01,
            1.37790491e+03, 7.18712219e+02, 6.03444219e-01,
            1.00135431e+03, 1.80084183e+02, 8.71094346e-01,
            1.05715588e+03, 1.71243484e+02, 9.16895151e-01,
            9.18739929e+02, 1.77198914e+02, 6.97555482e-01, 0.0, 0.0,
            0.0 ]
    }
}
