{
    "pose_0": {
        "type_id": "opencv-matrix",
        "rows": 1,
        "cols": 18,
        "dt": "3f",
        "data": [ 1.02493225e+03, 2.21177094e+02, 8.88274789e-01,
            9.12954041e+02, 3.35922272e+02, 7.35868454e-01,
            8.06912231e+02, 3.50766968e+02, 6.22557640e-01,
            7.42234558e+02, 5.77304932e+02, 8.24165642e-01,
            6.68619873e+02, 7.62656677e+02, 8.25528622e-01,
            1.02469360e+03, 3.15338776e+02, 7.61063159e-01,
            1.00413043e+03, 4.47875671e+02, 3.96069229e-01,
            1.06004333e+03, 5.00806946e+02, 6.84446812e-01,
            8.56952576e+02, 6.98031799e+02, 3.82827282e-01,
            1.11889258e+03, 6.48123047e+02, 7.11335182e-01,
            1.41620007e+03, 8.56999207e+02, 2.80882239e-01,
            9.77715149e+02, 6.03865845e+02, 3.90075654e-01,
            1.16301648e+03, 5.06818207e+02, 8.68017018e-01,
            1.39564014e+03, 7.42138611e+02, 6.13744438e-01,
            9.98152954e+02, 1.91856857e+02, 8.49593103e-01,
            1.04242578e+03, 1.77223724e+02, 9.58268940e-01,
            9.04160278e+02, 1.76995193e+02, 7.50334620e-01, 0.0, 0.0,
            0.0 ]
    }
}
