{
    "pose_0": {
        "type_id": "opencv-matrix",
        "rows": 1,
        "cols": 18,
        "dt": "3f",
        "data": [ 9.71806091e+02, 1.71264954e+02, 8.85524094e-01,
            8.62830566e+02, 2.71213165e+02, 7.96388984e-01,
            7.33354492e+02, 2.91916382e+02, 6.53360367e-01,
            6.44991211e+02, 5.03718536e+02, 8.12680900e-01,
            5.59772766e+02, 6.71660095e+02, 8.05020869e-01,
            9.98185059e+02, 2.47869827e+02, 7.95694232e-01,
            9.98136230e+02, 3.92020447e+02, 6.96614504e-01,
            1.07176550e+03, 4.09636353e+02, 8.32184196e-01,
            8.51085022e+02, 6.21444641e+02, 4.97783870e-01,
            9.42359741e+02, 7.45188660e+02, 1.91845044e-01,
            1.30728430e+03, 9.01104187e+02, 3.23259950e-01,
            9.80689941e+02, 5.44989929e+02, 5.38628221e-01,
            1.18074768e+03, 4.09526093e+02, 8.21362615e-01,
            1.38097302e+03, 6.68631287e+02, 6.37923717e-01,
            9.30582336e+02, 1.47594772e+02, 8.95054817e-01,
            9.80572632e+02, 1.29897278e+02, 9.88835633e-01,
            8.42264893e+02, 1.32923981e+02, 6.63036346e-01, 0.0, 0.0,
            0.0 ]
    }
}
