{
    "pose_0": {
        "type_id": "opencv-matrix",
        "rows": 1,
        "cols": 18,
        "dt": "3f",
        "data": [ 1.04246155e+03, 1.97535675e+02, 8.94539177e-01,
            9.33572876e+02, 3.12380188e+02, 7.34143078e-01,
            8.18775818e+02, 3.35931091e+02, 6.46714032e-01,
            7.62821716e+02, 5.53757996e+02, 8.53666902e-01,
            6.92241333e+02, 7.33367981e+02, 8.24700475e-01,
            1.04839233e+03, 2.91794373e+02, 7.78224289e-01,
            1.01587250e+03, 4.12613373e+02, 2.91125983e-01,
            1.07775452e+03, 4.47881317e+02, 6.02385223e-01,
            8.57047668e+02, 6.53875427e+02, 4.95781332e-01,
            9.39420715e+02, 7.65800537e+02, 2.36661226e-01,
            1.21611682e+03, 9.12976013e+02, 2.29478732e-01,
            9.98338318e+02, 5.92060059e+02, 5.37096083e-01,
            1.17776147e+03, 4.39139832e+02, 7.85903633e-01,
            1.37801160e+03, 7.01010620e+02, 5.95034778e-01,
            1.00109473e+03, 1.71160919e+02, 8.95694971e-01,
            1.05135425e+03, 1.53532043e+02, 9.97414052e-01,
            9.07114319e+02, 1.71145432e+02, 6.66597247e-01, 0.0, 0.0,
            0.0 ]
    }
}
