{
    "pose_0": {
        "type_id": "opencv-matrix",
        "rows": 1,
        "cols": 18,
        "dt": "3f",
        "data": [ 6.71672852e+02, 2.77207245e+02, 8.75259757e-01,
            6.24484253e+02, 3.59592499e+02, 7.56541431e-01,
            4.97936768e+02, 4.06682312e+02, 6.22589231e-01,
            3.65467255e+02, 5.03822601e+02, 8.56160223e-01,
            3.41982239e+02, 6.68662476e+02, 8.60223413e-01,
            7.53980469e+02, 3.15375824e+02, 7.02665806e-01,
            9.04028625e+02, 4.39064636e+02, 8.50531638e-01,
            1.04824561e+03, 4.24267944e+02, 8.54032397e-01,
            8.33447266e+02, 6.45105103e+02, 4.64258015e-01,
            9.77728088e+02, 7.68664368e+02, 2.98321635e-01,
            1.23077661e+03, 8.89414185e+02, 2.01465756e-01,
            9.27580994e+02, 5.44958618e+02, 4.98364538e-01,
            1.17485754e+03, 4.33068909e+02, 8.03389192e-01,
            1.38085742e+03, 6.77480896e+02, 5.95695317e-01,
            6.39111511e+02, 2.62428589e+02, 8.28708351e-01,
            6.74583435e+02, 2.41844955e+02, 8.61303985e-01,
            5.45033081e+02, 2.68276550e+02, 7.41459727e-01, 0.0, 0.0,
            0.0 ]
    }
}
