{
    "pose_0": {
        "type_id": "opencv-matrix",
        "rows": 1,
        "cols": 18,
        "dt": "3f",
        "data": [ 1.00138843e+03, 2.12402267e+02, 8.68536949e-01,
            9.04022156e+02, 3.53671265e+02, 8.14445615e-01,
            7.89224792e+02, 3.65467926e+02, 6.95553124e-01,
            7.33316040e+02, 5.92026001e+02, 7.77093947e-01,
            6.48113159e+02, 7.86388000e+02, 8.17937374e-01,
            1.01590344e+03, 3.39048981e+02, 7.61007428e-01,
            1.04525513e+03, 5.30241272e+02, 8.48746419e-01,
            1.11896521e+03, 6.48024963e+02, 8.27019274e-01,
            8.54031860e+02, 7.06847046e+02, 4.56724942e-01,
            1.10716541e+03, 7.95177002e+02, 2.67088979e-01,
            1.39860168e+03, 9.09996460e+02, 8.18479657e-02,
            9.83599304e+02, 6.48035828e+02, 5.93927681e-01,
            1.16602344e+03, 7.39152893e+02, 3.68128240e-01, 0.0, 0.0,
            0.0, 9.68879639e+02, 1.82943207e+02, 8.27815354e-01,
            1.01594086e+03, 1.74151794e+02, 9.39097166e-01,
            8.80374695e+02, 1.85972641e+02, 6.96607471e-01, 0.0, 0.0,
            0.0 ]
    }
}
