{
    "pose_0": {
        "type_id": "opencv-matrix",
        "rows": 1,
        "cols": 18,
        "dt": "3f",
        "data": [ 1.02778894e+03, 2.21182953e+02, 8.88914287e-01,
            9.24717896e+02, 3.33060974e+02, 7.48857737e-01,
            8.09963928e+02, 3.50709930e+02, 6.53718948e-01,
            7.48108032e+02, 5.74496460e+02, 7.86183834e-01,
            6.71455444e+02, 7.56930725e+02, 8.15325320e-01,
            1.03360474e+03, 3.15282837e+02, 7.14584589e-01,
            1.02478540e+03, 4.77253754e+02, 2.36029133e-01,
            1.06590454e+03, 4.80168457e+02, 5.42519331e-01,
            8.54016479e+02, 6.95130737e+02, 4.21599001e-01,
            1.06882092e+03, 6.12716492e+02, 7.17607617e-01,
            1.23669568e+03, 7.98110168e+02, 9.74810719e-02,
            9.92326721e+02, 6.06818604e+02, 3.00142229e-01,
            1.14549304e+03, 4.80219513e+02, 8.49846959e-01,
            1.35444092e+03, 7.21583008e+02, 4.66338158e-01,
            9.98176575e+02, 1.94663849e+02, 8.91092658e-01,
            1.04537781e+03, 1.77178772e+02, 9.91059721e-01,
            9.04141846e+02, 1.80130859e+02, 6.89572275e-01, 0.0, 0.0,
            0.0 ]
    }
}
