{
    "pose_0": {
        "type_id": "opencv-matrix",
        "rows": 1,
        "cols": 18,
        "dt": "3f",
        "data": [ 1.02767944e+03, 2.21157715e+02, 8.81098926e-01,
            9.18768311e+02, 3.33071930e+02, 7.09483445e-01,
            8.09801086e+02, 3.47806763e+02, 6.27888262e-01,
            7.42291016e+02, 5.77314636e+02, 8.14316094e-01,
            6.68649963e+02, 7.62663940e+02, 8.27865124e-01,
            1.02480005e+03, 3.15401001e+02, 7.51587093e-01,
            1.00113812e+03, 4.86150116e+02, 2.07773492e-01,
            1.06301917e+03, 4.86132111e+02, 4.49283302e-01,
            8.57044006e+02, 6.98048645e+02, 3.96999538e-01,
            1.11890649e+03, 6.44974548e+02, 6.79998517e-01,
            1.37206079e+03, 8.33453430e+02, 2.47047558e-01,
            9.77618591e+02, 6.15638733e+02, 3.56616735e-01,
            1.15130969e+03, 5.00771729e+02, 8.27692211e-01,
            1.37793250e+03, 7.27465088e+02, 5.75615287e-01,
            9.98204651e+02, 1.91808487e+02, 8.44755709e-01,
            1.04526318e+03, 1.77217743e+02, 9.66390371e-01,
            9.04173401e+02, 1.74249161e+02, 7.24990845e-01, 0.0, 0.0,
            0.0 ]
    }
}
