{
    "pose_0": {
        "type_id": "opencv-matrix",
        "rows": 1,
        "cols": 18,
        "dt": "3f",
        "data": [ 1.01595599e+03, 2.24298843e+02, 8.74090493e-01,
            9.06956970e+02, 3.42004181e+02, 8.18742394e-01,
            7.92260864e+02, 3.62488800e+02, 6.91408277e-01,
            7.36313049e+02, 5.83231445e+02, 7.92445302e-01,
            6.50969299e+02, 7.74608704e+02, 7.76874542e-01,
            1.02176215e+03, 3.27228516e+02, 7.43199706e-01,
            1.04541943e+03, 5.27454956e+02, 8.72303128e-01,
            1.12191541e+03, 6.47955933e+02, 8.14761877e-01,
            8.56994080e+02, 7.00978760e+02, 4.60290700e-01,
            1.08067456e+03, 7.89253723e+02, 1.94643572e-01, 0.0, 0.0,
            0.0, 9.92383667e+02, 6.47966309e+02, 6.16126716e-01,
            1.15723108e+03, 7.21583862e+02, 5.06553411e-01,
            1.23380920e+03, 7.53897461e+02, 7.45660812e-02,
            9.77636841e+02, 2.00531631e+02, 9.28865492e-01,
            1.02473779e+03, 1.88805267e+02, 9.12219465e-01,
            8.86367493e+02, 1.94705933e+02, 6.71152711e-01, 0.0, 0.0,
            0.0 ]
    }
}
