{
    "pose_0": {
        "type_id": "opencv-matrix",
        "rows": 1,
        "cols": 18,
        "dt": "3f",
        "data": [ 7.39170227e+02, 2.59501953e+02, 8.29747677e-01,
            6.71581543e+02, 3.39036041e+02, 7.77588427e-01,
            5.44949829e+02, 3.89015167e+02, 6.02294028e-01,
            4.09667786e+02, 5.18562195e+02, 7.84363031e-01,
            3.53644745e+02, 6.68731689e+02, 8.36939275e-01,
            8.01010376e+02, 2.91820465e+02, 7.07371652e-01,
            9.27628784e+02, 4.24338409e+02, 8.29523444e-01,
            1.05712292e+03, 4.09688904e+02, 8.88898849e-01,
            8.45232849e+02, 6.36261292e+02, 4.38836694e-01,
            9.95327148e+02, 7.62731873e+02, 2.30795592e-01,
            1.22488574e+03, 8.80561646e+02, 2.11275533e-01,
            9.51076355e+02, 5.42054260e+02, 5.28306246e-01,
            1.18365002e+03, 4.15563141e+02, 8.08880866e-01,
            1.39264868e+03, 6.71560608e+02, 5.89813888e-01,
            6.95231079e+02, 2.41905792e+02, 8.96917164e-01,
            7.39384888e+02, 2.21188751e+02, 9.28825021e-01,
            6.03943481e+02, 2.44764603e+02, 7.28809953e-01, 0.0, 0.0,
            0.0 ]
    }
}
