{
    "pose_0": {
        "type_id": "opencv-matrix",
        "rows": 1,
        "cols": 18,
        "dt": "3f",
        "data": [ 8.39331238e+02, 2.44656265e+02, 8.74570549e-01,
            7.51076172e+02, 3.06626251e+02, 6.60314858e-01,
            6.03875549e+02, 3.41842407e+02, 5.69100142e-01,
            4.68513336e+02, 5.12622559e+02, 7.11681843e-01,
            3.65366150e+02, 6.56846191e+02, 7.94986248e-01,
            8.83422241e+02, 2.71307129e+02, 7.43450224e-01,
            9.65900757e+02, 4.18392273e+02, 7.93036878e-01,
            1.07484058e+03, 4.06656128e+02, 8.07129622e-01,
            8.39301331e+02, 6.27418640e+02, 4.82144028e-01,
            9.57092468e+02, 7.53976868e+02, 3.10359746e-01,
            1.23664575e+03, 8.80504150e+02, 1.53617308e-01,
            9.65842834e+02, 5.39095764e+02, 5.35071373e-01,
            1.18955054e+03, 4.09678436e+02, 8.71618569e-01,
            1.38970007e+03, 6.68531677e+02, 5.79476476e-01,
            8.09848511e+02, 2.15348465e+02, 8.48456383e-01,
            8.54096436e+02, 2.00762070e+02, 8.88251662e-01,
            7.15692383e+02, 1.97600708e+02, 6.85811281e-01, 0.0, 0.0,
            0.0 ]
    }
}
