{
    "pose_0": {
        "type_id": "opencv-matrix",
        "rows": 1,
        "cols": 18,
        "dt": "3f",
        "data": [ 1.02778809e+03, 2.21194748e+02, 8.85203600e-01,
            9.21688538e+02, 3.30169708e+02, 7.09439754e-01,
            8.09862671e+02, 3.44967133e+02, 6.37968242e-01,
            7.45087341e+02, 5.77271118e+02, 8.12494695e-01,
            6.68679443e+02, 7.59897217e+02, 8.22901428e-01,
            1.02481836e+03, 3.15315063e+02, 7.50634789e-01,
            1.00124225e+03, 4.59631714e+02, 1.72829404e-01,
            1.04839807e+03, 4.80309967e+02, 5.61599970e-01,
            8.59898865e+02, 6.98028503e+02, 3.99492204e-01,
            1.11591040e+03, 6.45143738e+02, 6.06087923e-01,
            1.32492957e+03, 8.09869690e+02, 3.01105231e-01,
            9.77650940e+02, 6.12719727e+02, 3.63308698e-01,
            1.14543164e+03, 4.86123718e+02, 8.73656690e-01,
            1.36619299e+03, 7.21622925e+02, 4.63538140e-01,
            9.98289368e+02, 1.91830063e+02, 8.68639886e-01,
            1.04531055e+03, 1.77272736e+02, 9.55531836e-01,
            9.06954346e+02, 1.77053986e+02, 7.34815180e-01, 0.0, 0.0,
            0.0 ]
    }
}
