{
    "pose_0": {
        "type_id": "opencv-matrix",
        "rows": 1,
        "cols": 18,
        "dt": "3f",
        "data": [ 1.02487561e+03, 2.21257751e+02, 9.08258498e-01,
            9.12905945e+02, 3.38976807e+02, 7.92403936e-01,
            7.98108582e+02, 3.56673950e+02, 6.47289932e-01,
            7.36251099e+02, 5.77472656e+02, 7.95252800e-01,
            6.53886536e+02, 7.65805908e+02, 7.89862454e-01,
            1.02767786e+03, 3.18435913e+02, 7.95539856e-01,
            1.02773145e+03, 5.03783020e+02, 8.13252568e-01,
            1.11308313e+03, 5.77339294e+02, 8.22729945e-01,
            8.56956360e+02, 6.92160828e+02, 4.44483966e-01,
            1.16014783e+03, 7.36254700e+02, 2.16204986e-01,
            1.41032397e+03, 8.77556580e+02, 1.89991385e-01,
            9.92377441e+02, 6.24574585e+02, 5.02355695e-01,
            1.20726648e+03, 6.45091919e+02, 7.46924162e-01,
            1.51926770e+03, 8.09983948e+02, 3.17386955e-01,
            9.95345459e+02, 1.94752594e+02, 8.46571088e-01,
            1.04232043e+03, 1.80056854e+02, 9.43998754e-01,
            9.03970337e+02, 1.77144760e+02, 7.11184561e-01, 0.0, 0.0,
            0.0 ]
    }
}
