{
    "pose_0": {
        "type_id": "opencv-matrix",
        "rows": 1,
        "cols": 18,
        "dt": "3f",
        "data": [ 1.02474780e+03, 2.21133026e+02, 9.10420418e-01,
            9.12874451e+02, 3.35919220e+02, 7.54907012e-01,
            8.01022766e+02, 3.50723114e+02, 6.18574083e-01,
            7.39330322e+02, 5.74485352e+02, 8.25891137e-01,
            6.68460388e+02, 7.62712769e+02, 8.10596406e-01,
            1.02478735e+03, 3.15408630e+02, 7.80456424e-01,
            1.01296869e+03, 4.80161804e+02, 6.73378468e-01,
            1.07779883e+03, 5.21448792e+02, 7.85533488e-01,
            8.56935974e+02, 6.92194458e+02, 3.97951722e-01,
            1.11900037e+03, 6.71490540e+02, 5.77704310e-01,
            1.44266992e+03, 8.80523132e+02, 2.79132962e-01,
            9.83510681e+02, 6.06819275e+02, 4.12981927e-01,
            1.18075757e+03, 5.42054504e+02, 7.69692242e-01,
            1.42499585e+03, 7.62710876e+02, 5.60154676e-01,
            9.95295715e+02, 1.91851151e+02, 8.32113743e-01,
            1.03657312e+03, 1.77264755e+02, 9.38362539e-01,
            9.03963501e+02, 1.77023453e+02, 7.44190931e-01, 0.0, 0.0,
            0.0 ]
    }
}
