{
    "pose_0": {
        "type_id": "opencv-matrix",
        "rows": 1,
        "cols": 18,
        "dt": "3f",
        "data": [ 7.62834106e+02, 2.59501831e+02, 8.53400886e-01,
            6.92205872e+02, 3.35995972e+02, 7.60813177e-01,
            5.53916687e+02, 3.85971558e+02, 6.08639359e-01,
            4.27299347e+02, 5.27432373e+02, 7.73393869e-01,
            3.47824036e+02, 6.71511841e+02, 8.34201515e-01,
            8.21665161e+02, 2.91738831e+02, 6.93232059e-01,
            9.33485840e+02, 4.18520264e+02, 7.94093788e-01,
            1.06299695e+03, 4.09485596e+02, 8.47112894e-01,
            8.42297180e+02, 6.33275085e+02, 4.41720635e-01,
            9.98286743e+02, 7.62754761e+02, 2.46801972e-01,
            1.23076892e+03, 8.80547974e+02, 1.89734757e-01,
            9.54031982e+02, 5.33235168e+02, 5.38318872e-01,
            1.18648425e+03, 4.12564331e+02, 8.46549332e-01,
            1.39266724e+03, 6.71542175e+02, 5.94516575e-01,
            7.21676636e+02, 2.41829758e+02, 8.44804108e-01,
            7.65779114e+02, 2.21202637e+02, 9.58389521e-01,
            6.24506409e+02, 2.30134979e+02, 6.57315731e-01, 0.0, 0.0,
            0.0 ]
    }
}
