{
    "pose_0": {
        "type_id": "opencv-matrix",
        "rows": 1,
        "cols": 18,
        "dt": "3f",
        "data": [ 7.68801758e+02, 2.65344635e+02, 8.53140473e-01,
            7.01044373e+02, 3.30126617e+02, 7.38281608e-01,
            5.71408020e+02, 3.71342712e+02, 5.89025557e-01,
            4.33092346e+02, 5.30251343e+02, 8.17177594e-01,
            3.47792480e+02, 6.71447083e+02, 8.29109013e-01,
            8.33358215e+02, 2.88886292e+02, 7.23239243e-01,
            9.39351318e+02, 4.21392212e+02, 7.66537011e-01,
            1.06595105e+03, 4.09506561e+02, 8.58526468e-01,
            8.42262817e+02, 6.36210693e+02, 4.42207992e-01,
            9.65909363e+02, 7.45168518e+02, 1.87722191e-01,
            1.23078381e+03, 8.80515808e+02, 1.69876307e-01,
            9.51254272e+02, 5.36134583e+02, 5.29892325e-01,
            1.18372205e+03, 4.12600586e+02, 8.34581614e-01,
            1.39558350e+03, 6.74534546e+02, 5.74270606e-01,
            7.39157166e+02, 2.41886978e+02, 8.81015539e-01,
            7.83405701e+02, 2.24116684e+02, 8.96442056e-01,
            6.44977844e+02, 2.33063354e+02, 6.70811772e-01, 0.0, 0.0,
            0.0 ]
    }
}
