{
    "pose_0": {
        "type_id": "opencv-matrix",
        "rows": 1,
        "cols": 18,
        "dt": "3f",
        "data": [ 1.02485425e+03, 2.21125946e+02, 8.95066500e-01,
            9.12943970e+02, 3.33116669e+02, 7.44152427e-01,
            8.01031433e+02, 3.53670410e+02, 6.19443417e-01,
            7.42121582e+02, 5.74518616e+02, 8.45976830e-01,
            6.68613525e+02, 7.62656860e+02, 8.15727949e-01,
            1.02488672e+03, 3.15362640e+02, 7.49395072e-01,
            1.00417902e+03, 4.56686829e+02, 4.61616337e-01,
            1.06884155e+03, 5.06734222e+02, 7.93189764e-01,
            8.57002441e+02, 6.95119751e+02, 3.81779045e-01,
            1.11883838e+03, 6.59797852e+02, 6.72747791e-01,
            1.44564893e+03, 8.77569763e+02, 3.19911450e-01,
            9.77695251e+02, 6.12698059e+02, 3.69292945e-01,
            1.16895789e+03, 5.27258972e+02, 8.26223612e-01,
            1.40439941e+03, 7.51063965e+02, 4.77499366e-01,
            9.98109375e+02, 1.94686279e+02, 8.58430564e-01,
            1.03949451e+03, 1.77268845e+02, 9.38040733e-01,
            9.04058228e+02, 1.77061813e+02, 7.60054588e-01, 0.0, 0.0,
            0.0 ]
    }
}
