{
    "pose_0": {
        "type_id": "opencv-matrix",
        "rows": 1,
        "cols": 18,
        "dt": "3f",
        "data": [ 9.27533752e+02, 1.88883179e+02, 8.70724738e-01,
            8.15818115e+02, 2.68312561e+02, 7.46155500e-01,
            6.83317627e+02, 2.83064148e+02, 5.77104211e-01,
            5.56802063e+02, 4.86116486e+02, 7.48675287e-01,
            4.65558807e+02, 6.48027222e+02, 8.03143203e-01,
            9.48145752e+02, 2.47807968e+02, 7.46658683e-01,
            9.77602783e+02, 4.09467255e+02, 8.44634652e-01,
            1.08068933e+03, 3.91966187e+02, 7.84910142e-01,
            8.42259827e+02, 6.18530945e+02, 4.61708456e-01,
            9.07024475e+02, 7.12718750e+02, 3.63687813e-01,
            1.21605981e+03, 8.71693787e+02, 3.11846614e-01,
            9.74778015e+02, 5.36212402e+02, 5.50586581e-01,
            1.18961682e+03, 3.91932434e+02, 8.44636381e-01,
            1.38973230e+03, 6.65638672e+02, 5.71678162e-01,
            8.95242249e+02, 1.56468857e+02, 8.72860014e-01,
            9.36434387e+02, 1.53448883e+02, 9.23158169e-01,
            8.06973633e+02, 1.33003632e+02, 6.53412461e-01, 0.0, 0.0,
            0.0 ]
    }
}
