{
    "pose_0": {
        "type_id": "opencv-matrix",
        "rows": 1,
        "cols": 18,
        "dt": "3f",
        "data": [ 7.00952393e+02, 2.68380005e+02, 8.70909572e-01,
            6.48143127e+02, 3.47835327e+02, 7.42204070e-01,
            5.21434937e+02, 4.00819244e+02, 5.97782731e-01,
            3.86131531e+02, 5.06796875e+02, 8.30914378e-01,
            3.44900360e+02, 6.68666321e+02, 8.37956369e-01,
            7.83312744e+02, 3.00756348e+02, 6.92560434e-01,
            9.07158569e+02, 4.35999512e+02, 8.61136377e-01,
            1.05134399e+03, 4.12606354e+02, 8.62149000e-01,
            8.39286438e+02, 6.45051514e+02, 4.80296522e-01,
            9.89452881e+02, 7.62832458e+02, 2.80592501e-01,
            1.23078418e+03, 8.86489563e+02, 1.72619939e-01,
            9.33509827e+02, 5.44979736e+02, 5.30775964e-01,
            1.18070618e+03, 4.27289795e+02, 7.75928974e-01,
            1.38090027e+03, 6.71588379e+02, 5.82522035e-01,
            6.68465332e+02, 2.47681839e+02, 8.95358503e-01,
            7.09819153e+02, 2.27097977e+02, 8.47656071e-01,
            5.74385986e+02, 2.50650620e+02, 6.99605286e-01, 0.0, 0.0,
            0.0 ]
    }
}
