{
    "pose_0": {
        "type_id": "opencv-matrix",
        "rows": 1,
        "cols": 18,
        "dt": "3f",
        "data": [ 6.48039734e+02, 2.91905823e+02, 9.20316398e-01,
            6.00975037e+02, 3.68449402e+02, 7.59943485e-01,
            4.77314117e+02, 4.15451660e+02, 6.12189591e-01,
            3.44843323e+02, 5.03779266e+02, 8.55141997e-01,
            3.41794861e+02, 6.71623230e+02, 8.94097984e-01,
            7.30434631e+02, 3.21395172e+02, 7.04654276e-01,
            8.92338928e+02, 4.39153656e+02, 7.79814422e-01,
            1.04542456e+03, 4.27272095e+02, 8.56308699e-01,
            8.30444458e+02, 6.56852295e+02, 4.34998423e-01,
            9.80615906e+02, 7.86362488e+02, 3.13383251e-01,
            1.31029602e+03, 9.27586914e+02, 4.49454606e-01,
            9.24606018e+02, 5.50918396e+02, 4.71541375e-01,
            1.17483582e+03, 4.36180847e+02, 7.96312332e-01,
            1.38674268e+03, 6.92169617e+02, 6.02218270e-01,
            6.09783142e+02, 2.71351288e+02, 8.59905660e-01,
            6.50934204e+02, 2.50646851e+02, 8.82096350e-01,
            5.24418640e+02, 2.88845551e+02, 7.53333688e-01, 0.0, 0.0,
            0.0 ]
    }
}
