{
    "pose_0": {
        "type_id": "opencv-matrix",
        "rows": 1,
        "cols": 18,
        "dt": "3f",
        "data": [ 1.04817041e+03, 2.03664871e+02, 9.18887973e-01,
            9.42334778e+02, 3.18476959e+02, 7.53700852e-01,
            8.24615173e+02, 3.41862823e+02, 6.66731000e-01,
            7.62795349e+02, 5.56875977e+02, 8.05903375e-01,
            6.89241150e+02, 7.39263916e+02, 8.37286830e-01,
            1.05125671e+03, 3.03658752e+02, 7.30733395e-01,
            1.04529053e+03, 4.53673553e+02, 2.45484143e-01,
            1.06899939e+03, 4.56789886e+02, 6.45752549e-01,
            8.59894409e+02, 6.56866882e+02, 5.04511356e-01,
            9.98244446e+02, 7.68688599e+02, 1.14134133e-01,
            1.21021155e+03, 9.09976807e+02, 2.68132061e-01,
            1.00116895e+03, 5.98030579e+02, 5.30089974e-01,
            1.16893408e+03, 4.56725464e+02, 8.46508384e-01,
            1.37499316e+03, 7.09824768e+02, 5.92318892e-01,
            1.00418518e+03, 1.77190399e+02, 8.90103877e-01,
            1.06296118e+03, 1.68311920e+02, 9.15688634e-01,
            9.21674133e+02, 1.77182465e+02, 6.74707890e-01, 0.0, 0.0,
            0.0 ]
    }
}
