{
    "pose_0": {
        "type_id": "opencv-matrix",
        "rows": 1,
        "cols": 18,
        "dt": "3f",
        "data": [ 7.03969971e+02, 2.68379303e+02, 8.63233149e-01,
            6.51004150e+02, 3.47770477e+02, 7.38443732e-01,
            5.24348816e+02, 3.94920258e+02, 6.03363574e-01,
            3.88972961e+02, 5.09646851e+02, 8.28934789e-01,
            3.44965424e+02, 6.68672913e+02, 8.36691320e-01,
            7.83384094e+02, 3.00755096e+02, 6.93620682e-01,
            9.12891174e+02, 4.33280304e+02, 8.32224965e-01,
            1.05416602e+03, 4.12586792e+02, 8.60695899e-01,
            8.36450562e+02, 6.45003601e+02, 4.84643161e-01,
            9.95266907e+02, 7.65720215e+02, 3.16893220e-01,
            1.21605005e+03, 8.83456665e+02, 2.01338232e-01,
            9.33594849e+02, 5.44983276e+02, 5.27831733e-01,
            1.18073743e+03, 4.27280365e+02, 7.82948434e-01,
            1.38086255e+03, 6.71518311e+02, 5.75418472e-01,
            6.68634155e+02, 2.47615250e+02, 9.16311979e-01,
            7.15570557e+02, 2.24355209e+02, 8.80050004e-01,
            5.74459412e+02, 2.47791687e+02, 6.99728608e-01, 0.0, 0.0,
            0.0 ]
    }
}
