{
    "pose_0": {
        "type_id": "opencv-matrix",
        "rows": 1,
        "cols": 18,
        "dt": "3f",
        "data": [ 9.07003052e+02, 2.00675339e+02, 9.42380548e-01,
            8.06915222e+02, 2.71341217e+02, 7.54368424e-01,
            6.65679749e+02, 2.94744873e+02, 5.97216606e-01,
            5.33229004e+02, 4.86172577e+02, 7.52553940e-01,
            4.39029480e+02, 6.47901062e+02, 8.29896092e-01,
            9.33464355e+02, 2.50705948e+02, 7.39204526e-01,
            9.74573608e+02, 4.06716309e+02, 8.18855584e-01,
            1.08357349e+03, 3.89157013e+02, 7.71547139e-01,
            8.42305725e+02, 6.18586975e+02, 4.52939570e-01,
            9.04065674e+02, 7.12767334e+02, 3.18518460e-01,
            1.21603491e+03, 8.65872253e+02, 1.63223445e-01,
            9.77615845e+02, 5.33206665e+02, 5.31471312e-01,
            1.19257874e+03, 3.92035187e+02, 8.10878515e-01,
            1.38973657e+03, 6.56856445e+02, 5.83542347e-01,
            8.77581909e+02, 1.74067078e+02, 8.84655714e-01,
            9.27536438e+02, 1.59459305e+02, 8.64385843e-01,
            7.86390869e+02, 1.50707657e+02, 7.25103080e-01, 0.0, 0.0,
            0.0 ]
    }
}
