{
    "pose_0": {
        "type_id": "opencv-matrix",
        "rows": 1,
        "cols": 18,
        "dt": "3f",
        "data": [ 9.21740234e+02, 1.94752548e+02, 8.64267290e-01,
            8.12772644e+02, 2.68402832e+02, 7.61948705e-01,
            6.71595154e+02, 2.91781281e+02, 6.05497539e-01,
            5.50980042e+02, 4.86152802e+02, 7.84089983e-01,
            4.59614899e+02, 6.47888367e+02, 8.45734894e-01,
            9.42356384e+02, 2.47792984e+02, 7.16674030e-01,
            9.74740906e+02, 4.06720459e+02, 8.45297456e-01,
            1.08653333e+03, 3.89046356e+02, 7.91258991e-01,
            8.45168762e+02, 6.18538574e+02, 4.53653604e-01,
            9.10022339e+02, 7.18632751e+02, 3.88753295e-01,
            1.21309692e+03, 8.65865479e+02, 2.16941163e-01,
            9.74803894e+02, 5.36161987e+02, 5.44080317e-01,
            1.18963379e+03, 3.91963806e+02, 8.42499912e-01,
            1.38970398e+03, 6.59823364e+02, 5.78835070e-01,
            8.83606995e+02, 1.62430984e+02, 8.54297280e-01,
            9.30632385e+02, 1.53495590e+02, 9.85470891e-01,
            7.98140259e+02, 1.47570206e+02, 5.98055661e-01, 0.0, 0.0,
            0.0 ]
    }
}
