{
    "pose_0": {
        "type_id": "opencv-matrix",
        "rows": 1,
        "cols": 18,
        "dt": "3f",
        "data": [ 9.74705811e+02, 2.15303436e+02, 8.78852248e-01,
            9.04105042e+02, 3.59626190e+02, 8.31180215e-01,
            7.89274231e+02, 3.74243866e+02, 6.54872060e-01,
            7.24613159e+02, 6.00859863e+02, 7.93270946e-01,
            6.48006592e+02, 7.89274658e+02, 8.37772429e-01,
            1.02168915e+03, 3.41980560e+02, 7.54907966e-01,
            1.04527063e+03, 5.33309814e+02, 8.19647968e-01,
            1.11898877e+03, 6.53930420e+02, 7.88746357e-01,
            8.54026306e+02, 7.09833862e+02, 4.70754981e-01,
            1.08949573e+03, 7.98129150e+02, 1.92788512e-01, 0.0, 0.0,
            0.0, 9.86509521e+02, 6.56872925e+02, 5.67688704e-01,
            1.18955042e+03, 7.53992737e+02, 4.06544536e-01, 0.0, 0.0,
            0.0, 9.33498047e+02, 1.80027512e+02, 8.74814868e-01,
            9.95264709e+02, 1.74269562e+02, 9.52508807e-01,
            8.65825623e+02, 1.91785583e+02, 6.98864698e-01,
            1.02168518e+03, 1.82962326e+02, 3.37637335e-01 ]
    }
}
