{
    "pose_0": {
        "type_id": "opencv-matrix",
        "rows": 1,
        "cols": 18,
        "dt": "3f",
        "data": [ 8.54036072e+02, 2.30120392e+02, 8.36877465e-01,
            7.62809937e+02, 2.94859833e+02, 7.28870511e-01,
            6.18571838e+02, 3.30151459e+02, 5.55386841e-01,
            4.80297882e+02, 5.06680298e+02, 7.73797154e-01,
            3.80130981e+02, 6.48117249e+02, 7.96184123e-01,
            8.92262451e+02, 2.68392395e+02, 7.24766433e-01,
            9.68762024e+02, 4.15527527e+02, 8.13805580e-01,
            1.08064209e+03, 3.97874878e+02, 7.55713224e-01,
            8.39296448e+02, 6.24541321e+02, 4.73767608e-01,
            9.74672363e+02, 7.62721802e+02, 2.66887009e-01,
            1.21898218e+03, 8.77543640e+02, 2.28713423e-01,
            9.68852417e+02, 5.33287903e+02, 5.46623170e-01,
            1.19249036e+03, 4.06674713e+02, 8.18776011e-01,
            1.39843933e+03, 6.71567444e+02, 5.80602944e-01,
            8.15868286e+02, 2.03579483e+02, 8.62171054e-01,
            8.60101624e+02, 1.97639938e+02, 9.58615422e-01,
            7.27468201e+02, 1.85915009e+02, 5.76784730e-01, 0.0, 0.0,
            0.0 ]
    }
}
