{
    "pose_0": {
        "type_id": "opencv-matrix",
        "rows": 1,
        "cols": 18,
        "dt": "3f",
        "data": [ 6.45027222e+02, 2.91890472e+02, 9.02274013e-01,
            5.98022217e+02, 3.68457520e+02, 7.57062435e-01,
            4.71453705e+02, 4.12678223e+02, 6.01669610e-01,
            3.41898041e+02, 5.03908905e+02, 8.73600364e-01,
            3.38973297e+02, 6.74458374e+02, 8.62252533e-01,
            7.24541382e+02, 3.21397705e+02, 6.82120025e-01,
            8.86519714e+02, 4.41989990e+02, 7.90545166e-01,
            1.04520520e+03, 4.27221130e+02, 8.34722042e-01,
            8.27517029e+02, 6.51005005e+02, 4.44206595e-01,
            9.80619629e+02, 7.86261719e+02, 3.28554571e-01,
            1.31021143e+03, 9.27563232e+02, 3.87894452e-01,
            9.21689819e+02, 5.50805298e+02, 4.65743124e-01,
            1.16901147e+03, 4.36241119e+02, 8.06864619e-01,
            1.37797083e+03, 6.86244324e+02, 5.91771007e-01,
            6.03864929e+02, 2.71397308e+02, 8.86681557e-01,
            6.45127136e+02, 2.50748413e+02, 8.64673316e-01,
            5.18491089e+02, 2.85970276e+02, 7.18573987e-01, 0.0, 0.0,
            0.0 ]
    }
}
