{
    "pose_0": {
        "type_id": "opencv-matrix",
        "rows": 1,
        "cols": 18,
        "dt": "3f",
        "data": [ 6.45213745e+02, 2.91846741e+02, 9.13704753e-01,
            5.98084595e+02, 3.68467957e+02, 7.69282699e-01,
            4.71443359e+02, 4.15454224e+02, 6.13572538e-01,
            3.41907776e+02, 5.03897766e+02, 8.83732438e-01,
            3.39005859e+02, 6.74499512e+02, 8.67486477e-01,
            7.27470764e+02, 3.21389130e+02, 6.92033231e-01,
            8.89428406e+02, 4.41989532e+02, 7.79687285e-01,
            1.04524536e+03, 4.27256073e+02, 8.40324461e-01,
            8.18757751e+02, 6.50991760e+02, 4.32775021e-01,
            9.89440125e+02, 7.86397705e+02, 2.95096934e-01,
            1.30438892e+03, 9.24713928e+02, 3.58108163e-01,
            9.24597656e+02, 5.50813293e+02, 4.67050731e-01,
            1.16905481e+03, 4.36245331e+02, 7.98817933e-01,
            1.38672302e+03, 6.92207764e+02, 5.89681268e-01,
            6.06850464e+02, 2.71386383e+02, 8.59328866e-01,
            6.47966919e+02, 2.50676300e+02, 8.79583478e-01,
            5.21493774e+02, 2.83076294e+02, 7.28547454e-01, 0.0, 0.0,
            0.0 ]
    }
}
