{
    "pose_0": {
        "type_id": "opencv-matrix",
        "rows": 1,
        "cols": 18,
        "dt": "3f",
        "data": [ 1.02769116e+03, 1.85893814e+02, 8.81931841e-01,
            9.27734070e+02, 2.94908234e+02, 7.71538854e-01,
            8.09934021e+02, 3.18406952e+02, 6.64816558e-01,
            7.42327576e+02, 5.33220825e+02, 8.02325070e-01,
            6.71712097e+02, 7.18754944e+02, 8.41076553e-01,
            1.04544336e+03, 2.77191071e+02, 7.35493600e-01,
            1.00708972e+03, 3.94891632e+02, 2.72779286e-01,
            1.07191223e+03, 4.36128967e+02, 7.20833898e-01,
            8.54074890e+02, 6.42139343e+02, 4.73640382e-01,
            9.54099915e+02, 7.83436218e+02, 2.04157889e-01,
            1.31908435e+03, 9.33494690e+02, 3.64793092e-01,
            9.98268005e+02, 5.77397095e+02, 5.66259563e-01,
            1.18076428e+03, 4.33269745e+02, 8.19584012e-01,
            1.37799854e+03, 6.92162964e+02, 6.30963922e-01,
            9.95215454e+02, 1.56507248e+02, 8.45225513e-01,
            1.04532190e+03, 1.50463516e+02, 9.73708749e-01,
            9.04167114e+02, 1.62345016e+02, 6.73154354e-01, 0.0, 0.0,
            0.0 ]
    }
}
