{
    "pose_0": {
        "type_id": "opencv-matrix",
        "rows": 1,
        "cols": 18,
        "dt": "3f",
        "data": [ 9.86441101e+02, 1.74024704e+02, 8.72324824e-01,
            8.86420654e+02, 2.74317230e+02, 7.64940143e-01,
            7.62878296e+02, 3.03614349e+02, 6.60352588e-01,
            6.86262024e+02, 5.21429626e+02, 7.68800199e-01,
            5.98107422e+02, 6.89131287e+02, 8.30474794e-01,
            1.01588312e+03, 2.50645157e+02, 7.44540632e-01,
            1.00116193e+03, 4.00774658e+02, 5.37978470e-01,
            1.07196863e+03, 4.21337219e+02, 7.15887189e-01,
            8.54037720e+02, 6.27393921e+02, 4.69240308e-01,
            9.51144714e+02, 7.59873047e+02, 1.81603566e-01,
            1.30143665e+03, 9.06973938e+02, 3.42467993e-01,
            9.95250427e+02, 5.53913269e+02, 5.43597460e-01,
            1.17781592e+03, 4.15523651e+02, 7.89256215e-01,
            1.37804529e+03, 6.71644592e+02, 6.18249595e-01,
            9.51015808e+02, 1.50467422e+02, 8.97009373e-01,
            9.98246277e+02, 1.30000458e+02, 9.82415438e-01,
            8.59859436e+02, 1.53523605e+02, 7.03057587e-01, 0.0, 0.0,
            0.0 ]
    }
}
