{
    "pose_0": {
        "type_id": "opencv-matrix",
        "rows": 1,
        "cols": 18,
        "dt": "3f",
        "data": [ 6.51092712e+02, 2.91811035e+02, 8.52748513e-01,
            6.03916626e+02, 3.68484161e+02, 7.20742404e-01,
            4.80197845e+02, 4.15497559e+02, 6.09149158e-01,
            3.47834686e+02, 5.03859924e+02, 8.27365935e-01,
            3.42013062e+02, 6.71672852e+02, 8.72390449e-01,
            7.36308472e+02, 3.24230255e+02, 6.93784118e-01,
            9.01172668e+02, 4.41983093e+02, 8.13497066e-01,
            1.05119849e+03, 4.27310547e+02, 8.17771912e-01,
            8.33381042e+02, 6.56848511e+02, 4.44009125e-01,
            9.92387939e+02, 7.86257141e+02, 2.66838968e-01,
            1.21306970e+03, 9.01055359e+02, 2.91464210e-01,
            9.27572083e+02, 5.50912537e+02, 4.84250009e-01,
            1.18073230e+03, 4.38994751e+02, 7.98255742e-01,
            1.38088733e+03, 6.80434021e+02, 5.57442129e-01,
            6.18467346e+02, 2.71283813e+02, 8.84226501e-01,
            6.53881958e+02, 2.47742355e+02, 8.69571805e-01,
            5.27260559e+02, 2.88983856e+02, 7.57159293e-01, 0.0, 0.0,
            0.0 ]
    }
}
