{
    "pose_0": {
        "type_id": "opencv-matrix",
        "rows": 1,
        "cols": 18,
        "dt": "3f",
        "data": [ 6.68637329e+02, 2.85960419e+02, 8.70712757e-01,
            6.21595581e+02, 3.65378967e+02, 7.78317869e-01,
            4.91998566e+02, 4.09659882e+02, 6.15710258e-01,
            3.62483734e+02, 5.06854858e+02, 8.32734644e-01,
            3.41976349e+02, 6.71506226e+02, 8.52823257e-01,
            7.48080933e+02, 3.15524475e+02, 7.22300291e-01,
            9.03980042e+02, 4.44905823e+02, 8.21409523e-01,
            1.04819434e+03, 4.24362274e+02, 8.45632732e-01,
            8.30480469e+02, 6.48064880e+02, 4.33177263e-01,
            9.95328796e+02, 7.86399048e+02, 2.60472447e-01,
            1.28377380e+03, 9.07045166e+02, 3.06197703e-01,
            9.24684448e+02, 5.42075012e+02, 4.80779141e-01,
            1.17189819e+03, 4.33251434e+02, 8.16232562e-01,
            1.37800391e+03, 6.80381775e+02, 5.91357291e-01,
            6.27414307e+02, 2.68238464e+02, 8.88297498e-01,
            6.71455139e+02, 2.44900192e+02, 9.48961914e-01,
            5.42090881e+02, 2.71325348e+02, 7.51898468e-01, 0.0, 0.0,
            0.0 ]
    }
}
