{
    "pose_0": {
        "type_id": "opencv-matrix",
        "rows": 1,
        "cols": 18,
        "dt": "3f",
        "data": [ 1.00414032e+03, 1.76972351e+02, 9.31111872e-01,
            9.07137756e+02, 2.88933563e+02, 7.72288561e-01,
            7.86375488e+02, 3.15314362e+02, 6.72183871e-01,
            7.15591553e+02, 5.30185364e+02, 8.13162446e-01,
            6.33269287e+02, 7.00959534e+02, 7.76835680e-01,
            1.03065344e+03, 2.68235016e+02, 7.57636428e-01,
            1.00415411e+03, 3.85993866e+02, 5.56514084e-01,
            1.07192578e+03, 4.32986969e+02, 7.86562085e-01,
            8.56941101e+02, 6.30340820e+02, 4.81010586e-01,
            9.54096069e+02, 7.71646118e+02, 1.77365273e-01,
            1.21308606e+03, 9.01135132e+02, 1.23944387e-01,
            9.98161194e+02, 5.62675964e+02, 5.46047747e-01,
            1.17781726e+03, 4.30168549e+02, 7.85621524e-01,
            1.38087085e+03, 6.86287170e+02, 6.27432883e-01,
            9.68784302e+02, 1.50624695e+02, 8.79305542e-01,
            1.02167358e+03, 1.32974701e+02, 9.46718395e-01,
            8.80540588e+02, 1.56564148e+02, 6.85339749e-01, 0.0, 0.0,
            0.0 ]
    }
}
