{
    "pose_0": {
        "type_id": "opencv-matrix",
        "rows": 1,
        "cols": 18,
        "dt": "3f",
        "data": [ 8.65893677e+02, 2.24122665e+02, 8.47403705e-01,
            7.71652405e+02, 2.91964203e+02, 7.07303941e-01,
            6.30332764e+02, 3.18453247e+02, 5.73133945e-01,
            4.97857269e+02, 4.94987854e+02, 6.95009351e-01,
            3.89028656e+02, 6.45189880e+02, 8.48219872e-01,
            9.04023865e+02, 2.65383850e+02, 7.35419154e-01,
            9.68849060e+02, 4.12516174e+02, 8.39964509e-01,
            1.07780591e+03, 3.94954437e+02, 7.75085390e-01,
            8.42240967e+02, 6.24491577e+02, 4.50444728e-01,
            9.51203979e+02, 7.48073486e+02, 1.93474680e-01,
            1.21900769e+03, 8.77525696e+02, 2.22792983e-01,
            9.74698547e+02, 5.30354736e+02, 5.33056796e-01,
            1.19543237e+03, 4.03703094e+02, 7.90690660e-01,
            1.39552808e+03, 6.68555908e+02, 5.62552631e-01,
            8.36318115e+02, 1.97702118e+02, 9.05211449e-01,
            8.80664673e+02, 1.88883682e+02, 8.88514936e-01,
            7.42224121e+02, 1.77015976e+02, 6.45133257e-01, 0.0, 0.0,
            0.0 ]
    }
}
