{
    "pose_0": {
        "type_id": "opencv-matrix",
        "rows": 1,
        "cols": 18,
        "dt": "3f",
        "data": [ 6.56857788e+02, 2.91720490e+02, 8.35029364e-01,
            6.03902100e+02, 3.65602325e+02, 7.36225545e-01,
            4.80167816e+02, 4.15564484e+02, 6.12021565e-01,
            3.50747192e+02, 5.06853424e+02, 8.15043926e-01,
            3.39085510e+02, 6.74511414e+02, 8.71297419e-01,
            7.36320374e+02, 3.18376160e+02, 7.31490970e-01,
            8.98185425e+02, 4.44932739e+02, 7.84252107e-01,
            1.04528687e+03, 4.27204651e+02, 8.52290154e-01,
            8.27544739e+02, 6.50970581e+02, 4.37594295e-01,
            9.83563843e+02, 7.83370850e+02, 3.06358337e-01,
            1.21314917e+03, 8.95187378e+02, 2.03798443e-01,
            9.21770142e+02, 5.47913269e+02, 4.83070940e-01,
            1.16906067e+03, 4.36005157e+02, 8.07014227e-01,
            1.38676697e+03, 6.92072876e+02, 5.99905908e-01,
            6.21431885e+02, 2.71156586e+02, 9.22604203e-01,
            6.59775146e+02, 2.47756454e+02, 8.52989435e-01,
            5.27370789e+02, 2.88885590e+02, 7.65624046e-01, 0.0, 0.0,
            0.0 ]
    }
}
