{
    "pose_0": {
        "type_id": "opencv-matrix",
        "rows": 1,
        "cols": 18,
        "dt": "3f",
        "data": [ 7.95258545e+02, 2.53598160e+02, 8.33054304e-01,
            7.18767029e+02, 3.21287598e+02, 7.59257972e-01,
            5.77399597e+02, 3.65418579e+02, 6.08970463e-01,
            4.41985565e+02, 5.27421448e+02, 7.78034449e-01,
            3.56586212e+02, 6.68472046e+02, 8.01882267e-01,
            8.54042358e+02, 2.86032593e+02, 6.94941282e-01,
            9.51151733e+02, 4.24332947e+02, 8.30591321e-01,
            1.07198267e+03, 4.09572266e+02, 8.47567856e-01,
            8.39330872e+02, 6.33318176e+02, 4.81782138e-01,
            9.80593506e+02, 7.62750305e+02, 2.93390155e-01,
            1.24259888e+03, 8.83417114e+02, 1.66598916e-01,
            9.54083618e+02, 5.42025879e+02, 5.56289017e-01,
            1.18666541e+03, 4.12647736e+02, 8.43786299e-01,
            1.39552637e+03, 6.71596924e+02, 5.70383430e-01,
            7.62872253e+02, 2.32992508e+02, 8.82213533e-01,
            8.09814758e+02, 2.21095581e+02, 9.40513134e-01,
            6.68617493e+02, 2.24115005e+02, 6.96657360e-01, 0.0, 0.0,
            0.0 ]
    }
}
