{
    "pose_0": {
        "type_id": "opencv-matrix",
        "rows": 1,
        "cols": 18,
        "dt": "3f",
        "data": [ 7.15791565e+02, 2.71314514e+02, 9.11930203e-01,
            6.62679260e+02, 3.44944946e+02, 7.38933742e-01,
            5.33191223e+02, 3.92007111e+02, 6.13175750e-01,
            3.94961304e+02, 5.09785034e+02, 7.65083492e-01,
            3.50787720e+02, 6.71486816e+02, 8.22990656e-01,
            7.86363953e+02, 3.03655640e+02, 7.10244656e-01,
            9.21693237e+02, 4.36098114e+02, 8.43941867e-01,
            1.04843567e+03, 4.15545898e+02, 8.67832601e-01,
            8.39362427e+02, 6.45073181e+02, 4.90965486e-01,
            9.83555847e+02, 7.65838623e+02, 3.16870719e-01,
            1.21317749e+03, 8.83477417e+02, 2.55266428e-01,
            9.39389587e+02, 5.50813538e+02, 5.39776802e-01,
            1.18070300e+03, 4.33027588e+02, 8.12672973e-01,
            1.37796460e+03, 6.71612122e+02, 5.72349489e-01,
            6.77407776e+02, 2.50662720e+02, 8.70429277e-01,
            7.18768921e+02, 2.32970856e+02, 8.55974734e-01,
            5.89121460e+02, 2.47719543e+02, 7.16064394e-01, 0.0, 0.0,
            0.0 ]
    }
}
