{
    "pose_0": {
        "type_id": "opencv-matrix",
        "rows": 1,
        "cols": 18,
        "dt": "3f",
        "data": [ 7.15815552e+02, 2.71149017e+02, 9.21119213e-01,
            6.65632813e+02, 3.44839233e+02, 7.66621828e-01,
            5.30360901e+02, 3.91948853e+02, 6.18080318e-01,
            3.97894379e+02, 5.09772644e+02, 7.45190561e-01,
            3.50725830e+02, 6.71458435e+02, 8.25638473e-01,
            7.89247253e+02, 2.97831329e+02, 7.04942286e-01,
            9.21760498e+02, 4.33217529e+02, 8.43181610e-01,
            1.05413403e+03, 4.12610504e+02, 8.73971820e-01,
            8.39382263e+02, 6.45014526e+02, 4.77369040e-01,
            9.86485840e+02, 7.65668457e+02, 2.91697681e-01,
            1.21022424e+03, 8.80611511e+02, 2.20340893e-01,
            9.39392334e+02, 5.47950134e+02, 5.46435237e-01,
            1.18070776e+03, 4.30141846e+02, 7.82246113e-01,
            1.38093347e+03, 6.71586792e+02, 5.64269066e-01,
            6.77418335e+02, 2.47799011e+02, 8.71874630e-01,
            7.21616028e+02, 2.27193756e+02, 8.90031457e-01,
            5.92101807e+02, 2.47651199e+02, 7.31966794e-01, 0.0, 0.0,
            0.0 ]
    }
}
