{
    "pose_0": {
        "type_id": "opencv-matrix",
        "rows": 1,
        "cols": 18,
        "dt": "3f",
        "data": [ 1.00417719e+03, 2.15366928e+02, 8.62469792e-01,
            9.04170349e+02, 3.44843414e+02, 8.20320189e-01,
            7.89296753e+02, 3.62523132e+02, 6.91600263e-01,
            7.33398499e+02, 5.80391296e+02, 7.91553259e-01,
            6.48140747e+02, 7.80494141e+02, 7.86505580e-01,
            1.02169672e+03, 3.35958649e+02, 7.47704327e-01,
            1.04542419e+03, 5.27333313e+02, 8.64090204e-01,
            1.12185095e+03, 6.45089722e+02, 8.40106010e-01,
            8.54073364e+02, 6.98054443e+02, 4.71716702e-01,
            1.12188757e+03, 7.92217896e+02, 2.68714607e-01,
            1.39855432e+03, 9.06974915e+02, 1.06364481e-01,
            9.83548584e+02, 6.45125000e+02, 6.04808450e-01,
            1.16013611e+03, 7.24521667e+02, 4.59216446e-01,
            1.23659839e+03, 7.51082031e+02, 6.94679469e-02,
            9.71811768e+02, 1.83011917e+02, 8.54359388e-01,
            1.01883752e+03, 1.74257141e+02, 9.60491776e-01,
            8.80601074e+02, 1.80127090e+02, 7.15306997e-01, 0.0, 0.0,
            0.0 ]
    }
}
