{
    "pose_0": {
        "type_id": "opencv-matrix",
        "rows": 1,
        "cols": 18,
        "dt": "3f",
        "data": [ 7.42269836e+02, 2.59518402e+02, 8.56057107e-01,
            6.77482422e+02, 3.39074768e+02, 7.48897016e-01,
            5.47885498e+02, 3.89078552e+02, 6.19644225e-01,
            4.12463013e+02, 5.24371094e+02, 7.95128345e-01,
            3.53681976e+02, 6.68677246e+02, 8.32344770e-01,
            8.09814636e+02, 2.91811371e+02, 7.36164927e-01,
            9.30474426e+02, 4.24284912e+02, 8.25830579e-01,
            1.06002747e+03, 4.09589996e+02, 8.81024718e-01,
            8.39387451e+02, 6.27423889e+02, 4.48457092e-01,
            9.74748108e+02, 7.48106201e+02, 2.35273317e-01,
            1.22784839e+03, 8.80562012e+02, 2.58351028e-01,
            9.51088196e+02, 5.33279358e+02, 5.11124253e-01,
            1.18655945e+03, 4.12666107e+02, 8.45514774e-01,
            1.39260571e+03, 6.71523376e+02, 5.83229899e-01,
            7.09794006e+02, 2.41775391e+02, 8.41949224e-01,
            7.45256836e+02, 2.21148743e+02, 8.47961783e-01,
            6.12676514e+02, 2.38901352e+02, 6.35073245e-01, 0.0, 0.0,
            0.0 ]
    }
}
