{
    "pose_0": {
        "type_id": "opencv-matrix",
        "rows": 1,
        "cols": 18,
        "dt": "3f",
        "data": [ 7.68774780e+02, 2.59510834e+02, 8.30390990e-01,
            6.98007080e+02, 3.30129181e+02, 7.51488328e-01,
            5.59768127e+02, 3.80140900e+02, 5.86692452e-01,
            4.30255066e+02, 5.27449768e+02, 8.02676678e-01,
            3.44978607e+02, 6.71503479e+02, 8.37516248e-01,
            8.30497681e+02, 2.88956696e+02, 7.04161525e-01,
            9.36470398e+02, 4.21350983e+02, 7.68425524e-01,
            1.06587292e+03, 4.09489716e+02, 8.55947852e-01,
            8.42255920e+02, 6.27469543e+02, 4.53963250e-01,
            9.65879761e+02, 7.42283142e+02, 2.17953652e-01,
            1.31906152e+03, 9.04166199e+02, 3.35153788e-01,
            9.51242432e+02, 5.33219116e+02, 5.41904092e-01,
            1.18371399e+03, 4.12544159e+02, 8.40816021e-01,
            1.39262378e+03, 6.71594971e+02, 5.81810176e-01,
            7.36348267e+02, 2.41794662e+02, 8.74346256e-01,
            7.77571899e+02, 2.21167908e+02, 8.63240004e-01,
            6.39174927e+02, 2.30034546e+02, 6.71504796e-01, 0.0, 0.0,
            0.0 ]
    }
}
