{
    "pose_0": {
        "type_id": "opencv-matrix",
        "rows": 1,
        "cols": 18,
        "dt": "3f",
        "data": [ 1.04822717e+03, 2.00787445e+02, 9.47155952e-01,
            9.42311096e+02, 3.18272583e+02, 7.43430376e-01,
            8.21698120e+02, 3.41809204e+02, 6.58790827e-01,
            7.62813721e+02, 5.53948669e+02, 8.43434274e-01,
            6.92071777e+02, 7.39147705e+02, 8.26836705e-01,
            1.05128906e+03, 2.94897491e+02, 7.40095377e-01,
            1.02180914e+03, 4.21415405e+02, 2.11989209e-01,
            1.07477478e+03, 4.56605011e+02, 6.52008057e-01,
            8.59906616e+02, 6.50971252e+02, 5.33277631e-01,
            9.54083923e+02, 7.62741577e+02, 2.14463517e-01,
            1.21318506e+03, 9.18831360e+02, 3.40851337e-01,
            1.00121539e+03, 5.92133728e+02, 5.33131361e-01,
            1.17189197e+03, 4.56616577e+02, 8.22628200e-01,
            1.37804968e+03, 7.12806641e+02, 6.53648376e-01,
            1.00419824e+03, 1.77020462e+02, 8.97748530e-01,
            1.06303430e+03, 1.62379074e+02, 9.04024303e-01,
            9.18740479e+02, 1.77071198e+02, 7.00010240e-01, 0.0, 0.0,
            0.0 ]
    }
}
