{
    "pose_0": {
        "type_id": "opencv-matrix",
        "rows": 1,
        "cols": 18,
        "dt": "3f",
        "data": [ 7.65821960e+02, 2.62411194e+02, 8.61675501e-01,
            6.95091248e+02, 3.30164459e+02, 7.68282533e-01,
            5.59707275e+02, 3.80119659e+02, 5.85363686e-01,
            4.33044006e+02, 5.27408691e+02, 7.99143553e-01,
            3.47772278e+02, 6.71530945e+02, 8.38546038e-01,
            8.24616760e+02, 2.88912354e+02, 6.95144951e-01,
            9.33604553e+02, 4.18520081e+02, 7.76907921e-01,
            1.06302405e+03, 4.09506378e+02, 8.51842165e-01,
            8.39399048e+02, 6.27381042e+02, 4.56987083e-01,
            9.98278931e+02, 7.62867249e+02, 2.49593332e-01,
            1.23077954e+03, 8.80538452e+02, 1.32380694e-01,
            9.51262207e+02, 5.33196655e+02, 5.55398166e-01,
            1.18653284e+03, 4.12553284e+02, 8.54892910e-01,
            1.39265515e+03, 6.71537842e+02, 5.98727643e-01,
            7.33359863e+02, 2.41828156e+02, 8.48318577e-01,
            7.68810974e+02, 2.21215454e+02, 8.62216353e-01,
            6.36189270e+02, 2.30139832e+02, 6.38957739e-01, 0.0, 0.0,
            0.0 ]
    }
}
