{
    "pose_0": {
        "type_id": "opencv-matrix",
        "rows": 1,
        "cols": 18,
        "dt": "3f",
        "data": [ 8.30431519e+02, 2.47695694e+02, 8.77737463e-01,
            7.42208557e+02, 3.12489410e+02, 7.42538512e-01,
            5.98002014e+02, 3.47795990e+02, 5.54289639e-01,
            4.59570679e+02, 5.24387878e+02, 7.84153998e-01,
            3.59592590e+02, 6.59831604e+02, 7.73730099e-01,
            8.74648926e+02, 2.77190857e+02, 6.72680020e-01,
            9.54188721e+02, 4.27284760e+02, 8.37509096e-01,
            1.07477307e+03, 4.09611328e+02, 8.52150738e-01,
            8.36468994e+02, 6.30385559e+02, 4.78113115e-01,
            9.74740295e+02, 7.65672852e+02, 2.91177899e-01,
            1.23964746e+03, 8.83430359e+02, 1.42174020e-01,
            9.57032104e+02, 5.39136841e+02, 5.48757851e-01,
            1.18950916e+03, 4.12495178e+02, 8.48376751e-01,
            1.39553796e+03, 6.71658386e+02, 6.01556897e-01,
            7.92179382e+02, 2.21308624e+02, 9.02432203e-01,
            8.36517395e+02, 2.09420212e+02, 8.75392020e-01,
            6.95198730e+02, 2.03553131e+02, 6.42953098e-01, 0.0, 0.0,
            0.0 ]
    }
}
