{
    "pose_0": {
        "type_id": "opencv-matrix",
        "rows": 1,
        "cols": 18,
        "dt": "3f",
        "data": [ 9.54098083e+02, 1.74055725e+02, 9.26521480e-01,
            8.45195007e+02, 2.68356262e+02, 7.66150534e-01,
            7.15688416e+02, 2.91888550e+02, 6.63470209e-01,
            6.21602600e+02, 5.00824432e+02, 7.98763692e-01,
            5.45021912e+02, 6.68545532e+02, 8.16547036e-01,
            9.74715576e+02, 2.44714325e+02, 7.92527437e-01,
            9.89449097e+02, 3.89160583e+02, 7.67368555e-01,
            1.07177808e+03, 4.06689270e+02, 7.96334386e-01,
            8.51058899e+02, 6.21549500e+02, 4.80602026e-01,
            9.51186401e+02, 7.45173645e+02, 1.86756700e-01,
            1.21318091e+03, 8.77606689e+02, 2.17461854e-01,
            9.80621216e+02, 5.39115417e+02, 5.28127611e-01,
            1.18370447e+03, 4.06562714e+02, 8.27682018e-01,
            1.38094019e+03, 6.65635132e+02, 6.10082924e-01,
            9.24567139e+02, 1.47549255e+02, 8.58486950e-01,
            9.71675049e+02, 1.30016220e+02, 9.55867708e-01,
            8.30523376e+02, 1.30008255e+02, 7.16485500e-01, 0.0, 0.0,
            0.0 ]
    }
}
