{
    "pose_0": {
        "type_id": "opencv-matrix",
        "rows": 1,
        "cols": 18,
        "dt": "3f",
        "data": [ 9.42321777e+02, 1.77083389e+02, 8.58102977e-01,
            8.33384705e+02, 2.68381256e+02, 7.83538103e-01,
            6.95199646e+02, 2.91837952e+02, 6.33812428e-01,
            5.98051453e+02, 4.89080475e+02, 7.63667703e-01,
            5.12679871e+02, 6.65605286e+02, 7.65031219e-01,
            9.57081848e+02, 2.44732437e+02, 7.48754859e-01,
            9.80585938e+02, 3.92058350e+02, 7.92067945e-01,
            1.07188074e+03, 4.03699066e+02, 7.90184677e-01,
            8.45224854e+02, 6.21446960e+02, 4.83258039e-01,
            9.33487000e+02, 7.30463257e+02, 2.45342076e-01,
            1.21898926e+03, 8.74653320e+02, 1.67618781e-01,
            9.77642395e+02, 5.44961243e+02, 5.33518791e-01,
            1.18367603e+03, 4.03673889e+02, 8.19124401e-01,
            1.38092944e+03, 6.59822449e+02, 5.85181534e-01,
            9.06977356e+02, 1.50670776e+02, 9.27904904e-01,
            9.54145020e+02, 1.35872696e+02, 9.01115060e-01,
            8.15744446e+02, 1.33039719e+02, 6.43558979e-01, 0.0, 0.0,
            0.0 ]
    }
}
