{
    "pose_0": {
        "type_id": "opencv-matrix",
        "rows": 1,
        "cols": 18,
        "dt": "3f",
        "data": [ 1.60409439e+02, 1.22819580e+02, 8.74726415e-01,
            1.60468079e+02, 1.70227768e+02, 7.93472171e-01,
            1.19626961e+02, 1.67001785e+02, 6.60276413e-01,
            8.04731674e+01, 2.14301041e+02, 1.45420507e-01, 0.0, 0.0,
            0.0, 2.01269333e+02, 1.71887070e+02, 7.82028615e-01,
            2.22463562e+02, 2.40394608e+02, 7.54920363e-01,
            2.27294296e+02, 3.04032410e+02, 7.71079063e-01,
            1.32705734e+02, 3.02436218e+02, 6.05351925e-01,
            1.24584511e+02, 3.98731598e+02, 6.58357203e-01,
            1.14736534e+02, 4.95060791e+02, 5.40850282e-01,
            1.84941696e+02, 3.04044708e+02, 6.03378057e-01,
            1.84938110e+02, 3.98782349e+02, 5.70991874e-01,
            1.91508698e+02, 4.93418976e+02, 3.85073870e-01,
            1.50627869e+02, 1.11544624e+02, 9.20023322e-01,
            1.65358948e+02, 1.11532791e+02, 8.67789984e-01,
            1.37692627e+02, 1.21272636e+02, 7.12000847e-01,
            1.76825928e+02, 1.19663544e+02, 7.61363089e-01 ]
    }
}
