{
    "pose_0": {
        "type_id": "opencv-matrix",
        "rows": 1,
        "cols": 18,
        "dt": "3f",
        "data": [ 2.76181274e+02, 1.81601166e+02, 8.48437667e-01,
            2.73389923e+02, 2.78852600e+02, 8.24105680e-01,
            2.05958191e+02, 2.78800781e+02, 8.05107355e-01,
            1.43799271e+02, 3.51731995e+02, 7.26940215e-01,
            8.96717148e+01, 4.05897247e+02, 8.22853804e-01,
            3.40947906e+02, 2.81533813e+02, 7.73427546e-01,
            4.11253143e+02, 3.54464752e+02, 7.83920825e-01,
            4.68043579e+02, 4.16609772e+02, 8.49008501e-01,
            2.30225113e+02, 4.97707092e+02, 5.40502787e-01,
            2.38299881e+02, 6.59804016e+02, 3.17614943e-01,
            2.65342224e+02, 8.19278320e+02, 9.70702916e-02,
            3.16696442e+02, 5.00432648e+02, 5.59971929e-01,
            3.11249329e+02, 6.57099731e+02, 4.30221230e-01,
            3.38238007e+02, 8.30104492e+02, 1.52905822e-01,
            2.54556183e+02, 1.62578491e+02, 8.68550956e-01,
            2.97742950e+02, 1.62590790e+02, 8.66729617e-01,
            2.27495300e+02, 1.76158310e+02, 7.57927716e-01,
            3.30069336e+02, 1.81446945e+02, 7.72126257e-01 ]
    }
}
