{
    "pose_0": {
        "type_id": "opencv-matrix",
        "rows": 1,
        "cols": 18,
        "dt": "3f",
        "data": [ 6.43191589e+02, 5.77274170e+02, 3.82044375e-01,
            6.07269653e+02, 6.91286865e+02, 8.20232928e-01,
            3.91022797e+02, 6.85469910e+02, 7.34694600e-01,
            4.09002258e+02, 1.02772681e+03, 7.03256667e-01,
            4.99093079e+02, 1.31015295e+03, 6.31326914e-01,
            8.35562073e+02, 6.97433899e+02, 8.39909554e-01,
            7.45463013e+02, 1.02174805e+03, 7.10032225e-01,
            6.43189941e+02, 1.28633215e+03, 6.84107542e-01,
            4.56985809e+02, 1.13002051e+03, 6.33932531e-01,
            2.76947388e+02, 1.40044666e+03, 7.50717103e-01,
            4.51171204e+02, 1.85088013e+03, 7.91347146e-01,
            6.97496948e+02, 1.13007983e+03, 5.75931370e-01,
            8.77763855e+02, 1.38242859e+03, 7.14223087e-01,
            7.45638184e+02, 1.85113269e+03, 7.52149105e-01,
            5.89294373e+02, 5.05036621e+02, 4.64936674e-01,
            6.97311584e+02, 5.11234131e+02, 5.16317785e-01,
            4.87189270e+02, 5.05228302e+02, 6.38824105e-01,
            7.57642944e+02, 5.11266541e+02, 4.45599943e-01 ]
    }
}
