{
    "pose_0": {
        "type_id": "opencv-matrix",
        "rows": 1,
        "cols": 18,
        "dt": "3f",
        "data": [ 6.95182678e+02, 3.88927643e+02, 9.13049638e-01,
            6.68629944e+02, 4.77320007e+02, 7.49319017e-01,
            5.71471680e+02, 5.36213196e+02, 5.44432342e-01,
            4.47869568e+02, 6.45092285e+02, 5.18100381e-01,
            3.36084381e+02, 7.86327637e+02, 6.67595267e-01,
            7.62879883e+02, 4.15441925e+02, 7.27376759e-01,
            9.48209717e+02, 4.59696991e+02, 8.20972145e-01,
            9.98308594e+02, 3.21336273e+02, 7.19417632e-01,
            8.54050110e+02, 7.56868713e+02, 4.13234323e-01,
            9.18775879e+02, 8.04004822e+02, 3.87171626e-01,
            1.20425122e+03, 8.51145081e+02, 4.24859494e-01,
            9.65897949e+02, 6.45132019e+02, 5.25511324e-01,
            1.23657898e+03, 5.36159119e+02, 7.69827008e-01,
            1.51632556e+03, 7.83402649e+02, 6.13198996e-01,
            6.53877441e+02, 3.85937042e+02, 8.61155748e-01,
            6.95012512e+02, 3.44933899e+02, 9.24899936e-01,
            5.74433350e+02, 4.06633179e+02, 7.25361586e-01, 0.0, 0.0,
            0.0 ]
    }
}
