{
    "pose_0": {
        "type_id": "opencv-matrix",
        "rows": 1,
        "cols": 18,
        "dt": "3f",
        "data": [ 5.15601868e+02, 5.27306824e+02, 8.81177306e-01,
            5.77457642e+02, 5.94960754e+02, 7.56633639e-01,
            5.06817871e+02, 6.80439331e+02, 6.67291462e-01,
            6.48021606e+02, 8.06882874e+02, 6.20570481e-01,
            8.33313660e+02, 8.60029663e+02, 7.57377744e-01,
            6.45080505e+02, 5.09785889e+02, 7.05716610e-01,
            8.04032166e+02, 5.09736267e+02, 6.92109644e-01,
            9.57114197e+02, 5.21423645e+02, 7.78471947e-01,
            8.30481079e+02, 7.39250854e+02, 3.46120596e-01,
            1.19839819e+03, 8.33346313e+02, 3.01731646e-01,
            1.44853296e+03, 9.12866272e+02, 1.94292367e-01,
            8.80563538e+02, 6.09724976e+02, 3.81264895e-01,
            9.95350159e+02, 6.21560242e+02, 6.65624961e-02, 0.0, 0.0,
            0.0, 4.80126770e+02, 5.24403748e+02, 9.39849555e-01,
            5.12705017e+02, 4.89052979e+02, 8.59366179e-01,
            4.33065582e+02, 5.53961975e+02, 8.96237314e-01,
            5.33340515e+02, 4.77367737e+02, 6.12809777e-01 ]
    }
}
