{
    "pose_0": {
        "type_id": "opencv-matrix",
        "rows": 1,
        "cols": 18,
        "dt": "3f",
        "data": [ 4.12489746e+02, 5.98042053e+02, 6.80234015e-01,
            5.06783447e+02, 6.36237915e+02, 7.00491667e-01,
            4.83275208e+02, 7.15648621e+02, 5.35068870e-01,
            5.74324402e+02, 7.71628784e+02, 6.93818152e-01,
            6.21403625e+02, 5.94998230e+02, 8.35341692e-01,
            5.30331604e+02, 5.77387085e+02, 4.12527561e-01, 0.0, 0.0,
            0.0, 0.0, 0.0, 0.0, 8.39344788e+02, 7.15732605e+02,
            3.18377703e-01, 1.20427698e+03, 8.36333923e+02,
            1.98137403e-01, 1.42797009e+03, 9.12881348e+02,
            2.30173916e-01, 8.92330933e+02, 6.06809448e+02,
            3.94785374e-01, 1.20427258e+03, 5.33221863e+02,
            3.71386230e-01, 1.35738831e+03, 6.74549500e+02,
            6.96063936e-02, 3.89131317e+02, 6.27481628e+02,
            6.51011169e-01, 3.88906616e+02, 5.77487671e+02,
            7.20087945e-01, 4.12458649e+02, 6.92167542e+02,
            6.85475707e-01, 0.0, 0.0, 0.0 ]
    }
}
