{
    "pose_0": {
        "type_id": "opencv-matrix",
        "rows": 1,
        "cols": 18,
        "dt": "3f",
        "data": [ 4.09603607e+02, 6.06773376e+02, 6.37333512e-01,
            5.06729797e+02, 6.27401672e+02, 7.22438216e-01,
            4.83199036e+02, 7.12709717e+02, 5.03439128e-01,
            5.68582336e+02, 7.65802551e+02, 6.84821248e-01,
            6.15561707e+02, 5.92101440e+02, 7.88665056e-01,
            5.39094849e+02, 5.71462646e+02, 3.85710984e-01,
            7.15599487e+02, 4.21371185e+02, 6.90735281e-01,
            6.68499451e+02, 5.03796143e+02, 7.48185337e-01,
            8.30513184e+02, 7.15642700e+02, 3.42958629e-01,
            1.01298920e+03, 7.39211365e+02, 9.76316780e-02,
            1.52218921e+03, 9.30609741e+02, 8.38270113e-02,
            8.86404114e+02, 6.00924927e+02, 3.82393390e-01,
            1.20133228e+03, 5.24394348e+02, 6.71645701e-01,
            1.50452014e+03, 7.36293518e+02, 5.44515610e-01,
            3.86174042e+02, 6.33270508e+02, 7.71093369e-01,
            3.86137390e+02, 5.77388733e+02, 7.82632947e-01,
            4.06656494e+02, 6.92177612e+02, 6.76599562e-01,
            3.86184998e+02, 5.53788635e+02, 2.39535257e-01 ]
    }
}
