{
    "pose_0": {
        "type_id": "opencv-matrix",
        "rows": 1,
        "cols": 18,
        "dt": "3f",
        "data": [ 5.86233154e+02, 4.77320892e+02, 8.39412212e-01,
            6.00985718e+02, 5.50781616e+02, 8.22723508e-01,
            5.24412415e+02, 6.21526184e+02, 7.02387393e-01,
            6.45095947e+02, 7.89413269e+02, 6.47051215e-01,
            8.21633301e+02, 8.83626038e+02, 7.33267546e-01,
            6.83358765e+02, 4.80307251e+02, 6.96181297e-01,
            8.39388733e+02, 5.03731781e+02, 6.78558111e-01,
            1.00412323e+03, 5.27382141e+02, 8.11189890e-01,
            8.39339050e+02, 7.45141541e+02, 3.38299632e-01,
            1.05122717e+03, 7.80486572e+02, 5.27092628e-02,
            1.53098840e+03, 9.33493896e+02, 2.95315146e-01,
            9.04027771e+02, 6.24488953e+02, 4.08836395e-01,
            1.20132935e+03, 5.36152405e+02, 6.78063929e-01,
            1.51040991e+03, 7.65641418e+02, 5.46276808e-01,
            5.50912903e+02, 4.59696472e+02, 9.48211193e-01,
            5.95074219e+02, 4.39017365e+02, 9.08674181e-01,
            4.83271667e+02, 4.80201935e+02, 9.05025065e-01,
            6.12630737e+02, 4.30139618e+02, 1.01780005e-01 ]
    }
}
