{
    "pose_0": {
        "type_id": "opencv-matrix",
        "rows": 1,
        "cols": 18,
        "dt": "3f",
        "data": [ 6.98028076e+02, 4.00807007e+02, 8.42998624e-01,
            6.74493896e+02, 4.83259979e+02, 7.58846223e-01,
            5.74351013e+02, 5.50807678e+02, 5.58328986e-01,
            4.56701569e+02, 6.50961853e+02, 5.62674820e-01,
            3.42063324e+02, 7.89334656e+02, 7.26360500e-01,
            7.74625122e+02, 4.27285614e+02, 7.19693124e-01,
            9.30618103e+02, 5.27310303e+02, 7.73808300e-01,
            1.11601196e+03, 5.36150146e+02, 8.15584719e-01,
            8.62915710e+02, 7.74585083e+02, 3.61543000e-01,
            1.11888379e+03, 7.77542053e+02, 6.04174972e-01,
            1.36025403e+03, 8.83573181e+02, 3.23631316e-01,
            9.65918884e+02, 6.59769897e+02, 4.16357219e-01,
            1.23669434e+03, 5.50891663e+02, 7.52998710e-01,
            1.52508252e+03, 7.89317688e+02, 5.37736297e-01,
            6.56846069e+02, 3.91920349e+02, 8.54773641e-01,
            6.95174866e+02, 3.62464508e+02, 9.39166069e-01,
            5.77410828e+02, 4.15552032e+02, 7.33724475e-01, 0.0, 0.0,
            0.0 ]
    }
}
