{
    "pose_0": {
        "type_id": "opencv-matrix",
        "rows": 1,
        "cols": 18,
        "dt": "3f",
        "data": [ 4.27208862e+02, 6.03894043e+02, 7.07604170e-01,
            5.42072449e+02, 6.42046448e+02, 7.22922087e-01,
            5.00796478e+02, 7.15768188e+02, 6.50991619e-01,
            5.92085144e+02, 8.15809753e+02, 6.31680489e-01,
            7.21603394e+02, 8.77558899e+02, 7.40963280e-01,
            5.89158997e+02, 5.71511902e+02, 5.30886173e-01,
            6.98105347e+02, 5.18499817e+02, 6.02201581e-01,
            7.45171143e+02, 4.15586853e+02, 7.61498511e-01,
            8.36368469e+02, 7.39239746e+02, 3.65734041e-01,
            1.05712292e+03, 7.62817749e+02, 7.64001012e-02, 0.0, 0.0,
            0.0, 8.86419128e+02, 6.24532532e+02, 3.94008428e-01,
            1.21603882e+03, 5.47904236e+02, 7.00089931e-01,
            1.52217554e+03, 7.59765686e+02, 5.29455900e-01,
            4.06616150e+02, 6.27393250e+02, 7.99228966e-01,
            4.09499878e+02, 5.77356934e+02, 7.58423090e-01,
            4.15521088e+02, 6.77474731e+02, 5.51540852e-01,
            4.12598602e+02, 5.53871155e+02, 3.38380098e-01 ]
    }
}
