{
    "pose_0": {
        "type_id": "opencv-matrix",
        "rows": 1,
        "cols": 18,
        "dt": "3f",
        "data": [ 6.00984375e+02, 4.62592346e+02, 9.12511885e-01,
            6.06836426e+02, 5.36237549e+02, 7.68023252e-01,
            5.24378723e+02, 6.12674744e+02, 6.52408540e-01,
            5.80305847e+02, 8.06898254e+02, 6.48555100e-01,
            7.03899475e+02, 9.27744019e+02, 7.05334306e-01,
            6.92220581e+02, 4.71384277e+02, 6.76340401e-01,
            8.54090088e+02, 4.89064270e+02, 7.05591083e-01,
            1.02478223e+03, 5.30216248e+02, 8.27954829e-01,
            8.36371460e+02, 7.42265259e+02, 3.58391821e-01,
            1.21020435e+03, 8.65792725e+02, 2.79592335e-01,
            1.43093079e+03, 9.24642761e+02, 2.05134571e-01,
            9.04118225e+02, 6.27442688e+02, 4.05575037e-01,
            1.00708582e+03, 6.56808044e+02, 5.25978394e-02, 0.0, 0.0,
            0.0, 5.62699158e+02, 4.53756073e+02, 8.63101244e-01,
            6.06883423e+02, 4.33061096e+02, 9.13307548e-01,
            4.94943176e+02, 4.59804169e+02, 8.32481563e-01,
            6.27356812e+02, 4.12582428e+02, 1.02169268e-01 ]
    }
}
