{
    "pose_0": {
        "type_id": "opencv-matrix",
        "rows": 1,
        "cols": 18,
        "dt": "3f",
        "data": [ 4.59760803e+02, 5.53763184e+02, 8.86691749e-01,
            5.56780579e+02, 6.18550476e+02, 7.48503864e-01,
            4.97866882e+02, 6.95246521e+02, 6.85776830e-01,
            5.95000732e+02, 8.12875488e+02, 6.77303255e-01,
            7.59854004e+02, 8.83459351e+02, 7.27196217e-01,
            6.21404175e+02, 5.33264099e+02, 6.58063948e-01,
            7.56912354e+02, 5.18503479e+02, 6.24901056e-01,
            9.01056946e+02, 5.00737244e+02, 7.91251838e-01,
            8.21688599e+02, 7.42215698e+02, 3.34893972e-01,
            1.08363525e+03, 7.68664246e+02, 6.33631721e-02, 0.0, 0.0,
            0.0, 8.77604187e+02, 6.24409973e+02, 3.86192322e-01,
            1.21314136e+03, 5.47950378e+02, 6.81338429e-01,
            1.37497498e+03, 6.89226990e+02, 6.02707341e-02,
            4.27280151e+02, 5.68489685e+02, 8.80117476e-01,
            4.56626434e+02, 5.21393066e+02, 8.68857086e-01,
            4.12475464e+02, 6.21481323e+02, 8.07036459e-01,
            4.65625214e+02, 5.06633362e+02, 1.28888458e-01 ]
    }
}
