{
    "pose_0": {
        "type_id": "opencv-matrix",
        "rows": 1,
        "cols": 18,
        "dt": "3f",
        "data": [ 6.98066589e+02, 3.94911743e+02, 8.49538207e-01,
            6.74512268e+02, 4.83136566e+02, 7.64900744e-01,
            5.74442261e+02, 5.45028809e+02, 5.53616524e-01,
            4.59547272e+02, 6.48019714e+02, 5.78851283e-01,
            3.42028137e+02, 7.86444519e+02, 7.34047234e-01,
            7.74612915e+02, 4.27245789e+02, 7.12164998e-01,
            9.30675476e+02, 5.27222412e+02, 7.59030223e-01,
            1.11598865e+03, 5.33185425e+02, 8.22088420e-01,
            8.59880432e+02, 7.77498901e+02, 3.92223567e-01,
            9.83516418e+02, 7.68745850e+02, 6.07876062e-01,
            1.21309375e+03, 8.48120911e+02, 1.83989748e-01,
            9.74647705e+02, 6.50975952e+02, 4.36400563e-01,
            1.23661682e+03, 5.47878540e+02, 7.14027286e-01,
            1.53097717e+03, 7.89237122e+02, 5.73231220e-01,
            6.56871948e+02, 3.89009277e+02, 8.57412338e-01,
            6.95205994e+02, 3.59537903e+02, 8.92417073e-01,
            5.77464600e+02, 4.12437134e+02, 7.78924167e-01, 0.0, 0.0,
            0.0 ]
    }
}
