{
    "pose_0": {
        "type_id": "opencv-matrix",
        "rows": 1,
        "cols": 18,
        "dt": "3f",
        "data": [ 6.42101135e+02, 4.36228668e+02, 8.75120223e-01,
            6.30314514e+02, 5.03664215e+02, 7.79507399e-01,
            5.30217163e+02, 5.71426147e+02, 6.15128934e-01,
            4.53727264e+02, 7.21607544e+02, 6.17610097e-01,
            3.77180908e+02, 9.07128784e+02, 6.64775193e-01,
            7.30462036e+02, 4.33243622e+02, 7.24279761e-01,
            8.83555115e+02, 4.89118073e+02, 6.97004020e-01,
            1.06595410e+03, 5.24385071e+02, 8.02702427e-01,
            8.62853638e+02, 7.39242004e+02, 3.89071763e-01,
            1.21010437e+03, 8.62863220e+02, 3.15709531e-01,
            1.45742200e+03, 9.39453796e+02, 2.69708753e-01,
            9.33552185e+02, 6.33290100e+02, 4.35715824e-01,
            1.20713904e+03, 5.42058777e+02, 6.43379688e-01,
            1.50742322e+03, 7.68652405e+02, 6.25639856e-01,
            6.00924438e+02, 4.30186066e+02, 9.24803495e-01,
            6.45148865e+02, 4.06640778e+02, 9.44624782e-01,
            5.27383118e+02, 4.33260681e+02, 7.77764559e-01,
            6.62677063e+02, 3.85898346e+02, 9.37006697e-02 ]
    }
}
