{
    "pose_0": {
        "type_id": "opencv-matrix",
        "rows": 1,
        "cols": 18,
        "dt": "3f",
        "data": [ 6.86267822e+02, 4.06600311e+02, 8.35678458e-01,
            6.71502380e+02, 4.62602783e+02, 7.74443448e-01,
            5.50854675e+02, 5.21387634e+02, 5.97605348e-01,
            4.33094147e+02, 6.47984131e+02, 6.63118601e-01,
            3.38970398e+02, 8.01097412e+02, 7.11036146e-01,
            7.89201538e+02, 4.12490936e+02, 7.54234016e-01,
            9.30638855e+02, 5.24299011e+02, 7.34706879e-01,
            1.08948218e+03, 5.44991882e+02, 8.20963562e-01,
            8.62852661e+02, 7.53962219e+02, 3.70564997e-01,
            1.22783215e+03, 8.74606628e+02, 2.45804116e-01,
            1.46917578e+03, 9.54228149e+02, 2.79789001e-01,
            9.60017151e+02, 6.56815979e+02, 4.40967739e-01,
            1.21899219e+03, 5.56827820e+02, 6.10674560e-01,
            1.37499524e+03, 6.95012939e+02, 6.39323145e-02,
            6.44984497e+02, 3.89087341e+02, 9.31174994e-01,
            6.92041077e+02, 3.62438232e+02, 9.26145554e-01,
            5.74312500e+02, 3.92019287e+02, 7.57530153e-01,
            6.98171875e+02, 3.33125763e+02, 2.37310082e-01 ]
    }
}
