{
    "pose_0": {
        "type_id": "opencv-matrix",
        "rows": 1,
        "cols": 18,
        "dt": "3f",
        "data": [ 6.98075928e+02, 4.03710999e+02, 8.37534904e-01,
            6.71604980e+02, 4.86122772e+02, 7.73075938e-01,
            5.71534790e+02, 5.50967285e+02, 5.74042439e-01,
            4.56625885e+02, 6.50986450e+02, 5.80471337e-01,
            3.41896149e+02, 7.89302246e+02, 7.37010837e-01,
            7.74551025e+02, 4.30148743e+02, 7.27916777e-01,
            9.30573364e+02, 5.27288147e+02, 7.85937488e-01,
            1.10716431e+03, 5.42035217e+02, 7.52455592e-01,
            8.62902771e+02, 7.68720947e+02, 3.70580494e-01,
            1.21898315e+03, 8.36394714e+02, 4.04532164e-01,
            1.46619421e+03, 9.48188538e+02, 1.94864586e-01,
            9.77601624e+02, 6.62719910e+02, 4.06814158e-01,
            1.23082153e+03, 5.50982361e+02, 7.08834291e-01,
            1.39261853e+03, 6.92211731e+02, 5.98076507e-02,
            6.59781799e+02, 3.92049713e+02, 8.32336485e-01,
            6.95193848e+02, 3.62562164e+02, 9.36500549e-01,
            5.77278564e+02, 4.18438110e+02, 7.39191353e-01, 0.0, 0.0,
            0.0 ]
    }
}
