{
    "pose_0": {
        "type_id": "opencv-matrix",
        "rows": 1,
        "cols": 18,
        "dt": "3f",
        "data": [ 6.98088379e+02, 4.03745270e+02, 8.40569615e-01,
            6.71569641e+02, 4.80208069e+02, 7.81711817e-01,
            5.65572205e+02, 5.39156372e+02, 5.39857507e-01,
            4.39060028e+02, 6.50937195e+02, 5.38462639e-01,
            3.39088593e+02, 7.86422852e+02, 7.33685315e-01,
            7.80482300e+02, 4.21417450e+02, 7.12967515e-01,
            9.30604126e+02, 5.30185852e+02, 7.93861866e-01,
            1.09546094e+03, 5.47966553e+02, 8.42978477e-01,
            8.62864197e+02, 7.62839478e+02, 3.88164103e-01,
            1.24259131e+03, 8.83407776e+02, 2.92604893e-01,
            1.47806897e+03, 9.62922668e+02, 2.58746177e-01,
            9.65884705e+02, 6.59814392e+02, 4.35930938e-01,
            1.22485645e+03, 5.56818359e+02, 6.51985407e-01,
            1.51634155e+03, 7.89271362e+02, 5.64378977e-01,
            6.59769165e+02, 3.92058899e+02, 8.36828113e-01,
            6.98039551e+02, 3.62463531e+02, 8.90182376e-01,
            5.77342163e+02, 4.09725098e+02, 7.62609005e-01, 0.0, 0.0,
            0.0 ]
    }
}
