{
    "pose_0": {
        "type_id": "opencv-matrix",
        "rows": 1,
        "cols": 18,
        "dt": "3f",
        "data": [ 4.18434357e+02, 6.03914673e+02, 7.21348047e-01,
            5.27314636e+02, 6.45008484e+02, 6.77326679e-01,
            5.03730927e+02, 7.33322998e+02, 5.06748855e-01,
            5.98023560e+02, 7.95226318e+02, 5.99874437e-01,
            7.42143372e+02, 7.15749939e+02, 8.31821442e-01,
            5.39127136e+02, 5.89162476e+02, 2.66235501e-01, 0.0, 0.0,
            0.0, 0.0, 0.0, 0.0, 8.30511353e+02, 7.36283142e+02,
            2.89313406e-01, 1.20717920e+03, 8.45204529e+02,
            2.51651525e-01, 1.45448511e+03, 9.30559387e+02,
            2.19487861e-01, 8.71705444e+02, 6.21525146e+02,
            3.44742328e-01, 1.21316248e+03, 5.50800293e+02,
            4.22360271e-01, 1.37793091e+03, 6.80395447e+02,
            7.21448213e-02, 4.03705078e+02, 6.30424194e+02,
            7.43607342e-01, 4.06562439e+02, 5.83299805e+02,
            7.21574605e-01, 4.15449554e+02, 6.95038391e+02,
            6.66821480e-01, 4.00767487e+02, 5.71464172e+02,
            1.38859108e-01 ]
    }
}
