{
    "pose_0": {
        "type_id": "opencv-matrix",
        "rows": 1,
        "cols": 18,
        "dt": "3f",
        "data": [ 4.06700653e+02, 6.00904846e+02, 6.63846254e-01,
            5.06737518e+02, 6.21593750e+02, 7.65257716e-01,
            4.80163849e+02, 7.09786621e+02, 5.08638918e-01,
            5.71421387e+02, 7.65768799e+02, 7.35945404e-01,
            6.12648560e+02, 5.74397400e+02, 8.48555982e-01,
            5.56763245e+02, 5.53905579e+02, 4.44325536e-01,
            6.92118286e+02, 3.91996765e+02, 7.04146385e-01,
            6.21378845e+02, 4.15452301e+02, 8.21078420e-01,
            8.27532288e+02, 7.12694458e+02, 3.00044507e-01,
            1.07184448e+03, 7.45161011e+02, 6.39817268e-02, 0.0, 0.0,
            0.0, 8.77558228e+02, 6.00834290e+02, 3.86985362e-01,
            1.09245593e+03, 6.30411499e+02, 9.56178829e-02, 0.0, 0.0,
            0.0, 3.86162231e+02, 6.27363220e+02, 7.48720169e-01,
            3.85968597e+02, 5.77319031e+02, 7.40234494e-01,
            4.06670776e+02, 6.92066162e+02, 6.36132479e-01,
            3.88993805e+02, 5.51060486e+02, 2.60195851e-01 ]
    }
}
