{
    "pose_0": {
        "type_id": "opencv-matrix",
        "rows": 1,
        "cols": 18,
        "dt": "3f",
        "data": [ 6.98050049e+02, 4.00788757e+02, 8.35788608e-01,
            6.71656189e+02, 4.83245392e+02, 7.69544721e-01,
            5.68577148e+02, 5.50835022e+02, 5.60145438e-01,
            4.53745697e+02, 6.53914917e+02, 5.51347435e-01,
            3.41929810e+02, 7.92245300e+02, 7.27642119e-01,
            7.77488464e+02, 4.27278168e+02, 7.23515213e-01,
            9.30646301e+02, 5.27329224e+02, 7.65318274e-01,
            1.11598828e+03, 5.36157043e+02, 8.22316945e-01,
            8.62848328e+02, 7.80451660e+02, 3.83157313e-01,
            1.08952966e+03, 7.65769958e+02, 6.61203980e-01,
            1.31906921e+03, 8.77554993e+02, 3.05712402e-01,
            9.71732361e+02, 6.50966797e+02, 4.08125937e-01,
            1.23671826e+03, 5.50902771e+02, 7.53352582e-01,
            1.52513818e+03, 7.89431396e+02, 6.25774801e-01,
            6.56841248e+02, 3.91903534e+02, 8.54846179e-01,
            6.95166321e+02, 3.62451904e+02, 9.43475008e-01,
            5.77373291e+02, 4.15541321e+02, 7.40075469e-01, 0.0, 0.0,
            0.0 ]
    }
}
