{
    "pose_0": {
        "type_id": "opencv-matrix",
        "rows": 1,
        "cols": 18,
        "dt": "3f",
        "data": [ 6.27424866e+02, 4.44984924e+02, 8.43941510e-01,
            6.24537903e+02, 5.06887604e+02, 8.21156144e-01,
            5.27409058e+02, 5.77361877e+02, 6.53897047e-01,
            4.62642273e+02, 7.56905212e+02, 6.53313100e-01,
            4.44972870e+02, 9.27590088e+02, 6.77305341e-01,
            7.18771240e+02, 4.41949677e+02, 7.21813083e-01,
            8.77544434e+02, 4.86168793e+02, 6.90915465e-01,
            1.05125623e+03, 5.24395020e+02, 8.02546501e-01,
            8.56983643e+02, 7.39308960e+02, 3.80793065e-01,
            1.21308545e+03, 8.77524902e+02, 2.94319212e-01,
            1.44566772e+03, 9.30715027e+02, 1.91888228e-01,
            9.24678955e+02, 6.33270020e+02, 4.22999948e-01,
            9.98258179e+02, 6.50932434e+02, 5.10635227e-02, 0.0, 0.0,
            0.0, 5.95027222e+02, 4.33222839e+02, 9.20440316e-01,
            6.36254211e+02, 4.12413879e+02, 9.19470131e-01,
            5.21407776e+02, 4.42004791e+02, 7.01552093e-01, 0.0, 0.0,
            0.0 ]
    }
}
