{
    "pose_0": {
        "type_id": "opencv-matrix",
        "rows": 1,
        "cols": 18,
        "dt": "3f",
        "data": [ 6.53975464e+02, 4.30238342e+02, 8.32336187e-01,
            6.48021362e+02, 4.83187805e+02, 8.15562546e-01,
            5.33300415e+02, 5.47952942e+02, 5.98633647e-01,
            4.24299072e+02, 6.98008789e+02, 5.91849685e-01,
            2.97745758e+02, 8.77487793e+02, 6.93095148e-01,
            7.59778931e+02, 4.24328033e+02, 7.16534972e-01,
            9.12898254e+02, 5.00859619e+02, 7.06223905e-01,
            1.07486084e+03, 5.27292236e+02, 8.25605273e-01,
            8.57020447e+02, 7.42199097e+02, 3.99932474e-01,
            1.21312134e+03, 8.62865417e+02, 3.13083827e-01,
            1.45444812e+03, 9.39408691e+02, 2.52318591e-01,
            9.48186279e+02, 6.45101929e+02, 4.62580174e-01,
            1.20719324e+03, 5.50875366e+02, 6.52369380e-01, 0.0, 0.0,
            0.0, 6.21385803e+02, 4.12598022e+02, 9.31571722e-01,
            6.68470581e+02, 3.88882050e+02, 9.51835155e-01,
            5.47935608e+02, 4.12685333e+02, 6.70693219e-01,
            6.77524414e+02, 3.62434326e+02, 7.68381208e-02 ]
    }
}
