{
    "pose_0": {
        "type_id": "opencv-matrix",
        "rows": 1,
        "cols": 18,
        "dt": "3f",
        "data": [ 6.97994812e+02, 4.06627655e+02, 8.68839025e-01,
            6.71635437e+02, 4.86109528e+02, 7.77051687e-01,
            5.74374207e+02, 5.50932068e+02, 5.81318974e-01,
            4.56652435e+02, 6.50973389e+02, 5.66726506e-01,
            3.41914886e+02, 7.89267395e+02, 7.38472581e-01,
            7.71634644e+02, 4.30138916e+02, 7.36129403e-01,
            9.30510071e+02, 5.27341003e+02, 7.76360095e-01,
            1.10131677e+03, 5.45015991e+02, 7.69151449e-01,
            8.65852844e+02, 7.68702515e+02, 3.65111500e-01,
            1.12481238e+03, 8.06906982e+02, 9.93143469e-02,
            1.59872180e+03, 9.80605957e+02, 1.62639990e-01,
            9.74686218e+02, 6.62710632e+02, 4.17347938e-01,
            1.23076038e+03, 5.53826355e+02, 6.96609259e-01,
            1.38675378e+03, 6.98097595e+02, 6.71608597e-02,
            6.56829041e+02, 3.94922974e+02, 8.20299327e-01,
            6.95201294e+02, 3.62626526e+02, 9.45542812e-01,
            5.77329285e+02, 4.18461121e+02, 7.24872768e-01, 0.0, 0.0,
            0.0 ]
    }
}
