{
    "pose_0": {
        "type_id": "opencv-matrix",
        "rows": 1,
        "cols": 18,
        "dt": "3f",
        "data": [ 4.12546173e+02, 6.09731873e+02, 6.98956966e-01,
            5.06825317e+02, 6.45148499e+02, 7.43010998e-01,
            4.86138794e+02, 7.15664551e+02, 5.84203362e-01,
            5.77283630e+02, 7.83324280e+02, 6.81333661e-01,
            6.18594421e+02, 5.97893982e+02, 8.35248351e-01,
            5.30328369e+02, 5.89118835e+02, 4.07368034e-01,
            7.15731018e+02, 4.36170197e+02, 7.10354030e-01,
            6.71488403e+02, 5.24323853e+02, 4.87504631e-01,
            8.39330811e+02, 7.24525818e+02, 3.20008188e-01,
            1.21307251e+03, 8.42307617e+02, 2.72999078e-01,
            1.45150623e+03, 9.27537048e+02, 2.43733585e-01,
            8.86411560e+02, 6.18626831e+02, 4.05096948e-01,
            1.21024170e+03, 5.36215149e+02, 6.90703869e-01,
            1.37209106e+03, 6.71647156e+02, 6.67236596e-02,
            3.97808868e+02, 6.42165894e+02, 7.24130929e-01,
            3.94925873e+02, 5.92092468e+02, 7.53926277e-01,
            4.12613678e+02, 6.98102783e+02, 6.28669441e-01,
            3.92050171e+02, 5.74481934e+02, 1.86572939e-01 ]
    }
}
