{
    "pose_0": {
        "type_id": "opencv-matrix",
        "rows": 1,
        "cols": 18,
        "dt": "3f",
        "data": [ 4.09609344e+02, 5.97939148e+02, 7.31161356e-01,
            5.03834412e+02, 6.39142578e+02, 7.52768517e-01,
            4.83129242e+02, 7.12764282e+02, 5.48212290e-01,
            5.71423767e+02, 7.65754333e+02, 7.07451105e-01,
            6.18582825e+02, 5.92103088e+02, 8.23556185e-01,
            5.27339172e+02, 5.77288269e+02, 4.90359306e-01, 0.0, 0.0,
            0.0, 0.0, 0.0, 0.0, 8.33423645e+02, 7.15666870e+02,
            3.42639178e-01, 1.19840149e+03, 8.33450684e+02,
            2.14851812e-01, 1.43384998e+03, 9.07109802e+02,
            2.00946242e-01, 8.83498169e+02, 6.01000671e+02,
            3.54122281e-01, 1.20136975e+03, 5.27360840e+02,
            6.78316116e-01, 1.50158289e+03, 7.36226501e+02,
            6.12426996e-01, 3.88894409e+02, 6.24541748e+02,
            7.69957840e-01, 3.89048126e+02, 5.74510681e+02,
            7.99326062e-01, 4.06675903e+02, 6.92117798e+02,
            6.86903954e-01, 0.0, 0.0, 0.0 ]
    }
}
