{
    "pose_0": {
        "type_id": "opencv-matrix",
        "rows": 1,
        "cols": 18,
        "dt": "3f",
        "data": [ 6.98080261e+02, 3.94853027e+02, 8.46988380e-01,
            6.71591919e+02, 4.80317719e+02, 7.78673053e-01,
            5.71454529e+02, 5.44994934e+02, 5.52016616e-01,
            4.56692566e+02, 6.45071960e+02, 5.41128576e-01,
            3.41883850e+02, 7.89201538e+02, 6.95975780e-01,
            7.71634827e+02, 4.21432739e+02, 7.03148663e-01,
            9.30638611e+02, 5.21395996e+02, 7.13412106e-01,
            1.11594250e+03, 5.30177246e+02, 8.45724285e-01,
            8.54046509e+02, 7.65764465e+02, 4.11473632e-01,
            9.33500549e+02, 7.80499268e+02, 3.89490515e-01,
            1.23667749e+03, 8.53954346e+02, 2.52591878e-01,
            9.68824341e+02, 6.48043091e+02, 4.73029226e-01,
            1.23655872e+03, 5.42037659e+02, 7.15826929e-01,
            1.52506140e+03, 7.86290466e+02, 6.13779187e-01,
            6.56827698e+02, 3.88942596e+02, 8.74382079e-01,
            6.95183105e+02, 3.59460510e+02, 8.81934702e-01,
            5.80276855e+02, 4.12443878e+02, 7.99113095e-01, 0.0, 0.0,
            0.0 ]
    }
}
