{
    "pose_0": {
        "type_id": "opencv-matrix",
        "rows": 1,
        "cols": 18,
        "dt": "3f",
        "data": [ 4.09648102e+02, 5.98032349e+02, 6.85800076e-01,
            5.06816589e+02, 6.39203064e+02, 6.85909688e-01,
            4.89074860e+02, 7.15770813e+02, 4.91643548e-01,
            5.74394775e+02, 7.71658569e+02, 6.71871603e-01,
            6.21515625e+02, 5.97857849e+02, 8.37841094e-01,
            5.33220337e+02, 5.77440857e+02, 3.73643070e-01, 0.0, 0.0,
            0.0, 0.0, 0.0, 0.0, 8.36357727e+02, 7.15772217e+02,
            3.13269913e-01, 1.20718127e+03, 8.36397522e+02,
            2.61323929e-01, 1.45446045e+03, 9.21681580e+02,
            2.46822774e-01, 8.86466736e+02, 6.09731995e+02,
            4.11612332e-01, 1.20427771e+03, 5.33208740e+02,
            5.17545342e-01, 1.36025842e+03, 6.71609192e+02,
            6.39900863e-02, 3.89110168e+02, 6.30314575e+02,
            6.44856095e-01, 3.89012512e+02, 5.77514160e+02,
            7.22232640e-01, 4.09674835e+02, 6.95062256e+02,
            7.33896971e-01, 0.0, 0.0, 0.0 ]
    }
}
