{
    "pose_0": {
        "type_id": "opencv-matrix",
        "rows": 1,
        "cols": 18,
        "dt": "3f",
        "data": [ 6.95025452e+02, 4.06586670e+02, 9.03945923e-01,
            6.71522400e+02, 4.71467621e+02, 7.61720061e-01,
            5.53912476e+02, 5.27309509e+02, 5.93175054e-01,
            4.30223083e+02, 6.48064453e+02, 6.35548830e-01,
            3.38899200e+02, 7.92218445e+02, 7.43029714e-01,
            7.86276611e+02, 4.21354065e+02, 7.25701034e-01,
            9.30646301e+02, 5.27375183e+02, 7.80424535e-01,
            1.09232507e+03, 5.47950317e+02, 8.57353866e-01,
            8.62908264e+02, 7.59887939e+02, 3.69142175e-01,
            1.24255969e+03, 8.80483154e+02, 3.32332194e-01,
            1.47215552e+03, 9.59957458e+02, 1.90722048e-01,
            9.60043457e+02, 6.59764099e+02, 4.19002980e-01,
            1.21322693e+03, 5.65600281e+02, 5.46243966e-01, 0.0, 0.0,
            0.0, 6.48183289e+02, 3.89064178e+02, 9.32415426e-01,
            6.95132935e+02, 3.62506104e+02, 9.48823869e-01,
            5.74486572e+02, 3.97804749e+02, 7.10374296e-01,
            7.09829041e+02, 3.36061676e+02, 8.44154209e-02 ]
    }
}
