{
    "pose_0": {
        "type_id": "opencv-matrix",
        "rows": 1,
        "cols": 18,
        "dt": "3f",
        "data": [ 4.09672760e+02, 6.03896912e+02, 6.74538434e-01,
            5.06717407e+02, 6.27383362e+02, 7.48562098e-01,
            4.80252014e+02, 7.09799927e+02, 5.37720621e-01,
            5.65637024e+02, 7.65763611e+02, 6.97947323e-01,
            6.06827759e+02, 5.97892639e+02, 7.97221839e-01,
            5.36145569e+02, 5.68553894e+02, 4.07491356e-01,
            7.06869446e+02, 4.12457123e+02, 7.17281520e-01,
            6.65597900e+02, 4.86173828e+02, 7.02969015e-01,
            8.24613281e+02, 7.12792542e+02, 3.36574495e-01,
            1.01004370e+03, 7.36251648e+02, 1.31113067e-01,
            1.18957605e+03, 8.33282043e+02, 5.54189160e-02,
            8.74624207e+02, 6.00877441e+02, 3.75644743e-01,
            1.20136218e+03, 5.24378113e+02, 6.80047512e-01,
            1.36321130e+03, 6.59810791e+02, 5.96533976e-02,
            3.86179749e+02, 6.30411499e+02, 7.44948506e-01,
            3.86147675e+02, 5.77419434e+02, 7.59145200e-01,
            4.03724457e+02, 6.92255127e+02, 6.57797396e-01,
            3.86146576e+02, 5.53669006e+02, 1.58366069e-01 ]
    }
}
