{
    "pose_0": {
        "type_id": "opencv-matrix",
        "rows": 1,
        "cols": 18,
        "dt": "3f",
        "data": [ 6.95174561e+02, 3.89019562e+02, 9.21975374e-01,
            6.68618042e+02, 4.77320221e+02, 7.52729595e-01,
            5.71423096e+02, 5.36184387e+02, 5.49635887e-01,
            4.47895081e+02, 6.45128784e+02, 5.20379484e-01,
            3.36089783e+02, 7.86326111e+02, 6.80446208e-01,
            7.65690491e+02, 4.15487762e+02, 7.31930137e-01,
            9.45255676e+02, 4.71443329e+02, 7.67577469e-01,
            1.02184784e+03, 3.18364685e+02, 7.80882001e-01,
            8.54079651e+02, 7.59834045e+02, 4.05885994e-01,
            9.12888184e+02, 7.86373657e+02, 2.46366709e-01,
            1.21019116e+03, 8.51035339e+02, 4.11557436e-01,
            9.59971313e+02, 6.45082764e+02, 5.08236945e-01,
            1.23660571e+03, 5.33232605e+02, 8.04879189e-01,
            1.51627295e+03, 7.86296204e+02, 6.52462244e-01,
            6.53885742e+02, 3.86037079e+02, 8.75537753e-01,
            6.94992493e+02, 3.47824951e+02, 9.06005979e-01,
            5.74541809e+02, 4.09541351e+02, 7.58939862e-01,
            6.98015991e+02, 3.24243469e+02, 5.38646914e-02 ]
    }
}
