{
    "pose_0": {
        "type_id": "opencv-matrix",
        "rows": 1,
        "cols": 18,
        "dt": "3f",
        "data": [ 4.59540039e+02, 5.59766418e+02, 8.25783849e-01,
            5.56837952e+02, 6.24454163e+02, 7.57625580e-01,
            5.00868164e+02, 7.09826843e+02, 6.87644005e-01,
            5.97905640e+02, 8.18773193e+02, 6.89369798e-01,
            7.51047974e+02, 8.80618469e+02, 7.05196977e-01,
            6.18528870e+02, 5.47852600e+02, 6.22087002e-01,
            7.45217834e+02, 5.06754028e+02, 6.50828421e-01,
            8.71678528e+02, 4.80186584e+02, 8.37396383e-01,
            8.27553711e+02, 7.45126282e+02, 3.49941880e-01,
            1.11894385e+03, 7.86344421e+02, 5.04660979e-02, 0.0, 0.0,
            0.0, 8.80537476e+02, 6.24399902e+02, 4.04912561e-01,
            1.21319617e+03, 5.50775208e+02, 7.29195714e-01,
            1.51915723e+03, 7.59839844e+02, 5.56349277e-01,
            4.27227539e+02, 5.77282654e+02, 9.26542819e-01,
            4.50733063e+02, 5.27434509e+02, 8.18869591e-01,
            4.12665253e+02, 6.30366089e+02, 8.22954178e-01,
            4.56753387e+02, 5.06680084e+02, 1.44227624e-01 ]
    }
}
