{
    "pose_0": {
        "type_id": "opencv-matrix",
        "rows": 1,
        "cols": 18,
        "dt": "3f",
        "data": [ 6.95157471e+02, 3.88960327e+02, 9.07755256e-01,
            6.68644531e+02, 4.77278870e+02, 7.53257573e-01,
            5.71492920e+02, 5.36190308e+02, 5.52646935e-01,
            4.42009338e+02, 6.47991333e+02, 5.25680721e-01,
            3.38919495e+02, 7.83378540e+02, 6.82021618e-01,
            7.65658936e+02, 4.12687531e+02, 7.29823589e-01,
            9.48173340e+02, 4.59765228e+02, 8.10288668e-01,
            9.98324219e+02, 3.21390808e+02, 7.50832856e-01,
            8.48155334e+02, 7.56925781e+02, 3.83535504e-01,
            9.04041748e+02, 7.86268005e+02, 4.38564628e-01,
            1.20725208e+03, 8.51066345e+02, 4.44799840e-01,
            9.59979919e+02, 6.47947693e+02, 5.18199027e-01,
            1.23657910e+03, 5.33272644e+02, 7.92198360e-01,
            1.51633411e+03, 7.83431824e+02, 6.56173646e-01,
            6.51082825e+02, 3.85972748e+02, 8.70929778e-01,
            6.95007202e+02, 3.44943268e+02, 9.08938944e-01,
            5.74510376e+02, 4.09461639e+02, 7.49500871e-01, 0.0, 0.0,
            0.0 ]
    }
}
