{
    "pose_0": {
        "type_id": "opencv-matrix",
        "rows": 1,
        "cols": 18,
        "dt": "3f",
        "data": [ 6.71458984e+02, 4.12729706e+02, 9.20160115e-01,
            6.65664063e+02, 4.62675018e+02, 7.77685642e-01,
            5.45013062e+02, 5.27266235e+02, 5.90199947e-01,
            4.18501129e+02, 6.71655090e+02, 5.96588671e-01,
            2.91910492e+02, 8.21659668e+02, 6.65840626e-01,
            7.83434937e+02, 4.09616364e+02, 7.55781829e-01,
            9.33496765e+02, 5.03809723e+02, 7.90528715e-01,
            1.08942773e+03, 5.27438354e+02, 8.36007357e-01,
            8.59912537e+02, 7.39163330e+02, 4.22308177e-01,
            1.21606433e+03, 8.65850769e+02, 1.62072554e-01,
            1.45444690e+03, 9.45289368e+02, 2.68495172e-01,
            9.54137512e+02, 6.45028198e+02, 4.94113445e-01,
            1.20723169e+03, 5.53743896e+02, 6.33393347e-01,
            1.37486157e+03, 6.92098206e+02, 7.64649063e-02,
            6.27508911e+02, 4.09553833e+02, 9.17476058e-01,
            6.71719238e+02, 3.80201752e+02, 8.57581079e-01,
            5.59709534e+02, 4.09712341e+02, 6.67355359e-01,
            6.89112915e+02, 3.39114471e+02, 2.38952473e-01 ]
    }
}
