{
    "pose_0": {
        "type_id": "opencv-matrix",
        "rows": 1,
        "cols": 18,
        "dt": "3f",
        "data": [ 6.18543152e+02, 4.56813110e+02, 9.05529022e-01,
            6.18512085e+02, 5.21438171e+02, 7.74096966e-01,
            5.27219727e+02, 5.80424133e+02, 6.66312158e-01,
            5.06630676e+02, 7.68643372e+02, 7.15985954e-01,
            5.56799622e+02, 9.36486206e+02, 6.78842306e-01,
            7.06893188e+02, 4.56653992e+02, 7.29863048e-01,
            8.60033508e+02, 4.86132721e+02, 7.02858388e-01,
            1.04244934e+03, 5.27291443e+02, 8.33358169e-01,
            8.51088318e+02, 7.39328674e+02, 3.62772167e-01,
            1.20721887e+03, 8.65826782e+02, 3.20760250e-01,
            1.43384790e+03, 9.27634460e+02, 2.18722731e-01,
            9.12941711e+02, 6.30366333e+02, 3.97325873e-01,
            1.20721887e+03, 5.42038635e+02, 6.64319336e-01,
            1.51038330e+03, 7.65765198e+02, 5.50787508e-01,
            5.77402222e+02, 4.39118591e+02, 9.10785019e-01,
            6.21606201e+02, 4.24276031e+02, 8.95200312e-01,
            5.06839508e+02, 4.56582581e+02, 8.03387821e-01,
            6.39195313e+02, 4.03773773e+02, 9.51902866e-02 ]
    }
}
