{
    "pose_0": {
        "type_id": "opencv-matrix",
        "rows": 1,
        "cols": 18,
        "dt": "3f",
        "data": [ 6.98111755e+02, 3.92011292e+02, 8.52275252e-01,
            6.71567749e+02, 4.83123566e+02, 7.81385481e-01,
            5.68544861e+02, 5.47988464e+02, 5.57901621e-01,
            4.56585480e+02, 6.47998657e+02, 5.05000889e-01,
            3.41866882e+02, 7.89327148e+02, 7.06378043e-01,
            7.71619995e+02, 4.24268585e+02, 7.07038045e-01,
            9.30665344e+02, 5.21447876e+02, 7.05562890e-01,
            1.11601160e+03, 5.30219543e+02, 8.47335041e-01,
            8.56984253e+02, 7.65722168e+02, 4.22819734e-01,
            9.51099731e+02, 7.86387634e+02, 3.18331897e-01,
            1.36030542e+03, 8.80443237e+02, 1.57561645e-01,
            9.68819153e+02, 6.48093079e+02, 4.83703643e-01,
            1.23658765e+03, 5.44989380e+02, 7.20671594e-01,
            1.52223535e+03, 7.86385193e+02, 6.15026653e-01,
            6.56854065e+02, 3.88929901e+02, 8.73079360e-01,
            6.95203308e+02, 3.56587860e+02, 8.69381070e-01,
            5.77506592e+02, 4.12442413e+02, 7.86523044e-01, 0.0, 0.0,
            0.0 ]
    }
}
