{
    "pose_0": {
        "type_id": "opencv-matrix",
        "rows": 1,
        "cols": 18,
        "dt": "3f",
        "data": [ 6.98075867e+02, 3.92015289e+02, 8.61974895e-01,
            6.71663330e+02, 4.80228668e+02, 7.73655295e-01,
            5.74376404e+02, 5.42064331e+02, 5.46259165e-01,
            4.56733887e+02, 6.44963379e+02, 5.39954543e-01,
            3.39035461e+02, 7.89241516e+02, 6.83684349e-01,
            7.71649658e+02, 4.21346436e+02, 6.96494102e-01,
            9.30644165e+02, 5.21451721e+02, 7.32025266e-01,
            1.11588660e+03, 5.27373718e+02, 8.43372703e-01,
            8.56903076e+02, 7.65696472e+02, 4.13722456e-01,
            9.30633179e+02, 7.86388367e+02, 3.44816267e-01,
            1.20131531e+03, 8.45209045e+02, 4.29799765e-01,
            9.68803223e+02, 6.50914734e+02, 4.65014160e-01,
            1.23662695e+03, 5.42045959e+02, 7.41510630e-01,
            1.52506567e+03, 7.86256958e+02, 5.51974535e-01,
            6.56864075e+02, 3.88887268e+02, 8.92312467e-01,
            6.95170227e+02, 3.56601807e+02, 8.68481338e-01,
            5.77428711e+02, 4.12491852e+02, 7.61849761e-01, 0.0, 0.0,
            0.0 ]
    }
}
