{
    "pose_0": {
        "type_id": "opencv-matrix",
        "rows": 1,
        "cols": 18,
        "dt": "3f",
        "data": [ 6.98020752e+02, 4.06587769e+02, 8.55499804e-01,
            6.71696838e+02, 4.83271301e+02, 7.70701408e-01,
            5.74456299e+02, 5.50851868e+02, 5.71215868e-01,
            4.56651886e+02, 6.50977478e+02, 5.72949171e-01,
            3.41807465e+02, 7.89281250e+02, 7.26551771e-01,
            7.71632507e+02, 4.30106842e+02, 7.30935276e-01,
            9.27704529e+02, 5.27344788e+02, 7.93449163e-01,
            1.10125000e+03, 5.47950012e+02, 8.13099563e-01,
            8.77563293e+02, 7.65762512e+02, 4.10073072e-01,
            1.24550537e+03, 8.80546631e+02, 3.08060944e-01,
            1.48680334e+03, 9.68765503e+02, 2.60713488e-01,
            9.74688660e+02, 6.62745422e+02, 4.71217632e-01,
            1.23074829e+03, 5.53953613e+02, 6.96696222e-01,
            1.38380249e+03, 6.98090088e+02, 5.93248382e-02,
            6.59726868e+02, 3.94950806e+02, 8.15513611e-01,
            6.95218384e+02, 3.62616669e+02, 9.41393495e-01,
            5.77336060e+02, 4.18483582e+02, 7.46450484e-01, 0.0, 0.0,
            0.0 ]
    }
}
