{
    "pose_0": {
        "type_id": "opencv-matrix",
        "rows": 1,
        "cols": 18,
        "dt": "3f",
        "data": [ 6.98060425e+02, 4.03664368e+02, 8.35531116e-01,
            6.71635254e+02, 4.83339172e+02, 7.69620657e-01,
            5.74328857e+02, 5.50894714e+02, 5.68336785e-01,
            4.56673035e+02, 6.51001953e+02, 5.62105954e-01,
            3.41970398e+02, 7.89402466e+02, 7.30867445e-01,
            7.74564087e+02, 4.30111298e+02, 7.22353041e-01,
            9.30588989e+02, 5.27256714e+02, 7.72790074e-01,
            1.11307678e+03, 5.39134705e+02, 7.79081583e-01,
            8.65802917e+02, 7.74589783e+02, 3.66489589e-01,
            1.16904822e+03, 8.01087708e+02, 5.46288073e-01,
            1.40737708e+03, 9.27522278e+02, 1.04902983e-01,
            9.71726257e+02, 6.62712097e+02, 4.12906379e-01,
            1.23377319e+03, 5.50798157e+02, 7.68012404e-01,
            1.52218115e+03, 7.92214966e+02, 5.98434508e-01,
            6.59737732e+02, 3.92019135e+02, 8.35288703e-01,
            6.95195801e+02, 3.62511993e+02, 9.46184754e-01,
            5.77267822e+02, 4.15605835e+02, 7.48217165e-01, 0.0, 0.0,
            0.0 ]
    }
}
