{
    "pose_0": {
        "type_id": "opencv-matrix",
        "rows": 1,
        "cols": 18,
        "dt": "3f",
        "data": [ 4.09481140e+02, 6.00941895e+02, 7.04304099e-01,
            5.03778259e+02, 6.24444336e+02, 7.69705892e-01,
            4.74404907e+02, 7.01015503e+02, 5.52832484e-01,
            5.71398804e+02, 7.65657776e+02, 7.30309725e-01,
            6.00902832e+02, 5.86188660e+02, 8.40286195e-01,
            5.56771423e+02, 5.56813721e+02, 4.12853688e-01,
            6.92124756e+02, 4.06553650e+02, 6.80784106e-01,
            6.30304260e+02, 4.59632233e+02, 8.18367898e-01,
            8.27522278e+02, 7.12767944e+02, 2.89955348e-01,
            1.09243005e+03, 7.53992859e+02, 5.91614023e-02, 0.0, 0.0,
            0.0, 8.74663879e+02, 6.00893738e+02, 3.78388554e-01,
            1.08945386e+03, 6.36244385e+02, 9.01995227e-02, 0.0, 0.0,
            0.0, 3.86081451e+02, 6.24588745e+02, 8.04155052e-01,
            3.86011108e+02, 5.77305359e+02, 8.00904751e-01,
            4.00811432e+02, 6.86279114e+02, 6.26621723e-01,
            3.89043915e+02, 5.53662292e+02, 2.31650651e-01 ]
    }
}
