{
    "pose_0": {
        "type_id": "opencv-matrix",
        "rows": 1,
        "cols": 18,
        "dt": "3f",
        "data": [ 4.30134918e+02, 5.95052063e+02, 7.36122668e-01,
            5.47884033e+02, 6.36244690e+02, 7.15864778e-01,
            5.03736877e+02, 7.18591553e+02, 6.28455043e-01,
            5.94996521e+02, 8.18774292e+02, 6.37062132e-01,
            7.33297302e+02, 8.80495605e+02, 7.24295795e-01,
            5.95035461e+02, 5.62671936e+02, 5.78083992e-01,
            7.03886169e+02, 5.09636078e+02, 5.36637068e-01,
            7.77478394e+02, 4.09696899e+02, 8.14654410e-01,
            8.36354126e+02, 7.39309509e+02, 3.66035759e-01,
            1.06007568e+03, 7.62833923e+02, 8.77502263e-02, 0.0, 0.0,
            0.0, 8.89385254e+02, 6.24523132e+02, 3.80184770e-01,
            1.21601672e+03, 5.47941711e+02, 7.14384794e-01,
            1.37506641e+03, 6.71706787e+02, 8.14879313e-02,
            4.09488495e+02, 6.21605774e+02, 8.07118177e-01,
            4.09664276e+02, 5.68514099e+02, 7.85968661e-01,
            4.15457916e+02, 6.74516602e+02, 5.93868017e-01,
            4.12641876e+02, 5.50660950e+02, 2.71478444e-01 ]
    }
}
