{
    "pose_0": {
        "type_id": "opencv-matrix",
        "rows": 1,
        "cols": 18,
        "dt": "3f",
        "data": [ 4.12656097e+02, 6.12726318e+02, 7.00265467e-01,
            5.12631958e+02, 6.45085632e+02, 7.28391647e-01,
            4.86202850e+02, 7.15644409e+02, 5.74853480e-01,
            5.77492920e+02, 7.86336548e+02, 6.76684380e-01,
            6.30403137e+02, 5.92068970e+02, 8.09074104e-01,
            5.27327759e+02, 5.86236816e+02, 3.19369078e-01, 0.0, 0.0,
            0.0, 0.0, 0.0, 0.0, 8.30487549e+02, 7.33360962e+02,
            3.00694019e-01, 1.01297546e+03, 7.51053162e+02,
            6.74924850e-02, 1.53392883e+03, 9.51197632e+02,
            1.01046853e-01, 8.83505676e+02, 6.21486633e+02,
            3.86028200e-01, 1.21025366e+03, 5.36214783e+02,
            7.03927100e-01, 1.51630505e+03, 7.45182556e+02,
            6.44785881e-01, 3.97859802e+02, 6.42175171e+02,
            7.32032120e-01, 3.97892578e+02, 5.95036499e+02,
            7.67066777e-01, 4.12674896e+02, 7.01040955e+02,
            6.35288060e-01, 3.94966248e+02, 5.74519226e+02,
            1.52544409e-01 ]
    }
}
