{
    "pose_0": {
        "type_id": "opencv-matrix",
        "rows": 1,
        "cols": 18,
        "dt": "3f",
        "data": [ 6.98066833e+02, 4.03728363e+02, 8.45681965e-01,
            6.74524048e+02, 4.83191956e+02, 7.68764019e-01,
            5.74520081e+02, 5.47938110e+02, 5.65151930e-01,
            4.56671875e+02, 6.50961548e+02, 5.95941603e-01,
            3.39009949e+02, 7.89352661e+02, 7.18366027e-01,
            7.74589111e+02, 4.27278381e+02, 7.23781347e-01,
            9.30477783e+02, 5.27342041e+02, 7.86711872e-01,
            1.09835413e+03, 5.47937988e+02, 8.26357722e-01,
            8.77548706e+02, 7.65772461e+02, 3.94542873e-01,
            1.25429102e+03, 8.86379333e+02, 3.30468744e-01,
            1.48092859e+03, 9.62948792e+02, 2.01621801e-01,
            9.74729797e+02, 6.59822998e+02, 4.43606764e-01,
            1.23074243e+03, 5.53872620e+02, 7.21872211e-01,
            1.38674536e+03, 6.98093445e+02, 5.06347530e-02,
            6.59751099e+02, 3.92061371e+02, 8.51356149e-01,
            6.95248413e+02, 3.62513306e+02, 9.25419211e-01,
            5.77423767e+02, 4.15451080e+02, 8.15925717e-01, 0.0, 0.0,
            0.0 ]
    }
}
