{
    "pose_0": {
        "type_id": "opencv-matrix",
        "rows": 1,
        "cols": 18,
        "dt": "3f",
        "data": [ 6.95144043e+02, 3.89048462e+02, 9.17389631e-01,
            6.68682617e+02, 4.74396057e+02, 7.46308506e-01,
            5.74326172e+02, 5.33216614e+02, 5.67250490e-01,
            4.53730835e+02, 6.42168152e+02, 5.41375756e-01,
            3.38932861e+02, 7.83397888e+02, 6.87632501e-01,
            7.65659912e+02, 4.12629272e+02, 7.48035252e-01,
            9.36486267e+02, 4.77341522e+02, 7.90627480e-01,
            1.03067578e+03, 3.21373932e+02, 7.33656168e-01,
            8.51132690e+02, 7.56919189e+02, 3.97761822e-01,
            9.06970947e+02, 7.86270325e+02, 3.37905347e-01,
            1.21016797e+03, 8.51023499e+02, 4.27440673e-01,
            9.57118042e+02, 6.45101379e+02, 5.13316035e-01,
            1.23659363e+03, 5.33268311e+02, 7.95545220e-01,
            1.51627600e+03, 7.86311279e+02, 6.60072863e-01,
            6.53857361e+02, 3.86024902e+02, 8.79272640e-01,
            6.94989685e+02, 3.47841766e+02, 8.99705946e-01,
            5.74530273e+02, 4.06673523e+02, 7.37678766e-01,
            6.95240356e+02, 3.24240753e+02, 5.23510128e-02 ]
    }
}
