{
    "pose_0": {
        "type_id": "opencv-matrix",
        "rows": 1,
        "cols": 18,
        "dt": "3f",
        "data": [ 6.95191162e+02, 3.91912933e+02, 8.88241410e-01,
            6.71589844e+02, 4.80200745e+02, 7.72605419e-01,
            5.71451660e+02, 5.36221863e+02, 5.43967724e-01,
            4.50842102e+02, 6.45042175e+02, 5.33017516e-01,
            3.39013641e+02, 7.86261963e+02, 7.14033961e-01,
            7.71651245e+02, 4.21339081e+02, 7.07120895e-01,
            9.30483765e+02, 5.27315369e+02, 7.81758308e-01,
            1.10715247e+03, 5.30269409e+02, 8.33254576e-01,
            8.51110413e+02, 7.62734680e+02, 4.11458433e-01,
            9.09947876e+02, 7.92223206e+02, 4.45097923e-01,
            1.20135742e+03, 8.51138611e+02, 4.17288959e-01,
            9.65871765e+02, 6.48015808e+02, 4.78465825e-01,
            1.23660510e+03, 5.44942993e+02, 7.22995996e-01,
            1.51635071e+03, 7.86255798e+02, 5.33600330e-01,
            6.51011169e+02, 3.86178101e+02, 9.09837842e-01,
            6.94972473e+02, 3.50711182e+02, 8.87499511e-01,
            5.74483582e+02, 4.09603882e+02, 7.98781633e-01,
            6.98091064e+02, 3.21411987e+02, 5.52127101e-02 ]
    }
}
