{
    "pose_0": {
        "type_id": "opencv-matrix",
        "rows": 1,
        "cols": 18,
        "dt": "3f",
        "data": [ 6.98109070e+02, 3.91997040e+02, 8.54773164e-01,
            6.71659973e+02, 4.83097229e+02, 7.68322051e-01,
            5.71510986e+02, 5.47912231e+02, 5.61767340e-01,
            4.53767548e+02, 6.50970093e+02, 5.17822921e-01,
            3.41925934e+02, 7.89301819e+02, 7.01191306e-01,
            7.71676697e+02, 4.24303345e+02, 7.10816860e-01,
            9.33492981e+02, 5.24370483e+02, 7.26193309e-01,
            1.11607410e+03, 5.30220642e+02, 8.51771176e-01,
            8.56956787e+02, 7.68687866e+02, 4.08815533e-01,
            9.51207764e+02, 7.80457581e+02, 5.05638480e-01,
            1.26023035e+03, 8.51152649e+02, 3.16036344e-01,
            9.71708862e+02, 6.48058350e+02, 4.59773332e-01,
            1.23658704e+03, 5.44948975e+02, 6.85798109e-01,
            1.53094141e+03, 7.86412231e+02, 6.01019382e-01,
            6.59733826e+02, 3.88926575e+02, 8.66276383e-01,
            6.95221069e+02, 3.56592377e+02, 8.67668688e-01,
            5.80428955e+02, 4.12470428e+02, 8.08465004e-01, 0.0, 0.0,
            0.0 ]
    }
}
