{
    "pose_0": {
        "type_id": "opencv-matrix",
        "rows": 1,
        "cols": 18,
        "dt": "3f",
        "data": [ 4.18450928e+02, 6.15620300e+02, 6.59904122e-01,
            5.15589966e+02, 6.48025330e+02, 7.28730500e-01,
            5.03724823e+02, 7.21586548e+02, 4.71930981e-01,
            5.86229492e+02, 7.89195984e+02, 6.22932911e-01,
            6.62679626e+02, 5.83299438e+02, 7.17013776e-01,
            5.27282349e+02, 5.94971802e+02, 4.30564284e-01,
            5.89084717e+02, 5.53886780e+02, 8.56231377e-02, 0.0, 0.0,
            0.0, 8.33434021e+02, 7.39187012e+02, 3.09259772e-01,
            1.21013806e+03, 8.39313721e+02, 1.90455422e-01,
            1.45443738e+03, 9.24717407e+02, 1.59164697e-01,
            8.86421753e+02, 6.21601685e+02, 3.54263335e-01,
            1.21025183e+03, 5.45023193e+02, 4.70894963e-01,
            1.37505042e+03, 6.80446045e+02, 5.38067631e-02,
            4.03773560e+02, 6.44948669e+02, 7.89812267e-01,
            4.06548584e+02, 5.92071533e+02, 7.54257679e-01,
            4.15608765e+02, 7.00991272e+02, 6.69040084e-01,
            4.06669189e+02, 5.74491455e+02, 1.84422880e-01 ]
    }
}
