{
    "pose_0": {
        "type_id": "opencv-matrix",
        "rows": 1,
        "cols": 18,
        "dt": "3f",
        "data": [ 5.30456543e+02, 5.12675781e+02, 8.58505309e-01,
            5.80337891e+02, 5.92044800e+02, 7.31214643e-01,
            5.18477966e+02, 6.83357605e+02, 6.35281026e-01,
            6.68629272e+02, 7.98087891e+02, 5.91682315e-01,
            8.53944641e+02, 8.59841309e+02, 7.38827765e-01,
            6.47982788e+02, 5.06688416e+02, 7.14644611e-01,
            8.12790833e+02, 5.09669006e+02, 6.94328964e-01,
            9.74700073e+02, 5.24338623e+02, 8.18778872e-01,
            8.30459534e+02, 7.39205811e+02, 3.74600202e-01,
            1.20719946e+03, 8.42229187e+02, 3.29862386e-01,
            1.43681799e+03, 9.12885925e+02, 1.98060051e-01,
            8.83468689e+02, 6.12729309e+02, 4.08613056e-01,
            9.98260559e+02, 6.18567627e+02, 7.97335282e-02, 0.0, 0.0,
            0.0, 4.95010010e+02, 5.06818573e+02, 9.28609550e-01,
            5.33180481e+02, 4.80313446e+02, 9.99966741e-01,
            4.39135559e+02, 5.42016113e+02, 8.54579449e-01,
            5.53791748e+02, 4.65506927e+02, 3.13454032e-01 ]
    }
}
