{
    "pose_0": {
        "type_id": "opencv-matrix",
        "rows": 1,
        "cols": 18,
        "dt": "3f",
        "data": [ 6.98096313e+02, 3.94858307e+02, 8.41318846e-01,
            6.71622314e+02, 4.80205048e+02, 7.68071175e-01,
            5.71525879e+02, 5.39152100e+02, 5.43543458e-01,
            4.56649567e+02, 6.45021912e+02, 5.52037895e-01,
            3.39033691e+02, 7.89357056e+02, 6.65530562e-01,
            7.71637451e+02, 4.21369507e+02, 6.96508884e-01,
            9.30622131e+02, 5.21425049e+02, 7.19274879e-01,
            1.11595483e+03, 5.27453247e+02, 8.47478032e-01,
            8.54050720e+02, 7.62847107e+02, 4.10140336e-01,
            9.30590332e+02, 7.83400391e+02, 4.43533719e-01,
            1.21014880e+03, 8.51086914e+02, 4.37697113e-01,
            9.68783203e+02, 6.48086487e+02, 4.81386274e-01,
            1.23667285e+03, 5.42031128e+02, 7.43127346e-01,
            1.52511719e+03, 7.86311096e+02, 5.69676638e-01,
            6.56838379e+02, 3.88942047e+02, 8.83255303e-01,
            6.95193604e+02, 3.56634979e+02, 8.78241777e-01,
            5.77421570e+02, 4.09705780e+02, 7.93732524e-01, 0.0, 0.0,
            0.0 ]
    }
}
