{
    "pose_0": {
        "type_id": "opencv-matrix",
        "rows": 1,
        "cols": 18,
        "dt": "3f",
        "data": [ 6.65563354e+02, 4.21389557e+02, 8.07249248e-01,
            6.53887817e+02, 4.77313934e+02, 7.87512660e-01,
            5.36231689e+02, 5.33218140e+02, 5.77572227e-01,
            4.12538910e+02, 6.95106812e+02, 6.34922445e-01,
            2.77148926e+02, 8.56953125e+02, 6.86485231e-01,
            7.65851379e+02, 4.15561432e+02, 7.21900582e-01,
            9.27563843e+02, 5.03821106e+02, 7.68207431e-01,
            1.07776245e+03, 5.27357239e+02, 8.24998617e-01,
            8.54038696e+02, 7.42209045e+02, 4.06100631e-01,
            1.21607532e+03, 8.59974609e+02, 2.94192016e-01,
            1.45741711e+03, 9.45303894e+02, 2.19148159e-01,
            9.48246460e+02, 6.45107056e+02, 4.78200942e-01,
            1.20715735e+03, 5.50873291e+02, 6.67724252e-01,
            1.50152893e+03, 7.71699219e+02, 5.90772510e-01,
            6.21575317e+02, 4.12430328e+02, 9.45836008e-01,
            6.68663574e+02, 3.85931366e+02, 9.58200514e-01,
            5.50933228e+02, 4.12545929e+02, 6.73984647e-01,
            6.77490845e+02, 3.56567108e+02, 1.36348531e-01 ]
    }
}
