{
    "pose_0": {
        "type_id": "opencv-matrix",
        "rows": 1,
        "cols": 18,
        "dt": "3f",
        "data": [ 6.68662903e+02, 4.15498474e+02, 8.76047254e-01,
            6.62689270e+02, 4.68520905e+02, 7.52215505e-01,
            5.45008118e+02, 5.27412964e+02, 5.93913078e-01,
            4.15449768e+02, 6.77469299e+02, 5.64073980e-01,
            2.85979095e+02, 8.33343689e+02, 6.47794843e-01,
            7.80452698e+02, 4.12516327e+02, 7.40114152e-01,
            9.30603577e+02, 5.03838043e+02, 7.90933728e-01,
            1.08071448e+03, 5.27429932e+02, 8.27577353e-01,
            8.59974487e+02, 7.36302551e+02, 4.21638072e-01,
            1.21902014e+03, 8.68777588e+02, 3.19421887e-01,
            1.45156775e+03, 9.48249695e+02, 1.95272982e-01,
            9.51203613e+02, 6.44996765e+02, 4.89507318e-01,
            1.21007788e+03, 5.53755310e+02, 6.69230878e-01,
            1.50152087e+03, 7.80431152e+02, 5.93031585e-01,
            6.24585083e+02, 4.09638062e+02, 9.21503484e-01,
            6.71551392e+02, 3.83025787e+02, 8.71568918e-01,
            5.53770264e+02, 4.12558929e+02, 6.40948534e-01,
            6.80405212e+02, 3.41877441e+02, 1.24094464e-01 ]
    }
}
