{
    "pose_0": {
        "type_id": "opencv-matrix",
        "rows": 1,
        "cols": 18,
        "dt": "3f",
        "data": [ 5.74317078e+02, 4.86115723e+02, 8.70607674e-01,
            5.94991516e+02, 5.68524475e+02, 7.64274716e-01,
            5.21393433e+02, 6.47956299e+02, 6.58723176e-01,
            6.77488708e+02, 7.86425537e+02, 6.32154286e-01,
            8.62882629e+02, 8.59820129e+02, 7.12244272e-01,
            6.68601196e+02, 4.92016083e+02, 6.66028857e-01,
            8.33351868e+02, 5.06726746e+02, 6.69671774e-01,
            9.98151733e+02, 5.27281860e+02, 8.29849839e-01,
            8.39324646e+02, 7.33401306e+02, 3.41917902e-01,
            1.06006482e+03, 7.77537964e+02, 8.01854432e-02,
            1.53684399e+03, 9.30630859e+02, 1.62578091e-01,
            8.92345215e+02, 6.21448303e+02, 3.87660921e-01,
            1.00124554e+03, 6.21513367e+02, 7.62873739e-02, 0.0, 0.0,
            0.0, 5.30409973e+02, 4.80120514e+02, 9.55234945e-01,
            5.74515564e+02, 4.56739929e+02, 9.92870390e-01,
            4.65508606e+02, 4.97923920e+02, 8.33557069e-01, 0.0, 0.0,
            0.0 ]
    }
}
