{
    "pose_0": {
        "type_id": "opencv-matrix",
        "rows": 1,
        "cols": 18,
        "dt": "3f",
        "data": [ 6.95134399e+02, 3.89154205e+02, 8.99635792e-01,
            6.71494995e+02, 4.80188690e+02, 7.63885140e-01,
            5.68583862e+02, 5.39154663e+02, 5.35628259e-01,
            4.47864899e+02, 6.45073975e+02, 5.22681057e-01,
            3.38932465e+02, 7.86281128e+02, 7.04040706e-01,
            7.68669861e+02, 4.15577515e+02, 7.17406988e-01,
            9.30514526e+02, 5.24313049e+02, 6.91974461e-01,
            1.11608679e+03, 5.03642365e+02, 8.33262205e-01,
            8.53993713e+02, 7.56926941e+02, 3.98445845e-01,
            9.06960083e+02, 7.92218933e+02, 4.45693582e-01,
            1.21016138e+03, 8.54027527e+02, 4.34394628e-01,
            9.65909912e+02, 6.48046509e+02, 5.16705811e-01,
            1.23377319e+03, 5.33292847e+02, 7.47797668e-01,
            1.51621716e+03, 7.86223999e+02, 5.30627847e-01,
            6.51017273e+02, 3.86124207e+02, 9.10360515e-01,
            6.92286743e+02, 3.50757294e+02, 8.86853278e-01,
            5.74411438e+02, 4.06704010e+02, 7.84494698e-01,
            6.98070740e+02, 3.24207947e+02, 5.50148003e-02 ]
    }
}
