{
    "pose_0": {
        "type_id": "opencv-matrix",
        "rows": 1,
        "cols": 18,
        "dt": "3f",
        "data": [ 6.98139648e+02, 3.92021301e+02, 8.50065947e-01,
            6.74495422e+02, 4.80361237e+02, 7.60385871e-01,
            5.74415283e+02, 5.47866821e+02, 5.63916445e-01,
            4.56630798e+02, 6.48138855e+02, 5.76248825e-01,
            3.41957123e+02, 7.89297485e+02, 7.29567170e-01,
            7.74571533e+02, 4.24294037e+02, 7.07999170e-01,
            9.30678650e+02, 5.24398376e+02, 7.36275315e-01,
            1.11605994e+03, 5.30292664e+02, 8.38384092e-01,
            8.57045959e+02, 7.65786926e+02, 4.04047608e-01,
            9.57082703e+02, 7.77567932e+02, 5.53788364e-01,
            1.28081665e+03, 8.56968262e+02, 3.31319511e-01,
            9.71745117e+02, 6.48063416e+02, 4.38715696e-01,
            9.98269531e+02, 6.45054688e+02, 5.29758148e-02, 0.0, 0.0,
            0.0, 6.59785645e+02, 3.88933746e+02, 8.70609641e-01,
            6.95248596e+02, 3.56598389e+02, 8.67773533e-01,
            5.83278992e+02, 4.12447113e+02, 8.27648044e-01, 0.0, 0.0,
            0.0 ]
    }
}
