{
    "pose_0": {
        "type_id": "opencv-matrix",
        "rows": 1,
        "cols": 18,
        "dt": "3f",
        "data": [ 5.53799744e+02, 5.03739014e+02, 9.34118032e-01,
            5.89103271e+02, 5.80340942e+02, 7.53588259e-01,
            5.18529602e+02, 6.71464905e+02, 6.52562380e-01,
            6.80378418e+02, 7.92206238e+02, 5.91404736e-01,
            8.59973877e+02, 8.53954285e+02, 7.02790260e-01,
            6.56838928e+02, 5.03741302e+02, 6.89909816e-01,
            8.18749695e+02, 5.06794586e+02, 6.65117443e-01,
            9.92311951e+02, 5.27174133e+02, 7.97015488e-01,
            8.36348633e+02, 7.33346680e+02, 3.48855346e-01,
            1.20426538e+03, 8.45222473e+02, 2.92816162e-01,
            1.43095972e+03, 9.12863953e+02, 1.82037115e-01,
            8.86416809e+02, 6.09740479e+02, 3.76283348e-01,
            1.20714368e+03, 5.30367493e+02, 6.96236432e-01,
            1.50445984e+03, 7.59841370e+02, 4.04758036e-01,
            5.12685059e+02, 4.92067078e+02, 8.65066409e-01,
            5.53923645e+02, 4.65601013e+02, 9.22142088e-01,
            4.56779694e+02, 5.24414063e+02, 8.86836946e-01,
            5.74349487e+02, 4.56709839e+02, 1.54095232e-01 ]
    }
}
