{
    "pose_0": {
        "type_id": "opencv-matrix",
        "rows": 1,
        "cols": 18,
        "dt": "3f",
        "data": [ 4.65539398e+02, 5.50902893e+02, 8.97834420e-01,
            5.65609619e+02, 6.03933289e+02, 7.23973274e-01,
            4.94967865e+02, 6.92106567e+02, 6.86919153e-01,
            5.98083740e+02, 8.09930786e+02, 6.94196403e-01,
            7.65757751e+02, 8.83409424e+02, 7.69659996e-01,
            6.24571106e+02, 5.30218689e+02, 6.82545662e-01,
            7.65758484e+02, 5.24351929e+02, 6.41028881e-01,
            9.27567444e+02, 5.18545654e+02, 7.57176757e-01,
            8.27568542e+02, 7.42261475e+02, 3.61174166e-01,
            1.19842310e+03, 8.42315735e+02, 2.68856406e-01,
            1.44856262e+03, 9.27669922e+02, 2.17066243e-01,
            8.77555847e+02, 6.21563477e+02, 3.51933420e-01,
            9.74753784e+02, 6.24518799e+02, 5.09270653e-02, 0.0, 0.0,
            0.0, 4.32988068e+02, 5.56770142e+02, 9.45807159e-01,
            4.59568481e+02, 5.12624268e+02, 9.06671166e-01,
            4.12634399e+02, 6.03856384e+02, 7.89812267e-01,
            4.80285645e+02, 4.97951599e+02, 3.44233513e-01 ]
    }
}
