{
    "pose_0": {
        "type_id": "opencv-matrix",
        "rows": 1,
        "cols": 18,
        "dt": "3f",
        "data": [ 6.98025757e+02, 4.03648438e+02, 8.40035915e-01,
            6.71685486e+02, 4.86090912e+02, 7.65170336e-01,
            5.74363037e+02, 5.50926392e+02, 5.74383140e-01,
            4.50828613e+02, 6.59781494e+02, 5.30793190e-01,
            3.41976624e+02, 7.92229858e+02, 7.25772798e-01,
            7.74580261e+02, 4.30099304e+02, 7.20334589e-01,
            9.33465454e+02, 5.27292114e+02, 7.65710235e-01,
            1.11600940e+03, 5.36192810e+02, 8.05816829e-01,
            8.62882385e+02, 7.77545410e+02, 3.68710160e-01,
            1.14539038e+03, 7.86416992e+02, 6.28357768e-01,
            1.38379004e+03, 9.04065430e+02, 2.09969848e-01,
            9.71717468e+02, 6.62765381e+02, 4.42900121e-01,
            1.23659314e+03, 5.47917725e+02, 7.27408350e-01,
            1.52508826e+03, 7.92252930e+02, 5.74391484e-01,
            6.56828552e+02, 3.91949982e+02, 8.48483503e-01,
            6.95126343e+02, 3.62471619e+02, 9.57945228e-01,
            5.77292908e+02, 4.15524078e+02, 7.74935901e-01, 0.0, 0.0,
            0.0 ]
    }
}
