{
    "pose_0": {
        "type_id": "opencv-matrix",
        "rows": 1,
        "cols": 18,
        "dt": "3f",
        "data": [ 6.95175232e+02, 3.88937958e+02, 9.16076958e-01,
            6.68621704e+02, 4.77308594e+02, 7.50757277e-01,
            5.71462036e+02, 5.36193359e+02, 5.46102464e-01,
            4.47831512e+02, 6.45122681e+02, 5.04252613e-01,
            3.38862305e+02, 7.86258728e+02, 6.69546723e-01,
            7.62886292e+02, 4.15457001e+02, 7.25098848e-01,
            9.48198608e+02, 4.59622192e+02, 8.16134632e-01,
            9.98251282e+02, 3.24248962e+02, 6.40321672e-01,
            8.54049316e+02, 7.59798828e+02, 3.97049963e-01,
            9.04126160e+02, 7.89205139e+02, 4.03676957e-01,
            1.21021216e+03, 8.51123352e+02, 3.66083324e-01,
            9.65886902e+02, 6.47964722e+02, 5.19169629e-01,
            1.23657385e+03, 5.36156799e+02, 7.79438376e-01,
            1.51634583e+03, 7.83418091e+02, 6.52765691e-01,
            6.53881165e+02, 3.85958923e+02, 8.65492344e-01,
            6.95008057e+02, 3.44946655e+02, 9.17317271e-01,
            5.74438110e+02, 4.06634766e+02, 7.36701488e-01, 0.0, 0.0,
            0.0 ]
    }
}
