{
    "pose_0": {
        "type_id": "opencv-matrix",
        "rows": 1,
        "cols": 18,
        "dt": "3f",
        "data": [ 6.98120972e+02, 3.97805939e+02, 8.29966486e-01,
            6.71687744e+02, 4.83178375e+02, 7.66749978e-01,
            5.71492126e+02, 5.47964966e+02, 5.48939228e-01,
            4.56761566e+02, 6.48006226e+02, 5.93478620e-01,
            3.44838593e+02, 7.89185120e+02, 7.31388271e-01,
            7.77475708e+02, 4.27237488e+02, 7.10394382e-01,
            9.33510620e+02, 5.27242432e+02, 7.45650172e-01,
            1.11598926e+03, 5.33262146e+02, 8.23799849e-01,
            8.57016235e+02, 7.71671448e+02, 3.88692677e-01,
            9.98325806e+02, 7.65758301e+02, 6.61949098e-01,
            1.22190881e+03, 8.48128174e+02, 2.22368106e-01,
            9.65882874e+02, 6.53932800e+02, 4.29934680e-01,
            1.23665137e+03, 5.47986267e+02, 7.12833166e-01,
            1.52809351e+03, 7.89314026e+02, 6.10856354e-01,
            6.56875305e+02, 3.89081909e+02, 8.64144266e-01,
            6.95239014e+02, 3.59591187e+02, 8.98461521e-01,
            5.77343750e+02, 4.12574524e+02, 7.89039850e-01, 0.0, 0.0,
            0.0 ]
    }
}
