{
    "pose_0": {
        "type_id": "opencv-matrix",
        "rows": 1,
        "cols": 18,
        "dt": "3f",
        "data": [ 6.95096863e+02, 3.89035339e+02, 9.15545821e-01,
            6.68723083e+02, 4.74404724e+02, 7.45975554e-01,
            5.74398560e+02, 5.33231567e+02, 5.64650416e-01,
            4.53798065e+02, 6.42081970e+02, 5.72705567e-01,
            3.38959503e+02, 7.83392395e+02, 6.92243397e-01,
            7.62892639e+02, 4.12614014e+02, 7.40529895e-01,
            9.36482361e+02, 4.80300354e+02, 7.74890423e-01,
            1.04543774e+03, 3.42067871e+02, 8.25556755e-01,
            8.53995544e+02, 7.59826782e+02, 4.11905348e-01,
            9.07058960e+02, 7.86311035e+02, 3.35667938e-01,
            1.21020789e+03, 8.48148499e+02, 4.34481174e-01,
            9.57122192e+02, 6.45118103e+02, 5.19748747e-01,
            1.23658411e+03, 5.33206482e+02, 8.02558243e-01,
            1.51622473e+03, 7.86288757e+02, 6.57178462e-01,
            6.51028015e+02, 3.85980499e+02, 8.87489438e-01,
            6.94978638e+02, 3.47834900e+02, 8.94410193e-01,
            5.74449768e+02, 4.06613953e+02, 7.55890727e-01, 0.0, 0.0,
            0.0 ]
    }
}
