{
    "pose_0": {
        "type_id": "opencv-matrix",
        "rows": 1,
        "cols": 18,
        "dt": "3f",
        "data": [ 4.15521912e+02, 6.06806580e+02, 7.17714965e-01,
            5.30281738e+02, 6.42162537e+02, 7.54379332e-01,
            4.95009094e+02, 7.15766846e+02, 6.18618131e-01,
            5.89149658e+02, 8.12776489e+02, 6.58646822e-01,
            7.39157898e+02, 8.09946167e+02, 8.20427775e-01,
            5.74441772e+02, 5.77362427e+02, 4.01657224e-01,
            7.42329651e+02, 4.50821960e+02, 4.46519107e-01,
            7.03940430e+02, 4.83138000e+02, 6.71051204e-01,
            8.39317200e+02, 7.27450928e+02, 3.22814703e-01,
            1.20718945e+03, 8.39362122e+02, 2.07666799e-01,
            1.44270154e+03, 9.30579102e+02, 1.99071318e-01,
            8.92332581e+02, 6.24506714e+02, 3.74002755e-01,
            1.21322009e+03, 5.44992981e+02, 7.04245687e-01,
            1.37792700e+03, 6.71678345e+02, 7.16362670e-02,
            4.00770813e+02, 6.30400940e+02, 7.34921932e-01,
            4.03642090e+02, 5.83276794e+02, 7.15111792e-01,
            4.12626495e+02, 6.92132751e+02, 6.40284061e-01,
            3.97868561e+02, 5.68526245e+02, 1.48743168e-01 ]
    }
}
