{
    "pose_0": {
        "type_id": "opencv-matrix",
        "rows": 1,
        "cols": 18,
        "dt": "3f",
        "data": [ 6.98079224e+02, 3.92067230e+02, 8.55608582e-01,
            6.74556152e+02, 4.80350189e+02, 7.59147763e-01,
            5.74467163e+02, 5.45004089e+02, 5.58465302e-01,
            4.56646362e+02, 6.50939697e+02, 5.55440664e-01,
            3.42013855e+02, 7.89232361e+02, 7.44839430e-01,
            7.77498230e+02, 4.24349182e+02, 7.08519995e-01,
            9.33463928e+02, 5.27246521e+02, 7.56941199e-01,
            1.11608875e+03, 5.30364929e+02, 8.33804190e-01,
            8.59876343e+02, 7.71614014e+02, 3.98925662e-01,
            9.71788574e+02, 7.71682007e+02, 5.87588251e-01,
            1.28078210e+03, 8.56844421e+02, 4.83061612e-01,
            9.71768005e+02, 6.50969666e+02, 4.37216431e-01,
            9.98346130e+02, 6.45083923e+02, 5.50191626e-02, 0.0, 0.0,
            0.0, 6.59735046e+02, 3.88953369e+02, 8.64070535e-01,
            6.95239563e+02, 3.59447754e+02, 8.72860193e-01,
            5.83244202e+02, 4.12471985e+02, 8.17597806e-01, 0.0, 0.0,
            0.0 ]
    }
}
