{
    "pose_0": {
        "type_id": "opencv-matrix",
        "rows": 1,
        "cols": 18,
        "dt": "3f",
        "data": [ 4.09596863e+02, 6.03848083e+02, 6.83928311e-01,
            5.06691620e+02, 6.30320862e+02, 7.61495650e-01,
            4.80245239e+02, 7.09860718e+02, 5.43347955e-01,
            5.71411194e+02, 7.65857361e+02, 7.14396238e-01,
            6.21487305e+02, 5.83252625e+02, 8.66913140e-01,
            5.27344299e+02, 5.74315308e+02, 4.55921292e-01, 0.0, 0.0,
            0.0, 0.0, 0.0, 0.0, 8.36381714e+02, 7.12775085e+02,
            3.45786661e-01, 1.05418457e+03, 7.48109131e+02,
            8.44925866e-02, 0.0, 0.0, 0.0, 8.86433838e+02,
            6.00960449e+02, 3.71100068e-01, 1.20422559e+03,
            5.27318298e+02, 6.91788256e-01, 1.49867749e+03,
            7.36250244e+02, 6.05340481e-01, 3.86145905e+02,
            6.27498535e+02, 7.88390517e-01, 3.86190979e+02,
            5.77416565e+02, 7.96659172e-01, 4.06634399e+02,
            6.92074280e+02, 6.79940045e-01, 3.88950226e+02,
            5.53936157e+02, 1.79755047e-01 ]
    }
}
