{
    "pose_0": {
        "type_id": "opencv-matrix",
        "rows": 1,
        "cols": 18,
        "dt": "3f",
        "data": [ 6.95273315e+02, 4.06558533e+02, 8.70489955e-01,
            6.71476318e+02, 4.80121704e+02, 7.82161057e-01,
            5.56782959e+02, 5.33315369e+02, 5.55520415e-01,
            4.36037537e+02, 6.48046448e+02, 6.06175959e-01,
            3.38966766e+02, 7.89206421e+02, 7.63649762e-01,
            7.83397522e+02, 4.24282318e+02, 7.29928970e-01,
            9.30614319e+02, 5.30174866e+02, 7.99165428e-01,
            1.09535779e+03, 5.50709839e+02, 8.62387896e-01,
            8.62867188e+02, 7.59887695e+02, 3.90790790e-01,
            1.25134473e+03, 8.83434937e+02, 2.98000097e-01,
            1.48977930e+03, 9.60043884e+02, 2.86551178e-01,
            9.60038757e+02, 6.53941406e+02, 4.32546079e-01,
            1.22487122e+03, 5.59766724e+02, 6.37795329e-01,
            1.51932983e+03, 7.89366211e+02, 5.92815399e-01,
            6.56788574e+02, 3.91899872e+02, 8.52644265e-01,
            6.98049072e+02, 3.62490387e+02, 9.16185141e-01,
            5.77282166e+02, 4.06703247e+02, 7.04760730e-01, 0.0, 0.0,
            0.0 ]
    }
}
