{
    "pose_0": {
        "type_id": "opencv-matrix",
        "rows": 1,
        "cols": 18,
        "dt": "3f",
        "data": [ 4.80347809e+02, 5.44972595e+02, 8.85321259e-01,
            5.71413757e+02, 6.00858398e+02, 7.59723783e-01,
            5.03674133e+02, 6.83350342e+02, 6.81781411e-01,
            6.06819336e+02, 8.09814819e+02, 6.58361316e-01,
            7.86405518e+02, 8.80529724e+02, 7.99082696e-01,
            6.30327515e+02, 5.27248596e+02, 6.59604192e-01,
            7.80428223e+02, 5.24322144e+02, 6.26630485e-01,
            9.33555725e+02, 5.27182312e+02, 7.66521335e-01,
            8.27575745e+02, 7.45108765e+02, 3.53440195e-01,
            1.18955322e+03, 8.33438721e+02, 2.54969180e-01,
            1.45740503e+03, 9.27667297e+02, 2.18118757e-01,
            8.74657593e+02, 6.18555542e+02, 3.46882224e-01,
            9.80625977e+02, 6.24436646e+02, 5.36718778e-02, 0.0, 0.0,
            0.0, 4.39067078e+02, 5.50711243e+02, 9.35036957e-01,
            4.77354706e+02, 5.06683319e+02, 9.30613160e-01,
            4.15534973e+02, 5.92138184e+02, 8.09337497e-01,
            5.00859131e+02, 4.89121246e+02, 5.17020643e-01 ]
    }
}
