{
    "pose_0": {
        "type_id": "opencv-matrix",
        "rows": 1,
        "cols": 18,
        "dt": "3f",
        "data": [ 6.95161011e+02, 3.88978210e+02, 9.31655645e-01,
            6.71472534e+02, 4.77275909e+02, 7.62588024e-01,
            5.74330383e+02, 5.36168213e+02, 5.50609946e-01,
            4.47836090e+02, 6.45084778e+02, 5.47960639e-01,
            3.38858521e+02, 7.86255249e+02, 6.57398701e-01,
            7.65753113e+02, 4.12673370e+02, 7.38661230e-01,
            9.51144226e+02, 4.59752289e+02, 8.40806901e-01,
            9.98327698e+02, 3.21399658e+02, 7.20506370e-01,
            8.53997986e+02, 7.56904175e+02, 4.13915455e-01,
            9.12922241e+02, 7.92219971e+02, 4.21348691e-01,
            1.19840503e+03, 8.51108215e+02, 4.81477410e-01,
            9.65910278e+02, 6.47964355e+02, 5.39894819e-01,
            1.23661157e+03, 5.36144897e+02, 7.81873584e-01,
            1.51915442e+03, 7.83447632e+02, 6.50071502e-01,
            6.51080505e+02, 3.85955109e+02, 8.68690670e-01,
            6.95049316e+02, 3.44970581e+02, 9.19457197e-01,
            5.74502258e+02, 4.06630493e+02, 7.36812174e-01,
            6.98130432e+02, 3.24199768e+02, 6.56348169e-02 ]
    }
}
