{
    "pose_0": {
        "type_id": "opencv-matrix",
        "rows": 1,
        "cols": 18,
        "dt": "3f",
        "data": [ 6.95154907e+02, 3.88957916e+02, 9.11074698e-01,
            6.68608643e+02, 4.77282715e+02, 7.51105130e-01,
            5.71417114e+02, 5.36186951e+02, 5.46834290e-01,
            4.41984314e+02, 6.48036926e+02, 5.15260935e-01,
            3.38915466e+02, 7.83374939e+02, 6.77993357e-01,
            7.62863708e+02, 4.12673767e+02, 7.27347314e-01,
            9.48128418e+02, 4.59561920e+02, 8.01310599e-01,
            9.98207642e+02, 3.18479889e+02, 6.84689999e-01,
            8.51102417e+02, 7.59808289e+02, 3.80425513e-01,
            9.04133423e+02, 7.86305481e+02, 4.44728702e-01,
            1.21019995e+03, 8.51099854e+02, 4.21232998e-01,
            9.62912292e+02, 6.45136536e+02, 5.15264690e-01,
            1.23655322e+03, 5.33277405e+02, 7.89175749e-01,
            1.39266687e+03, 6.86284058e+02, 5.08597754e-02,
            6.51049072e+02, 3.85960907e+02, 8.75377417e-01,
            6.95018433e+02, 3.44919586e+02, 9.10663486e-01,
            5.74464600e+02, 4.06630798e+02, 7.32684314e-01, 0.0, 0.0,
            0.0 ]
    }
}
