{
    "pose_0": {
        "type_id": "opencv-matrix",
        "rows": 1,
        "cols": 18,
        "dt": "3f",
        "data": [ 6.47991211e+02, 4.33185089e+02, 9.38628078e-01,
            6.42180603e+02, 4.86193085e+02, 8.05731118e-01,
            5.30341492e+02, 5.53814819e+02, 6.19560957e-01,
            4.33248474e+02, 7.12724976e+02, 6.24011934e-01,
            3.30189972e+02, 8.92323486e+02, 6.65700555e-01,
            7.42329529e+02, 4.30132751e+02, 7.22250164e-01,
            9.06938782e+02, 5.00760559e+02, 7.23761380e-01,
            1.06899426e+03, 5.24406738e+02, 8.22325289e-01,
            8.56991577e+02, 7.42169495e+02, 3.75657648e-01,
            1.21606482e+03, 8.71690002e+02, 2.69673079e-01,
            1.45741003e+03, 9.42345947e+02, 2.52568454e-01,
            9.39380859e+02, 6.42098877e+02, 4.54224497e-01,
            1.20713586e+03, 5.50784851e+02, 6.26977205e-01,
            1.51032959e+03, 7.68747559e+02, 6.32844448e-01,
            6.09775452e+02, 4.18429688e+02, 8.49520922e-01,
            6.53914917e+02, 3.92072052e+02, 8.85198593e-01,
            5.39100586e+02, 4.21385590e+02, 6.60759926e-01,
            6.71599915e+02, 3.71411407e+02, 6.05521910e-02 ]
    }
}
