{
    "pose_0": {
        "type_id": "opencv-matrix",
        "rows": 1,
        "cols": 18,
        "dt": "3f",
        "data": [ 4.15480316e+02, 6.18508240e+02, 6.87361062e-01,
            5.12617554e+02, 6.45142639e+02, 7.39778042e-01,
            4.89119598e+02, 7.15726990e+02, 5.59633672e-01,
            5.77406677e+02, 7.83348633e+02, 6.49622917e-01,
            6.24385559e+02, 5.95008850e+02, 8.02157044e-01,
            5.36207581e+02, 5.86172607e+02, 3.74810129e-01,
            7.15763367e+02, 4.36151062e+02, 6.69755340e-01,
            6.56830750e+02, 5.09656067e+02, 3.73493791e-01,
            8.36377930e+02, 7.33388062e+02, 2.93667436e-01,
            1.20720349e+03, 8.36471069e+02, 2.62052029e-01,
            1.44854126e+03, 9.27545044e+02, 2.41110325e-01,
            8.89384460e+02, 6.21451904e+02, 3.79325151e-01,
            1.21017407e+03, 5.36153442e+02, 6.66583240e-01,
            1.37489331e+03, 6.68619446e+02, 1.23899221e-01,
            3.97838104e+02, 6.45062744e+02, 7.41786420e-01,
            3.94956421e+02, 5.95075012e+02, 7.27137983e-01,
            4.15519348e+02, 7.03946167e+02, 6.29282355e-01,
            3.94862885e+02, 5.74436768e+02, 1.49497539e-01 ]
    }
}
