{
    "pose_0": {
        "type_id": "opencv-matrix",
        "rows": 1,
        "cols": 18,
        "dt": "3f",
        "data": [ 6.74558411e+02, 4.09559235e+02, 8.98394346e-01,
            6.71473999e+02, 4.59782593e+02, 7.95059025e-01,
            5.50787659e+02, 5.18550720e+02, 6.05420530e-01,
            4.36096649e+02, 6.53854431e+02, 6.56549215e-01,
            3.41962646e+02, 8.06843994e+02, 7.19446003e-01,
            7.89263367e+02, 4.09716797e+02, 7.46613741e-01,
            9.36452515e+02, 5.15538269e+02, 6.95622206e-01,
            1.08952771e+03, 5.42005737e+02, 7.99226642e-01,
            8.62874756e+02, 7.42247131e+02, 4.14381951e-01,
            1.23374622e+03, 8.71744812e+02, 3.68545383e-01,
            1.46918762e+03, 9.54190796e+02, 2.36588940e-01,
            9.62939453e+02, 6.50924133e+02, 4.59451795e-01,
            1.21316772e+03, 5.53894653e+02, 6.46181822e-01,
            1.51035693e+03, 7.86366089e+02, 6.50668204e-01,
            6.39213806e+02, 3.94854248e+02, 8.56812656e-01,
            6.86289307e+02, 3.65417816e+02, 8.74371648e-01,
            5.71467163e+02, 3.94894806e+02, 7.30734468e-01,
            6.98020935e+02, 3.36065338e+02, 2.44607180e-01 ]
    }
}
