{
    "pose_0": {
        "type_id": "opencv-matrix",
        "rows": 1,
        "cols": 18,
        "dt": "3f",
        "data": [ 6.95132263e+02, 4.06614502e+02, 9.05403197e-01,
            6.71570007e+02, 4.74404144e+02, 7.69656777e-01,
            5.56802612e+02, 5.30212769e+02, 5.79227269e-01,
            4.33083008e+02, 6.48004639e+02, 5.98534167e-01,
            3.38944427e+02, 7.89283203e+02, 7.70946860e-01,
            7.86272217e+02, 4.21442444e+02, 7.34261334e-01,
            9.30682068e+02, 5.30174744e+02, 7.99317777e-01,
            1.09238257e+03, 5.47992371e+02, 8.76424789e-01,
            8.59938782e+02, 7.62779114e+02, 3.83762211e-01,
            1.24550232e+03, 8.80474854e+02, 2.68298358e-01,
            1.48093201e+03, 9.57101196e+02, 2.77647585e-01,
            9.57108459e+02, 6.59749695e+02, 4.13136601e-01,
            1.21905432e+03, 5.59697510e+02, 6.25037253e-01,
            1.51628931e+03, 7.89302246e+02, 5.97850382e-01,
            6.51070862e+02, 3.89136536e+02, 8.83639216e-01,
            6.95265564e+02, 3.62546448e+02, 9.15915787e-01,
            5.77378357e+02, 4.03732971e+02, 6.81425214e-01,
            7.12766235e+02, 3.36061462e+02, 6.90686107e-02 ]
    }
}
