{
    "pose_0": {
        "type_id": "opencv-matrix",
        "rows": 1,
        "cols": 18,
        "dt": "3f",
        "data": [ 4.42045380e+02, 5.77350220e+02, 8.26605797e-01,
            5.50885193e+02, 6.24549561e+02, 7.83012450e-01,
            5.00834045e+02, 7.12783630e+02, 6.78963423e-01,
            5.95014893e+02, 8.15753845e+02, 6.69652104e-01,
            7.39236450e+02, 8.80613281e+02, 7.35709190e-01,
            6.03810608e+02, 5.50946350e+02, 6.51534915e-01,
            7.18553040e+02, 5.00813812e+02, 6.08765125e-01,
            8.24615234e+02, 4.36166290e+02, 8.68506968e-01,
            8.27576477e+02, 7.42170349e+02, 3.72609526e-01,
            1.04239856e+03, 7.62805969e+02, 9.36716348e-02, 0.0, 0.0,
            0.0, 8.83445496e+02, 6.24522705e+02, 3.87112200e-01,
            1.21323047e+03, 5.47881348e+02, 7.10676253e-01,
            1.51914111e+03, 7.59865479e+02, 5.62022686e-01,
            4.12601196e+02, 5.98117432e+02, 9.42798018e-01,
            4.33042023e+02, 5.47929138e+02, 7.79875398e-01,
            4.12653351e+02, 6.48141907e+02, 7.66642213e-01,
            4.33268890e+02, 5.27204651e+02, 2.85001189e-01 ]
    }
}
