{
    "pose_0": {
        "type_id": "opencv-matrix",
        "rows": 1,
        "cols": 18,
        "dt": "3f",
        "data": [ 6.95254578e+02, 3.91946106e+02, 8.75534058e-01,
            6.71550598e+02, 4.80124207e+02, 7.71086395e-01,
            5.71523743e+02, 5.36168030e+02, 5.49167454e-01,
            4.53756012e+02, 6.45070984e+02, 5.15279531e-01,
            3.39007690e+02, 7.86403381e+02, 6.79671228e-01,
            7.68642700e+02, 4.18415710e+02, 7.17060626e-01,
            9.30590271e+02, 5.18483826e+02, 7.18138874e-01,
            1.11307959e+03, 5.27319519e+02, 8.54752123e-01,
            8.51050903e+02, 7.59851318e+02, 4.14151073e-01,
            9.07022400e+02, 7.95189758e+02, 4.99929011e-01,
            1.19255566e+03, 8.53953369e+02, 4.11624908e-01,
            9.71719543e+02, 6.48052185e+02, 5.04374146e-01,
            1.23665930e+03, 5.36157532e+02, 7.43289709e-01,
            1.51925781e+03, 7.86227966e+02, 5.84684849e-01,
            6.53892761e+02, 3.86148438e+02, 8.94154608e-01,
            6.95069397e+02, 3.53688263e+02, 8.80027592e-01,
            5.77393616e+02, 4.09649567e+02, 7.82391369e-01, 0.0, 0.0,
            0.0 ]
    }
}
