{
    "pose_0": {
        "type_id": "opencv-matrix",
        "rows": 1,
        "cols": 18,
        "dt": "3f",
        "data": [ 4.09568634e+02, 5.98035767e+02, 7.24520683e-01,
            5.03842041e+02, 6.24539246e+02, 7.57523298e-01,
            4.80163910e+02, 7.06907898e+02, 5.59982419e-01,
            5.68576355e+02, 7.65748962e+02, 7.18008578e-01,
            6.03817139e+02, 5.97933105e+02, 8.04631829e-01,
            5.33210693e+02, 5.65613098e+02, 4.09666091e-01, 0.0, 0.0,
            0.0, 0.0, 0.0, 0.0, 8.24606873e+02, 7.15656982e+02,
            3.14881831e-01, 1.06594763e+03, 7.48112793e+02,
            7.41574913e-02, 1.50740955e+03, 9.24679504e+02,
            1.62779123e-01, 8.71693054e+02, 6.00986877e+02,
            3.66879493e-01, 1.19839099e+03, 5.24349304e+02,
            6.80617869e-01, 1.35736890e+03, 6.56878540e+02,
            8.85713771e-02, 3.86118042e+02, 6.24557434e+02,
            7.73563027e-01, 3.86105072e+02, 5.74499207e+02,
            7.63629317e-01, 4.06604523e+02, 6.92069580e+02,
            6.79900885e-01, 3.86190430e+02, 5.50929871e+02,
            1.68375999e-01 ]
    }
}
