{
    "pose_0": {
        "type_id": "opencv-matrix",
        "rows": 1,
        "cols": 18,
        "dt": "3f",
        "data": [ 5.00822388e+02, 5.30446045e+02, 8.65889668e-01,
            5.77289429e+02, 5.97867371e+02, 7.96310306e-01,
            5.03740692e+02, 6.77488525e+02, 7.04344928e-01,
            6.27447754e+02, 8.09917419e+02, 6.80706024e-01,
            8.09992310e+02, 8.77524963e+02, 7.68792927e-01,
            6.42119385e+02, 5.18553772e+02, 6.73089981e-01,
            7.86428162e+02, 5.15603088e+02, 6.61920667e-01,
            9.45309753e+02, 5.24398865e+02, 7.93581307e-01,
            8.24615173e+02, 7.42207886e+02, 3.61813903e-01,
            1.18964771e+03, 8.30494812e+02, 3.95787179e-01,
            1.47801746e+03, 9.24716614e+02, 2.78784454e-01,
            8.77586609e+02, 6.15638428e+02, 3.84131610e-01,
            9.92348694e+02, 6.21488098e+02, 5.45688346e-02, 0.0, 0.0,
            0.0, 4.59531860e+02, 5.30439331e+02, 1.00405645e+00,
            4.97838654e+02, 5.00884552e+02, 8.74852538e-01,
            4.21406616e+02, 5.74505676e+02, 8.81705284e-01,
            5.18484985e+02, 4.80379791e+02, 6.36693656e-01 ]
    }
}
