{
    "pose_0": {
        "type_id": "opencv-matrix",
        "rows": 1,
        "cols": 18,
        "dt": "3f",
        "data": [ 6.98101074e+02, 4.03683167e+02, 8.29129755e-01,
            6.71574097e+02, 4.86137146e+02, 7.71849275e-01,
            5.71467163e+02, 5.50971008e+02, 5.68898141e-01,
            4.56648346e+02, 6.48139221e+02, 5.84415138e-01,
            3.41948303e+02, 7.89372009e+02, 7.25021482e-01,
            7.74548828e+02, 4.30157288e+02, 7.28968501e-01,
            9.30576233e+02, 5.27249084e+02, 7.74415493e-01,
            1.11303491e+03, 5.39139221e+02, 7.68177629e-01,
            8.59936218e+02, 7.68728149e+02, 3.73001248e-01,
            1.18073547e+03, 8.15749939e+02, 3.33461344e-01,
            1.42798438e+03, 9.33491394e+02, 1.19445354e-01,
            9.68824341e+02, 6.59769470e+02, 4.05771822e-01,
            1.23371240e+03, 5.50822083e+02, 7.04601765e-01,
            1.52224353e+03, 7.89415405e+02, 5.28083205e-01,
            6.59761597e+02, 3.92077301e+02, 8.22275579e-01,
            6.95208435e+02, 3.62482452e+02, 9.33399916e-01,
            5.77268555e+02, 4.15598450e+02, 7.49487579e-01, 0.0, 0.0,
            0.0 ]
    }
}
