{
    "pose_0": {
        "type_id": "opencv-matrix",
        "rows": 1,
        "cols": 18,
        "dt": "3f",
        "data": [ 6.71560120e+02, 4.12668488e+02, 9.29680586e-01,
            6.65691406e+02, 4.62622101e+02, 7.83640563e-01,
            5.36223267e+02, 5.27282532e+02, 6.15444362e-01,
            4.27243896e+02, 6.68652954e+02, 6.18034601e-01,
            3.15410431e+02, 8.12732849e+02, 7.38981307e-01,
            7.86380798e+02, 4.09589294e+02, 7.53058672e-01,
            9.42370728e+02, 5.06667816e+02, 7.46275544e-01,
            1.09234302e+03, 5.30331665e+02, 8.43911767e-01,
            8.59891785e+02, 7.42196533e+02, 4.06253487e-01,
            1.22780664e+03, 8.65850830e+02, 2.86356091e-01,
            1.45741125e+03, 9.48148010e+02, 2.53942907e-01,
            9.57044128e+02, 6.48003723e+02, 4.59272772e-01,
            1.21017297e+03, 5.53869568e+02, 6.16495073e-01,
            1.36322925e+03, 6.86290344e+02, 7.46839419e-02,
            6.30355896e+02, 4.09549805e+02, 9.03538406e-01,
            6.74494690e+02, 3.77215393e+02, 8.31806540e-01,
            5.56849060e+02, 4.06661652e+02, 6.84754074e-01,
            6.89147034e+02, 3.36091309e+02, 3.59836519e-01 ]
    }
}
