{
    "pose_0": {
        "type_id": "opencv-matrix",
        "rows": 1,
        "cols": 18,
        "dt": "3f",
        "data": [ 6.92063049e+02, 4.06588379e+02, 8.80674183e-01,
            6.71563782e+02, 4.65545380e+02, 7.64642358e-01,
            5.53851501e+02, 5.21463623e+02, 5.86283505e-01,
            4.33098877e+02, 6.45118103e+02, 6.57107234e-01,
            3.38994843e+02, 7.92301636e+02, 7.26833224e-01,
            7.86409119e+02, 4.15553650e+02, 7.39623666e-01,
            9.33481445e+02, 5.27267456e+02, 7.59899616e-01,
            1.08951123e+03, 5.47844849e+02, 8.28809142e-01,
            8.71675476e+02, 7.59841370e+02, 3.61467659e-01,
            1.23078625e+03, 8.71677979e+02, 3.36306572e-01,
            1.46626282e+03, 9.57061584e+02, 2.12235570e-01,
            9.62918091e+02, 6.56809875e+02, 4.20710921e-01,
            1.21613867e+03, 5.59773376e+02, 6.18099332e-01,
            1.51918005e+03, 7.86448303e+02, 6.27372265e-01,
            6.47926453e+02, 3.89108002e+02, 9.53061700e-01,
            6.92228149e+02, 3.62516693e+02, 9.48620200e-01,
            5.74487427e+02, 3.97813446e+02, 7.02186882e-01,
            7.09753174e+02, 3.36015045e+02, 2.41409644e-01 ]
    }
}
