{
    "pose_0": {
        "type_id": "opencv-matrix",
        "rows": 1,
        "cols": 18,
        "dt": "3f",
        "data": [ 6.95069763e+02, 3.89042084e+02, 9.19433653e-01,
            6.68707947e+02, 4.77292023e+02, 7.63298869e-01,
            5.71492310e+02, 5.33305298e+02, 5.53422153e-01,
            4.53715729e+02, 6.42113098e+02, 5.59630275e-01,
            3.38946472e+02, 7.83420044e+02, 6.91204786e-01,
            7.65729797e+02, 4.15484497e+02, 7.40805805e-01,
            9.45249390e+02, 4.86207428e+02, 7.45833337e-01,
            1.06586548e+03, 3.65438354e+02, 7.83022106e-01,
            8.53989807e+02, 7.59838562e+02, 4.04840708e-01,
            9.06990540e+02, 7.83428040e+02, 2.94033915e-01,
            1.20722229e+03, 8.48100891e+02, 4.64947164e-01,
            9.57063354e+02, 6.45136353e+02, 5.17565846e-01,
            1.23657971e+03, 5.33209717e+02, 8.11153889e-01,
            1.51619995e+03, 7.86270630e+02, 6.57914340e-01,
            6.51005676e+02, 3.85960358e+02, 8.87675524e-01,
            6.92275208e+02, 3.50692535e+02, 8.91113043e-01,
            5.74423218e+02, 4.06585632e+02, 7.55788326e-01, 0.0, 0.0,
            0.0 ]
    }
}
