{
    "pose_0": {
        "type_id": "opencv-matrix",
        "rows": 1,
        "cols": 18,
        "dt": "3f",
        "data": [ 6.95245300e+02, 3.91897797e+02, 8.78335655e-01,
            6.71506470e+02, 4.80205231e+02, 7.73486137e-01,
            5.71424255e+02, 5.39117249e+02, 5.40856957e-01,
            4.47904999e+02, 6.48051575e+02, 4.91851300e-01,
            3.38984894e+02, 7.86408203e+02, 7.04491973e-01,
            7.68649170e+02, 4.18474274e+02, 7.24108458e-01,
            9.27650085e+02, 5.27218811e+02, 7.72287965e-01,
            1.11011230e+03, 5.27453247e+02, 8.42665195e-01,
            8.51105835e+02, 7.59864868e+02, 4.17962790e-01,
            9.04141602e+02, 7.92211975e+02, 4.32058573e-01,
            1.19546570e+03, 8.53978149e+02, 4.58239377e-01,
            9.71712341e+02, 6.48062805e+02, 4.95850027e-01,
            1.23659058e+03, 5.42063477e+02, 7.40161836e-01,
            1.51921655e+03, 7.86333923e+02, 5.40550709e-01,
            6.53885498e+02, 3.86165436e+02, 8.90621364e-01,
            6.95018250e+02, 3.50774384e+02, 8.84074688e-01,
            5.74516846e+02, 4.09613861e+02, 7.86405683e-01, 0.0, 0.0,
            0.0 ]
    }
}
