{
    "pose_0": {
        "type_id": "opencv-matrix",
        "rows": 1,
        "cols": 18,
        "dt": "3f",
        "data": [ 4.33241638e+02, 5.89117615e+02, 7.79745758e-01,
            5.47987793e+02, 6.30415771e+02, 7.41526783e-01,
            5.00852264e+02, 7.15700256e+02, 6.56458199e-01,
            5.92087830e+02, 8.15868835e+02, 6.48680270e-01,
            7.33329163e+02, 8.80523743e+02, 7.30620861e-01,
            5.98011047e+02, 5.56839050e+02, 6.16245568e-01,
            7.12678101e+02, 5.03863007e+02, 5.46369433e-01,
            7.92330444e+02, 4.18460358e+02, 8.23443174e-01,
            8.33416138e+02, 7.39286743e+02, 3.70815277e-01,
            1.04828943e+03, 7.62740784e+02, 9.80749205e-02, 0.0, 0.0,
            0.0, 8.86413452e+02, 6.24471191e+02, 3.97994012e-01,
            1.21323071e+03, 5.47921997e+02, 7.10075617e-01,
            1.37510376e+03, 6.74620178e+02, 8.41878653e-02,
            4.12429474e+02, 6.09732605e+02, 8.26335371e-01,
            4.18427124e+02, 5.59670837e+02, 7.47444749e-01,
            4.12539764e+02, 6.65681702e+02, 7.28641987e-01,
            4.27237610e+02, 5.36212769e+02, 1.94349959e-01 ]
    }
}
