{
    "pose_0": {
        "type_id": "opencv-matrix",
        "rows": 1,
        "cols": 18,
        "dt": "3f",
        "data": [ 4.12618805e+02, 6.03849609e+02, 7.05082715e-01,
            5.06767731e+02, 6.42117859e+02, 7.02467084e-01,
            4.89082092e+02, 7.15687378e+02, 5.10386288e-01,
            5.74531616e+02, 7.80404053e+02, 6.94709539e-01,
            6.24605896e+02, 5.94991333e+02, 7.90786684e-01,
            5.27374512e+02, 5.80426331e+02, 4.48257297e-01, 0.0, 0.0,
            0.0, 0.0, 0.0, 0.0, 8.36367065e+02, 7.18681946e+02,
            3.18614662e-01, 1.20721362e+03, 8.51089966e+02,
            2.37524301e-01, 1.44566467e+03, 9.24604431e+02,
            3.02339822e-01, 8.86402039e+02, 6.09794373e+02,
            4.16766018e-01, 1.21015527e+03, 5.33208191e+02,
            5.75612485e-01, 1.37208374e+03, 6.74531799e+02,
            7.41931126e-02, 3.97796478e+02, 6.30337646e+02,
            6.89417601e-01, 3.97846588e+02, 5.83325928e+02,
            7.29964375e-01, 4.12671722e+02, 6.98026611e+02,
            6.34682178e-01, 4.00766296e+02, 5.71533691e+02,
            1.65392116e-01 ]
    }
}
