{
    "pose_0": {
        "type_id": "opencv-matrix",
        "rows": 1,
        "cols": 18,
        "dt": "3f",
        "data": [ 4.09589142e+02, 6.00875061e+02, 7.07208455e-01,
            5.06704865e+02, 6.21613281e+02, 7.59984016e-01,
            4.77321747e+02, 7.06830139e+02, 5.59052706e-01,
            5.71405884e+02, 7.65748535e+02, 7.33575284e-01,
            6.01001526e+02, 5.94999512e+02, 7.67042279e-01,
            5.59697571e+02, 5.53942993e+02, 4.12458301e-01,
            6.95067993e+02, 4.06659851e+02, 6.79864466e-01,
            6.45140015e+02, 4.80185181e+02, 8.48864436e-01,
            8.18729126e+02, 7.15617615e+02, 3.03939939e-01,
            1.10716968e+03, 7.65754883e+02, 7.44951144e-02,
            1.51331580e+03, 9.27549561e+02, 9.00973082e-02,
            8.68770142e+02, 6.00893066e+02, 3.74788433e-01,
            1.09536267e+03, 6.42127563e+02, 7.70090148e-02, 0.0, 0.0,
            0.0, 3.86158325e+02, 6.27372131e+02, 7.63067305e-01,
            3.86075745e+02, 5.74514404e+02, 7.77609468e-01,
            4.06571198e+02, 6.89255249e+02, 6.40738606e-01,
            3.88866302e+02, 5.51002625e+02, 2.15565979e-01 ]
    }
}
