{
    "pose_0": {
        "type_id": "opencv-matrix",
        "rows": 1,
        "cols": 18,
        "dt": "3f",
        "data": [ 4.18422058e+02, 6.09777405e+02, 6.95935190e-01,
            5.27316406e+02, 6.50987488e+02, 6.78474247e-01,
            5.12629028e+02, 7.56941589e+02, 4.01661426e-01,
            5.97975769e+02, 7.92251709e+02, 5.74186146e-01,
            7.03978638e+02, 6.24398926e+02, 6.23709321e-01,
            5.33236023e+02, 5.92040344e+02, 3.71396869e-01, 0.0, 0.0,
            0.0, 0.0, 0.0, 0.0, 8.45210449e+02, 7.18695251e+02,
            2.78742015e-01, 1.19840710e+03, 8.39407959e+02,
            2.32535154e-01, 1.46034937e+03, 9.30545776e+02,
            2.54617900e-01, 8.83492920e+02, 6.18626038e+02,
            3.68310809e-01, 1.21306702e+03, 5.44947693e+02,
            6.86080217e-01, 1.51928101e+03, 7.56857788e+02,
            5.92208385e-01, 4.03689880e+02, 6.36266296e+02,
            7.40588129e-01, 4.06616882e+02, 5.89108948e+02,
            7.57755458e-01, 4.18437347e+02, 7.01005432e+02,
            6.83921039e-01, 4.06650177e+02, 5.74278809e+02,
            1.72114268e-01 ]
    }
}
