{
    "pose_0": {
        "type_id": "opencv-matrix",
        "rows": 1,
        "cols": 18,
        "dt": "3f",
        "data": [ 6.95153931e+02, 3.88971710e+02, 9.21120763e-01,
            6.68628052e+02, 4.77261841e+02, 7.49778152e-01,
            5.71477356e+02, 5.33314758e+02, 5.58363676e-01,
            4.47882935e+02, 6.45076111e+02, 5.32019138e-01,
            3.38920135e+02, 7.83406372e+02, 6.76551819e-01,
            7.65692810e+02, 4.12683746e+02, 7.27505267e-01,
            9.48227112e+02, 4.65513885e+02, 7.84190714e-01,
            1.00999878e+03, 3.18322998e+02, 7.62689650e-01,
            8.45217834e+02, 7.54001892e+02, 3.96081388e-01,
            9.04153564e+02, 7.89351929e+02, 4.20527607e-01,
            1.20428967e+03, 8.51050903e+02, 4.00268883e-01,
            9.57095581e+02, 6.45092102e+02, 5.16788840e-01,
            1.23659436e+03, 5.33254639e+02, 7.95392513e-01,
            1.51631006e+03, 7.86264954e+02, 6.56160831e-01,
            6.53872742e+02, 3.86000336e+02, 8.72244477e-01,
            6.94972717e+02, 3.47776245e+02, 9.07296717e-01,
            5.74537048e+02, 4.09466797e+02, 7.53484488e-01, 0.0, 0.0,
            0.0 ]
    }
}
