{
    "pose_0": {
        "type_id": "opencv-matrix",
        "rows": 1,
        "cols": 18,
        "dt": "3f",
        "data": [ 4.09551788e+02, 6.00907593e+02, 6.78273320e-01,
            5.06779999e+02, 6.39199036e+02, 6.89462423e-01,
            4.86227417e+02, 7.15697388e+02, 5.28477013e-01,
            5.74403442e+02, 7.77543945e+02, 6.98924780e-01,
            6.24408508e+02, 5.95008972e+02, 8.34440708e-01,
            5.30309509e+02, 5.77449036e+02, 4.04378474e-01, 0.0, 0.0,
            0.0, 0.0, 0.0, 0.0, 8.39360962e+02, 7.18604675e+02,
            3.35978985e-01, 1.19842590e+03, 8.36438293e+02,
            2.39726484e-01, 1.44269116e+03, 9.18773865e+02,
            2.41750583e-01, 8.92281555e+02, 6.09750671e+02,
            3.95963073e-01, 1.21004590e+03, 5.30388367e+02,
            6.08896494e-01, 1.36033020e+03, 6.86244934e+02,
            5.36582470e-02, 3.91912079e+02, 6.30410522e+02,
            6.56123698e-01, 3.89070892e+02, 5.77498291e+02,
            7.41626918e-01, 4.12580688e+02, 6.92174377e+02,
            6.75265908e-01, 0.0, 0.0, 0.0 ]
    }
}
