{
    "pose_0": {
        "type_id": "opencv-matrix",
        "rows": 1,
        "cols": 18,
        "dt": "3f",
        "data": [ 4.09645233e+02, 6.00953613e+02, 6.35643303e-01,
            5.03834991e+02, 6.36281311e+02, 7.01116145e-01,
            4.83266083e+02, 7.12769226e+02, 5.18303692e-01,
            5.71483765e+02, 7.68643250e+02, 6.34759307e-01,
            6.21404907e+02, 5.92093567e+02, 8.16850424e-01,
            5.21441956e+02, 5.77380493e+02, 4.31861430e-01, 0.0, 0.0,
            0.0, 0.0, 0.0, 0.0, 8.30514771e+02, 7.18629211e+02,
            3.29474777e-01, 1.07773108e+03, 7.62827271e+02,
            6.47841766e-02, 0.0, 0.0, 0.0, 8.83486450e+02,
            6.06810364e+02, 3.78116935e-01, 1.20425757e+03,
            5.30306458e+02, 5.84032059e-01, 1.37198169e+03,
            6.59842224e+02, 5.79666458e-02, 3.89120880e+02,
            6.27431702e+02, 7.02612221e-01, 3.86205658e+02,
            5.77372620e+02, 7.35466301e-01, 4.09656647e+02,
            6.92126465e+02, 6.92683697e-01, 3.85975311e+02,
            5.51061951e+02, 1.45202458e-01 ]
    }
}
