{
    "pose_0": {
        "type_id": "opencv-matrix",
        "rows": 1,
        "cols": 18,
        "dt": "3f",
        "data": [ 4.12511475e+02, 6.03840149e+02, 6.94552422e-01,
            5.09668671e+02, 6.39179688e+02, 6.97584152e-01,
            4.86196411e+02, 7.15668701e+02, 5.47345400e-01,
            5.74487122e+02, 7.80413940e+02, 7.11484075e-01,
            6.21634521e+02, 5.98015442e+02, 8.05757225e-01,
            5.30329224e+02, 5.80320618e+02, 3.91642451e-01,
            7.42172607e+02, 4.53746582e+02, 6.88871980e-01,
            6.92128845e+02, 5.18521057e+02, 6.27736807e-01,
            8.33441406e+02, 7.18686096e+02, 3.04159492e-01,
            1.19837122e+03, 8.36411438e+02, 2.64620155e-01,
            1.43682434e+03, 9.18809021e+02, 1.92693040e-01,
            8.86392456e+02, 6.09786560e+02, 3.94199312e-01,
            1.21005359e+03, 5.30424683e+02, 6.16897166e-01,
            1.36909583e+03, 6.74493713e+02, 7.64708295e-02,
            3.97791931e+02, 6.33295776e+02, 6.50270224e-01,
            3.92025085e+02, 5.83311707e+02, 6.97508037e-01,
            4.12553833e+02, 6.95204956e+02, 6.61530018e-01,
            3.91914490e+02, 5.71441467e+02, 1.65948987e-01 ]
    }
}
