{
    "pose_0": {
        "type_id": "opencv-matrix",
        "rows": 1,
        "cols": 18,
        "dt": "3f",
        "data": [ 4.50843384e+02, 5.71412537e+02, 8.16935658e-01,
            5.53872925e+02, 6.24507141e+02, 7.73563206e-01,
            5.00905853e+02, 7.12688660e+02, 6.84834063e-01,
            5.97934814e+02, 8.18690552e+02, 6.86711252e-01,
            7.42258789e+02, 8.80632568e+02, 7.65175521e-01,
            6.12643555e+02, 5.50780273e+02, 6.21638656e-01,
            7.33319336e+02, 5.03817627e+02, 6.16714120e-01,
            8.42309143e+02, 4.56807556e+02, 8.76429081e-01,
            8.30473389e+02, 7.42204834e+02, 3.56801122e-01,
            1.04828638e+03, 7.59882690e+02, 7.63373971e-02, 0.0, 0.0,
            0.0, 8.83433655e+02, 6.24458801e+02, 3.81585926e-01,
            1.21317200e+03, 5.47940247e+02, 7.18096435e-01,
            1.37203564e+03, 6.92202942e+02, 5.04288226e-02,
            4.15502686e+02, 5.83322510e+02, 8.34414601e-01,
            4.36038483e+02, 5.33256287e+02, 8.84069562e-01,
            4.12524597e+02, 6.44934692e+02, 8.48706722e-01,
            4.39044739e+02, 5.12670715e+02, 1.85595289e-01 ]
    }
}
