{
    "pose_0": {
        "type_id": "opencv-matrix",
        "rows": 1,
        "cols": 18,
        "dt": "3f",
        "data": [ 6.95250977e+02, 3.89145294e+02, 8.81373227e-01,
            6.71592102e+02, 4.80188690e+02, 7.66621709e-01,
            5.74347717e+02, 5.42017395e+02, 5.42498469e-01,
            4.53767975e+02, 6.45158752e+02, 4.87959892e-01,
            3.38973511e+02, 7.89280334e+02, 6.75899684e-01,
            7.68697144e+02, 4.18409058e+02, 7.06509352e-01,
            9.30577148e+02, 5.18500427e+02, 7.21723020e-01,
            1.11587378e+03, 5.27350220e+02, 8.57060432e-01,
            8.51090332e+02, 7.62757263e+02, 4.01679397e-01,
            9.10029358e+02, 7.89229736e+02, 4.76484120e-01,
            1.19249463e+03, 8.48124817e+02, 4.81327862e-01,
            9.65873169e+02, 6.48006836e+02, 5.03033042e-01,
            1.23661670e+03, 5.33299561e+02, 7.16765940e-01,
            1.51924451e+03, 7.83412354e+02, 5.25128841e-01,
            6.53877930e+02, 3.86112518e+02, 8.96496654e-01,
            6.95090271e+02, 3.50760651e+02, 8.79031420e-01,
            5.77386536e+02, 4.09580933e+02, 7.71661103e-01, 0.0, 0.0,
            0.0 ]
    }
}
