{
    "pose_0": {
        "type_id": "opencv-matrix",
        "rows": 1,
        "cols": 18,
        "dt": "3f",
        "data": [ 4.12605499e+02, 6.09713135e+02, 7.11618125e-01,
            5.09672058e+02, 6.45049988e+02, 7.11094499e-01,
            4.89088959e+02, 7.18647583e+02, 5.03856838e-01,
            5.77411438e+02, 7.80463867e+02, 6.99168980e-01,
            6.27361450e+02, 5.97875427e+02, 8.16058636e-01,
            5.30283691e+02, 5.83295532e+02, 4.08139676e-01, 0.0, 0.0,
            0.0, 0.0, 0.0, 0.0, 8.39317322e+02, 7.18707031e+02,
            3.00581187e-01, 1.21308643e+03, 8.56942261e+02,
            3.47207427e-01, 1.45444373e+03, 9.27561157e+02,
            1.96774036e-01, 8.92306152e+02, 6.15634583e+02,
            4.08735424e-01, 1.21010779e+03, 5.33330627e+02,
            6.57114148e-01, 1.36618530e+03, 6.86225098e+02,
            5.89316338e-02, 3.94939056e+02, 6.39181335e+02,
            6.98327601e-01, 3.97802216e+02, 5.86239685e+02,
            7.16352820e-01, 4.12575165e+02, 7.03906311e+02,
            6.52460873e-01, 3.97886261e+02, 5.74210083e+02,
            1.99266165e-01 ]
    }
}
