{
    "pose_0": {
        "type_id": "opencv-matrix",
        "rows": 1,
        "cols": 18,
        "dt": "3f",
        "data": [ 6.95105103e+02, 3.89118774e+02, 9.04573798e-01,
            6.71466614e+02, 4.80199921e+02, 7.66295731e-01,
            5.68554626e+02, 5.42032349e+02, 5.33980250e-01,
            4.47887268e+02, 6.45071167e+02, 5.34786701e-01,
            3.38919525e+02, 7.86279602e+02, 7.02516794e-01,
            7.65868591e+02, 4.15589417e+02, 7.21173763e-01,
            9.27661011e+02, 5.06871155e+02, 7.48526633e-01,
            1.10127563e+03, 4.53660309e+02, 7.03085363e-01,
            8.51120056e+02, 7.56890808e+02, 3.92680079e-01,
            9.06962097e+02, 7.89323730e+02, 4.11328405e-01,
            1.19841260e+03, 8.48174255e+02, 4.18923557e-01,
            9.60040833e+02, 6.47984192e+02, 5.21720231e-01,
            1.23654602e+03, 5.33305908e+02, 7.95193315e-01,
            1.51631116e+03, 7.86238831e+02, 6.41824901e-01,
            6.50985229e+02, 3.86106598e+02, 9.07875896e-01,
            6.92275024e+02, 3.50724792e+02, 8.90814364e-01,
            5.74417236e+02, 4.09514008e+02, 7.78655827e-01,
            6.98107117e+02, 3.21446686e+02, 5.03991321e-02 ]
    }
}
