{
    "pose_0": {
        "type_id": "opencv-matrix",
        "rows": 1,
        "cols": 18,
        "dt": "3f",
        "data": [ 4.12511871e+02, 6.09729126e+02, 6.99882388e-01,
            5.06745728e+02, 6.47987732e+02, 7.43164539e-01,
            4.89048492e+02, 7.18605774e+02, 5.01512408e-01,
            5.74459229e+02, 7.80447937e+02, 6.57618821e-01,
            6.21544373e+02, 5.97955566e+02, 8.51062536e-01,
            5.30227234e+02, 5.89123718e+02, 4.15141582e-01,
            7.30439453e+02, 4.50801056e+02, 6.16693079e-01,
            6.89129639e+02, 5.06712372e+02, 3.53643775e-01,
            8.33445251e+02, 7.30409851e+02, 2.81886160e-01,
            1.20132117e+03, 8.39367493e+02, 2.21128270e-01,
            1.45447131e+03, 9.24699707e+02, 1.94369674e-01,
            8.86433289e+02, 6.18548950e+02, 3.94756228e-01,
            1.21022729e+03, 5.36222778e+02, 5.79735756e-01,
            1.36913196e+03, 6.86230835e+02, 5.64017072e-02,
            3.94955017e+02, 6.42075928e+02, 6.73869610e-01,
            3.94958893e+02, 5.86243591e+02, 7.10085928e-01,
            4.12632629e+02, 6.95195862e+02, 6.46827161e-01,
            3.88989655e+02, 5.74235291e+02, 1.39333665e-01 ]
    }
}
