{
    "pose_0": {
        "type_id": "opencv-matrix",
        "rows": 1,
        "cols": 18,
        "dt": "3f",
        "data": [ 6.95047302e+02, 3.89056885e+02, 9.20988202e-01,
            6.71499817e+02, 4.80195831e+02, 7.82796979e-01,
            5.68572754e+02, 5.39110596e+02, 5.42649329e-01,
            4.47858185e+02, 6.45105530e+02, 5.41115522e-01,
            3.38915619e+02, 7.86258484e+02, 7.02328801e-01,
            7.68693481e+02, 4.18504547e+02, 7.20898092e-01,
            9.33570374e+02, 5.03750885e+02, 7.91277826e-01,
            1.07777832e+03, 4.09528290e+02, 7.70862818e-01,
            8.53989563e+02, 7.59838196e+02, 4.17465985e-01,
            9.21738342e+02, 8.12865112e+02, 3.45203161e-01,
            1.21014221e+03, 8.48176086e+02, 4.19195294e-01,
            9.59981445e+02, 6.48006775e+02, 5.29164732e-01,
            1.23657947e+03, 5.33234375e+02, 8.03281486e-01,
            1.51625317e+03, 7.86266296e+02, 6.65183723e-01,
            6.50981018e+02, 3.86016022e+02, 8.99781525e-01,
            6.92258118e+02, 3.50746155e+02, 8.89306545e-01,
            5.74449585e+02, 4.06699799e+02, 7.65072584e-01, 0.0, 0.0,
            0.0 ]
    }
}
