{
    "pose_0": {
        "type_id": "opencv-matrix",
        "rows": 1,
        "cols": 18,
        "dt": "3f",
        "data": [ 6.98047119e+02, 4.03699219e+02, 8.41016889e-01,
            6.71609009e+02, 4.83130768e+02, 7.74244249e-01,
            5.68523926e+02, 5.47937195e+02, 5.54349303e-01,
            4.42029510e+02, 6.59789490e+02, 4.69809651e-01,
            3.39085449e+02, 7.89205078e+02, 7.03194201e-01,
            7.77534729e+02, 4.27210083e+02, 7.12709129e-01,
            9.27703979e+02, 5.27361267e+02, 7.99218178e-01,
            1.09550720e+03, 5.47907043e+02, 8.34820151e-01,
            8.74650513e+02, 7.65789001e+02, 3.78820330e-01,
            1.24845422e+03, 8.83389893e+02, 3.34511340e-01,
            1.48388318e+03, 9.62901611e+02, 2.70594656e-01,
            9.74650269e+02, 6.65634583e+02, 4.35268730e-01,
            1.22780469e+03, 5.53973083e+02, 6.71839118e-01, 0.0, 0.0,
            0.0, 6.56882568e+02, 3.92015045e+02, 8.41772377e-01,
            6.95280457e+02, 3.62480469e+02, 9.14063215e-01,
            5.77272095e+02, 4.09690063e+02, 7.33055472e-01, 0.0, 0.0,
            0.0 ]
    }
}
