{
    "pose_0": {
        "type_id": "opencv-matrix",
        "rows": 1,
        "cols": 18,
        "dt": "3f",
        "data": [ 4.24325623e+02, 6.12652161e+02, 6.94976449e-01,
            5.30254700e+02, 6.42087097e+02, 7.40286887e-01,
            4.94943390e+02, 7.15662048e+02, 6.45401359e-01,
            5.83249329e+02, 8.15745056e+02, 6.61993027e-01,
            7.27441833e+02, 8.62881897e+02, 7.53205299e-01,
            5.65623230e+02, 5.77312744e+02, 4.29856360e-01,
            6.89246460e+02, 5.33268250e+02, 4.72365618e-01,
            7.21645386e+02, 4.62564178e+02, 7.39326835e-01,
            8.33481384e+02, 7.39289795e+02, 3.73029381e-01,
            1.07186865e+03, 7.62731262e+02, 5.17586991e-02, 0.0, 0.0,
            0.0, 8.86441772e+02, 6.24511536e+02, 3.76327127e-01,
            1.21323267e+03, 5.44999939e+02, 7.21462846e-01,
            1.37791101e+03, 6.74500977e+02, 6.08009622e-02,
            4.03726532e+02, 6.36294128e+02, 7.96718717e-01,
            4.06691071e+02, 5.80316162e+02, 7.92523980e-01,
            4.12467194e+02, 6.92175964e+02, 6.18360221e-01,
            4.09502014e+02, 5.56862915e+02, 2.26505786e-01 ]
    }
}
