{
    "pose_0": {
        "type_id": "opencv-matrix",
        "rows": 1,
        "cols": 18,
        "dt": "3f",
        "data": [ 4.09598663e+02, 6.00870483e+02, 6.89982831e-01,
            5.06746490e+02, 6.36262024e+02, 7.40998387e-01,
            4.86103363e+02, 7.12777039e+02, 5.16175389e-01,
            5.68565674e+02, 7.68641174e+02, 6.77195191e-01,
            6.18625427e+02, 5.92081299e+02, 8.14907610e-01,
            5.30263123e+02, 5.77357788e+02, 4.64634299e-01, 0.0, 0.0,
            0.0, 0.0, 0.0, 0.0, 8.33414307e+02, 7.15778198e+02,
            3.29728425e-01, 1.19839136e+03, 8.42291626e+02,
            1.26070812e-01, 1.43387781e+03, 9.10010315e+02,
            2.04777613e-01, 8.83470947e+02, 6.03853455e+02,
            3.59089017e-01, 1.20428027e+03, 5.30319153e+02,
            3.31216604e-01, 1.35445825e+03, 6.77419861e+02,
            5.57826608e-02, 3.88896606e+02, 6.27407837e+02,
            7.81393945e-01, 3.88956116e+02, 5.77327515e+02,
            7.90408015e-01, 4.06619263e+02, 6.92127014e+02,
            6.72586083e-01, 0.0, 0.0, 0.0 ]
    }
}
