{
    "pose_0": {
        "type_id": "opencv-matrix",
        "rows": 1,
        "cols": 18,
        "dt": "3f",
        "data": [ 6.98121460e+02, 3.97813660e+02, 8.32777262e-01,
            6.74485596e+02, 4.83140747e+02, 7.64823914e-01,
            5.71538391e+02, 5.47926575e+02, 5.53291440e-01,
            4.56725586e+02, 6.48023254e+02, 5.79844952e-01,
            3.42047211e+02, 7.89264526e+02, 7.32447088e-01,
            7.77513245e+02, 4.27220856e+02, 7.12055922e-01,
            9.33490967e+02, 5.27273621e+02, 7.57514000e-01,
            1.11602173e+03, 5.33285583e+02, 8.20482612e-01,
            8.59930969e+02, 7.74565247e+02, 4.02998120e-01,
            1.01888422e+03, 7.62786743e+02, 6.26561403e-01,
            1.25726941e+03, 8.57020569e+02, 2.16127843e-01,
            9.68850586e+02, 6.53883301e+02, 4.45686549e-01,
            1.23660583e+03, 5.50788452e+02, 7.31672943e-01,
            1.52221289e+03, 7.89333252e+02, 6.18816197e-01,
            6.59735046e+02, 3.89097229e+02, 8.61633003e-01,
            6.95212769e+02, 3.59613708e+02, 9.04382169e-01,
            5.77417542e+02, 4.12613922e+02, 7.74327457e-01, 0.0, 0.0,
            0.0 ]
    }
}
