{
    "pose_0": {
        "type_id": "opencv-matrix",
        "rows": 1,
        "cols": 18,
        "dt": "3f",
        "data": [ 6.71640015e+02, 4.12561371e+02, 9.38427389e-01,
            6.68658813e+02, 4.59682404e+02, 8.04255784e-01,
            5.47873352e+02, 5.21393494e+02, 5.85952103e-01,
            4.39096619e+02, 6.56871155e+02, 5.86729825e-01,
            3.36006927e+02, 8.07003906e+02, 7.26386309e-01,
            7.89250488e+02, 4.09644196e+02, 7.42563128e-01,
            9.36435608e+02, 5.06860626e+02, 7.29371727e-01,
            1.09238367e+03, 5.33309570e+02, 8.20950866e-01,
            8.62881531e+02, 7.45140503e+02, 3.91185343e-01,
            1.23076685e+03, 8.68751099e+02, 3.59602571e-01,
            1.46328687e+03, 9.51162598e+02, 2.71522492e-01,
            9.57101563e+02, 6.48097839e+02, 4.49906349e-01,
            1.21017786e+03, 5.59747131e+02, 5.60687125e-01,
            1.36903381e+03, 6.95127930e+02, 5.89834899e-02,
            6.33251221e+02, 4.06681702e+02, 8.65079463e-01,
            6.77468811e+02, 3.71343231e+02, 8.18341434e-01,
            5.62683655e+02, 4.03684998e+02, 6.50916994e-01,
            6.95016968e+02, 3.38953278e+02, 4.49411750e-01 ]
    }
}
