{
    "pose_0": {
        "type_id": "opencv-matrix",
        "rows": 1,
        "cols": 18,
        "dt": "3f",
        "data": [ 6.98060608e+02, 4.03656830e+02, 8.39770675e-01,
            6.71681702e+02, 4.83131042e+02, 7.65397131e-01,
            5.74344910e+02, 5.45043823e+02, 5.60038269e-01,
            4.53786957e+02, 6.51058777e+02, 5.50644994e-01,
            3.39018127e+02, 7.89298096e+02, 7.25904703e-01,
            7.74615356e+02, 4.27278381e+02, 7.11169302e-01,
            9.27712158e+02, 5.27332642e+02, 7.81139016e-01,
            1.09550818e+03, 5.47918701e+02, 8.28230977e-01,
            8.71700195e+02, 7.65776550e+02, 3.87924612e-01,
            1.25427148e+03, 8.83558960e+02, 3.12770784e-01,
            1.47803223e+03, 9.57121277e+02, 2.27656096e-01,
            9.74685059e+02, 6.62720032e+02, 4.24228191e-01,
            1.23079797e+03, 5.56732300e+02, 6.99896336e-01,
            1.51917859e+03, 7.89367371e+02, 5.30431628e-01,
            6.59726563e+02, 3.92003510e+02, 8.43518317e-01,
            6.95245728e+02, 3.62436279e+02, 9.13800240e-01,
            5.77407776e+02, 4.12600311e+02, 7.93395460e-01, 0.0, 0.0,
            0.0 ]
    }
}
