{
    "pose_0": {
        "type_id": "opencv-matrix",
        "rows": 1,
        "cols": 18,
        "dt": "3f",
        "data": [ 6.98076050e+02, 3.97827423e+02, 8.38408113e-01,
            6.71673523e+02, 4.83183868e+02, 7.65850186e-01,
            5.71452515e+02, 5.47978149e+02, 5.56999207e-01,
            4.56672516e+02, 6.48099060e+02, 5.64028978e-01,
            3.41943085e+02, 7.89396912e+02, 7.28878498e-01,
            7.77528259e+02, 4.27238953e+02, 7.09675908e-01,
            9.33471252e+02, 5.27280029e+02, 7.57276773e-01,
            1.11603064e+03, 5.33343201e+02, 8.17401588e-01,
            8.59965149e+02, 7.74592651e+02, 3.95652413e-01,
            1.04838367e+03, 7.62837402e+02, 6.15136206e-01,
            1.28672778e+03, 8.65830444e+02, 1.41781360e-01,
            9.68850220e+02, 6.50921326e+02, 4.17842507e-01,
            1.23673511e+03, 5.50769226e+02, 7.40134358e-01,
            1.52516174e+03, 7.89398254e+02, 6.36029899e-01,
            6.56872559e+02, 3.89092316e+02, 8.66095424e-01,
            6.95184326e+02, 3.62353912e+02, 9.12378073e-01,
            5.77402039e+02, 4.15509918e+02, 7.23557234e-01, 0.0, 0.0,
            0.0 ]
    }
}
