{
    "pose_0": {
        "type_id": "opencv-matrix",
        "rows": 1,
        "cols": 18,
        "dt": "3f",
        "data": [ 1.46908521e+03, 2.44680359e+02, 9.66919541e-01,
            1.39268945e+03, 3.24280426e+02, 8.05422604e-01,
            1.42209058e+03, 3.27204285e+02, 8.60526264e-01,
            1.42796667e+03, 4.50782196e+02, 8.35422158e-01,
            1.47210693e+03, 4.53685730e+02, 7.91066408e-01,
            1.35741125e+03, 3.21372070e+02, 7.57951379e-01,
            1.37794360e+03, 4.33179810e+02, 1.35124013e-01, 0.0, 0.0,
            0.0, 1.42214038e+03, 5.77373291e+02, 6.24028921e-01,
            1.47202600e+03, 7.65805298e+02, 7.68453479e-01,
            1.52210205e+03, 9.45287781e+02, 7.74425864e-01,
            1.35450732e+03, 5.77335022e+02, 6.09299481e-01,
            1.36905200e+03, 7.65804810e+02, 7.59384513e-01,
            1.33965295e+03, 9.36470215e+02, 7.44698167e-01,
            1.45446790e+03, 2.24172958e+02, 9.14808571e-01, 0.0, 0.0,
            0.0, 1.41904028e+03, 2.27188950e+02, 7.71766603e-01, 0.0,
            0.0, 0.0 ]
    }
}
