{
    "pose_0": {
        "type_id": "opencv-matrix",
        "rows": 1,
        "cols": 18,
        "dt": "3f",
        "data": [ 3.38986694e+02, 2.44615799e+02, 9.36571240e-01,
            2.71309845e+02, 3.38916138e+02, 8.59046459e-01,
            2.44856812e+02, 3.30131744e+02, 8.23010266e-01,
            2.21115479e+02, 4.56538727e+02, 8.90596032e-01,
            3.18268646e+02, 4.62649902e+02, 8.86955023e-01,
            3.00776062e+02, 3.41883698e+02, 7.30335534e-01,
            3.15431244e+02, 4.65523010e+02, 1.02824926e-01,
            3.27219482e+02, 4.59734985e+02, 1.31968960e-01,
            2.71202972e+02, 5.92063843e+02, 6.34573221e-01,
            2.97788422e+02, 7.77520508e+02, 7.56981313e-01,
            1.74028885e+02, 9.27603333e+02, 8.20687652e-01,
            3.15453003e+02, 5.86184570e+02, 5.78947604e-01,
            3.18397156e+02, 7.80407471e+02, 6.85538411e-01,
            3.03606445e+02, 9.57029114e+02, 7.50128388e-01,
            3.18460052e+02, 2.24163376e+02, 9.45072234e-01,
            3.39067688e+02, 2.24221832e+02, 7.19615221e-01,
            2.71234314e+02, 2.27083817e+02, 8.55309188e-01, 0.0, 0.0,
            0.0 ]
    }
}
