{
    "pose_0": {
        "type_id": "opencv-matrix",
        "rows": 1,
        "cols": 18,
        "dt": "3f",
        "data": [ 5.94975220e+02, 2.27241531e+02, 8.93616319e-01,
            5.12621033e+02, 3.15430359e+02, 6.89036787e-01,
            5.03814789e+02, 3.15370850e+02, 8.85613501e-01,
            4.86113281e+02, 4.36208527e+02, 8.96905422e-01,
            5.74366760e+02, 4.53663177e+02, 8.55960965e-01,
            5.27248169e+02, 3.15295990e+02, 6.18538260e-01,
            5.27247375e+02, 4.33204224e+02, 7.66857341e-02,
            5.71479919e+02, 4.41918396e+02, 1.31818548e-01,
            5.06640289e+02, 5.77419861e+02, 6.42101347e-01,
            5.09663513e+02, 7.51046143e+02, 6.88679457e-01,
            4.80278442e+02, 9.51192017e+02, 8.55181813e-01,
            5.56834473e+02, 5.74349976e+02, 6.14858091e-01,
            6.03919556e+02, 7.39220154e+02, 7.94383287e-01,
            6.21421265e+02, 9.24669922e+02, 7.95068920e-01,
            5.77377869e+02, 2.15370148e+02, 9.27132010e-01,
            5.95016296e+02, 2.18361954e+02, 2.41565257e-01,
            5.30223877e+02, 2.15377747e+02, 8.68575096e-01, 0.0, 0.0,
            0.0 ]
    }
}
