{
    "pose_0": {
        "type_id": "opencv-matrix",
        "rows": 1,
        "cols": 18,
        "dt": "3f",
        "data": [ 1.66937512e+03, 2.41840561e+02, 8.64455938e-01,
            1.58695313e+03, 3.24293762e+02, 8.33872557e-01,
            1.62222998e+03, 3.27181122e+02, 7.93299496e-01,
            1.63695813e+03, 4.53688568e+02, 8.49979639e-01,
            1.67514380e+03, 4.56599762e+02, 7.45815456e-01,
            1.55154993e+03, 3.21403778e+02, 7.30888724e-01,
            1.58106274e+03, 4.36096649e+02, 1.04661204e-01, 0.0, 0.0,
            0.0, 1.60754211e+03, 5.77399780e+02, 6.30754352e-01,
            1.58981128e+03, 7.56853027e+02, 7.15385854e-01,
            1.53101965e+03, 9.51116211e+02, 7.96238601e-01,
            1.56629297e+03, 5.74522339e+02, 5.76500118e-01,
            1.63697693e+03, 7.42200378e+02, 7.44424164e-01,
            1.68695496e+03, 9.27639404e+02, 7.99943089e-01,
            1.66052295e+03, 2.24114105e+02, 9.73427296e-01, 0.0, 0.0,
            0.0, 1.62513281e+03, 2.27132538e+02, 7.56036699e-01, 0.0,
            0.0, 0.0 ]
    }
}
