{
    "pose_0": {
        "type_id": "opencv-matrix",
        "rows": 1,
        "cols": 18,
        "dt": "3f",
        "data": [ 7.06843384e+02, 2.38945602e+02, 8.77712727e-01,
            6.33271240e+02, 3.18356506e+02, 6.84325039e-01,
            6.24340210e+02, 3.18337830e+02, 8.73960853e-01,
            6.06881714e+02, 4.42050140e+02, 8.29704046e-01,
            6.89229126e+02, 4.53769989e+02, 8.51689279e-01,
            6.45030762e+02, 3.15505646e+02, 6.33076370e-01,
            6.44999939e+02, 4.39062164e+02, 9.47507247e-02,
            6.89233337e+02, 4.44858002e+02, 1.65149763e-01,
            6.42180908e+02, 5.62704956e+02, 6.49773717e-01,
            7.18786194e+02, 7.42285706e+02, 8.37951124e-01,
            6.06874207e+02, 9.06961731e+02, 6.68327987e-01,
            6.47944397e+02, 5.56752441e+02, 4.89636242e-01,
            6.59741760e+02, 7.45175354e+02, 7.17289925e-01,
            6.44984070e+02, 9.21770386e+02, 6.43698752e-01,
            6.92165161e+02, 2.21215302e+02, 9.66761708e-01,
            7.06871521e+02, 2.24066376e+02, 3.19558710e-01,
            6.45105469e+02, 2.21222443e+02, 8.65547180e-01, 0.0, 0.0,
            0.0 ]
    }
}
