{
    "pose_0": {
        "type_id": "opencv-matrix",
        "rows": 1,
        "cols": 18,
        "dt": "3f",
        "data": [ 4.42024872e+02, 2.47677521e+02, 9.10752475e-01,
            3.68378693e+02, 3.27260406e+02, 6.97411537e-01,
            3.56660522e+02, 3.24263428e+02, 8.06738257e-01,
            3.35992249e+02, 4.50758301e+02, 8.42007756e-01,
            4.27200378e+02, 4.59731842e+02, 8.45776677e-01,
            3.86022339e+02, 3.27171570e+02, 6.22724533e-01,
            3.83049316e+02, 4.44948914e+02, 7.09659457e-02, 0.0, 0.0,
            0.0, 3.71377838e+02, 5.86182800e+02, 6.25565588e-01,
            4.36057831e+02, 7.71647644e+02, 7.21318066e-01,
            4.80375854e+02, 9.54048157e+02, 8.46320808e-01,
            3.89002411e+02, 5.77412415e+02, 5.02317786e-01,
            3.56676331e+02, 7.68720215e+02, 6.95087850e-01,
            3.00760681e+02, 9.51102783e+02, 7.48494267e-01,
            4.30242706e+02, 2.27192429e+02, 8.97219598e-01,
            4.50782104e+02, 2.30118835e+02, 6.79040492e-01,
            3.83075500e+02, 2.27133499e+02, 8.23475182e-01, 0.0, 0.0,
            0.0 ]
    }
}
