{
    "pose_0": {
        "type_id": "opencv-matrix",
        "rows": 1,
        "cols": 18,
        "dt": "3f",
        "data": [ 1.84878235e+03, 2.21111145e+02, 9.70438778e-01,
            1.76935425e+03, 3.12479980e+02, 8.21384728e-01,
            1.81643555e+03, 3.09514404e+02, 7.81341255e-01,
            1.84601013e+03, 4.33038818e+02, 9.04633582e-01,
            1.86354626e+03, 4.15587738e+02, 6.47131652e-02,
            1.72232043e+03, 3.15364532e+02, 7.67494261e-01,
            1.71351404e+03, 4.30243866e+02, 7.48331174e-02, 0.0, 0.0,
            0.0, 1.80772705e+03, 5.65633911e+02, 5.79821765e-01,
            1.85763892e+03, 7.62777649e+02, 7.26320744e-01,
            1.89286267e+03, 9.42343262e+02, 7.48165250e-01,
            1.72809094e+03, 5.62629761e+02, 5.99405706e-01,
            1.73109741e+03, 7.48091736e+02, 7.95050502e-01,
            1.69874011e+03, 9.24690552e+02, 7.67235756e-01,
            1.83413074e+03, 2.00690857e+02, 9.09092069e-01, 0.0, 0.0,
            0.0, 1.78710559e+03, 2.06556854e+02, 7.37457454e-01, 0.0,
            0.0, 0.0 ]
    }
}
