{
    "pose_0": {
        "type_id": "opencv-matrix",
        "rows": 1,
        "cols": 18,
        "dt": "3f",
        "data": [ 7.39151184e+02, 2.33030930e+02, 8.91200721e-01,
            6.62755066e+02, 3.15527405e+02, 6.38084650e-01,
            6.56864563e+02, 3.15537811e+02, 8.01609457e-01,
            6.45118958e+02, 4.36248444e+02, 9.12356555e-01,
            7.18654175e+02, 4.50841614e+02, 8.63591433e-01,
            6.65623657e+02, 3.15321442e+02, 5.49105406e-01,
            6.68538269e+02, 4.24315948e+02, 9.12746862e-02,
            7.15739746e+02, 4.39090790e+02, 1.15263239e-01,
            6.71531006e+02, 5.68539368e+02, 6.70206666e-01,
            7.62879456e+02, 7.39165222e+02, 8.07680011e-01,
            7.65786499e+02, 9.30700195e+02, 8.15093875e-01,
            6.53901794e+02, 5.65587524e+02, 4.77623761e-01,
            6.71528503e+02, 7.59803711e+02, 7.65790462e-01,
            6.45054626e+02, 9.36431396e+02, 7.90656805e-01,
            7.18805420e+02, 2.21063858e+02, 9.21586871e-01,
            7.39197998e+02, 2.21281921e+02, 3.10319483e-01,
            6.74602234e+02, 2.21113617e+02, 8.06799293e-01, 0.0, 0.0,
            0.0 ]
    }
}
