{
    "pose_0": {
        "type_id": "opencv-matrix",
        "rows": 1,
        "cols": 18,
        "dt": "3f",
        "data": [ 1.92246948e+03, 2.00679916e+02, 8.66329432e-01,
            1.83711572e+03, 2.91773315e+02, 8.29014897e-01,
            1.87245813e+03, 2.91884186e+02, 8.22960615e-01,
            1.89889502e+03, 4.09725616e+02, 7.83405900e-01, 0.0, 0.0,
            0.0, 1.79888647e+03, 2.91850342e+02, 7.74438739e-01,
            1.84297290e+03, 3.89073639e+02, 5.18648177e-02, 0.0, 0.0,
            0.0, 1.86362512e+03, 5.50856628e+02, 6.03183091e-01,
            1.89594495e+03, 7.36264526e+02, 6.96459591e-01,
            1.89582910e+03, 9.27618713e+02, 6.49425268e-01,
            1.79004773e+03, 5.44993652e+02, 5.76808393e-01,
            1.78125354e+03, 7.21579590e+02, 7.70744503e-01,
            1.71640002e+03, 8.92309326e+02, 7.23595262e-01,
            1.89305652e+03, 1.88807007e+02, 9.07582223e-01,
            1.92250037e+03, 1.91766327e+02, 8.04032922e-01,
            1.84302539e+03, 1.94766052e+02, 8.31348360e-01, 0.0, 0.0,
            0.0 ]
    }
}
