{
    "pose_0": {
        "type_id": "opencv-matrix",
        "rows": 1,
        "cols": 18,
        "dt": "3f",
        "data": [ 5.12682617e+02, 2.35968811e+02, 8.50049615e-01,
            4.42021912e+02, 3.18489532e+02, 7.07771242e-01,
            4.30245789e+02, 3.18355988e+02, 8.54916036e-01,
            4.12694794e+02, 4.42060272e+02, 8.63232017e-01,
            5.06833679e+02, 4.53767548e+02, 8.43611062e-01,
            4.59583344e+02, 3.18368164e+02, 6.58282936e-01,
            4.56710327e+02, 4.39070160e+02, 7.79252350e-02,
            5.06723450e+02, 4.44914093e+02, 9.03827250e-02,
            4.56615326e+02, 5.74387146e+02, 6.68632627e-01,
            4.83300903e+02, 7.65649536e+02, 7.47321188e-01,
            4.86117859e+02, 9.54182068e+02, 7.69737840e-01,
            4.65571075e+02, 5.71408264e+02, 4.69866514e-01,
            4.36051056e+02, 7.59803101e+02, 7.77678907e-01,
            3.33091492e+02, 9.21689758e+02, 7.13060021e-01,
            5.03669800e+02, 2.21103470e+02, 9.25544500e-01,
            5.15623962e+02, 2.21312363e+02, 4.82727289e-01,
            4.53771057e+02, 2.21164948e+02, 8.45177472e-01, 0.0, 0.0,
            0.0 ]
    }
}
