{
    "pose_0": {
        "type_id": "opencv-matrix",
        "rows": 1,
        "cols": 18,
        "dt": "3f",
        "data": [ 1.80175684e+03, 2.24181961e+02, 9.09357846e-01,
            1.72517188e+03, 3.15339417e+02, 8.57864678e-01,
            1.76933069e+03, 3.12524750e+02, 8.12295675e-01,
            1.79584619e+03, 4.33248657e+02, 8.69806349e-01,
            1.81056982e+03, 4.27227783e+02, 1.86513484e-01,
            1.68102478e+03, 3.15410675e+02, 8.04576755e-01,
            1.69584473e+03, 4.30215973e+02, 6.76848814e-02, 0.0, 0.0,
            0.0, 1.75770056e+03, 5.71498535e+02, 5.91073871e-01,
            1.81057495e+03, 7.59766724e+02, 7.70945311e-01,
            1.87256079e+03, 9.27486389e+02, 8.58773589e-01,
            1.68116418e+03, 5.74415466e+02, 6.34287596e-01,
            1.70461353e+03, 7.59889282e+02, 8.23343396e-01,
            1.69584839e+03, 9.27678467e+02, 7.40148067e-01,
            1.79588342e+03, 2.09461197e+02, 8.65497708e-01, 0.0, 0.0,
            0.0, 1.75480493e+03, 2.18215500e+02, 7.44084597e-01, 0.0,
            0.0, 0.0 ]
    }
}
