{
    "pose_0": {
        "type_id": "opencv-matrix",
        "rows": 1,
        "cols": 18,
        "dt": "3f",
        "data": [ 5.42084717e+02, 2.27216843e+02, 8.93827736e-01,
            4.65587585e+02, 3.15464844e+02, 6.78411543e-01,
            4.56651215e+02, 3.15361938e+02, 8.79251420e-01,
            4.39085022e+02, 4.36173126e+02, 8.91980886e-01,
            5.30328125e+02, 4.53700653e+02, 8.66811395e-01,
            4.80297241e+02, 3.15369446e+02, 6.37776017e-01,
            4.83091492e+02, 4.36096497e+02, 5.49009144e-02, 0.0, 0.0,
            0.0, 4.71450378e+02, 5.68565674e+02, 5.91066480e-01,
            5.03772888e+02, 7.53924561e+02, 6.81981802e-01,
            4.83201477e+02, 9.54124329e+02, 8.05990219e-01,
            5.03871246e+02, 5.59764954e+02, 5.40769041e-01,
            5.06744354e+02, 7.48134583e+02, 5.99671245e-01,
            4.00766815e+02, 8.83560303e+02, 7.61230588e-01,
            5.27411438e+02, 2.18186783e+02, 9.32153583e-01,
            5.47819153e+02, 2.21114334e+02, 3.39042336e-01,
            4.80311035e+02, 2.18271164e+02, 8.72686446e-01, 0.0, 0.0,
            0.0 ]
    }
}
