{
    "pose_0": {
        "type_id": "opencv-matrix",
        "rows": 1,
        "cols": 18,
        "dt": "3f",
        "data": [ 1.64870068e+03, 2.33056717e+02, 8.06764007e-01,
            1.56344592e+03, 3.21412933e+02, 8.46034229e-01,
            1.60162451e+03, 3.24237335e+02, 8.01793516e-01,
            1.61342065e+03, 4.47893890e+02, 8.41377258e-01,
            1.65164111e+03, 4.53739319e+02, 7.49239206e-01,
            1.52511609e+03, 3.21377716e+02, 7.52392769e-01,
            1.55747839e+03, 4.36079407e+02, 1.12234861e-01, 0.0, 0.0,
            0.0, 1.58977710e+03, 5.77327515e+02, 6.52258098e-01,
            1.57806409e+03, 7.56944336e+02, 6.43794477e-01,
            1.53386841e+03, 9.51183411e+02, 7.76885629e-01,
            1.54270471e+03, 5.77302002e+02, 5.80189228e-01,
            1.62809204e+03, 7.42107666e+02, 6.95167184e-01,
            1.67230115e+03, 9.27516296e+02, 7.71891356e-01,
            1.63698328e+03, 2.21215591e+02, 9.41269159e-01, 0.0, 0.0,
            0.0, 1.60450073e+03, 2.24302231e+02, 7.74930835e-01, 0.0,
            0.0, 0.0 ]
    }
}
