{
    "pose_0": {
        "type_id": "opencv-matrix",
        "rows": 1,
        "cols": 18,
        "dt": "3f",
        "data": [ 0.0, 0.0, 0.0, 1.92253418e+03, 2.88888519e+02,
            2.32924759e-01, 1.92248547e+03, 2.88904175e+02,
            1.82089806e-01, 0.0, 0.0, 0.0, 0.0, 0.0, 0.0, 1.89001282e+03,
            2.83105927e+02, 4.78497326e-01, 0.0, 0.0, 0.0, 0.0, 0.0, 0.0,
            1.92245959e+03, 5.30268188e+02, 2.69551724e-01,
            1.92252783e+03, 7.00990173e+02, 1.91092625e-01,
            1.87531677e+03, 8.59907471e+02, 2.20760137e-01,
            1.87236719e+03, 5.27309631e+02, 3.88967335e-01,
            1.92253528e+03, 7.00991882e+02, 2.37706915e-01,
            1.87252710e+03, 8.59955261e+02, 2.15426683e-01, 0.0, 0.0,
            0.0, 0.0, 0.0, 0.0, 0.0, 0.0, 0.0, 1.92245044e+03,
            1.88837265e+02, 8.56400356e-02 ]
    }
}
