{
    "pose_0": {
        "type_id": "opencv-matrix",
        "rows": 1,
        "cols": 18,
        "dt": "3f",
        "data": [ 1.27199719e+03, 2.41758148e+02, 8.58584821e-01,
            1.18970190e+03, 3.18489594e+02, 7.86085844e-01,
            1.21319153e+03, 3.18531097e+02, 8.46153796e-01,
            1.23357629e+03, 4.50817078e+02, 8.64602327e-01,
            1.28363843e+03, 4.50846008e+02, 7.58676410e-01,
            1.16898608e+03, 3.18363342e+02, 7.11525202e-01,
            1.20417053e+03, 4.15475555e+02, 8.72030929e-02, 0.0, 0.0,
            0.0, 1.21014917e+03, 5.77307739e+02, 6.60227597e-01,
            1.21003809e+03, 7.62884094e+02, 7.32266486e-01,
            1.16900220e+03, 9.54168884e+02, 8.06324303e-01,
            1.18961804e+03, 5.74421753e+02, 5.05867124e-01,
            1.26015503e+03, 7.51052429e+02, 7.08402038e-01,
            1.30744604e+03, 9.27657410e+02, 8.22090626e-01,
            1.26024512e+03, 2.21332352e+02, 9.50534940e-01, 0.0, 0.0,
            0.0, 1.21905481e+03, 2.24256790e+02, 7.85584629e-01, 0.0,
            0.0, 0.0 ]
    }
}
