{
    "pose_0": {
        "type_id": "opencv-matrix",
        "rows": 1,
        "cols": 18,
        "dt": "3f",
        "data": [ 7.24492126e+02, 2.35956711e+02, 8.64637554e-01,
            6.48107605e+02, 3.15516083e+02, 6.77883387e-01,
            6.45115051e+02, 3.15467834e+02, 8.51582408e-01,
            6.27441589e+02, 4.36268555e+02, 8.69638503e-01,
            7.06926025e+02, 4.53792267e+02, 8.44252288e-01,
            6.56823608e+02, 3.15342438e+02, 5.76761007e-01,
            6.50948425e+02, 4.21427979e+02, 8.30112845e-02, 0.0, 0.0,
            0.0, 6.65646362e+02, 5.68555298e+02, 6.43661022e-01,
            7.59761047e+02, 7.33366638e+02, 7.85217047e-01,
            7.18570007e+02, 9.27549500e+02, 7.98665762e-01,
            6.47938538e+02, 5.65637390e+02, 4.88786101e-01,
            6.68712036e+02, 7.53974487e+02, 7.56659031e-01,
            6.45109436e+02, 9.30550415e+02, 7.82900512e-01,
            7.15628052e+02, 2.21091049e+02, 9.25681114e-01,
            7.24551514e+02, 2.21345673e+02, 2.51321912e-01,
            6.68583313e+02, 2.18303009e+02, 8.37573230e-01, 0.0, 0.0,
            0.0 ]
    }
}
