{
    "pose_0": {
        "type_id": "opencv-matrix",
        "rows": 1,
        "cols": 18,
        "dt": "3f",
        "data": [ 1.77832361e+03, 2.27070206e+02, 8.97427440e-01,
            1.70162878e+03, 3.15318024e+02, 8.55416775e-01,
            1.73991260e+03, 3.15319366e+02, 8.17389190e-01,
            1.76058667e+03, 4.36036835e+02, 8.36334586e-01,
            1.78121802e+03, 4.36032196e+02, 5.04062593e-01,
            1.66038318e+03, 3.15337524e+02, 7.93628812e-01,
            1.68407458e+03, 4.21374542e+02, 7.90185034e-02, 0.0, 0.0,
            0.0, 1.73994507e+03, 5.71429443e+02, 5.72151721e-01,
            1.79593091e+03, 7.45144226e+02, 7.54337072e-01,
            1.82823010e+03, 9.30507263e+02, 7.87451684e-01,
            1.66048682e+03, 5.71530029e+02, 6.11602426e-01,
            1.69870691e+03, 7.56918030e+02, 7.41953015e-01,
            1.69872754e+03, 9.27718933e+02, 7.68938661e-01,
            1.77515027e+03, 2.12443634e+02, 8.66253495e-01, 0.0, 0.0,
            0.0, 1.73121851e+03, 2.18255432e+02, 7.32330739e-01, 0.0,
            0.0, 0.0 ]
    }
}
