{
    "pose_0": {
        "type_id": "opencv-matrix",
        "rows": 1,
        "cols": 18,
        "dt": "3f",
        "data": [ 1.28366858e+03, 2.44612839e+02, 9.34406638e-01,
            1.21023083e+03, 3.24326477e+02, 7.85665512e-01,
            1.23371423e+03, 3.33018250e+02, 8.22459757e-01,
            1.24250842e+03, 4.53757141e+02, 8.73230815e-01,
            1.29552612e+03, 4.44978546e+02, 7.37246871e-01,
            1.18665747e+03, 3.21273407e+02, 7.26265848e-01,
            1.20724634e+03, 4.30225098e+02, 8.47530439e-02, 0.0, 0.0,
            0.0, 1.22489490e+03, 5.77357849e+02, 6.37771785e-01,
            1.21315210e+03, 7.65644409e+02, 7.81285048e-01,
            1.16893298e+03, 9.54127930e+02, 8.05379570e-01,
            1.21010535e+03, 5.74392700e+02, 4.94004577e-01,
            1.26611768e+03, 754.0, 6.59603179e-01, 1.32500403e+03,
            9.27683838e+02, 7.98871398e-01, 1.27486536e+03,
            2.24129333e+02, 9.21036959e-01, 0.0, 0.0, 0.0,
            1.23356067e+03, 2.27186813e+02, 7.80936837e-01, 0.0, 0.0,
            0.0 ]
    }
}
