{
    "pose_0": {
        "type_id": "opencv-matrix",
        "rows": 1,
        "cols": 18,
        "dt": "3f",
        "data": [ 2.18304092e+02, 2.27170135e+02, 8.94723058e-01,
            1.50528793e+02, 3.18384399e+02, 8.59366775e-01,
            1.12324707e+02, 3.15314026e+02, 8.09753895e-01,
            8.28597260e+01, 4.36109039e+02, 9.11854327e-01,
            1.85899368e+02, 4.53646484e+02, 8.20301533e-01,
            1.80124832e+02, 3.21385925e+02, 7.35386312e-01,
            1.97686096e+02, 4.56675293e+02, 1.38687313e-01,
            2.09482483e+02, 4.53768463e+02, 1.94264650e-01,
            1.27002510e+02, 5.92042786e+02, 6.38860941e-01,
            1.12334862e+02, 7.83401550e+02, 7.33636141e-01,
            1.03394073e+02, 9.57046814e+02, 8.16470861e-01,
            2.00605927e+02, 5.80389526e+02, 6.69248998e-01,
            2.71406708e+02, 7.36235352e+02, 8.35638463e-01,
            2.71324005e+02, 9.21677673e+02, 8.15083444e-01,
            1.97798630e+02, 2.15325027e+02, 8.89069915e-01,
            2.21224319e+02, 2.18193817e+02, 7.56947994e-01,
            1.50478073e+02, 2.15301376e+02, 7.79745221e-01, 0.0, 0.0,
            0.0 ]
    }
}
