{
    "pose_0": {
        "type_id": "opencv-matrix",
        "rows": 1,
        "cols": 18,
        "dt": "3f",
        "data": [ 1.19247314e+03, 2.44649780e+02, 9.40986991e-01,
            1.11892993e+03, 3.21424133e+02, 7.83519566e-01,
            1.13961426e+03, 3.27198486e+02, 8.44705284e-01,
            1.15424048e+03, 4.53753723e+02, 8.34135175e-01,
            1.20421265e+03, 4.53783600e+02, 7.87586093e-01,
            1.09831067e+03, 3.18521851e+02, 7.07650661e-01,
            1.13065247e+03, 4.15562775e+02, 1.05118327e-01, 0.0, 0.0,
            0.0, 1.14544495e+03, 5.77437744e+02, 6.30200148e-01,
            1.16591455e+03, 7.62770691e+02, 7.49610305e-01,
            1.16601770e+03, 9.57125061e+02, 7.53176033e-01,
            1.10128027e+03, 5.77372559e+02, 5.66978216e-01,
            1.13368213e+03, 7.59780823e+02, 7.34004021e-01,
            1.03649255e+03, 9.07130676e+02, 7.44738996e-01,
            1.18653699e+03, 2.24168320e+02, 9.96275365e-01, 0.0, 0.0,
            0.0, 1.14250659e+03, 2.27098480e+02, 8.22573245e-01, 0.0,
            0.0, 0.0 ]
    }
}
