{
    "pose_0": {
        "type_id": "opencv-matrix",
        "rows": 1,
        "cols": 18,
        "dt": "3f",
        "data": [ 1.03948315e+03, 2.33012863e+02, 8.74082804e-01,
            9.59969971e+02, 3.18487335e+02, 6.53617918e-01,
            9.71719727e+02, 3.21403290e+02, 7.99516082e-01,
            9.71819580e+02, 4.50776520e+02, 8.44703019e-01,
            1.03068433e+03, 4.53698181e+02, 7.95811057e-01,
            9.54051941e+02, 3.15531952e+02, 5.80000818e-01,
            9.62927856e+02, 4.15444977e+02, 7.34013543e-02, 0.0, 0.0,
            0.0, 9.77717041e+02, 5.71489319e+02, 6.33843482e-01,
            1.04523218e+03, 7.51015137e+02, 8.00258934e-01,
            9.21728088e+02, 9.04176025e+02, 7.65873671e-01,
            9.57027954e+02, 5.68513672e+02, 4.53660607e-01,
            9.92394226e+02, 7.62646118e+02, 7.49182999e-01,
            9.89441711e+02, 9.33518677e+02, 7.23723531e-01,
            1.02466736e+03, 2.21131073e+02, 9.50646639e-01,
            1.03946179e+03, 2.18242645e+02, 5.57434037e-02,
            9.80549011e+02, 2.24335938e+02, 8.20072949e-01, 0.0, 0.0,
            0.0 ]
    }
}
