{
    "pose_0": {
        "type_id": "opencv-matrix",
        "rows": 1,
        "cols": 18,
        "dt": "3f",
        "data": [ 1.40148120e+03, 2.32999802e+02, 9.03189361e-01,
            1.32781738e+03, 3.15382813e+02, 8.34772646e-01,
            1.35130811e+03, 3.15521606e+02, 8.76994729e-01,
            1.35436707e+03, 4.39039978e+02, 9.08862352e-01,
            1.41624146e+03, 4.39043610e+02, 7.53839791e-01,
            1.30431372e+03, 3.12503113e+02, 7.39814937e-01,
            1.32196265e+03, 4.15488800e+02, 9.75617692e-02, 0.0, 0.0,
            0.0, 1.35131934e+03, 5.62702148e+02, 6.22844994e-01,
            1.42804114e+03, 7.30470947e+02, 8.03295195e-01,
            1.37510889e+03, 9.21706360e+02, 7.53158629e-01,
            1.29551013e+03, 5.71437744e+02, 5.63222647e-01,
            1.33680872e+03, 7.48139465e+02, 7.41978407e-01,
            1.33084900e+03, 9.27625488e+02, 7.05911398e-01,
            1.39558105e+03, 2.21117508e+02, 9.23596919e-01, 0.0, 0.0,
            0.0, 1.35438501e+03, 2.21222794e+02, 8.15487802e-01, 0.0,
            0.0, 0.0 ]
    }
}
