{
    "pose_0": {
        "type_id": "opencv-matrix",
        "rows": 1,
        "cols": 18,
        "dt": "3f",
        "data": [ 1.97640564e+02, 2.24048187e+02, 9.60812032e-01,
            1.26974289e+02, 3.15262268e+02, 8.59466255e-01,
            8.29728241e+01, 3.03630676e+02, 7.83835113e-01,
            5.64066772e+01, 4.33037079e+02, 8.88904333e-01,
            1.65278412e+02, 4.41999420e+02, 8.32235396e-01,
            1.65372345e+02, 3.18316498e+02, 7.77656376e-01,
            1.74146301e+02, 4.47837311e+02, 1.59689382e-01, 0.0, 0.0,
            0.0, 1.00590065e+02, 5.80362976e+02, 6.33580744e-01,
            1.06548271e+02, 7.83348755e+02, 7.68982351e-01,
            1.00472321e+02, 9.51195251e+02, 7.87001133e-01,
            1.77139572e+02, 5.77302368e+02, 6.93013549e-01,
            2.65324921e+02, 7.15802795e+02, 8.88748884e-01,
            1.94735321e+02, 8.83452820e+02, 8.43470871e-01,
            1.77089005e+02, 2.00772903e+02, 9.46882129e-01,
            1.97745377e+02, 2.03640350e+02, 6.46386027e-01,
            1.27098465e+02, 2.00704178e+02, 8.28930378e-01, 0.0, 0.0,
            0.0 ]
    }
}
