{
    "pose_0": {
        "type_id": "opencv-matrix",
        "rows": 1,
        "cols": 18,
        "dt": "3f",
        "data": [ 1.72815466e+03, 2.30112503e+02, 8.94075215e-01,
            1.63989624e+03, 3.21261353e+02, 8.47599745e-01,
            1.68117603e+03, 3.21301178e+02, 8.55918884e-01,
            1.70468591e+03, 4.44896118e+02, 8.47040236e-01,
            1.73127637e+03, 4.39122833e+02, 6.81653142e-01,
            1.60457690e+03, 3.18501556e+02, 7.55856514e-01,
            1.63400159e+03, 4.33187805e+02, 8.63911286e-02, 0.0, 0.0,
            0.0, 1.66938464e+03, 5.74442627e+02, 6.17623448e-01,
            1.67805408e+03, 7.53940552e+02, 7.05508828e-01,
            1.56336121e+03, 9.24640320e+02, 8.17359447e-01,
            1.61641296e+03, 5.71443054e+02, 5.48585296e-01,
            1.68993640e+03, 7.51017273e+02, 6.53741896e-01,
            1.70168787e+03, 9.33574585e+02, 7.73759425e-01,
            1.71644263e+03, 2.21099274e+02, 9.00949419e-01, 0.0, 0.0,
            0.0, 1.68114832e+03, 2.24098923e+02, 8.13373864e-01, 0.0,
            0.0, 0.0 ]
    }
}
