{
    "pose_0": {
        "type_id": "opencv-matrix",
        "rows": 1,
        "cols": 18,
        "dt": "3f",
        "data": [ 6.36184326e+02, 2.38870590e+02, 8.65122557e-01,
            5.62644348e+02, 3.21361511e+02, 6.22290075e-01,
            5.53890259e+02, 3.21325287e+02, 8.17870080e-01,
            5.45026978e+02, 4.47850555e+02, 8.36667418e-01,
            6.24508972e+02, 4.56672699e+02, 8.78966808e-01,
            5.71447876e+02, 3.18470367e+02, 5.68863213e-01,
            5.77460449e+02, 4.44892761e+02, 5.76512553e-02,
            6.24454163e+02, 4.47868469e+02, 8.87730271e-02,
            5.71375854e+02, 5.77464417e+02, 6.27447128e-01,
            5.39101746e+02, 7.48067871e+02, 6.93595469e-01,
            4.80127472e+02, 9.51101868e+02, 8.43146384e-01,
            6.03897949e+02, 5.77315796e+02, 5.72477937e-01,
            6.27417419e+02, 7.59840271e+02, 7.41883039e-01,
            6.48028870e+02, 9.33512390e+02, 7.83629179e-01,
            6.21434082e+02, 2.21245010e+02, 9.60404098e-01,
            6.33331360e+02, 2.21366104e+02, 3.71660203e-01,
            5.74335144e+02, 2.24109726e+02, 8.59702647e-01, 0.0, 0.0,
            0.0 ]
    }
}
