{
    "pose_0": {
        "type_id": "opencv-matrix",
        "rows": 1,
        "cols": 18,
        "dt": "3f",
        "data": [ 8.74626282e+02, 2.24189468e+02, 9.52615321e-01,
            7.92241089e+02, 3.09479279e+02, 6.28577948e-01,
            8.03953186e+02, 3.12387665e+02, 7.83259749e-01,
            8.09786255e+02, 4.36010590e+02, 8.87353837e-01,
            8.68797607e+02, 4.36137695e+02, 8.11803520e-01,
            7.86285156e+02, 3.00727692e+02, 5.46791911e-01,
            7.92319519e+02, 4.09664764e+02, 6.76240623e-02, 0.0, 0.0,
            0.0, 8.12845825e+02, 5.68509460e+02, 6.45389974e-01,
            8.36384827e+02, 7.42150696e+02, 7.46552289e-01,
            8.24652161e+02, 9.45281555e+02, 7.48869896e-01,
            8.27508301e+02, 5.59693115e+02, 4.43505287e-01,
            8.80472351e+02, 7.39182190e+02, 7.09052861e-01,
            7.62717407e+02, 8.77575256e+02, 7.56746829e-01,
            8.59887939e+02, 2.03602310e+02, 9.37441230e-01,
            8.74690674e+02, 2.00787308e+02, 5.48186116e-02,
            8.12850403e+02, 2.06502991e+02, 8.31165075e-01, 0.0, 0.0,
            0.0 ]
    }
}
