{
    "pose_0": {
        "type_id": "opencv-matrix",
        "rows": 1,
        "cols": 18,
        "dt": "3f",
        "data": [ 1.92252100e+03, 1.97658325e+02, 8.39162230e-01,
            1.84600708e+03, 2.91804382e+02, 8.22875440e-01,
            1.88118640e+03, 2.91894409e+02, 7.48169601e-01,
            1.92248328e+03, 4.06683929e+02, 6.81124389e-01, 0.0, 0.0,
            0.0, 1.80771826e+03, 2.91855652e+02, 7.10532188e-01, 0.0,
            0.0, 0.0, 0.0, 0.0, 0.0, 1.87247852e+03, 5.50856079e+02,
            6.03164911e-01, 1.89901672e+03, 7.33366028e+02,
            6.08782053e-01, 1.89580005e+03, 9.24693237e+02,
            6.83766842e-01, 1.80180298e+03, 5.42090820e+02,
            6.02134287e-01, 1.79885925e+03, 7.15767639e+02,
            8.38870645e-01, 1.72521704e+03, 8.83581421e+02,
            7.65197515e-01, 1.89899268e+03, 1.77250198e+02,
            8.37965727e-01, 1.92253894e+03, 1.79998001e+02,
            5.87984920e-01, 1.85180884e+03, 1.91740692e+02,
            7.72474825e-01, 0.0, 0.0, 0.0 ]
    }
}
