{
    "pose_0": {
        "type_id": "opencv-matrix",
        "rows": 1,
        "cols": 18,
        "dt": "3f",
        "data": [ 1.32499487e+03, 2.38875412e+02, 9.09330487e-01,
            1.25140466e+03, 3.21386108e+02, 7.80041337e-01,
            1.27781519e+03, 3.24284576e+02, 8.20929945e-01,
            1.28678967e+03, 4.50859131e+02, 8.57087255e-01,
            1.33383826e+03, 4.47890533e+02, 7.77093232e-01,
            1.22488440e+03, 3.18516693e+02, 7.17871070e-01,
            1.25724597e+03, 4.15610077e+02, 1.05954811e-01, 0.0, 0.0,
            0.0, 1.26905811e+03, 5.74420471e+02, 6.45744324e-01,
            1.25140125e+03, 7.59868103e+02, 7.30648518e-01,
            1.18647913e+03, 9.45315247e+02, 8.18186522e-01,
            1.26607349e+03, 5.71447937e+02, 4.43501681e-01,
            1.31317102e+03, 7.48091492e+02, 7.02953756e-01,
            1.33677466e+03, 9.30703735e+02, 7.78493941e-01,
            1.31030591e+03, 2.21253418e+02, 9.34175968e-01, 0.0, 0.0,
            0.0, 1.27495801e+03, 2.24254303e+02, 8.01333964e-01, 0.0,
            0.0, 0.0 ]
    }
}
