{
    "pose_0": {
        "type_id": "opencv-matrix",
        "rows": 1,
        "cols": 18,
        "dt": "3f",
        "data": [ 1.83029434e+02, 2.18202255e+02, 8.69303882e-01,
            1.18211159e+02, 3.06629211e+02, 7.96695232e-01,
            7.40804520e+01, 2.94954681e+02, 7.97889829e-01,
            3.59998131e+01, 4.27216370e+02, 8.42533946e-01,
            1.53428024e+02, 4.33182312e+02, 9.24057901e-01,
            1.65307709e+02, 3.15335297e+02, 7.94774711e-01,
            1.77088333e+02, 4.33174225e+02, 2.39060819e-01,
            1.80035965e+02, 4.33198975e+02, 2.04143628e-01,
            1.00566116e+02, 5.59738831e+02, 6.21723175e-01,
            1.06550583e+02, 7.42181458e+02, 7.19542384e-01,
            1.00491882e+02, 9.36448914e+02, 7.75796413e-01,
            1.77042404e+02, 5.53833618e+02, 6.55986369e-01,
            1.77223083e+02, 7.39213013e+02, 7.24079013e-01,
            1.53488098e+02, 9.18776123e+02, 7.85699487e-01,
            1.71109772e+02, 1.97712891e+02, 8.98938298e-01,
            1.91830872e+02, 1.97784653e+02, 7.58955657e-01,
            1.15331116e+02, 1.97812653e+02, 7.47123122e-01, 0.0, 0.0,
            0.0 ]
    }
}
