{
    "pose_0": {
        "type_id": "opencv-matrix",
        "rows": 1,
        "cols": 18,
        "dt": "3f",
        "data": [ 2.94743622e+02, 2.41712158e+02, 9.00019050e-01,
            2.27099380e+02, 3.38882141e+02, 8.44611406e-01,
            1.97697754e+02, 3.27228577e+02, 8.04205835e-01,
            1.62443573e+02, 4.53713898e+02, 8.44633579e-01,
            2.68271301e+02, 4.62573883e+02, 8.76126945e-01,
            2.65355225e+02, 3.41957153e+02, 7.55101323e-01,
            2.80071960e+02, 4.62582489e+02, 1.33238718e-01,
            2.88928101e+02, 4.65479584e+02, 1.94575265e-01,
            2.09490814e+02, 5.97984436e+02, 6.25353813e-01,
            1.80012558e+02, 7.83364258e+02, 7.27848768e-01,
            1.06581383e+02, 9.60011658e+02, 7.93268979e-01,
            2.80068085e+02, 5.95034363e+02, 6.27393305e-01,
            2.91920990e+02, 7.83312073e+02, 7.39082634e-01,
            3.00737732e+02, 9.51250000e+02, 7.60115743e-01,
            2.74309662e+02, 2.21354782e+02, 9.08793926e-01,
            2.94707581e+02, 2.24135101e+02, 5.48056364e-01,
            2.24214691e+02, 2.27130112e+02, 8.87496710e-01, 0.0, 0.0,
            0.0 ]
    }
}
