{
    "pose_0": {
        "type_id": "opencv-matrix",
        "rows": 1,
        "cols": 18,
        "dt": "3f",
        "data": [ 1.88803574e+02, 2.18316040e+02, 8.81555200e-01,
            1.18212135e+02, 3.09563751e+02, 8.05326283e-01,
            7.69408417e+01, 2.97800812e+02, 7.91541040e-01,
            3.59877625e+01, 4.30135010e+02, 8.66851509e-01,
            1.53452621e+02, 4.36090576e+02, 9.35339868e-01,
            1.62334137e+02, 3.15423950e+02, 7.85423040e-01,
            1.74190262e+02, 4.36136749e+02, 1.64896995e-01,
            1.77032181e+02, 4.36054840e+02, 1.31168216e-01,
            1.03432335e+02, 5.71440979e+02, 6.40173018e-01,
            1.06607597e+02, 7.45196838e+02, 7.04624295e-01,
            1.00547333e+02, 9.36507751e+02, 7.71670759e-01,
            1.77217422e+02, 5.59721863e+02, 6.51904941e-01,
            1.97595627e+02, 7.39275024e+02, 7.79324889e-01,
            1.53564896e+02, 9.10020203e+02, 7.86940455e-01,
            1.71252625e+02, 1.97735062e+02, 9.23851550e-01,
            1.94672653e+02, 2.00612900e+02, 6.92226827e-01,
            1.18248558e+02, 1.97816391e+02, 7.57988095e-01, 0.0, 0.0,
            0.0 ]
    }
}
