{
    "pose_0": {
        "type_id": "opencv-matrix",
        "rows": 1,
        "cols": 18,
        "dt": "3f",
        "data": [ 1.56924780e+03, 2.38884232e+02, 8.40970814e-01,
            1.49277405e+03, 3.21380127e+02, 8.29037488e-01,
            1.52221155e+03, 3.21383026e+02, 8.16583395e-01,
            1.54571118e+03, 4.47910736e+02, 8.58003855e-01,
            1.59274878e+03, 4.47846619e+02, 7.24449933e-01,
            1.46324292e+03, 3.18525818e+02, 7.13921726e-01,
            1.49281091e+03, 4.36083252e+02, 9.37717855e-02, 0.0, 0.0,
            0.0, 1.52506604e+03, 5.74392761e+02, 6.02815747e-01,
            1.54263574e+03, 7.45157776e+02, 7.15160787e-01,
            1.53386938e+03, 9.54015991e+02, 7.17845440e-01,
            1.46622107e+03, 5.74379272e+02, 6.07489228e-01,
            1.50744043e+03, 7.42174866e+02, 7.75983930e-01,
            1.40742041e+03, 8.95201965e+02, 6.99336290e-01,
            1.56330273e+03, 2.21347107e+02, 9.58811760e-01, 0.0, 0.0,
            0.0, 1.52214844e+03, 2.27246628e+02, 7.93597460e-01, 0.0,
            0.0, 0.0 ]
    }
}
