{
    "pose_0": {
        "type_id": "opencv-matrix",
        "rows": 1,
        "cols": 18,
        "dt": "3f",
        "data": [ 0.0, 0.0, 0.0, 1.89599548e+03, 2.77181519e+02,
            5.52558184e-01, 1.92248767e+03, 2.71325470e+02,
            4.60879177e-01, 0.0, 0.0, 0.0, 0.0, 0.0, 0.0, 1.86943738e+03,
            2.77209229e+02, 5.45429349e-01, 0.0, 0.0, 0.0, 0.0, 0.0, 0.0,
            1.89299939e+03, 5.30290100e+02, 3.60885680e-01,
            1.90190430e+03, 6.98115845e+02, 4.25332993e-01,
            1.81061438e+03, 8.42249878e+02, 3.68776292e-01,
            1.86355591e+03, 5.27357178e+02, 4.49476093e-01,
            1.92246643e+03, 6.98018738e+02, 3.38593930e-01,
            1.81063220e+03, 8.39362305e+02, 3.02882820e-01, 0.0, 0.0,
            0.0, 0.0, 0.0, 0.0, 1.92251453e+03, 1.88833481e+02,
            3.82968128e-01, 1.89603101e+03, 1.83009567e+02,
            1.76437870e-01 ]
    }
}
