{
    "pose_0": {
        "type_id": "opencv-matrix",
        "rows": 1,
        "cols": 18,
        "dt": "3f",
        "data": [ 7.62681030e+02, 2.41763107e+02, 9.34221148e-01,
            6.86290710e+02, 3.18363220e+02, 6.20566308e-01,
            6.86317932e+02, 3.18381256e+02, 8.22202325e-01,
            6.80342407e+02, 4.44880219e+02, 8.19038153e-01,
            7.56862000e+02, 4.53673889e+02, 8.08051109e-01,
            6.83344543e+02, 3.15422516e+02, 5.23235083e-01,
            6.92140381e+02, 4.18402161e+02, 7.42035732e-02, 0.0, 0.0,
            0.0, 7.09766602e+02, 5.71517822e+02, 6.05723083e-01,
            7.65826172e+02, 7.62690369e+02, 7.65809953e-01,
            8.15842346e+02, 9.48158691e+02, 7.49099970e-01,
            6.86242004e+02, 5.71417175e+02, 4.64707166e-01,
            6.74544189e+02, 7.62719543e+02, 7.72572160e-01,
            6.45036133e+02, 9.33495728e+02, 8.08339715e-01,
            7.42363647e+02, 2.21239487e+02, 9.45951343e-01,
            7.62695129e+02, 2.24149200e+02, 2.20754445e-01,
            7.00943481e+02, 2.21222610e+02, 8.26757431e-01, 0.0, 0.0,
            0.0 ]
    }
}
