{
    "pose_0": {
        "type_id": "opencv-matrix",
        "rows": 1,
        "cols": 18,
        "dt": "3f",
        "data": [ 1.94667664e+02, 2.21294052e+02, 9.13661838e-01,
            1.24031616e+02, 3.12507690e+02, 8.25271964e-01,
            8.00012512e+01, 3.00759064e+02, 7.91801631e-01,
            5.04853363e+01, 4.33072388e+02, 8.43677163e-01,
            1.56455566e+02, 4.41933624e+02, 8.58344615e-01,
            1.62357452e+02, 3.18283844e+02, 7.60771871e-01,
            1.74035217e+02, 4.50802216e+02, 1.18272617e-01, 0.0, 0.0,
            0.0, 1.00547089e+02, 5.77411011e+02, 6.34893298e-01,
            1.06537506e+02, 7.71606873e+02, 7.34076262e-01,
            9.75595856e+01, 9.51056335e+02, 7.43702054e-01,
            1.77015335e+02, 5.74446960e+02, 6.97281182e-01,
            2.44763123e+02, 7.21608521e+02, 8.66386414e-01,
            1.77008881e+02, 8.95195007e+02, 8.07269812e-01,
            1.74133301e+02, 2.00706421e+02, 9.32425857e-01,
            1.97576431e+02, 2.03546402e+02, 7.55090356e-01,
            1.24091774e+02, 2.00679428e+02, 7.78319597e-01, 0.0, 0.0,
            0.0 ]
    }
}
