{
    "pose_0": {
        "type_id": "opencv-matrix",
        "rows": 1,
        "cols": 18,
        "dt": "3f",
        "data": [ 8.92338745e+02, 2.24210556e+02, 9.45343852e-01,
            8.12949036e+02, 3.09483002e+02, 6.59637928e-01,
            8.24643982e+02, 3.12376099e+02, 7.83041716e-01,
            8.30526062e+02, 4.36078644e+02, 8.99812937e-01,
            8.89425964e+02, 4.39094604e+02, 7.92995155e-01,
            8.06932129e+02, 3.00761841e+02, 5.70585191e-01,
            8.15787292e+02, 4.09701569e+02, 8.50685239e-02, 0.0, 0.0,
            0.0, 8.30449219e+02, 5.68567627e+02, 6.51260197e-01,
            8.36494751e+02, 7.42308228e+02, 7.20481157e-01,
            8.24627197e+02, 9.36427612e+02, 6.96742058e-01,
            8.36496643e+02, 5.59742249e+02, 4.96795744e-01,
            9.15857117e+02, 7.27479248e+02, 7.65066624e-01,
            8.65829773e+02, 9.04014404e+02, 7.43119121e-01,
            8.80617859e+02, 2.03701370e+02, 9.31846917e-01, 0.0, 0.0,
            0.0, 8.36343506e+02, 2.06532654e+02, 8.33448887e-01, 0.0,
            0.0, 0.0 ]
    }
}
