{
    "pose_0": {
        "type_id": "opencv-matrix",
        "rows": 1,
        "cols": 18,
        "dt": "3f",
        "data": [ 1.04535913e+03, 2.41888672e+02, 9.78397965e-01,
            9.74608093e+02, 3.24327942e+02, 6.89708650e-01,
            9.80571045e+02, 3.27237640e+02, 8.36731911e-01,
            9.77720886e+02, 4.50790619e+02, 8.82101059e-01,
            1.04522156e+03, 4.53761688e+02, 8.16875517e-01,
            9.57071472e+02, 3.21273468e+02, 6.19092107e-01,
            9.74761658e+02, 4.15514313e+02, 7.17495233e-02, 0.0, 0.0,
            0.0, 9.92392822e+02, 5.74467346e+02, 6.46913409e-01,
            1.06896838e+03, 7.42318604e+02, 8.43292713e-01,
            9.74775940e+02, 9.15867920e+02, 6.52818561e-01,
            9.54105469e+02, 5.74442017e+02, 5.51750660e-01,
            9.92411865e+02, 7.62687744e+02, 7.77499318e-01,
            9.62957886e+02, 9.12886292e+02, 5.89699507e-01,
            1.03068591e+03, 2.24073593e+02, 9.22449112e-01, 0.0, 0.0,
            0.0, 9.92342041e+02, 2.27138062e+02, 7.96324313e-01, 0.0,
            0.0, 0.0 ]
    }
}
