{
    "pose_0": {
        "type_id": "opencv-matrix",
        "rows": 1,
        "cols": 18,
        "dt": "3f",
        "data": [ 5.65542053e+02, 2.24351868e+02, 8.81269991e-01,
            4.86179535e+02, 3.15361206e+02, 6.57411695e-01,
            4.77261292e+02, 3.15278259e+02, 8.28382730e-01,
            4.59763458e+02, 4.36074585e+02, 9.08099830e-01,
            5.47960144e+02, 4.47868347e+02, 8.07458282e-01,
            5.03725677e+02, 3.12499756e+02, 5.70877790e-01,
            5.03704620e+02, 4.33140015e+02, 5.28731123e-02, 0.0, 0.0,
            0.0, 4.83152100e+02, 5.74363831e+02, 6.36506140e-01,
            5.00833771e+02, 7.45200562e+02, 7.23831713e-01,
            4.80281250e+02, 9.45317932e+02, 7.07767904e-01,
            5.30384155e+02, 5.65642273e+02, 6.01046264e-01,
            5.94987976e+02, 7.39163513e+02, 8.66316080e-01,
            4.94961304e+02, 8.98171204e+02, 6.10963225e-01,
            5.50848633e+02, 2.12386917e+02, 9.02321458e-01,
            5.65643311e+02, 2.18210403e+02, 3.29288840e-01,
            5.00852448e+02, 2.18191833e+02, 8.18860888e-01, 0.0, 0.0,
            0.0 ]
    }
}
