{
    "pose_0": {
        "type_id": "opencv-matrix",
        "rows": 1,
        "cols": 18,
        "dt": "3f",
        "data": [ 7.45213989e+02, 2.38848663e+02, 8.77239466e-01,
            6.71682922e+02, 3.18344543e+02, 6.65028930e-01,
            6.71605347e+02, 3.18381500e+02, 8.34181488e-01,
            6.65643127e+02, 4.39149750e+02, 8.45655382e-01,
            7.33408142e+02, 4.53692596e+02, 8.28469276e-01,
            6.74511719e+02, 3.15392883e+02, 5.62733471e-01,
            6.89184387e+02, 4.36076874e+02, 7.68497512e-02, 0.0, 0.0,
            0.0, 6.92117554e+02, 5.71484741e+02, 6.52514994e-01,
            7.62871887e+02, 7.45154785e+02, 7.74511874e-01,
            8.09747192e+02, 9.42288879e+02, 7.83156157e-01,
            6.71562561e+02, 5.71428528e+02, 4.88440126e-01,
            6.71623535e+02, 7.62698303e+02, 7.84567237e-01,
            6.45024231e+02, 9.36458069e+02, 8.02153945e-01,
            7.39110535e+02, 2.21174316e+02, 9.26764607e-01,
            7.45225342e+02, 2.24070099e+02, 2.33859032e-01,
            6.92073425e+02, 2.21206406e+02, 8.59167635e-01, 0.0, 0.0,
            0.0 ]
    }
}
