{
    "pose_0": {
        "type_id": "opencv-matrix",
        "rows": 1,
        "cols": 18,
        "dt": "3f",
        "data": [ 1.11582129e+03, 2.47794540e+02, 9.57853794e-01,
            1.03070276e+03, 3.33114380e+02, 7.35872507e-01,
            1.04837451e+03, 3.38836578e+02, 8.41845870e-01,
            1.05709326e+03, 4.59570892e+02, 8.75836968e-01,
            1.11300122e+03, 4.59658813e+02, 8.82574916e-01,
            1.01879565e+03, 3.27240082e+02, 6.81054771e-01,
            1.03057861e+03, 4.36006073e+02, 9.30122733e-02, 0.0, 0.0,
            0.0, 1.06590442e+03, 5.86190979e+02, 6.10279918e-01,
            1.11601233e+03, 7.62866089e+02, 7.72901535e-01,
            1.16006775e+03, 9.54069824e+02, 7.80242622e-01,
            1.01299591e+03, 5.83300781e+02, 5.63624859e-01,
            1.02471204e+03, 7.68759277e+02, 8.01796138e-01,
            9.86446594e+02, 9.51079956e+02, 7.80994654e-01,
            1.09833350e+03, 2.30118027e+02, 8.95262361e-01,
            1.11594519e+03, 2.41741333e+02, 8.33175853e-02,
            1.05424097e+03, 2.36006256e+02, 7.97211409e-01, 0.0, 0.0,
            0.0 ]
    }
}
