{
    "pose_0": {
        "type_id": "opencv-matrix",
        "rows": 1,
        "cols": 18,
        "dt": "3f",
        "data": [ 7.15719299e+02, 2.38912125e+02, 9.41151083e-01,
            6.45051270e+02, 3.15527435e+02, 6.96530104e-01,
            6.33273010e+02, 3.15510956e+02, 8.25423002e-01,
            6.21408752e+02, 4.39064423e+02, 8.82151067e-01,
            6.95197144e+02, 4.53673157e+02, 8.82673860e-01,
            6.50979004e+02, 3.15402771e+02, 5.96352696e-01,
            6.45079224e+02, 4.21424072e+02, 8.03933442e-02,
            6.95086914e+02, 4.39084503e+02, 1.13994308e-01,
            6.51026184e+02, 5.68518066e+02, 6.31397724e-01,
            7.42276184e+02, 7.39135986e+02, 8.40030313e-01,
            6.65706116e+02, 9.12957275e+02, 6.58680677e-01,
            6.42058594e+02, 5.65592773e+02, 4.69828248e-01,
            6.68557129e+02, 7.45141052e+02, 7.46186435e-01,
            6.45013367e+02, 9.10025574e+02, 5.49712896e-01,
            6.98068604e+02, 2.21203079e+02, 9.32315588e-01,
            7.15724121e+02, 2.24066971e+02, 2.74162292e-01,
            6.53915527e+02, 2.21213852e+02, 8.13471377e-01, 0.0, 0.0,
            0.0 ]
    }
}
