{
    "pose_0": {
        "type_id": "opencv-matrix",
        "rows": 1,
        "cols": 18,
        "dt": "3f",
        "data": [ 1.36023962e+03, 2.32992508e+02, 8.56577158e-01,
            1.28374634e+03, 3.18350739e+02, 8.58916879e-01,
            1.30742554e+03, 3.18504913e+02, 8.54028344e-01,
            1.32784570e+03, 4.41964020e+02, 8.46308529e-01,
            1.37492896e+03, 4.44978729e+02, 8.14325154e-01,
            1.25734729e+03, 3.15477722e+02, 7.83511043e-01,
            1.28377686e+03, 4.15509796e+02, 9.65080783e-02, 0.0, 0.0,
            0.0, 1.30734924e+03, 5.71506897e+02, 6.44946158e-01,
            1.32791687e+03, 7.53963257e+02, 7.81829536e-01,
            1.21309521e+03, 9.24673218e+02, 8.14777195e-01,
            1.26908948e+03, 5.68503418e+02, 5.06035388e-01,
            1.33094177e+03, 7.56871338e+02, 6.54548883e-01,
            1.33389929e+03, 9.33485840e+02, 7.79161334e-01,
            1.35151794e+03, 2.21132706e+02, 9.56870258e-01, 0.0, 0.0,
            0.0, 1.31029736e+03, 2.24126572e+02, 7.98904657e-01, 0.0,
            0.0, 0.0 ]
    }
}
