{
    "pose_0": {
        "type_id": "opencv-matrix",
        "rows": 1,
        "cols": 18,
        "dt": "3f",
        "data": [ 6.62760010e+02, 2.35922394e+02, 8.77060652e-01,
            5.94947937e+02, 3.18443329e+02, 6.24974251e-01,
            5.80400513e+02, 3.18408051e+02, 8.28885019e-01,
            5.77304626e+02, 4.39144409e+02, 8.89881372e-01,
            6.53949341e+02, 4.56578674e+02, 8.13118458e-01,
            5.98055969e+02, 3.18299835e+02, 5.66417634e-01, 0.0, 0.0,
            0.0, 0.0, 0.0, 0.0, 5.95049500e+02, 5.74484863e+02,
            6.46494627e-01, 5.74329956e+02, 7.56868164e+02,
            7.37026513e-01, 4.83154480e+02, 9.48189575e+02,
            8.19582820e-01, 6.33310608e+02, 5.74350769e+02,
            5.37155151e-01, 6.50937683e+02, 7.59776733e+02,
            7.50520647e-01, 6.48054504e+02, 9.30700378e+02,
            8.12688589e-01, 6.45120483e+02, 2.21100418e+02,
            9.54569221e-01, 6.65650879e+02, 2.21298264e+02,
            4.78783369e-01, 5.97997253e+02, 2.21208755e+02,
            8.72299790e-01, 0.0, 0.0, 0.0 ]
    }
}
