{
    "pose_0": {
        "type_id": "opencv-matrix",
        "rows": 1,
        "cols": 18,
        "dt": "3f",
        "data": [ 4.71452118e+02, 2.44718536e+02, 9.10250783e-01,
            3.97828369e+02, 3.21433472e+02, 6.75759852e-01,
            3.85975647e+02, 3.21272064e+02, 8.67563248e-01,
            3.65576324e+02, 4.50745056e+02, 8.65108252e-01,
            4.59689941e+02, 4.56824249e+02, 8.99080336e-01,
            4.12518646e+02, 3.21376709e+02, 6.33288860e-01,
            4.09569244e+02, 4.44974457e+02, 7.85095468e-02, 0.0, 0.0,
            0.0, 4.06692200e+02, 5.80377258e+02, 6.60206735e-01,
            4.56693787e+02, 7.80422607e+02, 7.44394302e-01,
            4.86090027e+02, 9.54223938e+02, 7.70226538e-01,
            4.18413422e+02, 5.77314087e+02, 4.98927176e-01,
            3.71354889e+02, 7.65707886e+02, 7.32198834e-01,
            3.12419037e+02, 9.36494080e+02, 7.47870505e-01,
            4.56699677e+02, 2.24195465e+02, 9.67057884e-01,
            4.74371765e+02, 2.24325211e+02, 6.06570303e-01,
            4.09580933e+02, 2.24186050e+02, 8.61776710e-01, 0.0, 0.0,
            0.0 ]
    }
}
