{
    "pose_0": {
        "type_id": "opencv-matrix",
        "rows": 1,
        "cols": 18,
        "dt": "3f",
        "data": [ 1.81937622e+03, 2.24088470e+02, 8.93429399e-01,
            1.73117163e+03, 3.15330109e+02, 8.79948258e-01,
            1.77813049e+03, 3.12452576e+02, 8.50574672e-01,
            1.80483228e+03, 4.33200134e+02, 8.70269716e-01,
            1.82234265e+03, 4.21419220e+02, 1.03335463e-01,
            1.68704272e+03, 3.15452667e+02, 7.84411848e-01,
            1.70752332e+03, 4.30266266e+02, 7.51870647e-02, 0.0, 0.0,
            0.0, 1.77815637e+03, 5.71526917e+02, 6.32917404e-01,
            1.82538721e+03, 7.56943298e+02, 7.92112470e-01,
            1.87535303e+03, 9.24726135e+02, 7.99565554e-01,
            1.69578918e+03, 5.74386780e+02, 5.92027009e-01,
            1.70773999e+03, 7.59761841e+02, 7.97096491e-01,
            1.69291638e+03, 9.27500183e+02, 7.55828559e-01,
            1.80483142e+03, 2.03665161e+02, 8.74069095e-01, 0.0, 0.0,
            0.0, 1.77513586e+03, 2.12387970e+02, 7.39590704e-01, 0.0,
            0.0, 0.0 ]
    }
}
