{
    "pose_0": {
        "type_id": "opencv-matrix",
        "rows": 1,
        "cols": 18,
        "dt": "3f",
        "data": [ 1.51616528e+03, 2.41831055e+02, 9.23520029e-01,
            1.43974524e+03, 3.24228638e+02, 7.98429608e-01,
            1.46923438e+03, 3.27240509e+02, 8.35971057e-01,
            1.49266187e+03, 4.50759949e+02, 8.48768651e-01,
            1.52214929e+03, 4.47890625e+02, 6.66515291e-01,
            1.40441663e+03, 3.21272308e+02, 7.53225148e-01,
            1.43386841e+03, 4.30230743e+02, 8.37389827e-02, 0.0, 0.0,
            0.0, 1.47511755e+03, 5.80312439e+02, 6.05624378e-01,
            1.51612476e+03, 7.65844055e+02, 7.49910951e-01,
            1.53394836e+03, 9.54064575e+02, 8.04793239e-01,
            1.40162878e+03, 5.77378662e+02, 6.22065663e-01,
            1.40439124e+03, 7.62680115e+02, 8.26150298e-01,
            1.35139001e+03, 9.27669983e+02, 8.36382389e-01,
            1.50445667e+03, 2.24063538e+02, 9.06624854e-01, 0.0, 0.0,
            0.0, 1.46911743e+03, 2.24277176e+02, 8.05935144e-01, 0.0,
            0.0, 0.0 ]
    }
}
