{
    "pose_0": {
        "type_id": "opencv-matrix",
        "rows": 1,
        "cols": 18,
        "dt": "3f",
        "data": [ 9.54115234e+02, 2.30128815e+02, 9.42757607e-01,
            8.83482910e+02, 3.21355225e+02, 6.45630598e-01,
            8.86382141e+02, 3.27164459e+02, 8.01016867e-01,
            8.89316040e+02, 4.53755920e+02, 8.72577786e-01,
            9.57018799e+02, 4.56556671e+02, 8.62902343e-01,
            8.77632690e+02, 3.18328552e+02, 5.69147825e-01,
            9.01132141e+02, 4.21336151e+02, 8.01409483e-02, 0.0, 0.0,
            0.0, 9.01070068e+02, 5.74415710e+02, 6.82587385e-01,
            8.74638916e+02, 7.59849426e+02, 7.31148839e-01,
            8.24604126e+02, 9.51090454e+02, 7.94891477e-01,
            9.15898376e+02, 5.71413086e+02, 4.81125981e-01,
            9.48135010e+02, 7.59901978e+02, 7.30451107e-01,
            9.92342407e+02, 9.30654846e+02, 7.99855232e-01,
            9.42300598e+02, 2.18359634e+02, 8.91464591e-01,
            9.51238953e+02, 2.21147690e+02, 1.05013095e-01,
            9.01103943e+02, 2.24248428e+02, 8.13059747e-01, 0.0, 0.0,
            0.0 ]
    }
}
