{
    "pose_0": {
        "type_id": "opencv-matrix",
        "rows": 1,
        "cols": 18,
        "dt": "3f",
        "data": [ 1.86932922e+03, 2.15357529e+02, 8.85098040e-01,
            1.77828467e+03, 3.09460083e+02, 8.23964357e-01,
            1.82532275e+03, 3.00714478e+02, 8.18433285e-01,
            1.86649109e+03, 4.27264282e+02, 8.36934447e-01,
            1.86953906e+03, 4.15542664e+02, 6.89100474e-02,
            1.73410278e+03, 3.12450806e+02, 7.47084558e-01,
            1.73994067e+03, 4.30198547e+02, 6.32593334e-02, 0.0, 0.0,
            0.0, 1.82535962e+03, 5.65556824e+02, 6.03232026e-01,
            1.86653101e+03, 7.51061829e+02, 7.19505906e-01,
            1.89295789e+03, 9.30634277e+02, 7.31323540e-01,
            1.74291602e+03, 5.59730957e+02, 5.79456329e-01,
            1.74581165e+03, 7.45093506e+02, 7.71663308e-01,
            1.70455261e+03, 9.15820923e+02, 7.64370680e-01,
            1.84880432e+03, 1.97764725e+02, 9.72409606e-01,
            1.86656238e+03, 2.00510010e+02, 4.77312684e-01,
            1.79887451e+03, 2.00748367e+02, 8.31990957e-01, 0.0, 0.0,
            0.0 ]
    }
}
