{
    "pose_0": {
        "type_id": "opencv-matrix",
        "rows": 1,
        "cols": 18,
        "dt": "3f",
        "data": [ 1.94724747e+02, 2.15303482e+02, 8.84097815e-01,
            1.27050148e+02, 3.03610809e+02, 8.34662974e-01,
            8.00471573e+01, 2.94772461e+02, 8.76358390e-01,
            5.64596672e+01, 4.18411499e+02, 8.57246578e-01,
            1.68202606e+02, 4.30085693e+02, 8.09120834e-01,
            1.74114441e+02, 3.15284637e+02, 8.14055443e-01,
            1.85921722e+02, 4.33230194e+02, 9.97156203e-02,
            1.91770813e+02, 4.30138367e+02, 1.34678081e-01,
            1.06455994e+02, 5.53864502e+02, 6.53101563e-01,
            1.09355591e+02, 7.39175537e+02, 7.18770444e-01,
            1.06367554e+02, 9.30522705e+02, 8.32933247e-01,
            1.80038666e+02, 5.50876648e+02, 6.49040103e-01,
            1.77118958e+02, 7.36217712e+02, 7.31945634e-01,
            1.53542068e+02, 9.09933594e+02, 8.19061220e-01,
            1.74279007e+02, 1.97582611e+02, 9.48419571e-01,
            1.97657990e+02, 1.97730804e+02, 7.57150829e-01,
            1.24168694e+02, 1.97589142e+02, 8.00405741e-01, 0.0, 0.0,
            0.0 ]
    }
}
