{
    "pose_0": {
        "type_id": "opencv-matrix",
        "rows": 1,
        "cols": 18,
        "dt": "3f",
        "data": [ 6.92275024e+02, 2.38894882e+02, 9.42851961e-01,
            6.21570251e+02, 3.18389130e+02, 6.58755362e-01,
            6.18471741e+02, 3.18396729e+02, 8.24094296e-01,
            6.00937134e+02, 4.44916595e+02, 8.75891566e-01,
            6.80367798e+02, 4.56543915e+02, 8.38516116e-01,
            6.27382690e+02, 3.15480194e+02, 5.58355153e-01,
            6.21590149e+02, 4.15540466e+02, 1.03322864e-01, 0.0, 0.0,
            0.0, 6.30334595e+02, 5.71490601e+02, 6.29680514e-01,
            6.92103333e+02, 7.56957703e+02, 8.01617026e-01,
            5.59734802e+02, 9.06968811e+02, 7.83171356e-01,
            6.45009827e+02, 5.62669617e+02, 4.41625118e-01,
            6.62741821e+02, 7.59814575e+02, 6.92021489e-01,
            6.45196960e+02, 9.30528137e+02, 8.43149543e-01,
            6.77419678e+02, 2.21196747e+02, 9.10189271e-01,
            6.92296021e+02, 2.24108856e+02, 2.55047709e-01,
            6.33313782e+02, 2.21237701e+02, 8.12493563e-01, 0.0, 0.0,
            0.0 ]
    }
}
