{
    "pose_0": {
        "type_id": "opencv-matrix",
        "rows": 1,
        "cols": 18,
        "dt": "3f",
        "data": [ 1.24552502e+03, 2.41806564e+02, 8.59606743e-01,
            1.16610144e+03, 3.18385315e+02, 8.34141016e-01,
            1.18970154e+03, 3.18500671e+02, 8.49344909e-01,
            1.21002942e+03, 4.50825043e+02, 8.57655883e-01,
            1.26013501e+03, 4.50802521e+02, 7.51604795e-01,
            1.14253174e+03, 3.15494415e+02, 7.58855462e-01,
            1.17483960e+03, 4.15578369e+02, 9.09684449e-02, 0.0, 0.0,
            0.0, 1.18374414e+03, 5.77386414e+02, 6.43906832e-01,
            1.19248914e+03, 7.59753784e+02, 7.27407694e-01,
            1.16892041e+03, 9.51223328e+02, 7.88115799e-01,
            1.16306616e+03, 5.74391174e+02, 4.81148720e-01,
            1.25717578e+03, 7.39262268e+02, 7.99792409e-01,
            1.23655627e+03, 9.21702942e+02, 7.87647724e-01,
            1.23670032e+03, 2.21343018e+02, 9.53586459e-01, 0.0, 0.0,
            0.0, 1.19841907e+03, 2.24193222e+02, 7.93618858e-01, 0.0,
            0.0, 0.0 ]
    }
}
