{
    "pose_0": {
        "type_id": "opencv-matrix",
        "rows": 1,
        "cols": 18,
        "dt": "3f",
        "data": [ 9.80680847e+02, 2.30146744e+02, 8.83408904e-01,
            9.15879333e+02, 3.18330780e+02, 5.99805474e-01,
            9.15860352e+02, 3.18457916e+02, 8.07170451e-01,
            9.27479797e+02, 4.47878052e+02, 8.52949262e-01,
            9.80687439e+02, 4.53655121e+02, 8.16014290e-01,
            9.15850220e+02, 3.15394196e+02, 5.23353040e-01,
            9.27547607e+02, 4.18481049e+02, 6.79772198e-02, 0.0, 0.0,
            0.0, 9.27484009e+02, 5.74376404e+02, 6.62198663e-01,
            9.04103577e+02, 7.50998474e+02, 7.46899784e-01,
            8.33374390e+02, 9.45271667e+02, 8.22002351e-01,
            9.39378235e+02, 5.71417664e+02, 4.64979887e-01,
            9.74657043e+02, 7.62666565e+02, 7.83237994e-01,
            9.92420715e+02, 9.33550049e+02, 8.03434074e-01,
            9.74566345e+02, 2.18267075e+02, 9.21819687e-01,
            9.86414307e+02, 2.21141647e+02, 1.34139508e-01,
            9.27683105e+02, 2.21239410e+02, 8.47481132e-01, 0.0, 0.0,
            0.0 ]
    }
}
