{
    "pose_0": {
        "type_id": "opencv-matrix",
        "rows": 1,
        "cols": 18,
        "dt": "3f",
        "data": [ 1.68103711e+03, 2.41858658e+02, 9.05255198e-01,
            1.59866504e+03, 3.24252594e+02, 7.99224794e-01,
            1.63405725e+03, 3.27185974e+02, 8.47368240e-01,
            1.65737939e+03, 4.53666962e+02, 8.38484764e-01,
            1.68417212e+03, 4.56553528e+02, 7.53933787e-01,
            1.56344312e+03, 3.21400848e+02, 7.60127187e-01,
            1.59280225e+03, 4.33204559e+02, 1.13812357e-01, 0.0, 0.0,
            0.0, 1.61639893e+03, 5.80280457e+02, 6.35382652e-01,
            1.59278577e+03, 7.62709412e+02, 7.08425581e-01,
            1.53395959e+03, 9.48155579e+02, 7.75239050e-01,
            1.58683643e+03, 5.77325745e+02, 5.65125704e-01,
            1.65170813e+03, 7.56880554e+02, 6.80619419e-01,
            1.69868835e+03, 9.30690430e+02, 7.68916428e-01,
            1.67225085e+03, 2.24134140e+02, 8.88121486e-01, 0.0, 0.0,
            0.0, 1.63684351e+03, 2.27107117e+02, 7.92527676e-01, 0.0,
            0.0, 0.0 ]
    }
}
