{
    "pose_0": {
        "type_id": "opencv-matrix",
        "rows": 1,
        "cols": 18,
        "dt": "3f",
        "data": [ 1.18648938e+03, 2.44744934e+02, 9.88705873e-01,
            1.11008252e+03, 3.24260162e+02, 7.38688946e-01,
            1.12487231e+03, 3.24332062e+02, 7.90400326e-01,
            1.13952246e+03, 4.50840576e+02, 8.64012539e-01,
            1.18951892e+03, 4.53819061e+02, 8.44969451e-01,
            1.08949976e+03, 3.21295929e+02, 7.02648163e-01,
            1.11297986e+03, 4.15635681e+02, 9.55877751e-02, 0.0, 0.0,
            0.0, 1.13948877e+03, 5.80340820e+02, 6.23905063e-01,
            1.16313293e+03, 7.71620361e+02, 7.69353986e-01,
            1.16602795e+03, 9.57153015e+02, 7.70721793e-01,
            1.08656238e+03, 5.77456238e+02, 5.84017038e-01,
            1.09834082e+03, 7.62732422e+02, 8.15810263e-01,
            1.01301569e+03, 9.27517029e+02, 7.48513639e-01,
            1.16904968e+03, 2.24181458e+02, 9.42364872e-01, 0.0, 0.0,
            0.0, 1.12780457e+03, 2.27072723e+02, 7.97783554e-01, 0.0,
            0.0, 0.0 ]
    }
}
