{
    "pose_0": {
        "type_id": "opencv-matrix",
        "rows": 1,
        "cols": 18,
        "dt": "3f",
        "data": [ 9.42324463e+02, 2.27204300e+02, 8.72550964e-01,
            8.65807007e+02, 3.18313110e+02, 6.27682030e-01,
            8.71667480e+02, 3.18463989e+02, 8.03069651e-01,
            8.77644592e+02, 4.50806793e+02, 8.50605845e-01,
            9.51035278e+02, 4.53649719e+02, 7.93970585e-01,
            8.60016724e+02, 3.15306366e+02, 5.54292977e-01,
            8.77606323e+02, 4.12662140e+02, 6.10914268e-02, 0.0, 0.0,
            0.0, 8.80475159e+02, 5.74377930e+02, 6.60057306e-01,
            8.62929504e+02, 7.56902649e+02, 7.23223150e-01,
            8.27496521e+02, 9.48148071e+02, 7.76377499e-01,
            9.04038025e+02, 5.68579407e+02, 5.00849545e-01,
            9.30688721e+02, 7.59811584e+02, 7.49283552e-01,
            9.83537476e+02, 9.30514343e+02, 8.01718712e-01,
            9.30464233e+02, 2.15387939e+02, 9.07065153e-01, 0.0, 0.0,
            0.0, 8.86414734e+02, 2.21267929e+02, 8.35237920e-01, 0.0,
            0.0, 0.0 ]
    }
}
