{
    "pose_0": {
        "type_id": "opencv-matrix",
        "rows": 1,
        "cols": 18,
        "dt": "3f",
        "data": [ 5.74300964e+02, 2.27199326e+02, 9.09978628e-01,
            4.97888306e+02, 3.15320313e+02, 6.61145926e-01,
            4.83258179e+02, 3.12463135e+02, 8.31762314e-01,
            4.74395752e+02, 4.36081451e+02, 8.89544964e-01,
            5.53854370e+02, 4.47881683e+02, 8.59836638e-01,
            5.06664673e+02, 3.12465576e+02, 5.87126970e-01,
            5.09690735e+02, 4.39040131e+02, 6.17699511e-02,
            5.50865967e+02, 4.36189697e+02, 9.36462209e-02,
            4.89046844e+02, 5.74426514e+02, 6.19120240e-01,
            5.00858521e+02, 7.65796814e+02, 6.40074134e-01,
            4.80146423e+02, 9.51184326e+02, 7.46135831e-01,
            5.42023865e+02, 5.68574646e+02, 5.97623110e-01,
            6.03884766e+02, 7.30445374e+02, 8.18608284e-01,
            5.45002014e+02, 9.04176636e+02, 7.74534822e-01,
            5.53980469e+02, 2.12460693e+02, 8.97979200e-01,
            5.74388000e+02, 2.21101364e+02, 4.15838063e-01,
            5.06821930e+02, 2.12397247e+02, 8.32785428e-01, 0.0, 0.0,
            0.0 ]
    }
}
