{
    "pose_0": {
        "type_id": "opencv-matrix",
        "rows": 1,
        "cols": 18,
        "dt": "3f",
        "data": [ 1.82820764e+03, 2.21246658e+02, 9.05802667e-01,
            1.75166687e+03, 3.15310028e+02, 8.80263805e-01,
            1.79876807e+03, 3.12439240e+02, 8.53335559e-01,
            1.82531787e+03, 4.33074249e+02, 9.09288645e-01,
            1.84580481e+03, 4.18487030e+02, 8.85880515e-02,
            1.70460791e+03, 3.15418427e+02, 8.17943215e-01,
            1.69000427e+03, 4.33162231e+02, 8.29094350e-02, 0.0, 0.0,
            0.0, 1.79872754e+03, 5.71468811e+02, 6.06683671e-01,
            1.84289893e+03, 7.59833252e+02, 7.48131156e-01,
            1.88118884e+03, 9.24640686e+02, 7.58855760e-01,
            1.70765356e+03, 5.71479370e+02, 6.24153078e-01,
            1.71931543e+03, 7.62695496e+02, 7.97827363e-01,
            1.69579504e+03, 9.24661377e+02, 7.56402075e-01,
            1.82224316e+03, 2.03551880e+02, 9.30093586e-01, 0.0, 0.0,
            0.0, 1.77823328e+03, 2.09529480e+02, 7.66020119e-01, 0.0,
            0.0, 0.0 ]
    }
}
