{
    "pose_0": {
        "type_id": "opencv-matrix",
        "rows": 1,
        "cols": 18,
        "dt": "3f",
        "data": [ 1.70476245e+03, 2.32987183e+02, 8.98864269e-01,
            1.61930554e+03, 3.21341980e+02, 8.26917350e-01,
            1.65765857e+03, 3.21396454e+02, 8.51292312e-01,
            1.68098914e+03, 4.44984283e+02, 8.39367568e-01,
            1.71054578e+03, 4.50757629e+02, 7.21384645e-01,
            1.58683337e+03, 3.21293365e+02, 7.79969573e-01,
            1.61336267e+03, 4.33104889e+02, 1.02283105e-01, 0.0, 0.0,
            0.0, 1.63999585e+03, 5.74483521e+02, 6.58157110e-01,
            1.63101782e+03, 7.48139587e+02, 7.05431700e-01,
            1.53985364e+03, 9.33621826e+02, 8.22507679e-01,
            1.61044739e+03, 5.71515442e+02, 5.62844574e-01,
            1.68095544e+03, 7.42325439e+02, 7.32901633e-01,
            1.70171143e+03, 9.33596924e+02, 7.88476527e-01,
            1.69876929e+03, 2.21113235e+02, 9.07681584e-01, 0.0, 0.0,
            0.0, 1.66042212e+03, 2.24128281e+02, 8.09362710e-01, 0.0,
            0.0, 0.0 ]
    }
}
