{
    "pose_0": {
        "type_id": "opencv-matrix",
        "rows": 1,
        "cols": 18,
        "dt": "3f",
        "data": [ 6.21537231e+02, 2.35914215e+02, 9.21441972e-01,
            5.50867981e+02, 3.24268982e+02, 6.69264138e-01,
            5.39087158e+02, 3.21410645e+02, 7.94364452e-01,
            5.27306519e+02, 4.50762512e+02, 8.87628734e-01,
            6.15628601e+02, 4.56791260e+02, 8.42645168e-01,
            5.56777893e+02, 3.21292175e+02, 5.91836512e-01,
            5.68570618e+02, 4.44959442e+02, 5.38836196e-02,
            6.18547729e+02, 4.53656799e+02, 9.90893170e-02,
            5.50975830e+02, 5.77459534e+02, 6.41129971e-01,
            5.27230042e+02, 7.62685364e+02, 6.97037220e-01,
            4.80163086e+02, 9.51244385e+02, 8.49732041e-01,
            5.92109436e+02, 5.74443604e+02, 5.52103162e-01,
            6.18470520e+02, 7.59816528e+02, 7.20996201e-01,
            6.47981384e+02, 9.33526489e+02, 7.96946168e-01,
            6.01074829e+02, 2.21156525e+02, 9.44040835e-01,
            6.21565979e+02, 2.21285934e+02, 3.71334434e-01,
            5.56770813e+02, 2.24078949e+02, 8.59632909e-01, 0.0, 0.0,
            0.0 ]
    }
}
