{
    "pose_0": {
        "type_id": "opencv-matrix",
        "rows": 1,
        "cols": 18,
        "dt": "3f",
        "data": [ 8.59808899e+02, 2.24280472e+02, 9.79307473e-01,
            7.83411316e+02, 3.12467133e+02, 6.63149476e-01,
            7.89369995e+02, 3.15297455e+02, 8.50030124e-01,
            7.92293579e+02, 4.35979309e+02, 8.97152603e-01,
            8.65830994e+02, 4.36249664e+02, 7.86582232e-01,
            7.68695007e+02, 3.06631866e+02, 5.89891553e-01,
            7.92261658e+02, 4.09719238e+02, 6.13496713e-02, 0.0, 0.0,
            0.0, 8.09824951e+02, 5.62671814e+02, 6.37500763e-01,
            8.33529236e+02, 7.42316223e+02, 6.82008803e-01,
            8.27551819e+02, 9.48185852e+02, 7.10308552e-01,
            7.86372925e+02, 5.56755066e+02, 4.53636914e-01,
            8.15833374e+02, 7.42157166e+02, 7.04896092e-01,
            7.18701111e+02, 8.80607971e+02, 7.68341660e-01,
            8.45229126e+02, 2.09420868e+02, 8.58189285e-01,
            8.56966248e+02, 2.18292877e+02, 1.10399611e-01,
            7.98166870e+02, 2.09478012e+02, 7.72922158e-01, 0.0, 0.0,
            0.0 ]
    }
}
