{
    "pose_0": {
        "type_id": "opencv-matrix",
        "rows": 1,
        "cols": 18,
        "dt": "3f",
        "data": [ 1.63395105e+03, 2.41822815e+02, 8.98989320e-01,
            1.55450537e+03, 3.21273438e+02, 8.07377815e-01,
            1.58976514e+03, 3.21258606e+02, 8.63252938e-01,
            1.61031628e+03, 4.44954926e+02, 8.31792116e-01,
            1.63706262e+03, 4.53677917e+02, 7.63031006e-01,
            1.51911450e+03, 3.21259521e+02, 7.87018657e-01,
            1.54271008e+03, 4.33138184e+02, 1.20740689e-01, 0.0, 0.0,
            0.0, 1.57220837e+03, 5.80316528e+02, 6.31229460e-01,
            1.56923474e+03, 7.59815002e+02, 6.75852656e-01,
            1.53100427e+03, 9.51191406e+02, 7.64153600e-01,
            1.53393494e+03, 5.77344849e+02, 5.39659202e-01,
            1.62512573e+03, 7.42108459e+02, 7.15028644e-01,
            1.65170520e+03, 9.27579468e+02, 7.65863895e-01,
            1.62519885e+03, 2.21373611e+02, 8.81372809e-01, 0.0, 0.0,
            0.0, 1.58977332e+03, 2.24248611e+02, 8.10986102e-01, 0.0,
            0.0, 0.0 ]
    }
}
