{
    "pose_0": {
        "type_id": "opencv-matrix",
        "rows": 1,
        "cols": 18,
        "dt": "3f",
        "data": [ 8.33543823e+02, 2.27080307e+02, 9.59008217e-01,
            7.59908020e+02, 3.15291534e+02, 6.50579154e-01,
            7.62915894e+02, 3.15361176e+02, 8.53801906e-01,
            7.62856567e+02, 4.36082642e+02, 9.30982530e-01,
            8.33356873e+02, 4.41989349e+02, 8.74601841e-01,
            7.51074829e+02, 3.09500641e+02, 5.49483359e-01,
            7.62868103e+02, 4.12638031e+02, 7.95770660e-02, 0.0, 0.0,
            0.0, 7.86350525e+02, 5.68535889e+02, 6.31448209e-01,
            8.15801453e+02, 7.59838440e+02, 7.31388032e-01,
            8.30483521e+02, 9.48216064e+02, 7.39151597e-01,
            7.45146362e+02, 5.65563232e+02, 5.21137714e-01,
            7.53942078e+02, 7.45104492e+02, 7.50925422e-01,
            6.62764954e+02, 9.18825439e+02, 7.37852871e-01,
            8.18805359e+02, 2.12436432e+02, 8.49593759e-01,
            8.33454773e+02, 2.21103043e+02, 1.37047663e-01,
            7.77465576e+02, 2.15307617e+02, 7.78783262e-01, 0.0, 0.0,
            0.0 ]
    }
}
