{
    "pose_0": {
        "type_id": "opencv-matrix",
        "rows": 1,
        "cols": 18,
        "dt": "3f",
        "data": [ 1.74874255e+03, 2.27129639e+02, 8.80926251e-01,
            1.66048071e+03, 3.18301025e+02, 9.09306169e-01,
            1.70171765e+03, 3.18335632e+02, 8.61675143e-01,
            1.72530432e+03, 4.39152985e+02, 8.34834158e-01,
            1.75458716e+03, 4.36195618e+02, 7.34281301e-01,
            1.62225671e+03, 3.18245178e+02, 7.73898363e-01,
            1.65755652e+03, 4.27235718e+02, 1.02643527e-01, 0.0, 0.0,
            0.0, 1.70167834e+03, 5.65587158e+02, 6.02653325e-01,
            1.74286987e+03, 7.45239624e+02, 7.53501713e-01,
            1.61934692e+03, 9.04097046e+02, 7.14650393e-01,
            1.63107629e+03, 5.65612793e+02, 6.12703860e-01,
            1.68411096e+03, 7.59766357e+02, 8.11035514e-01,
            1.70159216e+03, 9.30448608e+02, 7.84071565e-01,
            1.73408093e+03, 2.15402039e+02, 8.90745580e-01, 0.0, 0.0,
            0.0, 1.70171667e+03, 2.21264023e+02, 7.90401697e-01, 0.0,
            0.0, 0.0 ]
    }
}
