{
    "pose_0": {
        "type_id": "opencv-matrix",
        "rows": 1,
        "cols": 18,
        "dt": "3f",
        "data": [ 1.94738846e+02, 2.12459335e+02, 8.85036886e-01,
            1.27088821e+02, 3.03623657e+02, 8.37282121e-01,
            8.00433121e+01, 2.94810120e+02, 8.73209000e-01,
            5.64154587e+01, 4.18430939e+02, 8.55777800e-01,
            1.65353119e+02, 4.30085602e+02, 8.13229680e-01,
            1.74216049e+02, 3.12539520e+02, 8.27308238e-01,
            1.91754150e+02, 4.33197998e+02, 1.06189281e-01,
            1.94701965e+02, 4.30206635e+02, 1.46278203e-01,
            1.06461411e+02, 5.56816162e+02, 6.52595520e-01,
            1.09468536e+02, 7.39307678e+02, 6.87905371e-01,
            1.06497040e+02, 9.30640808e+02, 8.08548510e-01,
            1.80103622e+02, 5.53795410e+02, 6.51990950e-01,
            1.76991470e+02, 7.39169250e+02, 7.53940701e-01,
            1.53639725e+02, 9.15838623e+02, 7.75407553e-01,
            1.76979187e+02, 1.97551682e+02, 9.50528800e-01,
            1.97678467e+02, 1.97708923e+02, 7.59735882e-01,
            1.26961205e+02, 1.97531494e+02, 7.95046687e-01, 0.0, 0.0,
            0.0 ]
    }
}
