{
    "pose_0": {
        "type_id": "opencv-matrix",
        "rows": 1,
        "cols": 18,
        "dt": "3f",
        "data": [ 1.13955383e+03, 2.47600708e+02, 9.98809755e-01,
            1.06889905e+03, 3.30189423e+02, 7.41845250e-01,
            1.08364783e+03, 3.35939606e+02, 7.98940659e-01,
            1.09242798e+03, 4.59584595e+02, 8.81101012e-01,
            1.14253210e+03, 4.59519012e+02, 8.83714020e-01,
            1.04841223e+03, 3.24269653e+02, 6.75893962e-01,
            1.06893848e+03, 4.30267578e+02, 1.12138197e-01, 0.0, 0.0,
            0.0, 1.09833020e+03, 5.80398254e+02, 6.19681835e-01,
            1.14248462e+03, 7.62761841e+02, 7.70494401e-01,
            1.16605688e+03, 9.57038391e+02, 8.03820312e-01,
            1.04828650e+03, 5.80304932e+02, 5.95374346e-01,
            1.04821057e+03, 7.65653992e+02, 8.39730740e-01,
            9.95311279e+02, 9.45244080e+02, 7.87374973e-01,
            1.12489868e+03, 2.27120758e+02, 8.92569423e-01, 0.0, 0.0,
            0.0, 1.08944482e+03, 2.33067642e+02, 7.86001563e-01, 0.0,
            0.0, 0.0 ]
    }
}
