{
    "pose_0": {
        "type_id": "opencv-matrix",
        "rows": 1,
        "cols": 18,
        "dt": "3f",
        "data": [ 3.21385162e+02, 2.41871841e+02, 8.90324891e-01,
            2.62378510e+02, 3.38819946e+02, 8.07374716e-01,
            2.27196518e+02, 3.30097961e+02, 7.83317626e-01,
            2.00653473e+02, 4.53814240e+02, 9.06429887e-01,
            2.97879211e+02, 4.62592468e+02, 8.68713379e-01,
            2.91969818e+02, 3.41834351e+02, 7.90354133e-01,
            3.03623535e+02, 4.68456512e+02, 1.26095697e-01, 0.0, 0.0,
            0.0, 2.47793213e+02, 5.86172058e+02, 6.29718482e-01,
            2.47832779e+02, 7.68759766e+02, 7.56776333e-01,
            1.35895035e+02, 9.45284973e+02, 7.31499374e-01,
            3.12398804e+02, 5.80318604e+02, 6.36311173e-01,
            3.15332245e+02, 7.65841003e+02, 7.59182215e-01,
            3.00751038e+02, 9.54085693e+02, 7.35565841e-01,
            3.12384918e+02, 2.24130890e+02, 9.13293719e-01,
            3.21403076e+02, 2.24253326e+02, 5.52303314e-01,
            2.59500397e+02, 2.27152069e+02, 8.13326657e-01, 0.0, 0.0,
            0.0 ]
    }
}
