{
    "pose_0": {
        "type_id": "opencv-matrix",
        "rows": 1,
        "cols": 18,
        "dt": "3f",
        "data": [ 1.83028625e+02, 2.15303726e+02, 8.52654278e-01,
            1.18215088e+02, 3.03663147e+02, 7.88451016e-01,
            7.41191254e+01, 2.94889587e+02, 8.12854230e-01,
            3.88735924e+01, 4.24282623e+02, 8.16291034e-01,
            1.53500977e+02, 4.33057068e+02, 9.02546644e-01,
            1.65279633e+02, 3.12511108e+02, 7.67573774e-01,
            1.77012314e+02, 4.33209076e+02, 9.01155472e-02,
            1.74171936e+02, 4.27232819e+02, 9.09901708e-02,
            1.03490410e+02, 5.62634521e+02, 6.45382762e-01,
            1.06545250e+02, 7.45095886e+02, 7.10663736e-01,
            1.00536591e+02, 9.36481506e+02, 7.83978343e-01,
            1.77012161e+02, 5.53893066e+02, 6.57234728e-01,
            1.74192642e+02, 7.39262634e+02, 7.21151829e-01,
            1.50696548e+02, 9.15872192e+02, 7.68926919e-01,
            1.71145554e+02, 1.97576752e+02, 8.82745624e-01,
            1.91836807e+02, 1.97687134e+02, 7.16660321e-01,
            1.18173859e+02, 1.97700806e+02, 7.58377790e-01, 0.0, 0.0,
            0.0 ]
    }
}
