{
    "pose_0": {
        "type_id": "opencv-matrix",
        "rows": 1,
        "cols": 18,
        "dt": "3f",
        "data": [ 1.06889368e+03, 2.44775482e+02, 9.99181926e-01,
            9.95337585e+02, 3.27223755e+02, 7.09749818e-01,
            1.00414899e+03, 3.33031250e+02, 8.26660454e-01,
            1.00134265e+03, 4.53700287e+02, 8.95966291e-01,
            1.06598706e+03, 4.53812195e+02, 8.47033024e-01,
            9.77725586e+02, 3.21378815e+02, 6.57984972e-01,
            9.98160950e+02, 4.15528656e+02, 7.82180950e-02, 0.0, 0.0,
            0.0, 1.01592725e+03, 5.77327332e+02, 6.33447945e-01,
            1.09233447e+03, 7.42181274e+02, 8.04398596e-01,
            1.08655042e+03, 9.48131470e+02, 7.30622411e-01,
            9.74739685e+02, 5.77344238e+02, 5.86323738e-01,
            1.00119489e+03, 7.65661499e+02, 8.42406809e-01,
            9.80708801e+02, 9.48171387e+02, 7.75247991e-01,
            1.05708887e+03, 2.24227890e+02, 9.09799874e-01, 0.0, 0.0,
            0.0, 1.01881006e+03, 2.27139664e+02, 8.14418077e-01, 0.0,
            0.0, 0.0 ]
    }
}
