{
    "pose_0": {
        "type_id": "opencv-matrix",
        "rows": 1,
        "cols": 18,
        "dt": "3f",
        "data": [ 1.87544751e+03, 2.12389114e+02, 8.33306193e-01,
            1.79893787e+03, 2.97822815e+02, 8.58065367e-01,
            1.84595142e+03, 2.94972107e+02, 8.51811290e-01,
            1.87824780e+03, 4.21375397e+02, 8.04169536e-01,
            1.89293579e+03, 4.09563141e+02, 6.39549866e-02,
            1.75470337e+03, 3.03637329e+02, 7.65618324e-01, 0.0, 0.0,
            0.0, 0.0, 0.0, 0.0, 1.84594543e+03, 5.56817505e+02,
            6.04568720e-01, 1.88122034e+03, 7.39347961e+02,
            7.07262397e-01, 1.89303125e+03, 9.30555176e+02,
            6.83769107e-01, 1.75766138e+03, 5.53875549e+02,
            6.11374140e-01, 1.76641980e+03, 7.36227905e+02,
            7.75170386e-01, 1.70758350e+03, 9.04169617e+02,
            8.14481080e-01, 1.86650732e+03, 1.97635956e+02,
            8.95541131e-01, 1.88416064e+03, 1.97712524e+02,
            6.82144403e-01, 1.81063599e+03, 2.00571426e+02,
            8.00612509e-01, 0.0, 0.0, 0.0 ]
    }
}
