{
    "pose_0": {
        "type_id": "opencv-matrix",
        "rows": 1,
        "cols": 18,
        "dt": "3f",
        "data": [ 1.23070190e+03, 2.41784805e+02, 9.11059499e-01,
            1.14835706e+03, 3.21291565e+02, 7.88797021e-01,
            1.17192432e+03, 3.21361145e+02, 8.08909059e-01,
            1.18654175e+03, 4.47895294e+02, 8.56819868e-01,
            1.23382361e+03, 4.53776398e+02, 7.61975229e-01,
            1.12195728e+03, 3.18391632e+02, 7.30731606e-01,
            1.14837854e+03, 4.21388519e+02, 9.03389677e-02, 0.0, 0.0,
            0.0, 1.16319092e+03, 5.77389038e+02, 6.58690214e-01,
            1.19253735e+03, 7.50988403e+02, 7.45559335e-01,
            1.16597229e+03, 9.57143127e+02, 7.88614988e-01,
            1.14543481e+03, 5.74429626e+02, 4.96695459e-01,
            1.23657935e+03, 7.42129089e+02, 8.33157599e-01,
            1.12489099e+03, 9.01171753e+02, 7.39113986e-01,
            1.21606116e+03, 2.21312164e+02, 9.58431423e-01, 0.0, 0.0,
            0.0, 1.18071533e+03, 2.24214386e+02, 7.98949182e-01, 0.0,
            0.0, 0.0 ]
    }
}
