{
    "pose_0": {
        "type_id": "opencv-matrix",
        "rows": 1,
        "cols": 18,
        "dt": "3f",
        "data": [ 8.06971619e+02, 2.30040939e+02, 8.92555237e-01,
            7.30437500e+02, 3.15476410e+02, 6.36415124e-01,
            7.36254578e+02, 3.18280121e+02, 8.26289892e-01,
            7.36250183e+02, 4.39022064e+02, 8.70188594e-01,
            8.04015076e+02, 4.42031128e+02, 8.32909644e-01,
            7.24540588e+02, 3.12491364e+02, 5.46324313e-01,
            7.30447083e+02, 4.12663055e+02, 8.13373774e-02, 0.0, 0.0,
            0.0, 7.56890259e+02, 5.71506042e+02, 6.17056489e-01,
            8.06882629e+02, 7.56884277e+02, 7.28829384e-01,
            8.30401489e+02, 9.51121094e+02, 7.49783158e-01,
            7.18585144e+02, 5.71426086e+02, 5.53392649e-01,
            7.15625000e+02, 7.45128357e+02, 7.93900192e-01,
            6.48007019e+02, 9.27620422e+02, 8.30837786e-01,
            7.89391907e+02, 2.18227310e+02, 9.18404520e-01,
            8.09762878e+02, 2.21139603e+02, 2.02116027e-01,
            7.42336609e+02, 2.18307953e+02, 8.25869560e-01, 0.0, 0.0,
            0.0 ]
    }
}
