{
    "pose_0": {
        "type_id": "opencv-matrix",
        "rows": 1,
        "cols": 18,
        "dt": "3f",
        "data": [ 3.50718567e+02, 2.44732498e+02, 9.17423844e-01,
            2.85989471e+02, 3.36037018e+02, 7.92464256e-01,
            2.56581635e+02, 3.27178528e+02, 7.73582578e-01,
            2.27134995e+02, 4.53710358e+02, 8.76270413e-01,
            3.33091309e+02, 4.62572540e+02, 8.77020717e-01,
            3.15466827e+02, 3.41791748e+02, 7.62430072e-01,
            3.24229828e+02, 4.65543030e+02, 1.43263668e-01,
            3.39051361e+02, 4.59704376e+02, 2.23212525e-01,
            2.83009155e+02, 5.86179810e+02, 5.98917842e-01,
            3.21375946e+02, 7.65736023e+02, 7.94759989e-01,
            2.09480133e+02, 9.27681946e+02, 7.53906727e-01,
            3.21379883e+02, 5.77426636e+02, 5.70257962e-01,
            3.24277618e+02, 7.65784607e+02, 6.24058187e-01,
            3.03665314e+02, 9.54079529e+02, 7.94724464e-01,
            3.36066772e+02, 2.24210754e+02, 9.29447234e-01,
            3.50789246e+02, 2.27109680e+02, 5.47264278e-01,
            2.88921234e+02, 2.27116119e+02, 8.09240282e-01, 0.0, 0.0,
            0.0 ]
    }
}
