{
    "pose_0": {
        "type_id": "opencv-matrix",
        "rows": 1,
        "cols": 18,
        "dt": "3f",
        "data": [ 9.04031189e+02, 2.24213318e+02, 9.99347270e-01,
            8.27591125e+02, 3.12478851e+02, 6.44743562e-01,
            8.36344482e+02, 3.15340851e+02, 8.37713242e-01,
            8.36484375e+02, 4.36109619e+02, 9.28037763e-01,
            9.04102234e+02, 4.39112915e+02, 8.41914833e-01,
            8.12957825e+02, 3.06579468e+02, 5.95244825e-01,
            8.33370422e+02, 4.12550903e+02, 6.52455539e-02, 0.0, 0.0,
            0.0, 8.36324219e+02, 5.62690308e+02, 6.58478141e-01,
            8.42305298e+02, 7.42296570e+02, 7.27531612e-01,
            8.24618286e+02, 9.42353149e+02, 7.42123783e-01,
            8.54078674e+02, 5.56844543e+02, 5.02209306e-01,
            9.27473389e+02, 7.36235474e+02, 7.97898531e-01,
            9.09947510e+02, 9.07056824e+02, 7.90656507e-01,
            8.86534912e+02, 2.03676620e+02, 8.90168250e-01, 0.0, 0.0,
            0.0, 8.45194092e+02, 2.09520233e+02, 7.75969207e-01, 0.0,
            0.0, 0.0 ]
    }
}
