{
    "pose_0": {
        "type_id": "opencv-matrix",
        "rows": 1,
        "cols": 18,
        "dt": "3f",
        "data": [ 2.56535034e+02, 2.38867142e+02, 8.42596650e-01,
            1.97546921e+02, 3.36069763e+02, 8.49796534e-01,
            1.56456390e+02, 3.27166595e+02, 7.80360222e-01,
            1.26969795e+02, 4.53710449e+02, 8.57004404e-01,
            2.24320496e+02, 4.59786591e+02, 8.90287042e-01,
            2.30128387e+02, 3.41822113e+02, 7.78594494e-01,
            2.44699417e+02, 4.65582031e+02, 2.14887410e-01,
            2.50713470e+02, 4.62610596e+02, 2.04920471e-01,
            1.71218109e+02, 5.97990845e+02, 6.30128086e-01,
            1.50520935e+02, 7.86296387e+02, 7.37361312e-01,
            1.03566780e+02, 9.68806824e+02, 7.87514329e-01,
            2.44799591e+02, 5.95049988e+02, 6.56112432e-01,
            2.68441559e+02, 7.68760559e+02, 7.43230999e-01,
            2.97790771e+02, 9.51042297e+02, 7.84047782e-01,
            2.41860992e+02, 2.21274170e+02, 9.18584228e-01,
            2.62462433e+02, 2.24082260e+02, 7.16331303e-01,
            1.94698975e+02, 2.24248047e+02, 8.13427448e-01, 0.0, 0.0,
            0.0 ]
    }
}
