{
    "pose_0": {
        "type_id": "opencv-matrix",
        "rows": 1,
        "cols": 18,
        "dt": "3f",
        "data": [ 1.83043518e+02, 2.12428604e+02, 8.46458912e-01,
            1.21146255e+02, 3.00722443e+02, 7.94177890e-01,
            7.70166397e+01, 2.94776917e+02, 8.42906773e-01,
            5.05201569e+01, 4.18497284e+02, 7.96365917e-01,
            1.53669403e+02, 4.32991852e+02, 8.64479542e-01,
            1.68201202e+02, 3.12458344e+02, 7.68679202e-01,
            1.80001785e+02, 4.33220856e+02, 1.28872961e-01,
            1.83007614e+02, 4.30231598e+02, 1.55205309e-01,
            1.03563431e+02, 5.59684387e+02, 6.37319446e-01,
            1.09374260e+02, 7.42256409e+02, 7.08504558e-01,
            1.03370071e+02, 9.30659790e+02, 8.08956623e-01,
            1.74248627e+02, 5.53762634e+02, 6.46817505e-01,
            1.74115341e+02, 7.39191101e+02, 7.11634040e-01,
            1.50591782e+02, 9.09988770e+02, 7.93404996e-01,
            1.71202469e+02, 1.97542862e+02, 8.96306157e-01,
            1.94710892e+02, 1.97643295e+02, 8.17941546e-01,
            1.21096802e+02, 1.97532730e+02, 7.51565814e-01, 0.0, 0.0,
            0.0 ]
    }
}
