{
    "pose_0": {
        "type_id": "opencv-matrix",
        "rows": 1,
        "cols": 18,
        "dt": "3f",
        "data": [ 1.83040619e+02, 2.12445175e+02, 8.47057045e-01,
            1.18261658e+02, 3.03661011e+02, 7.88048148e-01,
            7.69502106e+01, 2.94877808e+02, 8.22074234e-01,
            4.75864449e+01, 4.21383881e+02, 7.97653794e-01,
            1.53616348e+02, 4.33045349e+02, 8.79317224e-01,
            1.65320053e+02, 3.12518250e+02, 7.65391946e-01,
            1.80023148e+02, 4.33240967e+02, 1.23260692e-01,
            1.80034500e+02, 4.30226318e+02, 1.31074920e-01,
            1.03513023e+02, 5.59681274e+02, 6.37880564e-01,
            1.06582130e+02, 7.42259888e+02, 7.12586164e-01,
            1.00584633e+02, 9.33511719e+02, 7.77321517e-01,
            1.74135376e+02, 5.53800964e+02, 6.54084384e-01,
            1.74107681e+02, 7.39209961e+02, 7.03069270e-01,
            1.50602737e+02, 9.12890503e+02, 7.51444280e-01,
            1.71128983e+02, 1.97533005e+02, 8.80315304e-01,
            1.94668137e+02, 1.97656143e+02, 7.78150916e-01,
            1.15338730e+02, 1.97636810e+02, 7.48139918e-01, 0.0, 0.0,
            0.0 ]
    }
}
