{
    "pose_0": {
        "type_id": "opencv-matrix",
        "rows": 1,
        "cols": 18,
        "dt": "3f",
        "data": [ 8.51053284e+02, 2.27099396e+02, 9.26353276e-01,
            7.68779602e+02, 3.09586884e+02, 5.96811414e-01,
            7.74581299e+02, 3.12405518e+02, 7.78702378e-01,
            7.83349976e+02, 4.36049622e+02, 8.77482891e-01,
            8.51090515e+02, 4.39171082e+02, 8.08294237e-01,
            7.65789978e+02, 3.03679657e+02, 5.27646720e-01,
            7.80510864e+02, 4.12615112e+02, 6.93757385e-02, 0.0, 0.0,
            0.0, 7.92315796e+02, 5.59743469e+02, 5.98106086e-01,
            8.18791016e+02, 7.45234741e+02, 6.70965850e-01,
            8.30395203e+02, 9.48207764e+02, 6.78062439e-01,
            7.80452393e+02, 5.53863708e+02, 4.40254807e-01,
            7.89241638e+02, 7.42228943e+02, 7.82116830e-01,
            6.83372681e+02, 9.03996704e+02, 7.34017193e-01,
            8.36326477e+02, 2.09520676e+02, 9.12832558e-01,
            8.54007874e+02, 2.18240356e+02, 1.12979613e-01,
            7.86460571e+02, 2.09523895e+02, 8.36341381e-01, 0.0, 0.0,
            0.0 ]
    }
}
