{
    "pose_0": {
        "type_id": "opencv-matrix",
        "rows": 1,
        "cols": 18,
        "dt": "3f",
        "data": [ 9.27719238e+02, 2.27123047e+02, 9.83065069e-01,
            8.54037598e+02, 3.15467194e+02, 6.55808866e-01,
            8.59888428e+02, 3.18311218e+02, 8.54270339e-01,
            8.59966064e+02, 4.41967743e+02, 9.09102917e-01,
            9.30440796e+02, 4.50830048e+02, 8.33382130e-01,
            8.42265503e+02, 3.12459686e+02, 5.79494655e-01,
            8.57040833e+02, 4.09753326e+02, 5.61620072e-02, 0.0, 0.0,
            0.0, 8.60013672e+02, 5.74372437e+02, 6.60135150e-01,
            8.57027588e+02, 7.62844788e+02, 7.69988954e-01,
            8.24599365e+02, 9.51058411e+02, 7.49889255e-01,
            8.77504944e+02, 5.71425781e+02, 4.54407573e-01,
            9.27506165e+02, 7.56924133e+02, 7.12197959e-01,
            9.77661072e+02, 9.27571411e+02, 8.22053432e-01,
            9.12981934e+02, 2.12416412e+02, 8.58545661e-01, 0.0, 0.0,
            0.0, 8.77474121e+02, 2.18327515e+02, 8.00991714e-01, 0.0,
            0.0, 0.0 ]
    }
}
