{
    "pose_0": {
        "type_id": "opencv-matrix",
        "rows": 1,
        "cols": 18,
        "dt": "3f",
        "data": [ 3.77259186e+02, 2.44764008e+02, 9.17965353e-01,
            3.09520630e+02, 3.36018738e+02, 7.72322953e-01,
            2.83061493e+02, 3.27190460e+02, 7.78321743e-01,
            2.47888153e+02, 4.53715881e+02, 8.91324461e-01,
            3.50791107e+02, 4.62599152e+02, 8.63732934e-01,
            3.38874573e+02, 3.39044617e+02, 7.23255873e-01,
            3.38995361e+02, 4.77193359e+02, 1.04945101e-01, 0.0, 0.0,
            0.0, 3.12406677e+02, 5.83281738e+02, 6.40187263e-01,
            3.88947266e+02, 7.56850464e+02, 8.11377168e-01,
            3.12527588e+02, 9.42354919e+02, 6.65722132e-01,
            3.36041656e+02, 5.77333313e+02, 5.19647300e-01,
            3.18490021e+02, 7.62878845e+02, 7.97065198e-01,
            2.97726715e+02, 9.39406128e+02, 5.18213809e-01,
            3.62434906e+02, 2.24236282e+02, 9.45047557e-01,
            3.80112427e+02, 2.27138306e+02, 5.22106707e-01,
            3.12506317e+02, 2.27155014e+02, 8.19266498e-01, 0.0, 0.0,
            0.0 ]
    }
}
