{
    "pose_0": {
        "type_id": "opencv-matrix",
        "rows": 1,
        "cols": 18,
        "dt": "3f",
        "data": [ 1.39560205e+03, 2.30142395e+02, 8.82878602e-01,
            1.31034155e+03, 3.15401764e+02, 8.01097810e-01,
            1.33379077e+03, 3.15548401e+02, 8.50081444e-01,
            1.35134009e+03, 4.39157074e+02, 8.76563132e-01,
            1.39862451e+03, 4.41956604e+02, 7.70166159e-01,
            1.28970947e+03, 3.12524689e+02, 7.05718815e-01,
            1.31312195e+03, 4.15507568e+02, 9.47002098e-02, 0.0, 0.0,
            0.0, 1.33678186e+03, 5.62688538e+02, 6.18436873e-01,
            1.41909607e+03, 7.39206360e+02, 8.46097231e-01,
            1.32796936e+03, 9.09970459e+02, 6.68634474e-01,
            1.28667615e+03, 5.71416626e+02, 5.74618220e-01,
            1.33374866e+03, 7.45123779e+02, 7.66200960e-01,
            1.31318274e+03, 9.07021545e+02, 6.22525692e-01,
            1.38093640e+03, 2.18305542e+02, 9.09393191e-01, 0.0, 0.0,
            0.0, 1.34847791e+03, 2.21276077e+02, 8.16919386e-01, 0.0,
            0.0, 0.0 ]
    }
}
