{
    "pose_0": {
        "type_id": "opencv-matrix",
        "rows": 1,
        "cols": 18,
        "dt": "3f",
        "data": [ 1.37807837e+03, 2.32966049e+02, 8.99550974e-01,
            1.30434509e+03, 3.18259735e+02, 8.46804082e-01,
            1.32793591e+03, 3.18359863e+02, 8.78709674e-01,
            1.34267554e+03, 4.42013092e+02, 8.26797724e-01,
            1.39557935e+03, 4.39047852e+02, 7.69572675e-01,
            1.28073547e+03, 3.15439117e+02, 7.71341085e-01,
            1.30140674e+03, 4.15574127e+02, 1.07500836e-01, 0.0, 0.0,
            0.0, 1.33084119e+03, 5.65598145e+02, 6.39169276e-01,
            1.39262109e+03, 7.45118225e+02, 8.20393682e-01,
            1.28074011e+03, 9.04001831e+02, 7.94939876e-01,
            1.28077734e+03, 5.71433289e+02, 5.91891289e-01,
            1.33095020e+03, 7.45208374e+02, 7.57671714e-01,
            1.33961609e+03, 9.27629578e+02, 7.17878163e-01,
            1.37487622e+03, 2.21077286e+02, 9.28691268e-01, 0.0, 0.0,
            0.0, 1.33090198e+03, 2.21236252e+02, 8.05491090e-01, 0.0,
            0.0, 0.0 ]
    }
}
