{
    "pose_0": {
        "type_id": "opencv-matrix",
        "rows": 1,
        "cols": 18,
        "dt": "3f",
        "data": [ 1.88835785e+02, 2.12419922e+02, 8.43370736e-01,
            1.24048416e+02, 3.00731293e+02, 7.97757924e-01,
            7.98556824e+01, 2.94775085e+02, 8.52246463e-01,
            5.34981270e+01, 4.18490906e+02, 8.19257855e-01,
            1.56598953e+02, 4.32988831e+02, 8.41564238e-01,
            1.68278473e+02, 3.12440918e+02, 7.58730531e-01,
            1.77154663e+02, 4.36025269e+02, 9.65274945e-02,
            1.82925446e+02, 4.30150543e+02, 1.08097531e-01,
            1.06359879e+02, 5.56795044e+02, 6.44158185e-01,
            1.09446503e+02, 7.42148315e+02, 7.13117421e-01,
            1.03394150e+02, 9.30625916e+02, 8.15074384e-01,
            1.77118942e+02, 5.50934326e+02, 6.56110942e-01,
            1.74132767e+02, 7.36361145e+02, 7.18719602e-01,
            1.50700485e+02, 9.09922363e+02, 8.08252454e-01,
            1.74016388e+02, 1.97531403e+02, 9.18628335e-01,
            1.94774216e+02, 1.97650238e+02, 7.75853157e-01,
            1.21183037e+02, 1.97538025e+02, 7.68256724e-01, 0.0, 0.0,
            0.0 ]
    }
}
