{
    "pose_0": {
        "type_id": "opencv-matrix",
        "rows": 1,
        "cols": 18,
        "dt": "3f",
        "data": [ 1.43979016e+03, 2.36004715e+02, 8.46449375e-01,
            1.35732849e+03, 3.18419403e+02, 8.18787992e-01,
            1.38087744e+03, 3.21297821e+02, 8.23084891e-01,
            1.39557251e+03, 4.44889038e+02, 8.25171351e-01,
            1.44265076e+03, 4.47830536e+02, 7.46165395e-01,
            1.33095618e+03, 3.15494232e+02, 7.50610888e-01,
            1.35438684e+03, 4.15579132e+02, 8.74113590e-02, 0.0, 0.0,
            0.0, 1.38378650e+03, 5.74375427e+02, 6.31242275e-01,
            1.44563794e+03, 7.48081421e+02, 7.61406481e-01,
            1.49865540e+03, 9.30528564e+02, 8.08568120e-01,
            1.32791675e+03, 5.74486694e+02, 6.10745192e-01,
            1.35154053e+03, 7.62789063e+02, 8.07792425e-01,
            1.33970337e+03, 9.30694214e+02, 7.40270019e-01,
            1.42518152e+03, 2.21229645e+02, 9.48441446e-01, 0.0, 0.0,
            0.0, 1.38971790e+03, 2.24141052e+02, 8.03394437e-01, 0.0,
            0.0, 0.0 ]
    }
}
