{
    "pose_0": {
        "type_id": "opencv-matrix",
        "rows": 1,
        "cols": 18,
        "dt": "3f",
        "data": [ 4.56726501e+02, 2.47610107e+02, 9.64793622e-01,
            3.86018982e+02, 3.27219116e+02, 6.89873040e-01,
            3.68396484e+02, 3.24251740e+02, 8.18298459e-01,
            3.47851288e+02, 4.53636780e+02, 8.26143980e-01,
            4.41987000e+02, 4.59702118e+02, 8.57904553e-01,
            3.97804657e+02, 3.24294342e+02, 5.91479540e-01,
            3.89123627e+02, 4.53750183e+02, 6.88073859e-02,
            4.36191498e+02, 4.56610474e+02, 1.27738863e-01,
            3.89017639e+02, 5.83315430e+02, 6.48427248e-01,
            4.39068115e+02, 7.77517944e+02, 7.02339172e-01,
            4.83299072e+02, 9.54239197e+02, 8.00653338e-01,
            4.09528168e+02, 5.77398132e+02, 5.05768716e-01,
            3.62526001e+02, 7.68655396e+02, 7.38687754e-01,
            3.06561890e+02, 9.45310669e+02, 7.24841297e-01,
            4.36265137e+02, 2.27167969e+02, 9.13570821e-01,
            4.59511383e+02, 2.30061966e+02, 6.28675103e-01,
            3.91935577e+02, 2.27173050e+02, 8.37789953e-01, 0.0, 0.0,
            0.0 ]
    }
}
