{
    "pose_0": {
        "type_id": "opencv-matrix",
        "rows": 1,
        "cols": 18,
        "dt": "3f",
        "data": [ 4.33086395e+02, 2.44838089e+02, 9.74662244e-01,
            3.59524017e+02, 3.27162231e+02, 6.90284431e-01,
            3.41814453e+02, 3.21317017e+02, 8.68561506e-01,
            3.18296509e+02, 4.47822052e+02, 8.67387533e-01,
            4.09695770e+02, 4.59610687e+02, 9.15695667e-01,
            3.68469208e+02, 3.24304382e+02, 6.01452887e-01,
            3.62559845e+02, 4.44948669e+02, 6.57298192e-02,
            4.09738251e+02, 4.56571594e+02, 1.19161233e-01,
            3.62412720e+02, 5.86179749e+02, 6.48921251e-01,
            4.33266602e+02, 7.65750305e+02, 7.40829468e-01,
            4.80245331e+02, 9.54005493e+02, 8.32016468e-01,
            3.71387268e+02, 5.77398010e+02, 4.65397984e-01,
            3.44826324e+02, 7.68640198e+02, 7.20494092e-01,
            3.03666931e+02, 9.51088684e+02, 7.44196177e-01,
            4.12663818e+02, 2.24304489e+02, 9.61784840e-01,
            4.33138702e+02, 2.27199341e+02, 5.29621482e-01,
            3.65499237e+02, 2.24269409e+02, 8.72718751e-01, 0.0, 0.0,
            0.0 ]
    }
}
