{
    "pose_0": {
        "type_id": "opencv-matrix",
        "rows": 1,
        "cols": 18,
        "dt": "3f",
        "data": [ 5.98078796e+02, 2.27245422e+02, 9.14913058e-01,
            5.27301025e+02, 3.18384583e+02, 6.95287466e-01,
            5.12624939e+02, 3.18295471e+02, 8.32774162e-01,
            5.00896820e+02, 4.41955933e+02, 8.75318468e-01,
            5.83217590e+02, 4.56549591e+02, 8.49450588e-01,
            5.33234192e+02, 3.15511871e+02, 5.92030406e-01,
            5.36159912e+02, 4.41952209e+02, 5.77934310e-02,
            5.83267822e+02, 4.39083832e+02, 8.61090049e-02,
            5.18474731e+02, 5.80325928e+02, 6.00611567e-01,
            5.09635010e+02, 7.65775024e+02, 7.26367235e-01,
            4.80194000e+02, 9.54037903e+02, 8.58523190e-01,
            5.71405518e+02, 5.77341248e+02, 5.96736372e-01,
            6.01022522e+02, 7.59843079e+02, 7.86877573e-01,
            6.42140259e+02, 9.30546814e+02, 8.22563171e-01,
            5.80428345e+02, 2.18245789e+02, 8.83596241e-01,
            5.98058350e+02, 2.21184082e+02, 3.20088208e-01,
            5.39088196e+02, 2.18354797e+02, 8.05396914e-01, 0.0, 0.0,
            0.0 ]
    }
}
