{
    "pose_0": {
        "type_id": "opencv-matrix",
        "rows": 1,
        "cols": 18,
        "dt": "3f",
        "data": [ 1.60739819e+03, 2.33016418e+02, 8.08069229e-01,
            1.51935364e+03, 3.21346191e+02, 8.29324722e-01,
            1.56046106e+03, 3.18521027e+02, 8.37783635e-01,
            1.58675037e+03, 4.47868805e+02, 8.33262861e-01,
            1.61332410e+03, 4.50772522e+02, 6.67504668e-01,
            1.48972412e+03, 3.21358185e+02, 7.28134930e-01,
            1.51631763e+03, 4.36050079e+02, 1.03938602e-01, 0.0, 0.0,
            0.0, 1.54860791e+03, 5.77377014e+02, 6.22091949e-01,
            1.59575952e+03, 7.39280457e+02, 7.33433723e-01,
            1.52804053e+03, 9.54109802e+02, 7.42988229e-01,
            1.49857617e+03, 5.77305237e+02, 5.76687515e-01,
            1.56336890e+03, 7.42128601e+02, 7.16871440e-01,
            1.50454639e+03, 9.04074585e+02, 5.97896636e-01,
            1.59276819e+03, 2.21215744e+02, 9.31860685e-01, 0.0, 0.0,
            0.0, 1.56047473e+03, 2.24318878e+02, 7.88163960e-01, 0.0,
            0.0, 0.0 ]
    }
}
