{
    "pose_0": {
        "type_id": "opencv-matrix",
        "rows": 1,
        "cols": 18,
        "dt": "3f",
        "data": [ 1.49568298e+03, 2.44695267e+02, 9.08065736e-01,
            1.42207019e+03, 3.27217224e+02, 8.18186641e-01,
            1.45150049e+03, 3.30141937e+02, 8.17442715e-01,
            1.47218018e+03, 4.50828583e+02, 8.54349554e-01,
            1.51619690e+03, 4.47931366e+02, 6.95838869e-01,
            1.38968469e+03, 3.24210022e+02, 7.14856803e-01,
            1.42198364e+03, 4.41952393e+02, 9.22083855e-02, 0.0, 0.0,
            0.0, 1.46034448e+03, 5.80306030e+02, 5.96896470e-01,
            1.49864783e+03, 7.65756958e+02, 7.70429552e-01,
            1.53102148e+03, 9.51233521e+02, 7.82750726e-01,
            1.39259680e+03, 5.77441528e+02, 6.06607854e-01,
            1.39270349e+03, 7.62899109e+02, 8.01575303e-01,
            1.34557605e+03, 9.30702698e+02, 7.72842228e-01,
            1.49255823e+03, 2.24219513e+02, 9.27346289e-01, 0.0, 0.0,
            0.0, 1.44868091e+03, 2.27104523e+02, 7.96225607e-01, 0.0,
            0.0, 0.0 ]
    }
}
