{
    "pose_0": {
        "type_id": "opencv-matrix",
        "rows": 1,
        "cols": 18,
        "dt": "3f",
        "data": [ 8.15892456e+02, 2.27218994e+02, 8.83008242e-01,
            7.42334412e+02, 3.15405426e+02, 6.52881026e-01,
            7.48119141e+02, 3.15460052e+02, 8.18214536e-01,
            7.45165344e+02, 4.36128815e+02, 9.06244040e-01,
            8.15726013e+02, 4.42026031e+02, 8.57744634e-01,
            7.39276917e+02, 3.12442841e+02, 5.65203249e-01,
            7.45179810e+02, 4.12625946e+02, 9.13336352e-02, 0.0, 0.0,
            0.0, 7.68702881e+02, 5.65631409e+02, 6.20784461e-01,
            8.12947144e+02, 7.48142822e+02, 7.15001523e-01,
            8.30415344e+02, 9.48205139e+02, 7.28569388e-01,
            7.36244324e+02, 5.59754333e+02, 5.39952397e-01,
            7.27442871e+02, 7.48071472e+02, 7.39834487e-01,
            6.50967407e+02, 9.24713379e+02, 7.78785408e-01,
            8.09782410e+02, 2.15401367e+02, 8.93466592e-01,
            8.18771606e+02, 2.21076721e+02, 1.53868511e-01,
            7.62769958e+02, 2.18234146e+02, 8.21775794e-01, 0.0, 0.0,
            0.0 ]
    }
}
