{
    "pose_0": {
        "type_id": "opencv-matrix",
        "rows": 1,
        "cols": 18,
        "dt": "3f",
        "data": [ 1.30130054e+03, 2.41866699e+02, 9.04736698e-01,
            1.21904993e+03, 3.27222076e+02, 7.63346553e-01,
            1.24262134e+03, 3.30139404e+02, 7.70175934e-01,
            1.26012122e+03, 4.56558197e+02, 8.95742416e-01,
            1.30744995e+03, 4.50844879e+02, 7.98033893e-01,
            1.19546472e+03, 3.24299408e+02, 7.05194354e-01,
            1.21901514e+03, 4.36071594e+02, 9.93256345e-02, 0.0, 0.0,
            0.0, 1.23960657e+03, 5.77484131e+02, 6.28513157e-01,
            1.21908105e+03, 7.65744019e+02, 7.32717454e-01,
            1.17191248e+03, 9.54017517e+02, 7.75194168e-01,
            1.22783728e+03, 5.77341309e+02, 5.04837692e-01,
            1.28364038e+03, 7.62888184e+02, 7.39230335e-01,
            1.33090833e+03, 9.30575012e+02, 8.14215541e-01,
            1.28386401e+03, 2.24118378e+02, 9.55643296e-01, 0.0, 0.0,
            0.0, 1.24551941e+03, 2.27248611e+02, 7.75312901e-01, 0.0,
            0.0, 0.0 ]
    }
}
