{
    "pose_0": {
        "type_id": "opencv-matrix",
        "rows": 1,
        "cols": 18,
        "dt": "3f",
        "data": [ 3.12388367e+02, 2.41813141e+02, 8.78924489e-01,
            2.44811050e+02, 3.38824158e+02, 8.74880970e-01,
            2.15382751e+02, 3.27252014e+02, 7.73169756e-01,
            1.82978653e+02, 4.53716553e+02, 8.64902854e-01,
            2.86039886e+02, 4.59771362e+02, 8.87924969e-01,
            2.74273499e+02, 3.41795990e+02, 7.87397325e-01,
            2.91908325e+02, 4.62564209e+02, 1.48605853e-01,
            2.97822510e+02, 4.59700775e+02, 1.72870591e-01,
            2.30036850e+02, 5.95035156e+02, 6.27025664e-01,
            2.09510300e+02, 7.83374878e+02, 7.14388847e-01,
            1.21191010e+02, 9.54106934e+02, 7.84079432e-01,
            2.94913269e+02, 5.92059326e+02, 6.49249315e-01,
            2.97756287e+02, 7.83310547e+02, 7.22815096e-01,
            3.00774048e+02, 9.54092468e+02, 7.67768085e-01,
            2.91907440e+02, 2.24117447e+02, 9.57459509e-01,
            3.12446350e+02, 2.24183762e+02, 6.76018238e-01,
            2.44692459e+02, 2.27124573e+02, 8.59509885e-01, 0.0, 0.0,
            0.0 ]
    }
}
