{
    "pose_0": {
        "type_id": "opencv-matrix",
        "rows": 1,
        "cols": 18,
        "dt": "3f",
        "data": [ 2.24301544e+02, 2.30125122e+02, 8.64559174e-01,
            1.53694778e+02, 3.24305145e+02, 8.05160046e-01,
            1.24167900e+02, 3.18283539e+02, 8.46356094e-01,
            9.76150284e+01, 4.39100586e+02, 8.46452177e-01,
            1.97654739e+02, 4.56625763e+02, 8.45078468e-01,
            1.97595139e+02, 3.36031372e+02, 7.45321274e-01,
            2.18255386e+02, 4.59758270e+02, 1.67715505e-01,
            2.21171417e+02, 4.56687012e+02, 1.80385619e-01,
            1.32952362e+02, 5.97882202e+02, 6.37463570e-01,
            1.26989120e+02, 7.89267761e+02, 8.04386139e-01,
            1.00622681e+02, 9.60001404e+02, 7.83366382e-01,
            2.15353409e+02, 5.89169189e+02, 6.49918020e-01,
            2.71217377e+02, 7.51046814e+02, 8.03952873e-01,
            2.91760071e+02, 9.30671570e+02, 8.06715310e-01,
            2.09500137e+02, 2.18248688e+02, 8.54038060e-01,
            2.27236099e+02, 2.21161453e+02, 6.78101659e-01,
            1.59413742e+02, 2.21093246e+02, 7.48962164e-01, 0.0, 0.0,
            0.0 ]
    }
}
