{
    "pose_0": {
        "type_id": "opencv-matrix",
        "rows": 1,
        "cols": 18,
        "dt": "3f",
        "data": [ 1.76062207e+03, 2.27072922e+02, 8.45778286e-01,
            1.68101379e+03, 3.15421295e+02, 9.00203764e-01,
            1.71931702e+03, 3.15500214e+02, 8.34032714e-01,
            1.74287866e+03, 4.36087158e+02, 8.45677316e-01,
            1.77233289e+03, 4.36019806e+02, 6.66874349e-01,
            1.63704846e+03, 3.15378265e+02, 8.02337766e-01,
            1.67227527e+03, 4.15529663e+02, 8.33243877e-02, 0.0, 0.0,
            0.0, 1.71641077e+03, 5.62633057e+02, 5.77917159e-01,
            1.78121924e+03, 7.33398254e+02, 8.09689760e-01,
            1.71938928e+03, 9.12867981e+02, 7.06189990e-01,
            1.63997156e+03, 5.68581421e+02, 6.02959931e-01,
            1.68708350e+03, 7.42305298e+02, 7.75067806e-01,
            1.68396985e+03, 9.10014709e+02, 5.95608115e-01,
            1.75459460e+03, 2.15344330e+02, 8.81610394e-01, 0.0, 0.0,
            0.0, 1.71646326e+03, 2.21180374e+02, 7.47714460e-01, 0.0,
            0.0, 0.0 ]
    }
}
