{
    "pose_0": {
        "type_id": "opencv-matrix",
        "rows": 1,
        "cols": 18,
        "dt": "3f",
        "data": [ 1.75179858e+03, 2.27141342e+02, 9.14833307e-01,
            1.67224121e+03, 3.15433380e+02, 8.56467783e-01,
            1.70770081e+03, 3.15515106e+02, 8.72686505e-01,
            1.73104480e+03, 4.36172577e+02, 8.62492502e-01,
            1.75763501e+03, 4.36089294e+02, 7.33465552e-01,
            1.63395496e+03, 3.15382935e+02, 8.18430901e-01,
            1.66053772e+03, 4.21372711e+02, 9.75554958e-02, 0.0, 0.0,
            0.0, 1.70755054e+03, 5.62678284e+02, 6.26170933e-01,
            1.76639795e+03, 7.42116760e+02, 8.20372164e-01,
            1.68118640e+03, 9.12866516e+02, 6.89490914e-01,
            1.63412280e+03, 5.68528320e+02, 6.28694892e-01,
            1.68415430e+03, 7.45101746e+02, 8.05305243e-01,
            1.66048975e+03, 9.06927246e+02, 6.16370022e-01,
            1.74290881e+03, 2.18222244e+02, 8.68700266e-01, 0.0, 0.0,
            0.0, 1.70752441e+03, 2.21235641e+02, 7.75791287e-01, 0.0,
            0.0, 0.0 ]
    }
}
