{
    "pose_0": {
        "type_id": "opencv-matrix",
        "rows": 1,
        "cols": 18,
        "dt": "3f",
        "data": [ 1.62814624e+03, 2.30125198e+02, 7.91053057e-01,
            1.54282446e+03, 3.18482330e+02, 8.55196714e-01,
            1.58390405e+03, 3.18503510e+02, 8.30519915e-01,
            1.60162183e+03, 4.47921387e+02, 8.12080026e-01,
            1.63405994e+03, 4.50797455e+02, 7.05932975e-01,
            1.51035083e+03, 3.18415253e+02, 7.42645204e-01,
            1.53974792e+03, 4.33162109e+02, 1.14011645e-01, 0.0, 0.0,
            0.0, 1.56346802e+03, 5.77317078e+02, 6.50547683e-01,
            1.56935742e+03, 7.42145935e+02, 6.94990098e-01,
            1.53392993e+03, 9.51060181e+02, 7.65330493e-01,
            1.51929480e+03, 5.74407898e+02, 5.63109934e-01,
            1.62515686e+03, 7.36363281e+02, 7.59447217e-01,
            1.61057861e+03, 9.18823914e+02, 7.73515403e-01,
            1.61356873e+03, 2.21167313e+02, 9.33431029e-01, 0.0, 0.0,
            0.0, 1.58394238e+03, 2.24206039e+02, 7.93807685e-01, 0.0,
            0.0, 0.0 ]
    }
}
