{
    "pose_0": {
        "type_id": "opencv-matrix",
        "rows": 1,
        "cols": 18,
        "dt": "3f",
        "data": [ 1.02465283e+03, 2.30069595e+02, 9.23325062e-01,
            9.51173340e+02, 3.21324738e+02, 6.66193902e-01,
            9.57030823e+02, 3.21424835e+02, 8.33527625e-01,
            9.59958313e+02, 4.50836975e+02, 8.24205101e-01,
            1.02470154e+03, 4.53708832e+02, 8.48066688e-01,
            9.36507751e+02, 3.18408356e+02, 5.70650816e-01,
            9.57093811e+02, 4.12656403e+02, 7.12007508e-02, 0.0, 0.0,
            0.0, 9.68807617e+02, 5.74384216e+02, 6.38389111e-01,
            1.00134302e+03, 7.62690308e+02, 8.11362982e-01,
            8.83379944e+02, 9.07157166e+02, 8.28762412e-01,
            9.62926086e+02, 5.71408325e+02, 4.05399919e-01,
            9.92404114e+02, 7.62734314e+02, 6.67949498e-01,
            9.89465088e+02, 9.33550476e+02, 7.76312768e-01,
            1.00714392e+03, 2.21123749e+02, 9.04079735e-01, 0.0, 0.0,
            0.0, 9.68798828e+02, 2.27126709e+02, 7.71551907e-01, 0.0,
            0.0, 0.0 ]
    }
}
