{
    "pose_0": {
        "type_id": "opencv-matrix",
        "rows": 1,
        "cols": 18,
        "dt": "3f",
        "data": [ 1.44861523e+03, 2.41825668e+02, 9.11107719e-01,
            1.37500342e+03, 3.21290253e+02, 8.20990980e-01,
            1.39863586e+03, 3.21365509e+02, 8.58735621e-01,
            1.41321155e+03, 4.47893219e+02, 8.21418941e-01,
            1.45156885e+03, 4.50781921e+02, 7.55565703e-01,
            1.35134119e+03, 3.18403839e+02, 7.53125787e-01,
            1.37206226e+03, 4.18521515e+02, 1.05828442e-01, 0.0, 0.0,
            0.0, 1.40144092e+03, 5.74441895e+02, 6.46191597e-01,
            1.45735803e+03, 7.62757996e+02, 7.41474450e-01,
            1.51628491e+03, 9.39402344e+02, 8.05900574e-01,
            1.33972644e+03, 5.74497009e+02, 5.94560862e-01,
            1.35453882e+03, 7.62839111e+02, 8.04489374e-01,
            1.33677600e+03, 9.36420898e+02, 7.43357301e-01,
            1.44274609e+03, 2.24081192e+02, 9.48765397e-01, 0.0, 0.0,
            0.0, 1.40151489e+03, 2.24301117e+02, 8.26733351e-01, 0.0,
            0.0, 0.0 ]
    }
}
