{
    "pose_0": {
        "type_id": "opencv-matrix",
        "rows": 1,
        "cols": 18,
        "dt": "3f",
        "data": [ 1.79582849e+03, 2.24193756e+02, 8.92796576e-01,
            1.70764014e+03, 3.15325012e+02, 8.85551155e-01,
            1.75177368e+03, 3.12511627e+02, 8.54702234e-01,
            1.77822412e+03, 4.36005707e+02, 8.87091577e-01,
            1.79881128e+03, 4.33084320e+02, 3.51471663e-01,
            1.66643152e+03, 3.15381378e+02, 7.73000836e-01,
            1.68696008e+03, 4.27300873e+02, 7.86866099e-02, 0.0, 0.0,
            0.0, 1.75174292e+03, 5.65625000e+02, 6.05714321e-01,
            1.80166089e+03, 7.53924011e+02, 7.81543911e-01,
            1.86931238e+03, 9.27534668e+02, 8.06660831e-01,
            1.67518335e+03, 5.68571594e+02, 5.91489136e-01,
            1.70161743e+03, 7.59791504e+02, 7.63878703e-01,
            1.69875024e+03, 9.30480408e+02, 7.74510205e-01,
            1.78121472e+03, 2.06601944e+02, 8.70167494e-01, 0.0, 0.0,
            0.0, 1.74878455e+03, 2.18235794e+02, 7.53021598e-01, 0.0,
            0.0, 0.0 ]
    }
}
