{
    "pose_0": {
        "type_id": "opencv-matrix",
        "rows": 1,
        "cols": 18,
        "dt": "3f",
        "data": [ 2.74251740e+02, 2.41740158e+02, 8.64068329e-01,
            2.15321274e+02, 3.38867767e+02, 8.20967317e-01,
            1.77104492e+02, 3.27205688e+02, 7.97267973e-01,
            1.47554733e+02, 4.56543701e+02, 8.53353083e-01,
            2.47701462e+02, 4.62622467e+02, 8.99156928e-01,
            2.47756363e+02, 3.41953400e+02, 7.87358820e-01,
            2.65393585e+02, 4.65548737e+02, 1.42131954e-01,
            2.71303284e+02, 4.62560547e+02, 1.34714186e-01,
            1.91843460e+02, 6.00906433e+02, 6.19067669e-01,
            1.56586548e+02, 7.86385010e+02, 7.16054559e-01,
            1.06404488e+02, 9.65850342e+02, 7.90367782e-01,
            2.65388672e+02, 5.97975647e+02, 6.37899220e-01,
            2.80069824e+02, 7.80490295e+02, 6.88663960e-01,
            3.03686005e+02, 9.51198608e+02, 7.64666975e-01,
            2.62486694e+02, 2.24067917e+02, 8.95002007e-01,
            2.77130127e+02, 2.24155197e+02, 6.46464825e-01,
            2.09524612e+02, 2.27097809e+02, 8.10306966e-01, 0.0, 0.0,
            0.0 ]
    }
}
