{
    "pose_0": {
        "type_id": "opencv-matrix",
        "rows": 1,
        "cols": 18,
        "dt": "3f",
        "data": [ 6.83348755e+02, 2.38908798e+02, 8.86058927e-01,
            6.12696167e+02, 3.18435730e+02, 6.65366113e-01,
            6.01015015e+02, 3.18411469e+02, 8.40496242e-01,
            5.97862732e+02, 4.42030884e+02, 8.67833257e-01,
            6.74450562e+02, 4.56541412e+02, 8.43334198e-01,
            6.21520081e+02, 3.18312317e+02, 6.29305243e-01,
            6.24510315e+02, 4.39061584e+02, 7.51463845e-02,
            6.71542725e+02, 4.41999939e+02, 1.36667147e-01,
            6.21525269e+02, 5.68503235e+02, 6.50362670e-01,
            6.47992249e+02, 7.62732605e+02, 7.82359600e-01,
            5.27238464e+02, 9.18823364e+02, 7.85620093e-01,
            6.45168579e+02, 5.56852112e+02, 5.04122257e-01,
            6.59818359e+02, 7.62714600e+02, 6.81503236e-01,
            6.47945190e+02, 9.36435913e+02, 8.06311548e-01,
            6.68598938e+02, 2.21198227e+02, 9.68195617e-01,
            6.83403809e+02, 2.21357452e+02, 3.59646320e-01,
            6.21531494e+02, 2.21234772e+02, 8.73330176e-01, 0.0, 0.0,
            0.0 ]
    }
}
