{
    "pose_0": {
        "type_id": "opencv-matrix",
        "rows": 1,
        "cols": 18,
        "dt": "3f",
        "data": [ 1.94736588e+02, 2.15302902e+02, 8.90955806e-01,
            1.27069275e+02, 3.00749023e+02, 8.37328315e-01,
            8.00304489e+01, 2.94769989e+02, 8.78673851e-01,
            5.64184494e+01, 4.18446716e+02, 8.54386508e-01,
            1.68209946e+02, 4.30103088e+02, 8.12814057e-01,
            1.74183243e+02, 3.12490784e+02, 8.19428682e-01,
            1.88850418e+02, 4.33147339e+02, 1.04718730e-01,
            1.94661087e+02, 4.30202423e+02, 1.34678185e-01,
            1.06428345e+02, 5.53890564e+02, 6.59285247e-01,
            1.06567299e+02, 7.39197571e+02, 7.29331613e-01,
            1.06461945e+02, 9.30531799e+02, 8.38385344e-01,
            1.80082352e+02, 5.50880920e+02, 6.49802446e-01,
            1.77021042e+02, 7.36239075e+02, 7.45132625e-01,
            1.53610474e+02, 9.09976440e+02, 8.21791291e-01,
            1.76971710e+02, 1.97572952e+02, 9.52594876e-01,
            1.97677750e+02, 1.97742706e+02, 7.51479983e-01,
            1.26944534e+02, 1.97534683e+02, 7.90875554e-01, 0.0, 0.0,
            0.0 ]
    }
}
