{
    "pose_0": {
        "type_id": "opencv-matrix",
        "rows": 1,
        "cols": 18,
        "dt": "3f",
        "data": [ 1.42496765e+03, 2.33040939e+02, 8.98899913e-01,
            1.34847485e+03, 3.15525482e+02, 8.25180054e-01,
            1.37203088e+03, 3.18338013e+02, 8.56270730e-01,
            1.37504492e+03, 4.39022247e+02, 8.77577126e-01,
            1.42219934e+03, 4.44898407e+02, 7.94826567e-01,
            1.32490942e+03, 3.15341644e+02, 7.49681652e-01,
            1.33081763e+03, 4.18417816e+02, 1.38647765e-01, 0.0, 0.0,
            0.0, 1.37202454e+03, 5.65570862e+02, 6.09993041e-01,
            1.43093591e+03, 7.39151367e+02, 7.41674781e-01,
            1.47209607e+03, 9.30560242e+02, 8.51397932e-01,
            1.31027551e+03, 5.71497192e+02, 5.83183348e-01,
            1.34849915e+03, 7.56867493e+02, 7.51346231e-01,
            1.33963904e+03, 9.30664978e+02, 7.42618501e-01,
            1.41904700e+03, 2.21167984e+02, 9.24395204e-01, 0.0, 0.0,
            0.0, 1.37784241e+03, 2.21328110e+02, 8.18637848e-01, 0.0,
            0.0, 0.0 ]
    }
}
