{
    "pose_0": {
        "type_id": "opencv-matrix",
        "rows": 1,
        "cols": 18,
        "dt": "3f",
        "data": [ 2.41857803e+02, 2.33024673e+02, 8.59179318e-01,
            1.74192581e+02, 3.33077118e+02, 8.37284744e-01,
            1.38784103e+02, 3.18490631e+02, 7.89067030e-01,
            1.06488869e+02, 4.44924347e+02, 8.68066072e-01,
            2.12411835e+02, 4.56813080e+02, 8.55053663e-01,
            2.15318314e+02, 3.38971741e+02, 7.62759864e-01,
            2.24160095e+02, 4.71351532e+02, 1.62638798e-01, 0.0, 0.0,
            0.0, 1.50704941e+02, 5.97889465e+02, 6.34528458e-01,
            1.32895294e+02, 7.89241699e+02, 7.52415121e-01,
            1.03509941e+02, 9.65840210e+02, 7.98088908e-01,
            2.24308640e+02, 5.89182556e+02, 6.49751544e-01,
            2.68182312e+02, 7.62728638e+02, 7.62706220e-01,
            2.94787415e+02, 9.36418640e+02, 8.08211923e-01,
            2.21341232e+02, 2.21076416e+02, 9.14037585e-01,
            2.44792679e+02, 2.21200653e+02, 8.03613305e-01,
            1.74094055e+02, 2.21220657e+02, 8.30476999e-01, 0.0, 0.0,
            0.0 ]
    }
}
