{
    "pose_0": {
        "type_id": "opencv-matrix",
        "rows": 1,
        "cols": 18,
        "dt": "3f",
        "data": [ 1.72223425e+03, 2.32980911e+02, 8.24128091e-01,
            1.63405664e+03, 3.18510895e+02, 8.73334289e-01,
            1.67523682e+03, 3.21309113e+02, 8.18173647e-01,
            1.68994788e+03, 4.44976440e+02, 8.07525337e-01,
            1.72819421e+03, 4.47826080e+02, 6.96884036e-01,
            1.59282715e+03, 3.18458405e+02, 7.86260903e-01,
            1.63105237e+03, 4.36083160e+02, 9.93415639e-02, 0.0, 0.0,
            0.0, 1.66057410e+03, 5.77342346e+02, 6.52255952e-01,
            1.64289294e+03, 7.53965271e+02, 7.30881095e-01,
            1.54568140e+03, 9.30481750e+02, 8.26718628e-01,
            1.61342627e+03, 5.74350586e+02, 5.66230536e-01,
            1.68414185e+03, 7.48057861e+02, 7.23528028e-01,
            1.70170801e+03, 9.33526428e+02, 7.85737216e-01,
            1.70769165e+03, 2.21110291e+02, 9.36191618e-01, 0.0, 0.0,
            0.0, 1.67227100e+03, 2.24076767e+02, 7.80300140e-01, 0.0,
            0.0, 0.0 ]
    }
}
