{
    "pose_0": {
        "type_id": "opencv-matrix",
        "rows": 1,
        "cols": 18,
        "dt": "3f",
        "data": [ 1.53096436e+03, 2.38899033e+02, 8.06472719e-01,
            1.44868225e+03, 3.21330139e+02, 8.44774485e-01,
            1.48683667e+03, 3.24232056e+02, 8.07419181e-01,
            1.51039917e+03, 4.50774963e+02, 8.28553081e-01,
            1.54868823e+03, 4.42057983e+02, 6.64831877e-01,
            1.41918262e+03, 3.18426453e+02, 7.61341393e-01,
            1.44855957e+03, 4.36040070e+02, 9.77795944e-02, 0.0, 0.0,
            0.0, 1.49279309e+03, 5.80335938e+02, 6.15029335e-01,
            1.51919861e+03, 7.65703491e+02, 7.61782944e-01,
            1.53097925e+03, 9.54023804e+02, 7.79527247e-01,
            1.42205701e+03, 5.77355835e+02, 6.30385935e-01,
            1.42218286e+03, 7.51016479e+02, 7.93639064e-01,
            1.35442371e+03, 9.21716919e+02, 7.68013060e-01,
            1.51931750e+03, 2.21344254e+02, 9.40283060e-01, 0.0, 0.0,
            0.0, 1.48972864e+03, 2.24321884e+02, 8.07990372e-01, 0.0,
            0.0, 0.0 ]
    }
}
