{
    "pose_0": {
        "type_id": "opencv-matrix",
        "rows": 1,
        "cols": 18,
        "dt": "3f",
        "data": [ 1.92255408e+03, 1.82982971e+02, 4.34122473e-01,
            1.85765466e+03, 2.88953613e+02, 7.60254741e-01,
            1.89304993e+03, 2.85980408e+02, 7.11653411e-01,
            1.92252625e+03, 3.97864563e+02, 4.36177999e-01, 0.0, 0.0,
            0.0, 1.82239282e+03, 2.91930420e+02, 7.40276575e-01, 0.0,
            0.0, 0.0, 0.0, 0.0, 0.0, 1.88709351e+03, 5.47949280e+02,
            5.81953049e-01, 1.92245435e+03, 7.36266907e+02,
            5.57304025e-01, 1.89582092e+03, 9.27643799e+02,
            6.36659026e-01, 1.81649304e+03, 5.39133911e+02,
            5.89233041e-01, 1.82228577e+03, 7.15767456e+02,
            8.45929503e-01, 1.72830627e+03, 8.80416504e+02,
            7.77159870e-01, 1.92249304e+03, 1.74139847e+02,
            7.56923020e-01, 1.92255786e+03, 1.74021942e+02,
            2.46160671e-01, 1.87231299e+03, 1.94728592e+02,
            7.63252139e-01, 0.0, 0.0, 0.0 ]
    }
}
