{
    "pose_0": {
        "type_id": "opencv-matrix",
        "rows": 1,
        "cols": 18,
        "dt": "3f",
        "data": [ 4.09507599e+02, 2.44820755e+02, 9.64949429e-01,
            3.38847992e+02, 3.30144043e+02, 7.46004164e-01,
            3.15463623e+02, 3.21391113e+02, 8.64250422e-01,
            2.91790222e+02, 4.50737946e+02, 8.72174978e-01,
            3.86021454e+02, 4.59698669e+02, 9.05156732e-01,
            3.62419830e+02, 3.35930756e+02, 6.23497427e-01,
            3.62471802e+02, 4.68401093e+02, 6.79695681e-02, 0.0, 0.0,
            0.0, 3.38854279e+02, 5.86174561e+02, 6.46625400e-01,
            4.24268433e+02, 7.59816223e+02, 7.42018104e-01,
            4.44939392e+02, 9.51135803e+02, 7.57265151e-01,
            3.44928375e+02, 5.77448425e+02, 4.72707331e-01,
            3.33012482e+02, 7.71658997e+02, 7.02368557e-01,
            3.00704803e+02, 9.51192383e+02, 7.64299512e-01,
            3.89067139e+02, 2.24302017e+02, 9.63782489e-01,
            4.09591492e+02, 2.27139542e+02, 6.06898189e-01,
            3.41891266e+02, 2.24234192e+02, 8.69276702e-01, 0.0, 0.0,
            0.0 ]
    }
}
