{
    "pose_0": {
        "type_id": "opencv-matrix",
        "rows": 1,
        "cols": 18,
        "dt": "3f",
        "data": [ 1.89586670e+03, 2.06577972e+02, 8.48827720e-01,
            1.81943323e+03, 2.94863068e+02, 8.33254814e-01,
            1.85764856e+03, 2.94763702e+02, 8.12023044e-01,
            1.89301453e+03, 4.15457275e+02, 8.65305722e-01,
            1.92251318e+03, 3.94927277e+02, 1.01342604e-01,
            1.77818152e+03, 2.97786591e+02, 7.40883231e-01,
            1.79589685e+03, 4.12574890e+02, 5.40377796e-02, 0.0, 0.0,
            0.0, 1.85479602e+03, 5.53836426e+02, 5.84398329e-01,
            1.89288013e+03, 7.39297119e+02, 7.13222980e-01,
            1.89306946e+03, 9.33465942e+02, 6.65688097e-01,
            1.77811938e+03, 5.50947998e+02, 6.31643295e-01,
            1.77535364e+03, 7.27487122e+02, 7.87632227e-01,
            1.71053870e+03, 9.01129517e+02, 7.69056261e-01,
            1.87831335e+03, 1.97551865e+02, 8.77584159e-01,
            1.89607507e+03, 1.97562256e+02, 7.37934351e-01,
            1.82531396e+03, 1.97743454e+02, 8.83383751e-01, 0.0, 0.0,
            0.0 ]
    }
}
