{
    "pose_0": {
        "type_id": "opencv-matrix",
        "rows": 1,
        "cols": 18,
        "dt": "3f",
        "data": [ 1.41330176e+03, 2.35916077e+02, 8.22666168e-01,
            1.33090344e+03, 3.15363770e+02, 8.32496762e-01,
            1.35443494e+03, 3.15505707e+02, 8.73668313e-01,
            1.36321582e+03, 4.39142609e+02, 8.43997598e-01,
            1.41617615e+03, 4.44896118e+02, 7.59896815e-01,
            1.30738562e+03, 3.12502045e+02, 7.43352711e-01,
            1.32798413e+03, 4.12652802e+02, 1.15076222e-01, 0.0, 0.0,
            0.0, 1.35445581e+03, 5.59774902e+02, 6.21719539e-01,
            1.42796411e+03, 7.36259827e+02, 7.74766088e-01,
            1.42518213e+03, 9.30598511e+02, 8.03600490e-01,
            1.30422205e+03, 5.71430786e+02, 5.89110851e-01,
            1.34257349e+03, 7.51039673e+02, 7.40731001e-01,
            1.33675610e+03, 9.30674316e+02, 7.47220635e-01,
            1.40162292e+03, 2.21149857e+02, 9.17926073e-01, 0.0, 0.0,
            0.0, 1.36908630e+03, 2.21264771e+02, 8.02228212e-01, 0.0,
            0.0, 0.0 ]
    }
}
