{
    "pose_0": {
        "type_id": "opencv-matrix",
        "rows": 1,
        "cols": 18,
        "dt": "3f",
        "data": [ 1.56044934e+03, 2.38908447e+02, 8.73175323e-01,
            1.47799695e+03, 3.21380890e+02, 8.10703397e-01,
            1.51338281e+03, 3.21332825e+02, 8.49966109e-01,
            1.53976428e+03, 4.47879608e+02, 8.77985179e-01,
            1.58700037e+03, 4.44898682e+02, 6.82901919e-01,
            1.44573999e+03, 3.21336456e+02, 7.47007132e-01,
            1.48387280e+03, 4.27267883e+02, 7.87231401e-02, 0.0, 0.0,
            0.0, 1.51633862e+03, 5.80300903e+02, 6.17123306e-01,
            1.53393811e+03, 7.62841187e+02, 7.38753200e-01,
            1.53389270e+03, 9.51215210e+02, 7.22560883e-01,
            1.44847290e+03, 5.77374512e+02, 6.40786111e-01,
            1.46925098e+03, 7.56872131e+02, 7.91209221e-01,
            1.37788831e+03, 9.07116943e+02, 7.61106193e-01,
            1.54577942e+03, 2.21317215e+02, 9.34218168e-01, 0.0, 0.0,
            0.0, 1.51328613e+03, 2.27141815e+02, 8.02025199e-01, 0.0,
            0.0, 0.0 ]
    }
}
