{
    "pose_0": {
        "type_id": "opencv-matrix",
        "rows": 1,
        "cols": 18,
        "dt": "3f",
        "data": [ 1.48392590e+03, 2.44765549e+02, 8.84816170e-01,
            1.40443506e+03, 3.30079773e+02, 8.15295637e-01,
            1.44259253e+03, 3.33029602e+02, 8.12637269e-01,
            1.44861255e+03, 4.50855255e+02, 8.58994305e-01,
            1.49282910e+03, 4.50834686e+02, 7.80619681e-01,
            1.37502832e+03, 3.24281708e+02, 7.45617509e-01,
            1.39868188e+03, 4.36056488e+02, 1.14540100e-01, 0.0, 0.0,
            0.0, 1.44560925e+03, 5.77451477e+02, 6.19119406e-01,
            1.48974500e+03, 7.74543701e+02, 7.17329323e-01,
            1.52513037e+03, 9.48274902e+02, 7.50598192e-01,
            1.37501147e+03, 5.77447754e+02, 6.27070069e-01,
            1.37510596e+03, 7.65772278e+02, 8.43700528e-01,
            1.33972583e+03, 9.33551941e+02, 7.52259910e-01,
            1.47218652e+03, 2.24261261e+02, 9.32344198e-01, 0.0, 0.0,
            0.0, 1.43385876e+03, 2.27205414e+02, 7.63269246e-01, 0.0,
            0.0, 0.0 ]
    }
}
