{
    "pose_0": {
        "type_id": "opencv-matrix",
        "rows": 1,
        "cols": 18,
        "dt": "3f",
        "data": [ 5.50972717e+02, 2.27111725e+02, 9.30276096e-01,
            4.80268585e+02, 3.15337402e+02, 6.96173131e-01,
            4.65489197e+02, 3.12519165e+02, 8.38908911e-01,
            4.56572144e+02, 4.36134644e+02, 9.28268313e-01,
            5.36251953e+02, 4.53692688e+02, 8.36617708e-01,
            4.91978851e+02, 3.12522064e+02, 5.87001204e-01, 0.0, 0.0,
            0.0, 0.0, 0.0, 0.0, 4.77339264e+02, 5.71493591e+02,
            6.20024800e-01, 5.00853943e+02, 7.51034180e+02,
            7.01659977e-01, 4.80308289e+02, 9.54041870e+02,
            8.09316218e-01, 5.24411438e+02, 5.65590515e+02,
            5.87258816e-01, 5.71461670e+02, 7.42314697e+02,
            8.44122231e-01, 4.36074921e+02, 8.80513611e+02,
            7.64737368e-01, 5.33285095e+02, 2.15366119e+02,
            8.78521740e-01, 5.51008911e+02, 2.21051468e+02,
            3.91683102e-01, 4.89119720e+02, 2.21105576e+02,
            8.14427853e-01, 0.0, 0.0, 0.0 ]
    }
}
