{
    "pose_0": {
        "type_id": "opencv-matrix",
        "rows": 1,
        "cols": 18,
        "dt": "3f",
        "data": [ 1.30725671e+03, 2.41853104e+02, 9.58852172e-01,
            1.23656506e+03, 3.24322021e+02, 7.88592100e-01,
            1.25736816e+03, 3.30090088e+02, 8.27267826e-01,
            1.28066187e+03, 4.56615814e+02, 8.73888373e-01,
            1.33094019e+03, 4.50752441e+02, 7.13926196e-01,
            1.21305737e+03, 3.21397522e+02, 7.22221255e-01,
            1.25436182e+03, 4.18519623e+02, 9.92661342e-02, 0.0, 0.0,
            0.0, 1.25729663e+03, 5.77424255e+02, 6.53523386e-01,
            1.23382739e+03, 7.65646301e+02, 7.62028933e-01,
            1.17783044e+03, 9.51136536e+02, 7.94278860e-01,
            1.24845874e+03, 5.74481140e+02, 4.69982922e-01,
            1.30144287e+03, 7.65653320e+02, 7.48255432e-01,
            1.33389294e+03, 9.33458679e+02, 7.81732380e-01,
            1.30133350e+03, 2.24129898e+02, 9.36504722e-01, 0.0, 0.0,
            0.0, 1.26014441e+03, 2.27082779e+02, 8.14361870e-01, 0.0,
            0.0, 0.0 ]
    }
}
