{
    "pose_0": {
        "type_id": "opencv-matrix",
        "rows": 1,
        "cols": 18,
        "dt": "3f",
        "data": [ 1.09529272e+03, 2.47606094e+02, 9.90301967e-01,
            1.02179120e+03, 3.30136719e+02, 7.16380835e-01,
            1.03357690e+03, 3.33105865e+02, 7.93794155e-01,
            1.04232300e+03, 4.56716614e+02, 8.76885116e-01,
            1.09254883e+03, 4.56783600e+02, 8.92397165e-01,
            1.00132910e+03, 3.21409302e+02, 6.50235534e-01,
            1.01885852e+03, 4.30171173e+02, 8.24476704e-02, 0.0, 0.0,
            0.0, 1.04534058e+03, 5.77440125e+02, 6.55885339e-01,
            1.09839355e+03, 7.62857605e+02, 7.62218475e-01,
            1.15721423e+03, 9.51281494e+02, 8.15819860e-01,
            1.00121625e+03, 5.77426941e+02, 5.88310599e-01,
            1.02164264e+03, 7.68655823e+02, 7.83950567e-01,
            9.86467468e+02, 9.51039978e+02, 7.56763220e-01,
            1.08648523e+03, 2.24364456e+02, 9.04634118e-01,
            1.09527637e+03, 2.24269470e+02, 6.39679581e-02,
            1.04244861e+03, 2.30068176e+02, 7.89467871e-01, 0.0, 0.0,
            0.0 ]
    }
}
