{
    "pose_0": {
        "type_id": "opencv-matrix",
        "rows": 1,
        "cols": 18,
        "dt": "3f",
        "data": [ 1.12479480e+03, 2.47777313e+02, 9.28224802e-01,
            1.04836572e+03, 3.35993317e+02, 7.67819881e-01,
            1.06883862e+03, 3.38947021e+02, 8.53930473e-01,
            1.07189600e+03, 4.59657288e+02, 9.08029139e-01,
            1.12775879e+03, 4.59598419e+02, 8.85848463e-01,
            1.03069409e+03, 3.30107788e+02, 6.75214112e-01,
            1.04831848e+03, 4.36017212e+02, 1.04170538e-01, 0.0, 0.0,
            0.0, 1.08072058e+03, 5.89184875e+02, 5.98245144e-01,
            1.13369531e+03, 7.65843689e+02, 7.30785429e-01,
            1.16317090e+03, 9.54251709e+02, 8.01189303e-01,
            1.02774390e+03, 5.89104431e+02, 5.66527963e-01,
            1.03066687e+03, 7.68738831e+02, 7.72910178e-01,
            9.92310059e+02, 9.48214417e+02, 7.63971269e-01,
            1.11597327e+03, 2.33010468e+02, 9.06276524e-01, 0.0, 0.0,
            0.0, 1.07182739e+03, 2.38928894e+02, 8.03289592e-01, 0.0,
            0.0, 0.0 ]
    }
}
