{
    "pose_0": {
        "type_id": "opencv-matrix",
        "rows": 1,
        "cols": 18,
        "dt": "3f",
        "data": [ 1.08071814e+03, 2.44763016e+02, 9.29370582e-01,
            1.00411481e+03, 3.24268555e+02, 7.26643503e-01,
            1.02173560e+03, 3.33065674e+02, 8.15258443e-01,
            1.02172784e+03, 4.53716095e+02, 8.88550222e-01,
            1.07478003e+03, 4.56613586e+02, 8.41642857e-01,
            9.92393494e+02, 3.18455994e+02, 6.65441155e-01,
            1.00131830e+03, 4.18476074e+02, 8.54060426e-02, 0.0, 0.0,
            0.0, 1.02473108e+03, 5.74520142e+02, 6.68922067e-01,
            1.09239233e+03, 7.53938599e+02, 7.48487413e-01,
            1.13648230e+03, 9.48130859e+02, 7.55587697e-01,
            9.83607178e+02, 5.77317322e+02, 5.50683916e-01,
            1.00423120e+03, 7.65798157e+02, 7.84775913e-01,
            9.83556396e+02, 9.48221130e+02, 7.58657396e-01,
            1.06900171e+03, 2.24301926e+02, 9.71133888e-01,
            1.07770911e+03, 2.24243088e+02, 1.13455035e-01,
            1.02487854e+03, 2.30048889e+02, 8.25945914e-01, 0.0, 0.0,
            0.0 ]
    }
}
