{
    "pose_0": {
        "type_id": "opencv-matrix",
        "rows": 1,
        "cols": 18,
        "dt": "3f",
        "data": [ 1.65752637e+03, 2.41846527e+02, 9.29600656e-01,
            1.57510413e+03, 3.24258606e+02, 7.98471987e-01,
            1.61050281e+03, 3.24246155e+02, 8.52604151e-01,
            1.63095691e+03, 4.50747009e+02, 8.19787741e-01,
            1.66058093e+03, 4.53743347e+02, 7.65542388e-01,
            1.53987964e+03, 3.24232452e+02, 7.72862434e-01,
            1.56345654e+03, 4.36035736e+02, 1.26478001e-01, 0.0, 0.0,
            0.0, 1.59288794e+03, 5.77437195e+02, 6.49357617e-01,
            1.58686951e+03, 7.54002075e+02, 6.78605199e-01,
            1.53386841e+03, 9.51176208e+02, 7.92210102e-01,
            1.55751257e+03, 5.77322571e+02, 5.54848909e-01,
            1.63394690e+03, 7.39357971e+02, 7.45853961e-01,
            1.68408838e+03, 9.27711243e+02, 8.25606883e-01,
            1.64873499e+03, 2.24105850e+02, 9.09685552e-01, 0.0, 0.0,
            0.0, 1.61057715e+03, 2.24349792e+02, 7.94178665e-01, 0.0,
            0.0, 0.0 ]
    }
}
