{
    "pose_0": {
        "type_id": "opencv-matrix",
        "rows": 1,
        "cols": 18,
        "dt": "3f",
        "data": [ 1.21003308e+03, 2.44852203e+02, 9.52362895e-01,
            1.13066833e+03, 3.21417664e+02, 7.72797644e-01,
            1.15426318e+03, 3.27155640e+02, 7.82266617e-01,
            1.16591553e+03, 4.50794617e+02, 8.66432428e-01,
            1.21617346e+03, 4.56559631e+02, 7.78731465e-01,
            1.10423865e+03, 3.21268280e+02, 7.27665246e-01,
            1.12186914e+03, 4.33080200e+02, 1.11800894e-01, 0.0, 0.0,
            0.0, 1.15133887e+03, 5.71534241e+02, 5.99092126e-01,
            1.18074695e+03, 7.48101990e+02, 7.01522112e-01,
            1.16601990e+03, 9.60041016e+02, 7.54391253e-01,
            1.11305188e+03, 5.71498962e+02, 5.54185152e-01,
            1.16294678e+03, 7.48074463e+02, 7.02054679e-01,
            1.07173108e+03, 8.92271240e+02, 7.33897448e-01,
            1.19543860e+03, 2.24283066e+02, 9.10453618e-01, 0.0, 0.0,
            0.0, 1.15429504e+03, 2.27161728e+02, 7.99694061e-01, 0.0,
            0.0, 0.0 ]
    }
}
