{
    "pose_0": {
        "type_id": "opencv-matrix",
        "rows": 1,
        "cols": 18,
        "dt": "3f",
        "data": [ 6.45156189e+02, 2.33024841e+02, 9.18295920e-01,
            5.77321594e+02, 3.21337189e+02, 6.41462266e-01,
            5.71508118e+02, 3.21320557e+02, 8.43865395e-01,
            5.59685791e+02, 4.44920258e+02, 8.30403626e-01,
            6.45014832e+02, 4.56566528e+02, 8.71034980e-01,
            5.83273987e+02, 3.18341339e+02, 5.63307583e-01,
            5.97973450e+02, 4.33076996e+02, 5.31097203e-02, 0.0, 0.0,
            0.0, 5.77360291e+02, 5.77447205e+02, 6.50641799e-01,
            5.53707092e+02, 7.45214172e+02, 7.27595150e-01,
            4.80263214e+02, 9.51072998e+02, 8.48466158e-01,
            6.24559814e+02, 5.74477600e+02, 5.80893815e-01,
            6.45075134e+02, 7.59810608e+02, 7.56782293e-01,
            6.48042542e+02, 9.36410400e+02, 7.77527690e-01,
            6.27434448e+02, 2.21105240e+02, 9.12084818e-01,
            6.47880615e+02, 2.21284195e+02, 3.56636375e-01,
            5.83227417e+02, 2.21344330e+02, 8.31327319e-01, 0.0, 0.0,
            0.0 ]
    }
}
