{
    "pose_0": {
        "type_id": "opencv-matrix",
        "rows": 1,
        "cols": 18,
        "dt": "3f",
        "data": [ 1.25729016e+03, 2.41759338e+02, 9.43480968e-01,
            1.18363892e+03, 3.18459412e+02, 8.12923372e-01,
            1.21004419e+03, 3.18520905e+02, 8.57637644e-01,
            1.21603748e+03, 4.50767853e+02, 8.87261868e-01,
            1.28070605e+03, 4.50824493e+02, 7.55332708e-01,
            1.15713184e+03, 3.18302887e+02, 7.49404132e-01,
            1.18656824e+03, 4.15591370e+02, 1.18935615e-01, 0.0, 0.0,
            0.0, 1.18969592e+03, 5.74515137e+02, 6.52703941e-01,
            1.19543958e+03, 7.62821045e+02, 7.10016310e-01,
            1.16614868e+03, 9.54114624e+02, 7.98127055e-01,
            1.17193982e+03, 5.74323303e+02, 4.86155450e-01,
            1.25732080e+03, 7.39161621e+02, 7.61657953e-01,
            1.28077466e+03, 9.27485962e+02, 7.96932638e-01,
            1.24839990e+03, 2.21320404e+02, 9.17768836e-01, 0.0, 0.0,
            0.0, 1.21001880e+03, 2.24242264e+02, 7.97221422e-01, 0.0,
            0.0, 0.0 ]
    }
}
