{
    "pose_0": {
        "type_id": "opencv-matrix",
        "rows": 1,
        "cols": 18,
        "dt": "3f",
        "data": [ 1.58395959e+03, 2.38931915e+02, 8.69051576e-01,
            1.50153625e+03, 3.21372650e+02, 8.03711891e-01,
            1.53969592e+03, 3.21280945e+02, 8.44950616e-01,
            1.56326697e+03, 4.47871033e+02, 8.73914063e-01,
            1.59872473e+03, 4.39148682e+02, 6.32476270e-01,
            1.46925256e+03, 3.21367615e+02, 7.40947723e-01,
            1.49861243e+03, 4.27261017e+02, 8.17347988e-02, 0.0, 0.0,
            0.0, 1.53985791e+03, 5.71517456e+02, 6.13854468e-01,
            1.54567871e+03, 7.42319275e+02, 6.99003041e-01,
            1.53100061e+03, 9.54086792e+02, 7.50765383e-01,
            1.47504712e+03, 5.71530640e+02, 5.81484914e-01,
            1.52803320e+03, 7.42155396e+02, 6.97204590e-01,
            1.44567920e+03, 8.83426025e+02, 7.67600954e-01,
            1.56936694e+03, 2.21336716e+02, 9.38452363e-01, 0.0, 0.0,
            0.0, 1.53972424e+03, 2.27077866e+02, 8.08069348e-01, 0.0,
            0.0, 0.0 ]
    }
}
