{
    "pose_0": {
        "type_id": "opencv-matrix",
        "rows": 1,
        "cols": 18,
        "dt": "3f",
        "data": [ 7.89172729e+02, 2.35931824e+02, 9.11399066e-01,
            7.15655090e+02, 3.18417206e+02, 6.66347086e-01,
            7.18675781e+02, 3.18476074e+02, 8.56912911e-01,
            7.15791077e+02, 4.41963470e+02, 8.68819952e-01,
            7.89347717e+02, 4.50818207e+02, 8.45130146e-01,
            7.03944275e+02, 3.15471924e+02, 5.49461842e-01,
            7.21664917e+02, 4.15493073e+02, 7.92766437e-02, 0.0, 0.0,
            0.0, 7.42123840e+02, 5.68579346e+02, 6.35971010e-01,
            7.89277832e+02, 7.48064087e+02, 7.33747900e-01,
            8.21703491e+02, 9.42369934e+02, 7.10464537e-01,
            7.03949585e+02, 5.65612244e+02, 5.19041240e-01,
            6.95125610e+02, 7.53976868e+02, 7.54621744e-01,
            6.45163025e+02, 9.30546814e+02, 8.29248071e-01,
            7.74567993e+02, 2.21078842e+02, 8.78773570e-01,
            7.86430298e+02, 2.21367294e+02, 1.79584086e-01,
            7.30405884e+02, 2.21121613e+02, 7.93261409e-01, 0.0, 0.0,
            0.0 ]
    }
}
