{
    "pose_0": {
        "type_id": "opencv-matrix",
        "rows": 1,
        "cols": 18,
        "dt": "3f",
        "data": [ 1.88803360e+02, 2.21196548e+02, 8.95834684e-01,
            1.21096405e+02, 3.12421692e+02, 8.04695904e-01,
            7.98580704e+01, 2.97866028e+02, 8.00698161e-01,
            3.87838287e+01, 4.33008789e+02, 8.62434268e-01,
            1.53527130e+02, 4.39042847e+02, 9.11507666e-01,
            1.59440857e+02, 3.15518280e+02, 7.68944740e-01,
            1.71151718e+02, 4.42010590e+02, 8.76698270e-02,
            1.74166000e+02, 4.36018188e+02, 6.84385449e-02,
            1.00487457e+02, 5.77348450e+02, 6.23828948e-01,
            1.09370667e+02, 7.65674500e+02, 7.39825904e-01,
            1.00504425e+02, 9.48222717e+02, 7.65757561e-01,
            1.74240112e+02, 5.71499146e+02, 6.77521467e-01,
            2.21321350e+02, 7.39122803e+02, 8.72608304e-01,
            1.71095001e+02, 9.15821716e+02, 7.50442624e-01,
            1.71177948e+02, 2.00604538e+02, 9.16159332e-01,
            1.94694992e+02, 2.00754517e+02, 7.59260058e-01,
            1.18266922e+02, 2.00673889e+02, 7.50985861e-01, 0.0, 0.0,
            0.0 ]
    }
}
