{
    "pose_0": {
        "type_id": "opencv-matrix",
        "rows": 1,
        "cols": 18,
        "dt": "3f",
        "data": [ 0.0, 0.0, 0.0, 1.87545898e+03, 2.80111908e+02,
            7.56505609e-01, 1.92246277e+03, 2.74294617e+02,
            6.49971783e-01, 1.92253040e+03, 4.03729370e+02,
            7.86268115e-02, 0.0, 0.0, 0.0, 1.84591138e+03,
            2.86037476e+02, 6.87918484e-01, 0.0, 0.0, 0.0, 0.0, 0.0, 0.0,
            1.89582532e+03, 5.30312256e+02, 5.21952808e-01,
            1.89294983e+03, 7.06857849e+02, 5.46810985e-01,
            1.77815759e+03, 8.48131409e+02, 7.16473699e-01,
            1.84293848e+03, 5.27347168e+02, 5.91668367e-01,
            1.89003284e+03, 7.01025146e+02, 5.02839684e-01,
            1.89604626e+03, 9.24631897e+02, 5.13858140e-01,
            1.92258081e+03, 1.74214447e+02, 7.16438293e-02, 0.0, 0.0,
            0.0, 1.89886096e+03, 1.91761642e+02, 5.68405867e-01,
            1.88420313e+03, 1.94648926e+02, 1.48781478e-01 ]
    }
}
