{
    "pose_0": {
        "type_id": "opencv-matrix",
        "rows": 1,
        "cols": 18,
        "dt": "3f",
        "data": [ 1.16615930e+03, 2.44774872e+02, 9.87902403e-01,
            1.09536328e+03, 3.27187164e+02, 7.57036209e-01,
            1.11597644e+03, 3.33065308e+02, 8.40045273e-01,
            1.12184814e+03, 4.56544952e+02, 8.85516703e-01,
            1.17487292e+03, 4.56621429e+02, 8.15749168e-01,
            1.07481567e+03, 3.21348267e+02, 6.84991360e-01,
            1.09250732e+03, 4.30235565e+02, 1.06030032e-01, 0.0, 0.0,
            0.0, 1.12478040e+03, 5.80303894e+02, 6.17148578e-01,
            1.16012842e+03, 7.65703674e+02, 7.92525649e-01,
            1.16603577e+03, 9.57071960e+02, 7.89226651e-01,
            1.07188586e+03, 5.80276367e+02, 6.08656943e-01,
            1.07480750e+03, 7.62692017e+02, 8.34163964e-01,
            1.00128204e+03, 9.30652893e+02, 8.21446538e-01,
            1.16016809e+03, 2.24248077e+02, 9.46237564e-01, 0.0, 0.0,
            0.0, 1.11882483e+03, 2.27143295e+02, 8.02803516e-01, 0.0,
            0.0, 0.0 ]
    }
}
