{
    "pose_0": {
        "type_id": "opencv-matrix",
        "rows": 1,
        "cols": 18,
        "dt": "3f",
        "data": [ 1.91742432e+02, 2.15305084e+02, 8.56007040e-01,
            1.26932388e+02, 3.03643707e+02, 8.18947613e-01,
            7.99500046e+01, 2.94815002e+02, 8.61034572e-01,
            5.63419609e+01, 4.18468811e+02, 8.41501296e-01,
            1.62422302e+02, 4.30143127e+02, 8.09543133e-01,
            1.74000748e+02, 3.15269409e+02, 8.00806820e-01,
            1.79997681e+02, 4.33155518e+02, 9.36231464e-02, 0.0, 0.0,
            0.0, 1.06403557e+02, 5.53853638e+02, 6.50301814e-01,
            1.09360741e+02, 7.33403687e+02, 7.02377260e-01,
            1.03574707e+02, 9.30506348e+02, 8.26877475e-01,
            1.77083160e+02, 5.50836060e+02, 6.55437827e-01,
            1.74168991e+02, 7.33309204e+02, 7.14317799e-01,
            1.53457932e+02, 9.09966064e+02, 8.15589190e-01,
            1.74080460e+02, 1.97559570e+02, 9.30677056e-01,
            1.97563705e+02, 1.97692307e+02, 8.08307409e-01,
            1.24011711e+02, 1.97539673e+02, 7.61776865e-01, 0.0, 0.0,
            0.0 ]
    }
}
