{
    "pose_0": {
        "type_id": "opencv-matrix",
        "rows": 1,
        "cols": 18,
        "dt": "3f",
        "data": [ 4.15580078e+02, 2.44822495e+02, 9.35348153e-01,
            3.42029236e+02, 3.27163788e+02, 7.22012699e-01,
            3.27231598e+02, 3.21338379e+02, 8.12061727e-01,
            3.00790283e+02, 4.47871185e+02, 8.15410256e-01,
            3.97800476e+02, 4.59672211e+02, 8.79080474e-01,
            3.62525238e+02, 3.27151031e+02, 6.37805283e-01,
            3.47787689e+02, 4.53716736e+02, 8.12838525e-02, 0.0, 0.0,
            0.0, 3.44872772e+02, 5.83254761e+02, 6.32507324e-01,
            4.27253235e+02, 7.62853638e+02, 7.51439333e-01,
            4.68476501e+02, 9.51170288e+02, 7.74018884e-01,
            3.65424683e+02, 5.77333374e+02, 5.14541745e-01,
            3.38962189e+02, 7.71610474e+02, 7.07780421e-01,
            3.00753723e+02, 9.51189453e+02, 7.61360049e-01,
            4.06590607e+02, 2.24305496e+02, 9.12166417e-01,
            4.18451477e+02, 2.27165894e+02, 5.82072675e-01,
            3.56632385e+02, 2.24314835e+02, 7.99394071e-01, 0.0, 0.0,
            0.0 ]
    }
}
