{
    "pose_0": {
        "type_id": "opencv-matrix",
        "rows": 1,
        "cols": 18,
        "dt": "3f",
        "data": [ 7.74601135e+02, 2.38954651e+02, 8.67760301e-01,
            6.98137085e+02, 3.18491791e+02, 6.26995921e-01,
            7.01008118e+02, 3.21267334e+02, 7.97132909e-01,
            6.95268127e+02, 4.47861786e+02, 8.41881275e-01,
            7.68765503e+02, 4.53776581e+02, 8.12957764e-01,
            6.95179016e+02, 3.18308960e+02, 5.47306657e-01,
            7.09854370e+02, 4.21355896e+02, 7.42234215e-02, 0.0, 0.0,
            0.0, 7.21672546e+02, 5.71517761e+02, 6.24113023e-01,
            7.77510803e+02, 7.56867737e+02, 7.06118703e-01,
            8.18785522e+02, 9.48213501e+02, 7.04452991e-01,
            6.92234497e+02, 5.68591858e+02, 5.18043697e-01,
            6.89159607e+02, 7.59879761e+02, 7.45284557e-01,
            6.45080505e+02, 9.33550842e+02, 8.05999875e-01,
            7.62758972e+02, 2.21249130e+02, 9.51168776e-01,
            7.74629883e+02, 2.24142441e+02, 2.79105067e-01,
            7.15689453e+02, 2.21302002e+02, 8.48117948e-01, 0.0, 0.0,
            0.0 ]
    }
}
