{
    "pose_0": {
        "type_id": "opencv-matrix",
        "rows": 1,
        "cols": 18,
        "dt": "3f",
        "data": [ 1.77511804e+03, 2.24331543e+02, 9.08362865e-01,
            1.68417627e+03, 3.15360931e+02, 8.95458043e-01,
            1.72824683e+03, 3.15338867e+02, 8.86592031e-01,
            1.75166528e+03, 4.33277740e+02, 8.67666602e-01,
            1.77824121e+03, 4.35998474e+02, 7.06313729e-01,
            1.64873950e+03, 3.15356323e+02, 7.78590441e-01,
            1.68104651e+03, 4.21352722e+02, 9.02572274e-02, 0.0, 0.0,
            0.0, 1.73105359e+03, 5.71409546e+02, 6.22522175e-01,
            1.79297986e+03, 7.39129883e+02, 7.83244491e-01,
            1.77815295e+03, 9.27684387e+02, 8.29983175e-01,
            1.65465186e+03, 5.74346191e+02, 6.43944204e-01,
            1.69291504e+03, 7.53974243e+02, 7.54920423e-01,
            1.69576245e+03, 9.27574280e+02, 7.30780721e-01,
            1.75773267e+03, 2.12431915e+02, 8.71406555e-01, 0.0, 0.0,
            0.0, 1.72527881e+03, 2.21092484e+02, 7.66477346e-01, 0.0,
            0.0, 0.0 ]
    }
}
