{
    "pose_0": {
        "type_id": "opencv-matrix",
        "rows": 1,
        "cols": 18,
        "dt": "3f",
        "data": [ 1.94687119e+02, 2.15322998e+02, 8.80277693e-01,
            1.26992821e+02, 3.00784668e+02, 8.30030441e-01,
            7.99782257e+01, 2.94830841e+02, 8.66223156e-01,
            5.63940926e+01, 4.18443207e+02, 8.46470058e-01,
            1.65326828e+02, 4.30098175e+02, 7.99101293e-01,
            1.74056915e+02, 3.12476929e+02, 8.06459069e-01,
            1.82981705e+02, 4.33081818e+02, 7.91065693e-02,
            1.85974060e+02, 4.27208466e+02, 1.11371182e-01,
            1.06399597e+02, 5.56739807e+02, 6.52543128e-01,
            1.06607483e+02, 7.39304810e+02, 7.22031116e-01,
            1.03611229e+02, 9.30597290e+02, 8.10068011e-01,
            1.77234039e+02, 5.50930237e+02, 6.54404581e-01,
            1.74230881e+02, 7.39156433e+02, 7.22408295e-01,
            1.53542862e+02, 9.12881165e+02, 7.84649014e-01,
            1.74202454e+02, 1.97563858e+02, 9.37671542e-01,
            1.97612961e+02, 1.97694427e+02, 7.26261377e-01,
            1.24034401e+02, 1.97578049e+02, 7.68079102e-01, 0.0, 0.0,
            0.0 ]
    }
}
