{
    "pose_0": {
        "type_id": "opencv-matrix",
        "rows": 1,
        "cols": 18,
        "dt": "3f",
        "data": [ 0.0, 0.0, 0.0, 1.92250574e+03, 2.86012054e+02,
            3.72998297e-01, 1.92247986e+03, 2.77207642e+02,
            2.18351990e-01, 0.0, 0.0, 0.0, 0.0, 0.0, 0.0, 1.87543909e+03,
            2.80099365e+02, 4.87686545e-01, 0.0, 0.0, 0.0, 0.0, 0.0, 0.0,
            1.89889526e+03, 5.30275818e+02, 3.42141986e-01,
            1.92251404e+03, 6.98031921e+02, 3.34493399e-01,
            1.84599292e+03, 8.59895996e+02, 2.63879448e-01,
            1.86655493e+03, 5.27303894e+02, 4.11321431e-01,
            1.92250793e+03, 6.98030701e+02, 4.01499420e-01,
            1.84593042e+03, 8.59936340e+02, 3.64581913e-01, 0.0, 0.0,
            0.0, 0.0, 0.0, 0.0, 1.92254651e+03, 1.85978088e+02,
            1.66575640e-01, 1.92245459e+03, 1.94661758e+02,
            1.00433283e-01 ]
    }
}
