{
    "pose_0": {
        "type_id": "opencv-matrix",
        "rows": 1,
        "cols": 18,
        "dt": "3f",
        "data": [ 0.0, 0.0, 0.0, 1.86954626e+03, 2.85971893e+02,
            7.63406634e-01, 1.89901917e+03, 2.77193024e+02,
            5.90314627e-01, 1.92255090e+03, 4.06682983e+02,
            7.27504119e-02, 0.0, 0.0, 0.0, 1.83118213e+03,
            2.91773193e+02, 7.10665584e-01, 0.0, 0.0, 0.0, 0.0, 0.0, 0.0,
            1.89307056e+03, 5.42053833e+02, 5.23568869e-01,
            1.92250159e+03, 7.30435791e+02, 3.51745307e-01,
            1.89581653e+03, 9.27648743e+02, 5.72945297e-01,
            1.82544958e+03, 5.33300476e+02, 6.14290833e-01,
            1.84898071e+03, 7.18639587e+02, 7.90870130e-01,
            1.75179443e+03, 8.59987915e+02, 7.26132452e-01,
            1.92255762e+03, 1.74252441e+02, 1.14729740e-01, 0.0, 0.0,
            0.0, 1.89589270e+03, 1.94714783e+02, 4.95282948e-01,
            1.86938428e+03, 1.97679276e+02, 7.66923130e-02 ]
    }
}
