{
    "pose_0": {
        "type_id": "opencv-matrix",
        "rows": 1,
        "cols": 18,
        "dt": "3f",
        "data": [ 1.58995923e+03, 2.38927551e+02, 8.52623999e-01,
            1.51338037e+03, 3.21396301e+02, 8.17214608e-01,
            1.54573340e+03, 3.21330414e+02, 8.24281693e-01,
            1.56642444e+03, 4.47918060e+02, 8.54481041e-01,
            1.60752002e+03, 4.47918640e+02, 7.10914433e-01,
            1.47508252e+03, 3.21420013e+02, 7.47628212e-01,
            1.51331116e+03, 4.41953522e+02, 9.72964466e-02, 0.0, 0.0,
            0.0, 1.54571301e+03, 5.74367065e+02, 6.13067746e-01,
            1.57516125e+03, 7.39324768e+02, 7.03359485e-01,
            1.52810120e+03, 9.51254028e+02, 7.37184167e-01,
            1.48976392e+03, 5.74417542e+02, 6.03514254e-01,
            1.54284998e+03, 7.42100098e+02, 7.62626410e-01,
            1.47507166e+03, 8.86455139e+02, 7.48785377e-01,
            1.58679468e+03, 2.21358612e+02, 9.52406943e-01, 0.0, 0.0,
            0.0, 1.54572961e+03, 2.27085693e+02, 7.74913430e-01, 0.0,
            0.0, 0.0 ]
    }
}
