{
    "pose_0": {
        "type_id": "opencv-matrix",
        "rows": 1,
        "cols": 18,
        "dt": "3f",
        "data": [ 3.94933075e+02, 2.44858109e+02, 9.18892980e-01,
            3.24248566e+02, 3.30186432e+02, 7.46439755e-01,
            3.03632904e+02, 3.21427673e+02, 7.93993115e-01,
            2.74191162e+02, 4.50761017e+02, 8.52705240e-01,
            3.68430817e+02, 4.59689270e+02, 8.97857964e-01,
            3.50727112e+02, 3.35976959e+02, 6.55766070e-01,
            3.27201385e+02, 4.56746216e+02, 8.58021602e-02, 0.0, 0.0,
            0.0, 3.24209320e+02, 5.83294495e+02, 6.14196301e-01,
            4.12679199e+02, 7.48114258e+02, 7.78446436e-01,
            4.12530457e+02, 9.51224487e+02, 8.02678108e-01,
            3.41919281e+02, 5.77354065e+02, 5.16398728e-01,
            3.24219696e+02, 7.71632202e+02, 7.19764054e-01,
            3.00757355e+02, 9.54017883e+02, 7.67519534e-01,
            3.83163757e+02, 2.24324738e+02, 9.22784686e-01,
            4.00728973e+02, 2.27179199e+02, 5.83322883e-01,
            3.35941986e+02, 2.27080963e+02, 8.13471973e-01, 0.0, 0.0,
            0.0 ]
    }
}
