{
    "pose_0": {
        "type_id": "opencv-matrix",
        "rows": 1,
        "cols": 18,
        "dt": "3f",
        "data": [ 9.71706238e+02, 2.30148834e+02, 8.73245418e-01,
            9.01129211e+02, 3.18435913e+02, 6.15710318e-01,
            9.04107910e+02, 3.21273560e+02, 8.42700124e-01,
            9.07023254e+02, 4.50805573e+02, 8.96117866e-01,
            9.74650146e+02, 4.53819214e+02, 8.60974193e-01,
            8.92319275e+02, 3.15476959e+02, 5.35851121e-01,
            9.07013916e+02, 4.12701813e+02, 9.29369628e-02, 0.0, 0.0,
            0.0, 9.07016846e+02, 5.74431885e+02, 6.81744039e-01,
            8.83583496e+02, 7.51039307e+02, 7.38719225e-01,
            8.30440125e+02, 9.48136963e+02, 8.05515528e-01,
            9.30475464e+02, 5.71510132e+02, 5.21372974e-01,
            9.65829712e+02, 7.59831299e+02, 7.29111195e-01,
            9.95233765e+02, 9.33485840e+02, 8.12790692e-01,
            9.54184326e+02, 2.18303619e+02, 9.36728954e-01,
            9.68864380e+02, 2.12423203e+02, 7.48111755e-02,
            9.12886047e+02, 2.24100113e+02, 8.34911585e-01, 0.0, 0.0,
            0.0 ]
    }
}
