{
    "pose_0": {
        "type_id": "opencv-matrix",
        "rows": 1,
        "cols": 18,
        "dt": "3f",
        "data": [ 4.83150940e+02, 2.41808273e+02, 9.46358681e-01,
            4.12604156e+02, 3.18498047e+02, 7.35167325e-01,
            4.00727783e+02, 3.18409790e+02, 8.30399215e-01,
            3.86086609e+02, 4.42063141e+02, 8.86741221e-01,
            4.80248596e+02, 4.53769043e+02, 8.65588129e-01,
            4.30262909e+02, 3.18418823e+02, 6.62131429e-01,
            4.30199677e+02, 4.36117493e+02, 6.33324012e-02, 0.0, 0.0,
            0.0, 4.24356995e+02, 5.74410522e+02, 6.34743273e-01,
            4.68531281e+02, 7.68772217e+02, 7.05649137e-01,
            4.83330414e+02, 9.54148132e+02, 7.73363292e-01,
            4.36040833e+02, 5.71417419e+02, 4.89035487e-01,
            3.86160339e+02, 7.62900024e+02, 7.95406103e-01,
            3.15342377e+02, 9.30691467e+02, 7.90818036e-01,
            4.68427856e+02, 2.21352158e+02, 9.05651867e-01,
            4.83242371e+02, 2.24126099e+02, 6.37139201e-01,
            4.21373688e+02, 2.24124893e+02, 8.43327880e-01, 0.0, 0.0,
            0.0 ]
    }
}
