{
    "pose_0": {
        "type_id": "opencv-matrix",
        "rows": 1,
        "cols": 18,
        "dt": "3f",
        "data": [ 6.12662903e+02, 2.35989197e+02, 8.59951735e-01,
            5.33290222e+02, 3.21315155e+02, 6.75765932e-01,
            5.27245117e+02, 3.18499359e+02, 8.53787541e-01,
            5.09659790e+02, 4.44965027e+02, 8.45716476e-01,
            5.97940979e+02, 4.56637115e+02, 8.69727552e-01,
            5.47965332e+02, 3.18399261e+02, 6.41363919e-01,
            5.50777588e+02, 4.36167480e+02, 5.93349226e-02,
            5.97859680e+02, 4.50760101e+02, 1.04547828e-01,
            5.33244995e+02, 5.86165039e+02, 6.23450100e-01,
            5.15587769e+02, 7.65668213e+02, 6.75774515e-01,
            4.80158386e+02, 9.54020386e+02, 8.54002893e-01,
            5.77444702e+02, 5.77443115e+02, 5.77252626e-01,
            6.03908386e+02, 7.65676941e+02, 7.53351986e-01,
            6.45095520e+02, 9.33471191e+02, 7.87012339e-01,
            5.97947083e+02, 2.21149612e+02, 9.51147318e-01,
            6.12699646e+02, 2.21318497e+02, 3.19792688e-01,
            5.50772339e+02, 2.21225128e+02, 8.53284478e-01, 0.0, 0.0,
            0.0 ]
    }
}
