{
    "pose_0": {
        "type_id": "opencv-matrix",
        "rows": 1,
        "cols": 18,
        "dt": "3f",
        "data": [ 6.71464905e+02, 2.33025040e+02, 9.33557689e-01,
            6.00958435e+02, 3.18365021e+02, 6.83245480e-01,
            5.97827209e+02, 3.18375610e+02, 8.54273736e-01,
            5.83258911e+02, 4.42006287e+02, 8.32844138e-01,
            6.68544495e+02, 4.56603210e+02, 8.66516948e-01,
            6.12667725e+02, 3.15478668e+02, 5.82506180e-01,
            6.21492859e+02, 4.33173645e+02, 7.51108602e-02,
            6.68617065e+02, 4.50692444e+02, 1.28853917e-01,
            6.09760864e+02, 5.74385315e+02, 6.17410541e-01,
            6.00911743e+02, 7.62851074e+02, 7.83479691e-01,
            4.97891235e+02, 9.33554688e+02, 7.83611298e-01,
            6.39177551e+02, 5.68518250e+02, 4.66579288e-01,
            6.51039001e+02, 7.59842590e+02, 7.19308257e-01,
            6.48026306e+02, 9.36457642e+02, 8.04663122e-01,
            6.53915100e+02, 2.21069870e+02, 8.86391044e-01,
            6.71481018e+02, 2.21320541e+02, 2.30370969e-01,
            6.09767090e+02, 2.21263306e+02, 8.27980280e-01, 0.0, 0.0,
            0.0 ]
    }
}
