{
    "pose_0": {
        "type_id": "opencv-matrix",
        "rows": 1,
        "cols": 18,
        "dt": "3f",
        "data": [ 1.37485620e+03, 2.30087585e+02, 9.12124276e-01,
            1.29554517e+03, 3.18299561e+02, 8.21539581e-01,
            1.32492358e+03, 3.18383392e+02, 8.51384401e-01,
            1.33095313e+03, 4.39138702e+02, 8.61406982e-01,
            1.38085632e+03, 4.42002716e+02, 7.96328127e-01,
            1.26614111e+03, 3.15498779e+02, 7.70007253e-01,
            1.28382971e+03, 4.24298584e+02, 1.23674825e-01, 0.0, 0.0,
            0.0, 1.32498389e+03, 5.71447998e+02, 6.11375272e-01,
            1.35740405e+03, 7.59820251e+02, 7.32846975e-01,
            1.23677466e+03, 9.07154480e+02, 7.78040767e-01,
            1.27487622e+03, 5.71497192e+02, 5.65376520e-01,
            1.33084839e+03, 7.62787476e+02, 8.08319330e-01,
            1.33669189e+03, 9.30552979e+02, 8.01129162e-01,
            1.35744226e+03, 2.18345139e+02, 9.21062231e-01, 0.0, 0.0,
            0.0, 1.32501746e+03, 2.21353210e+02, 8.19912553e-01, 0.0,
            0.0, 0.0 ]
    }
}
