{
    "pose_0": {
        "type_id": "opencv-matrix",
        "rows": 1,
        "cols": 18,
        "dt": "3f",
        "data": [ 2.06485764e+02, 2.24270828e+02, 8.83949876e-01,
            1.32967422e+02, 3.15535950e+02, 8.29875708e-01,
            1.03437904e+02, 3.12472046e+02, 8.15994740e-01,
            7.69737549e+01, 4.33285034e+02, 8.69336486e-01,
            1.77094635e+02, 4.44921356e+02, 8.56111765e-01,
            1.74027542e+02, 3.18509277e+02, 7.41329372e-01,
            1.91768723e+02, 4.53769043e+02, 1.11452587e-01,
            1.97780411e+02, 4.47819366e+02, 1.00872412e-01,
            1.09501747e+02, 5.86225159e+02, 6.13989353e-01,
            1.06613152e+02, 7.74609497e+02, 7.59587705e-01,
            1.03423897e+02, 9.54086853e+02, 8.40406299e-01,
            1.91782013e+02, 5.77445496e+02, 6.65099204e-01,
            2.71413300e+02, 7.18652710e+02, 8.93524051e-01,
            2.47739166e+02, 9.04090698e+02, 8.42118740e-01,
            1.91831100e+02, 2.06571808e+02, 8.40257883e-01,
            2.15375656e+02, 2.12396591e+02, 7.58477926e-01,
            1.38808533e+02, 2.06566986e+02, 7.39813387e-01, 0.0, 0.0,
            0.0 ]
    }
}
