{
    "pose_0": {
        "type_id": "opencv-matrix",
        "rows": 1,
        "cols": 18,
        "dt": "3f",
        "data": [ 1.69870435e+03, 2.30051834e+02, 8.07347596e-01,
            1.61048755e+03, 3.21420502e+02, 8.41353059e-01,
            1.64580994e+03, 3.24303192e+02, 7.88968921e-01,
            1.66340894e+03, 4.47891754e+02, 8.23948741e-01,
            1.70454565e+03, 4.50842712e+02, 7.26521552e-01,
            1.57217493e+03, 3.21333801e+02, 7.44169652e-01,
            1.61033997e+03, 4.36089905e+02, 1.03438705e-01, 0.0, 0.0,
            0.0, 1.63105579e+03, 5.77477844e+02, 6.45782769e-01,
            1.61042822e+03, 7.56916870e+02, 7.31204748e-01,
            1.53967664e+03, 9.39455383e+02, 7.91715026e-01,
            1.59572314e+03, 5.77324707e+02, 5.48056304e-01,
            1.66058569e+03, 7.53975342e+02, 7.24392056e-01,
            1.70165747e+03, 9.33496399e+02, 7.92508602e-01,
            1.68414709e+03, 2.21139420e+02, 9.15930152e-01, 0.0, 0.0,
            0.0, 1.65457483e+03, 2.24230896e+02, 7.80252337e-01, 0.0,
            0.0, 0.0 ]
    }
}
