{
    "pose_0": {
        "type_id": "opencv-matrix",
        "rows": 1,
        "cols": 18,
        "dt": "3f",
        "data": [ 1.16008679e+03, 2.44796341e+02, 9.82026398e-01,
            1.08068079e+03, 3.27238922e+02, 7.44622409e-01,
            1.09829041e+03, 3.33095337e+02, 8.24589789e-01,
            1.11012329e+03, 4.56707581e+02, 8.64457667e-01,
            1.16292603e+03, 4.56691589e+02, 8.52008998e-01,
            1.06588464e+03, 3.24227203e+02, 7.07896531e-01,
            1.07775415e+03, 4.33142670e+02, 1.11527041e-01, 0.0, 0.0,
            0.0, 1.11589819e+03, 5.77468872e+02, 6.39498651e-01,
            1.15129297e+03, 7.65654358e+02, 7.61925519e-01,
            1.16602710e+03, 9.54235352e+02, 8.18856597e-01,
            1.06008179e+03, 5.77384399e+02, 6.00402176e-01,
            1.06303052e+03, 7.62703857e+02, 7.97311783e-01,
            9.98313416e+02, 9.36467346e+02, 8.05947244e-01,
            1.14258374e+03, 2.24291534e+02, 9.55953896e-01, 0.0, 0.0,
            0.0, 1.10122852e+03, 2.30114029e+02, 7.93421030e-01, 0.0,
            0.0, 0.0 ]
    }
}
