{
    "pose_0": {
        "type_id": "opencv-matrix",
        "rows": 1,
        "cols": 18,
        "dt": "3f",
        "data": [ 5.03660919e+02, 2.38844223e+02, 9.21434700e-01,
            4.33074341e+02, 3.21335114e+02, 7.24938989e-01,
            4.12684631e+02, 3.18439056e+02, 8.50545526e-01,
            4.06612976e+02, 4.44944824e+02, 8.49098325e-01,
            4.94962769e+02, 4.53801575e+02, 8.01450193e-01,
            4.44920685e+02, 3.21266205e+02, 6.37920856e-01,
            4.53751831e+02, 4.44976013e+02, 6.15210645e-02,
            5.00760773e+02, 4.50745758e+02, 1.13295436e-01,
            4.36209991e+02, 5.74495972e+02, 6.56031311e-01,
            4.83157104e+02, 7.62845154e+02, 7.86404550e-01,
            4.86113739e+02, 9.54186829e+02, 7.62514114e-01,
            4.50776917e+02, 5.71523071e+02, 4.63472366e-01,
            4.09712158e+02, 7.56907898e+02, 7.68838465e-01,
            3.18292725e+02, 9.27689941e+02, 8.11207473e-01,
            4.83190063e+02, 2.21225967e+02, 9.79927778e-01,
            5.03744965e+02, 2.21313812e+02, 6.10233307e-01,
            4.36050690e+02, 2.21269745e+02, 8.84529233e-01, 0.0, 0.0,
            0.0 ]
    }
}
