{
    "pose_0": {
        "type_id": "opencv-matrix",
        "rows": 1,
        "cols": 18,
        "dt": "3f",
        "data": [ 8.80572937e+02, 2.24256561e+02, 9.79950726e-01,
            8.06871216e+02, 3.12383331e+02, 6.47988558e-01,
            8.12894897e+02, 3.12491241e+02, 8.38620543e-01,
            8.18727905e+02, 4.36009308e+02, 9.03461218e-01,
            8.83377441e+02, 4.36214905e+02, 8.70735645e-01,
            7.89351929e+02, 3.03705597e+02, 5.84564090e-01,
            8.09805115e+02, 4.09595032e+02, 6.65711164e-02, 0.0, 0.0,
            0.0, 8.15825745e+02, 5.68567505e+02, 6.45639598e-01,
            8.36459595e+02, 7.42137939e+02, 7.86290228e-01,
            8.21626099e+02, 9.45244446e+02, 7.64358222e-01,
            8.33431091e+02, 5.62654724e+02, 5.10317087e-01,
            9.04045471e+02, 7.30468445e+02, 7.91866362e-01,
            7.83393799e+02, 8.92279602e+02, 7.25726187e-01,
            8.68711548e+02, 2.03663544e+02, 8.81429017e-01, 0.0, 0.0,
            0.0, 8.21673950e+02, 2.06590424e+02, 7.79056668e-01, 0.0,
            0.0, 0.0 ]
    }
}
