{
    "pose_0": {
        "type_id": "opencv-matrix",
        "rows": 1,
        "cols": 18,
        "dt": "3f",
        "data": [ 9.12956726e+02, 2.27181137e+02, 9.16057885e-01,
            8.39321594e+02, 3.12491180e+02, 6.28755093e-01,
            8.45203247e+02, 3.15312561e+02, 7.89012134e-01,
            8.53931885e+02, 4.39030334e+02, 8.78880918e-01,
            9.10014526e+02, 4.41973907e+02, 8.18412006e-01,
            8.36334473e+02, 3.06634613e+02, 5.55980086e-01,
            8.42281555e+02, 4.12478516e+02, 7.38335475e-02, 0.0, 0.0,
            0.0, 8.53980469e+02, 5.71466309e+02, 6.39265299e-01,
            8.54006653e+02, 7.56959167e+02, 7.09818542e-01,
            8.24648376e+02, 9.48263794e+02, 7.78684378e-01,
            8.60013245e+02, 5.65571045e+02, 4.68972236e-01,
            9.27503052e+02, 7.42152710e+02, 7.77262628e-01,
            9.54007813e+02, 9.18842957e+02, 7.87554741e-01,
            9.04150208e+02, 2.12425842e+02, 9.11354184e-01, 0.0, 0.0,
            0.0, 8.59904785e+02, 2.12368164e+02, 8.15803528e-01, 0.0,
            0.0, 0.0 ]
    }
}
