{
    "pose_0": {
        "type_id": "opencv-matrix",
        "rows": 1,
        "cols": 18,
        "dt": "3f",
        "data": [ 5.27443726e+02, 2.27180908e+02, 9.19170856e-01,
            4.56797729e+02, 3.18278564e+02, 7.31695592e-01,
            4.42014526e+02, 3.15447968e+02, 8.47027957e-01,
            4.33102509e+02, 4.36271118e+02, 9.17028487e-01,
            5.24427490e+02, 4.53705414e+02, 8.45637202e-01,
            4.71452362e+02, 3.15464203e+02, 6.24437869e-01, 0.0, 0.0,
            0.0, 0.0, 0.0, 0.0, 4.62639679e+02, 5.71517578e+02,
            6.43155992e-01, 4.92028839e+02, 7.56899719e+02,
            6.88735008e-01, 4.83299011e+02, 9.54088745e+02,
            7.42008328e-01, 5.03678925e+02, 5.62642395e+02,
            5.27178228e-01, 4.80303406e+02, 7.53919006e+02,
            6.07527733e-01, 3.53677582e+02, 9.04051697e+02,
            7.45344877e-01, 5.09723328e+02, 2.18215576e+02,
            8.83201361e-01, 5.27463623e+02, 2.21154037e+02,
            4.55850244e-01, 4.65484375e+02, 2.21153885e+02,
            8.28842759e-01, 0.0, 0.0, 0.0 ]
    }
}
