{
    "pose_0": {
        "type_id": "opencv-matrix",
        "rows": 1,
        "cols": 18,
        "dt": "3f",
        "data": [ 1.54273328e+03, 2.41822968e+02, 9.14556146e-01,
            1.46904797e+03, 3.21411499e+02, 8.16814899e-01,
            1.49578345e+03, 3.21415009e+02, 8.37938666e-01,
            1.51931616e+03, 4.47851288e+02, 8.69150877e-01,
            1.56630835e+03, 4.44993530e+02, 7.13773429e-01,
            1.43087451e+03, 3.21349060e+02, 7.42906511e-01,
            1.46627112e+03, 4.41937531e+02, 8.72732326e-02, 0.0, 0.0,
            0.0, 1.50451160e+03, 5.80287903e+02, 5.89775324e-01,
            1.52222119e+03, 7.65865723e+02, 7.54714251e-01,
            1.53102380e+03, 9.51206238e+02, 7.50711560e-01,
            1.43676086e+03, 5.77362000e+02, 6.12095296e-01,
            1.44548047e+03, 7.59780151e+02, 8.01894486e-01,
            1.36322693e+03, 9.18753235e+02, 7.13076770e-01,
            1.53683582e+03, 2.24103989e+02, 9.34869587e-01, 0.0, 0.0,
            0.0, 1.49562817e+03, 2.24346390e+02, 8.12949419e-01, 0.0,
            0.0, 0.0 ]
    }
}
