{
    "pose_0": {
        "type_id": "opencv-matrix",
        "rows": 1,
        "cols": 18,
        "dt": "3f",
        "data": [ 1.05711768e+03, 2.41904190e+02, 9.06450152e-01,
            9.77809387e+02, 3.21365845e+02, 7.13983357e-01,
            9.95247559e+02, 3.27241577e+02, 7.93433070e-01,
            9.95267761e+02, 4.50815735e+02, 8.44770372e-01,
            1.05119897e+03, 4.53785889e+02, 8.22967649e-01,
            9.71731812e+02, 3.18369537e+02, 6.41967058e-01,
            9.86494324e+02, 4.18490631e+02, 8.58192295e-02, 0.0, 0.0,
            0.0, 1.00119312e+03, 5.77306091e+02, 6.88622355e-01,
            1.08654492e+03, 7.42161499e+02, 8.52772057e-01,
            1.02488708e+03, 9.24660645e+02, 7.41603792e-01,
            9.62948853e+02, 5.77338135e+02, 5.55256248e-01,
            9.98326721e+02, 7.62763855e+02, 8.56282532e-01,
            9.80659790e+02, 9.30650696e+02, 6.27498686e-01,
            1.04541394e+03, 2.24117432e+02, 9.88303185e-01,
            1.05422278e+03, 2.24180389e+02, 1.67294562e-01,
            1.00128058e+03, 2.24312729e+02, 8.39039624e-01, 0.0, 0.0,
            0.0 ]
    }
}
