{
    "pose_0": {
        "type_id": "opencv-matrix",
        "rows": 1,
        "cols": 18,
        "dt": "3f",
        "data": [ 3.62620361e+02, 2.44776260e+02, 9.75877404e-01,
            2.94846985e+02, 3.36077301e+02, 8.39124382e-01,
            2.71218475e+02, 3.27203430e+02, 8.33391190e-01,
            2.44726273e+02, 4.53689819e+02, 8.80752802e-01,
            3.41872589e+02, 4.59809082e+02, 9.04822826e-01,
            3.21368835e+02, 3.39024963e+02, 7.30361462e-01,
            3.30143036e+02, 4.65546539e+02, 1.05518699e-01,
            3.50795807e+02, 4.59579193e+02, 1.33459851e-01,
            2.94748291e+02, 5.80327637e+02, 6.54770076e-01,
            3.65439331e+02, 7.62720886e+02, 8.09696674e-01,
            2.71321564e+02, 9.30669739e+02, 5.32943845e-01,
            3.27213318e+02, 5.74435425e+02, 5.24120808e-01,
            3.18457489e+02, 7.59893616e+02, 7.73958921e-01,
            2.91905975e+02, 9.36429443e+02, 5.43829918e-01,
            3.44848450e+02, 2.24289612e+02, 9.19625938e-01,
            3.65361176e+02, 2.27112259e+02, 6.38999403e-01,
            2.97710510e+02, 2.27087952e+02, 8.34619701e-01, 0.0, 0.0,
            0.0 ]
    }
}
