{
    "pose_0": {
        "type_id": "opencv-matrix",
        "rows": 1,
        "cols": 18,
        "dt": "3f",
        "data": [ 3.86169434e+02, 2.44834534e+02, 9.76060987e-01,
            3.18264465e+02, 3.36072968e+02, 8.35446656e-01,
            2.91953583e+02, 3.30093842e+02, 8.36820245e-01,
            2.65394775e+02, 4.50833191e+02, 8.51077914e-01,
            3.62443146e+02, 4.62543823e+02, 8.80247712e-01,
            3.42026581e+02, 3.39001099e+02, 7.27721095e-01,
            3.41883392e+02, 4.71334320e+02, 8.92817155e-02,
            3.68359253e+02, 4.62596100e+02, 1.63191959e-01,
            3.15395050e+02, 5.89144836e+02, 6.48448586e-01,
            4.06663940e+02, 7.51019470e+02, 7.74509192e-01,
            3.62570099e+02, 9.45232056e+02, 7.65934885e-01,
            3.36020172e+02, 5.77476135e+02, 5.02276242e-01,
            3.18487549e+02, 7.65766113e+02, 7.59939551e-01,
            3.00725525e+02, 9.42307434e+02, 6.92745507e-01,
            3.68439606e+02, 2.24350922e+02, 9.15637553e-01,
            3.88865723e+02, 2.27162537e+02, 5.47511399e-01,
            3.18488434e+02, 2.24351013e+02, 8.37843299e-01, 0.0, 0.0,
            0.0 ]
    }
}
