{
    "pose_0": {
        "type_id": "opencv-matrix",
        "rows": 1,
        "cols": 18,
        "dt": "3f",
        "data": [ 1.61340698e+03, 2.32976822e+02, 8.12645614e-01,
            1.53684119e+03, 3.21256866e+02, 8.18807244e-01,
            1.56638367e+03, 3.18527588e+02, 8.55470598e-01,
            1.58987256e+03, 4.47819427e+02, 8.39754462e-01,
            1.61638330e+03, 4.50792999e+02, 6.99514687e-01,
            1.49858765e+03, 3.18495331e+02, 7.62666166e-01,
            1.52220056e+03, 4.33168396e+02, 1.00735962e-01, 0.0, 0.0,
            0.0, 1.55451465e+03, 5.77396484e+02, 6.35427535e-01,
            1.61035620e+03, 7.39238464e+02, 6.63217545e-01,
            1.56336829e+03, 9.10071655e+02, 3.49708736e-01,
            1.51331006e+03, 5.74497314e+02, 5.59920251e-01,
            1.57221118e+03, 7.39291809e+02, 6.12386703e-01,
            1.56629016e+03, 9.07130920e+02, 5.15742421e-01,
            1.60753809e+03, 2.21204086e+02, 9.19380903e-01, 0.0, 0.0,
            0.0, 1.56926062e+03, 2.24319107e+02, 8.06327045e-01, 0.0,
            0.0, 0.0 ]
    }
}
