{
    "pose_0": {
        "type_id": "opencv-matrix",
        "rows": 1,
        "cols": 18,
        "dt": "3f",
        "data": [ 1.21317212e+03, 2.41798615e+02, 9.38788772e-01,
            1.13961816e+03, 3.21325531e+02, 8.15094054e-01,
            1.16315039e+03, 3.21404236e+02, 8.54885042e-01,
            1.17483936e+03, 4.50818329e+02, 8.32910717e-01,
            1.22784265e+03, 4.53698883e+02, 7.35071182e-01,
            1.11604309e+03, 3.18452576e+02, 7.39355564e-01,
            1.13658289e+03, 4.27253876e+02, 1.00171693e-01, 0.0, 0.0,
            0.0, 1.16312598e+03, 5.77467102e+02, 6.57340109e-01,
            1.19541357e+03, 7.48088928e+02, 6.61446989e-01,
            1.16601501e+03, 9.54196106e+02, 7.84359336e-01,
            1.12193896e+03, 5.77345398e+02, 5.53225994e-01,
            1.18075952e+03, 7.48126892e+02, 6.67896807e-01,
            1.09843066e+03, 8.95205750e+02, 7.27313757e-01,
            1.21002356e+03, 2.24077682e+02, 9.74058986e-01, 0.0, 0.0,
            0.0, 1.16610388e+03, 2.24265472e+02, 8.32855046e-01, 0.0,
            0.0, 0.0 ]
    }
}
