{
    "pose_0": {
        "type_id": "opencv-matrix",
        "rows": 1,
        "cols": 18,
        "dt": "3f",
        "data": [ 5.77456238e+02, 2.27103210e+02, 9.13776815e-01,
            5.03901093e+02, 3.15474762e+02, 6.83339477e-01,
            4.97869934e+02, 3.15429901e+02, 8.20449889e-01,
            4.80239716e+02, 4.36079712e+02, 9.54050601e-01,
            5.62632019e+02, 4.50780609e+02, 8.27603817e-01,
            5.15573181e+02, 3.15313507e+02, 5.75147331e-01,
            5.09775757e+02, 4.27284058e+02, 6.62454516e-02,
            5.59780029e+02, 4.36198090e+02, 1.05962813e-01,
            4.97912659e+02, 5.77318481e+02, 6.22277379e-01,
            5.03875916e+02, 7.74537415e+02, 7.12582350e-01,
            4.80139526e+02, 9.54034973e+02, 8.02781105e-01,
            5.50796082e+02, 5.74356995e+02, 6.39681041e-01,
            6.15573303e+02, 7.36343994e+02, 8.16924691e-01,
            5.80394531e+02, 9.15887207e+02, 7.74204910e-01,
            5.65646362e+02, 2.12458786e+02, 8.48069072e-01,
            5.77519897e+02, 2.21061951e+02, 3.84990990e-01,
            5.18559814e+02, 2.15343384e+02, 7.79327929e-01, 0.0, 0.0,
            0.0 ]
    }
}
