{
    "pose_0": {
        "type_id": "opencv-matrix",
        "rows": 1,
        "cols": 18,
        "dt": "3f",
        "data": [ 1.01296252e+03, 2.30096069e+02, 8.68181467e-01,
            9.36469788e+02, 3.18438110e+02, 6.70940459e-01,
            9.51114807e+02, 3.21346375e+02, 8.36809695e-01,
            9.51276550e+02, 4.47843018e+02, 8.62192214e-01,
            1.01589850e+03, 4.47915741e+02, 7.91316032e-01,
            9.27654541e+02, 3.15483429e+02, 6.24844968e-01,
            9.48111877e+02, 4.12650909e+02, 6.58223554e-02, 0.0, 0.0,
            0.0, 9.54076294e+02, 5.71530090e+02, 6.71463728e-01,
            9.68805359e+02, 7.53999329e+02, 7.52524018e-01,
            8.56845764e+02, 9.27603333e+02, 8.54321659e-01,
            9.60018127e+02, 5.68537415e+02, 3.85119528e-01,
            9.80622559e+02, 7.59830322e+02, 6.51049018e-01,
            9.92306824e+02, 9.36473083e+02, 7.70215511e-01,
            9.98355652e+02, 2.18302719e+02, 9.43158269e-01,
            1.01586713e+03, 2.15387878e+02, 7.52512515e-02,
            9.54144470e+02, 2.24071396e+02, 8.39005411e-01, 0.0, 0.0,
            0.0 ]
    }
}
