{
    "pose_0": {
        "type_id": "opencv-matrix",
        "rows": 1,
        "cols": 18,
        "dt": "3f",
        "data": [ 1.23658337e+03, 2.41788376e+02, 9.44446743e-01,
            1.16300281e+03, 3.21277252e+02, 8.22248995e-01,
            1.18662463e+03, 3.21421173e+02, 8.53353739e-01,
            1.19252051e+03, 4.50744720e+02, 8.90616059e-01,
            1.25428601e+03, 4.47852600e+02, 7.57235706e-01,
            1.13654346e+03, 3.18336029e+02, 7.56838858e-01,
            1.16302002e+03, 4.18433594e+02, 1.13169633e-01, 0.0, 0.0,
            0.0, 1.17188843e+03, 5.77377197e+02, 6.32394671e-01,
            1.18967810e+03, 7.56924316e+02, 7.45048940e-01,
            1.16613831e+03, 9.51217102e+02, 7.59349704e-01,
            1.16010669e+03, 5.74348877e+02, 4.61064309e-01,
            1.25133972e+03, 7.39293518e+02, 8.07328939e-01,
            1.20424866e+03, 9.07027893e+02, 7.52349377e-01,
            1.23068835e+03, 2.21352448e+02, 9.44762230e-01, 0.0, 0.0,
            0.0, 1.18673584e+03, 2.24291977e+02, 8.13177764e-01, 0.0,
            0.0, 0.0 ]
    }
}
