{
    "pose_0": {
        "type_id": "opencv-matrix",
        "rows": 1,
        "cols": 18,
        "dt": "3f",
        "data": [ 1.73697839e+03, 2.30068176e+02, 8.51726353e-01,
            1.65741626e+03, 3.18455414e+02, 8.64174306e-01,
            1.69291394e+03, 3.18493042e+02, 8.13588560e-01,
            1.71343140e+03, 4.41990784e+02, 8.27518761e-01,
            1.75170264e+03, 4.39159210e+02, 6.85286224e-01,
            1.61346130e+03, 3.18438690e+02, 8.02139282e-01,
            1.64581909e+03, 4.21418518e+02, 8.56173113e-02, 0.0, 0.0,
            0.0, 1.68411743e+03, 5.71517395e+02, 6.25254214e-01,
            1.70757532e+03, 7.59750183e+02, 7.41071999e-01,
            1.58689673e+03, 9.07132935e+02, 7.92830467e-01,
            1.62515198e+03, 5.71411377e+02, 5.69595218e-01,
            1.68704041e+03, 7.59810913e+02, 7.65817463e-01,
            1.70165369e+03, 9.33471985e+02, 8.29718411e-01,
            1.72830591e+03, 2.18361191e+02, 9.34849501e-01, 0.0, 0.0,
            0.0, 1.68991699e+03, 2.21368729e+02, 7.79354990e-01, 0.0,
            0.0, 0.0 ]
    }
}
