{
    "pose_0": {
        "type_id": "opencv-matrix",
        "rows": 1,
        "cols": 18,
        "dt": "3f",
        "data": [ 9.98204590e+02, 2.30031158e+02, 9.46542680e-01,
            9.27597900e+02, 3.21293396e+02, 6.63554251e-01,
            9.30720703e+02, 3.21372833e+02, 8.43549550e-01,
            9.42287720e+02, 4.50767639e+02, 8.18419158e-01,
            1.00414984e+03, 4.53659515e+02, 8.10587764e-01,
            9.12962097e+02, 3.18349579e+02, 5.76494157e-01,
            9.48180054e+02, 4.21391571e+02, 7.28994012e-02, 0.0, 0.0,
            0.0, 9.39439392e+02, 5.71470215e+02, 6.27547860e-01,
            9.27647888e+02, 7.54009705e+02, 7.65146315e-01,
            8.36369934e+02, 9.33519714e+02, 8.36565018e-01,
            9.51122253e+02, 5.65637573e+02, 4.59154189e-01,
            9.77696960e+02, 7.56947571e+02, 7.55164444e-01,
            9.92346619e+02, 9.33576111e+02, 7.90983677e-01,
            9.80624084e+02, 2.18281586e+02, 9.19929743e-01, 0.0, 0.0,
            0.0, 9.42307251e+02, 2.24139557e+02, 8.09515774e-01, 0.0,
            0.0, 0.0 ]
    }
}
