{
    "pose_0": {
        "type_id": "opencv-matrix",
        "rows": 1,
        "cols": 18,
        "dt": "3f",
        "data": [ 1.35138232e+03, 2.30056015e+02, 9.26959157e-01,
            1.27789221e+03, 3.18485687e+02, 8.23906720e-01,
            1.30430066e+03, 3.21365784e+02, 8.59086394e-01,
            1.32198132e+03, 4.47888550e+02, 8.29592228e-01,
            1.36614941e+03, 4.44915497e+02, 7.53222704e-01,
            1.25137683e+03, 3.18263275e+02, 7.50988722e-01,
            1.27493689e+03, 4.18445770e+02, 9.25458968e-02, 0.0, 0.0,
            0.0, 1.29851965e+03, 5.71533264e+02, 6.15618408e-01,
            1.30145752e+03, 7.48047729e+02, 7.61841476e-01,
            1.19837805e+03, 9.30552795e+02, 8.15655291e-01,
            1.27492908e+03, 5.68487061e+02, 4.66001451e-01,
            1.33074207e+03, 7.48120911e+02, 6.94093943e-01,
            1.33673499e+03, 9.30661377e+02, 7.82545328e-01,
            1.33388672e+03, 2.21075623e+02, 9.37475085e-01, 0.0, 0.0,
            0.0, 1.30136243e+03, 2.24253998e+02, 7.97964871e-01, 0.0,
            0.0, 0.0 ]
    }
}
