{
    "pose_0": {
        "type_id": "opencv-matrix",
        "rows": 1,
        "cols": 18,
        "dt": "3f",
        "data": [ 1.33374463e+03, 2.35946335e+02, 8.54901135e-01,
            1.26013623e+03, 3.18504028e+02, 8.19504678e-01,
            1.28388623e+03, 3.21282532e+02, 8.37909222e-01,
            1.30448914e+03, 4.47887878e+02, 8.50296378e-01,
            1.35139929e+03, 4.50789429e+02, 7.99309909e-01,
            1.23369714e+03, 3.18380310e+02, 7.29955077e-01,
            1.27195959e+03, 4.15539642e+02, 8.86535794e-02, 0.0, 0.0,
            0.0, 1.28387903e+03, 5.74416687e+02, 6.48537815e-01,
            1.26904993e+03, 7.56858032e+02, 7.18925536e-01,
            1.18945203e+03, 9.36469116e+02, 8.33457589e-01,
            1.26613599e+03, 5.71450012e+02, 4.90076780e-01,
            1.32777173e+03, 7.51053589e+02, 7.11792111e-01,
            1.33968591e+03, 9.30711914e+02, 7.73687899e-01,
            1.32781860e+03, 2.21188873e+02, 9.41379428e-01, 0.0, 0.0,
            0.0, 1.28385327e+03, 2.24102112e+02, 8.33228827e-01, 0.0,
            0.0, 0.0 ]
    }
}
