{
    "pose_0": {
        "type_id": "opencv-matrix",
        "rows": 1,
        "cols": 18,
        "dt": "3f",
        "data": [ 2.00514511e+02, 2.24128204e+02, 9.69023526e-01,
            1.27164894e+02, 3.15410126e+02, 8.74643445e-01,
            9.17648315e+01, 3.09570862e+02, 7.71516204e-01,
            6.22911682e+01, 4.33214203e+02, 9.07166898e-01,
            1.71256378e+02, 4.42028320e+02, 8.46192479e-01,
            1.65335129e+02, 3.18370697e+02, 7.52066493e-01,
            1.77117722e+02, 4.44970825e+02, 1.11776307e-01, 0.0, 0.0,
            0.0, 1.03609322e+02, 5.80345276e+02, 6.45125031e-01,
            1.06485489e+02, 7.77495117e+02, 7.56042421e-01,
            1.03348488e+02, 9.51246277e+02, 8.18430543e-01,
            1.80037949e+02, 5.74412476e+02, 6.78855419e-01,
            2.71292511e+02, 7.15788208e+02, 9.31671500e-01,
            2.21237442e+02, 8.92276550e+02, 7.83813894e-01,
            1.80099533e+02, 2.03567886e+02, 8.97479355e-01,
            2.00722458e+02, 2.09427734e+02, 6.41919732e-01,
            1.30095886e+02, 2.00752838e+02, 8.08549643e-01, 0.0, 0.0,
            0.0 ]
    }
}
