{
    "pose_0": {
        "type_id": "opencv-matrix",
        "rows": 1,
        "cols": 18,
        "dt": "3f",
        "data": [ 4.72710013e-01, 1.83322087e-01, 9.32839155e-01,
            4.20514345e-01, 2.51431644e-01, 7.64694333e-01,
            3.46892744e-01, 2.73173928e-01, 6.01381838e-01,
            2.79380202e-01, 4.50511187e-01, 7.45764315e-01,
            2.31853828e-01, 6.00492001e-01, 8.02090824e-01,
            4.87982661e-01, 2.32281655e-01, 7.41210938e-01,
            5.07891536e-01, 3.79478455e-01, 8.42239618e-01,
            5.64690292e-01, 3.60642999e-01, 7.89689481e-01,
            4.37406361e-01, 5.73278308e-01, 4.60279495e-01,
            4.72654223e-01, 6.63266778e-01, 3.32859844e-01,
            6.33687377e-01, 8.02478373e-01, 2.06698999e-01,
            5.09432197e-01, 4.94178236e-01, 5.30746520e-01,
            6.21422648e-01, 3.63270462e-01, 8.21011066e-01,
            7.27221191e-01, 6.16930485e-01, 6.01376653e-01,
            4.58779186e-01, 1.58601969e-01, 8.67657602e-01,
            4.83372003e-01, 1.45027801e-01, 9.20394599e-01,
            4.11280185e-01, 1.39475822e-01, 6.62143409e-01, 0.0, 0.0,
            0.0 ]
    }
}
