{
    "pose_0": {
        "type_id": "opencv-matrix",
        "rows": 1,
        "cols": 18,
        "dt": "3f",
        "data": [ 3.51463735e-01, 2.54200637e-01, 8.78244996e-01,
            3.25457513e-01, 3.33192110e-01, 7.37979889e-01,
            2.60962725e-01, 3.76819462e-01, 6.12786770e-01,
            1.90460846e-01, 4.66853917e-01, 8.44519019e-01,
            1.78194433e-01, 6.19651854e-01, 8.60943794e-01,
            3.92897040e-01, 2.92221844e-01, 6.99543297e-01,
            4.71057713e-01, 4.06865060e-01, 8.34729135e-01,
            5.46235859e-01, 3.90505552e-01, 8.47313881e-01,
            4.34333384e-01, 5.97827017e-01, 4.71836388e-01,
            5.12537003e-01, 7.15113223e-01, 2.75458187e-01,
            6.78165495e-01, 8.46083581e-01, 3.08868766e-01,
            4.83348906e-01, 5.05058229e-01, 4.96561676e-01,
            6.12251043e-01, 4.01405364e-01, 8.06870222e-01,
            7.19609618e-01, 6.30573273e-01, 5.85157871e-01,
            3.34573120e-01, 2.37756282e-01, 8.44629169e-01,
            3.53051811e-01, 2.21432626e-01, 8.17260563e-01,
            2.85507470e-01, 2.48682261e-01, 7.53509998e-01, 0.0, 0.0,
            0.0 ]
    }
}
