{
    "pose_0": {
        "type_id": "opencv-matrix",
        "rows": 1,
        "cols": 18,
        "dt": "3f",
        "data": [ 3.83715242e-01, 2.40518928e-01, 8.05807054e-01,
            3.49950135e-01, 3.16845387e-01, 7.84422517e-01,
            2.82471269e-01, 3.63285482e-01, 5.86203516e-01,
            2.13437498e-01, 4.83270764e-01, 7.91489184e-01,
            1.82797030e-01, 6.19749606e-01, 8.35480928e-01,
            4.15919632e-01, 2.70465970e-01, 7.12383211e-01,
            4.83401567e-01, 3.95960897e-01, 8.40307295e-01,
            5.50852835e-01, 3.79706144e-01, 8.91836166e-01,
            4.41963851e-01, 5.92384636e-01, 4.35457051e-01,
            5.21742642e-01, 7.09701300e-01, 2.39748627e-01,
            6.45961046e-01, 8.18815589e-01, 2.07431018e-01,
            4.94136125e-01, 5.02359807e-01, 5.14587879e-01,
            6.16803348e-01, 3.85121703e-01, 8.09973896e-01,
            7.22664893e-01, 6.19663417e-01, 6.11768126e-01,
            3.62234384e-01, 2.26735473e-01, 9.23418164e-01,
            3.85222137e-01, 2.05010578e-01, 8.91475916e-01,
            3.13196540e-01, 2.26792470e-01, 7.29476452e-01, 0.0, 0.0,
            0.0 ]
    }
}
