{
    "pose_0": {
        "type_id": "opencv-matrix",
        "rows": 1,
        "cols": 18,
        "dt": "3f",
        "data": [ 5.17104387e-01, 2.02204093e-01, 8.31754982e-01,
            4.71147805e-01, 3.33248377e-01, 8.35435510e-01,
            4.11290884e-01, 3.41524720e-01, 6.70051038e-01,
            3.80598396e-01, 5.54252923e-01, 8.09883475e-01,
            3.37686568e-01, 7.31386721e-01, 8.36984336e-01,
            5.32417476e-01, 3.16904277e-01, 7.69033194e-01,
            5.44749200e-01, 4.94251430e-01, 8.55714500e-01,
            5.83130598e-01, 6.05983019e-01, 7.87317097e-01,
            4.45064276e-01, 6.60530388e-01, 4.74463254e-01,
            5.63149273e-01, 7.31581807e-01, 2.07503825e-01,
            7.30312109e-01, 8.43365431e-01, 1.21598661e-01,
            5.12542129e-01, 6.06033146e-01, 5.76480567e-01,
            6.07673585e-01, 6.87776208e-01, 4.57369745e-01,
            7.70202935e-01, 7.91497946e-01, 2.07807899e-01,
            4.95689154e-01, 1.72335520e-01, 8.80310237e-01,
            5.21703899e-01, 1.61519364e-01, 1.01605225e+00,
            4.54263031e-01, 1.80445015e-01, 6.61173642e-01, 0.0, 0.0,
            0.0 ]
    }
}
