{
    "pose_0": {
        "type_id": "opencv-matrix",
        "rows": 1,
        "cols": 18,
        "dt": "3f",
        "data": [ 5.21687567e-01, 2.02227265e-01, 9.17971849e-01,
            4.71145838e-01, 3.30550343e-01, 8.28558445e-01,
            4.11287785e-01, 3.38733315e-01, 7.03165114e-01,
            3.80646139e-01, 5.54068089e-01, 8.00719261e-01,
            3.37740958e-01, 7.28839338e-01, 8.23084831e-01,
            5.32413304e-01, 3.16998899e-01, 7.71821439e-01,
            5.44729769e-01, 4.91518945e-01, 8.66961479e-01,
            5.83091378e-01, 6.00607336e-01, 8.18201184e-01,
            4.46554184e-01, 6.57835662e-01, 4.64701980e-01,
            5.83101094e-01, 7.34289408e-01, 3.52459788e-01,
            7.30291426e-01, 8.46077740e-01, 1.02273688e-01,
            5.12560010e-01, 6.03327692e-01, 5.81801713e-01,
            6.29102647e-01, 7.06857085e-01, 3.48193526e-01,
            7.91686237e-01, 7.66916573e-01, 3.36751878e-01,
            5.00237226e-01, 1.69641286e-01, 8.22036564e-01,
            5.26362479e-01, 1.61514163e-01, 9.49942350e-01,
            4.57332939e-01, 1.72307044e-01, 6.81172252e-01, 0.0, 0.0,
            0.0 ]
    }
}
