{
    "pose_0": {
        "type_id": "opencv-matrix",
        "rows": 1,
        "cols": 18,
        "dt": "3f",
        "data": [ 3.66842091e-01, 2.48729661e-01, 8.63233149e-01,
            3.39241326e-01, 3.22308123e-01, 7.38443732e-01,
            2.73240656e-01, 3.66005808e-01, 6.03363574e-01,
            2.02695653e-01, 4.72332567e-01, 8.28934789e-01,
            1.79763108e-01, 6.19715393e-01, 8.36691320e-01,
            4.08225149e-01, 2.78735042e-01, 6.93620682e-01,
            4.75711912e-01, 4.01557267e-01, 8.32224965e-01,
            5.49330890e-01, 3.82378876e-01, 8.60695899e-01,
            4.35878336e-01, 5.97779036e-01, 4.84643161e-01,
            5.18638313e-01, 7.09657311e-01, 3.16893220e-01,
            6.33689404e-01, 8.18773568e-01, 2.01338232e-01,
            4.86500680e-01, 5.05081832e-01, 5.27831733e-01,
            6.15287840e-01, 3.95996630e-01, 7.82948434e-01,
            7.19573975e-01, 6.22352481e-01, 5.75418472e-01,
            3.48428428e-01, 2.29485869e-01, 9.16311979e-01,
            3.72887194e-01, 2.07928836e-01, 8.80050004e-01,
            2.99353510e-01, 2.29649380e-01, 6.99728608e-01, 0.0, 0.0,
            0.0 ]
    }
}
