{
    "pose_0": {
        "type_id": "opencv-matrix",
        "rows": 1,
        "cols": 18,
        "dt": "3f",
        "data": [ 4.37379479e-01, 2.26743534e-01, 8.74570549e-01,
            3.91389340e-01, 2.84176320e-01, 6.60314858e-01,
            3.14682394e-01, 3.16814095e-01, 5.69100142e-01,
            2.44144514e-01, 4.75090414e-01, 7.11681843e-01,
            1.90394029e-01, 6.08754575e-01, 7.94986248e-01,
            4.60355490e-01, 2.51443118e-01, 7.43450224e-01,
            5.03335476e-01, 3.87759298e-01, 7.93036878e-01,
            5.60104489e-01, 3.76882434e-01, 8.07129622e-01,
            4.37363893e-01, 5.81481576e-01, 4.82144028e-01,
            4.98745412e-01, 6.98773742e-01, 3.10359746e-01,
            6.44421935e-01, 8.16037238e-01, 1.53617308e-01,
            5.03305256e-01, 4.99625355e-01, 5.35071373e-01,
            6.19880378e-01, 3.79683435e-01, 8.71618569e-01,
            7.24179268e-01, 6.19584501e-01, 5.79476476e-01,
            4.22015876e-01, 1.99581519e-01, 8.48456383e-01,
            4.45073694e-01, 1.86063081e-01, 8.88251662e-01,
            3.72950673e-01, 1.83133185e-01, 6.85811281e-01, 0.0, 0.0,
            0.0 ]
    }
}
