{
    "pose_0": {
        "type_id": "opencv-matrix",
        "rows": 1,
        "cols": 18,
        "dt": "3f",
        "data": [ 5.33951461e-01, 2.05036432e-01, 9.08333063e-01,
            4.75713193e-01, 3.14083010e-01, 7.92602658e-01,
            4.14399564e-01, 3.27813596e-01, 6.38730943e-01,
            3.83677870e-01, 5.35134196e-01, 8.01173687e-01,
            3.40761751e-01, 7.09762156e-01, 7.94825852e-01,
            5.35530567e-01, 2.95099884e-01, 7.95329213e-01,
            5.35546243e-01, 4.66829538e-01, 7.95795441e-01,
            5.76920927e-01, 5.26867449e-01, 7.39984393e-01,
            4.46578920e-01, 6.41477108e-01, 4.29257303e-01,
            5.96881628e-01, 6.63237154e-01, 4.32331175e-01,
            7.36448646e-01, 8.02404165e-01, 1.75125107e-01,
            5.15613556e-01, 5.78840435e-01, 4.84370798e-01,
            6.22976124e-01, 5.75968683e-01, 7.57188320e-01,
            7.83990979e-01, 7.39715338e-01, 3.42811108e-01,
            5.15585303e-01, 1.80524781e-01, 8.36722016e-01,
            5.38630486e-01, 1.66887000e-01, 9.35936272e-01,
            4.68052059e-01, 1.64180383e-01, 7.25857854e-01, 0.0, 0.0,
            0.0 ]
    }
}
