{
    "pose_0": {
        "type_id": "opencv-matrix",
        "rows": 1,
        "cols": 18,
        "dt": "3f",
        "data": [ 5.00252426e-01, 1.58715263e-01, 8.71644974e-01,
            4.46554631e-01, 2.48737916e-01, 8.25015903e-01,
            3.74553889e-01, 2.70452648e-01, 6.65554404e-01,
            3.28503311e-01, 4.64139074e-01, 7.61877239e-01,
            2.87125736e-01, 6.19780958e-01, 8.50094140e-01,
            5.14070213e-01, 2.29627982e-01, 7.76268780e-01,
            5.18668652e-01, 3.63248259e-01, 7.27643728e-01,
            5.58553874e-01, 3.79507631e-01, 8.01225305e-01,
            4.40447479e-01, 5.73280692e-01, 5.03221750e-01,
            4.89536941e-01, 6.87854767e-01, 2.93330431e-01,
            6.32151186e-01, 8.15979838e-01, 1.96982101e-01,
            5.11009991e-01, 5.02378106e-01, 5.32334745e-01,
            6.16799891e-01, 3.76876891e-01, 8.28029335e-01,
            7.19600379e-01, 6.19611621e-01, 6.04380071e-01,
            4.83349353e-01, 1.34144232e-01, 8.75387967e-01,
            5.07948399e-01, 1.20416343e-01, 9.64933157e-01,
            4.34336036e-01, 1.20516308e-01, 7.05252469e-01, 0.0, 0.0,
            0.0 ]
    }
}
