{
    "pose_0": {
        "type_id": "opencv-matrix",
        "rows": 1,
        "cols": 18,
        "dt": "3f",
        "data": [ 3.50011885e-01, 2.56911248e-01, 8.75259757e-01,
            3.25421691e-01, 3.33264589e-01, 7.56541431e-01,
            2.59477198e-01, 3.76906693e-01, 6.22589231e-01,
            1.90446720e-01, 4.66934770e-01, 8.56160223e-01,
            1.78208560e-01, 6.19705737e-01, 8.60223413e-01,
            3.92902792e-01, 2.92285293e-01, 7.02665806e-01,
            4.71093595e-01, 4.06918108e-01, 8.50531638e-01,
            5.46245754e-01, 3.93204778e-01, 8.54032397e-01,
            4.34313297e-01, 5.97873151e-01, 4.64258015e-01,
            5.09498715e-01, 7.12385893e-01, 2.98321635e-01,
            6.41363502e-01, 8.24294865e-01, 2.01465756e-01,
            4.83366847e-01, 5.05058944e-01, 4.98364538e-01,
            6.12223804e-01, 4.01361376e-01, 8.03389192e-01,
            7.19571352e-01, 6.27878487e-01, 5.95695317e-01,
            3.33044022e-01, 2.43214637e-01, 8.28708351e-01,
            3.51528615e-01, 2.24138051e-01, 8.61303985e-01,
            2.84019321e-01, 2.48634428e-01, 7.41459727e-01, 0.0, 0.0,
            0.0 ]
    }
}
