{
    "pose_0": {
        "type_id": "opencv-matrix",
        "rows": 1,
        "cols": 18,
        "dt": "3f",
        "data": [ 4.00612175e-01, 2.40510508e-01, 8.30390990e-01,
            3.63734782e-01, 3.05958450e-01, 7.51488328e-01,
            2.91697830e-01, 3.52308542e-01, 5.86692452e-01,
            2.24207953e-01, 4.88832027e-01, 8.02676678e-01,
            1.79769978e-01, 6.22338712e-01, 8.37516248e-01,
            4.32776272e-01, 2.67800450e-01, 7.04161525e-01,
            4.87999141e-01, 3.90501380e-01, 7.68425524e-01,
            5.55431426e-01, 3.79508555e-01, 8.55947852e-01,
            4.38903540e-01, 5.81528783e-01, 4.53963250e-01,
            5.03324509e-01, 6.87936187e-01, 2.17953652e-01,
            6.87369168e-01, 8.37966800e-01, 3.35153788e-01,
            4.95696932e-01, 4.94178981e-01, 5.41904092e-01,
            6.16838932e-01, 3.82339358e-01, 8.40816021e-01,
            7.25702822e-01, 6.22423530e-01, 5.81810176e-01,
            3.83714557e-01, 2.24091440e-01, 8.74346256e-01,
            4.05196398e-01, 2.04974890e-01, 8.63240004e-01,
            3.33077073e-01, 2.13192359e-01, 6.71504796e-01, 0.0, 0.0,
            0.0 ]
    }
}
