{
    "pose_0": {
        "type_id": "opencv-matrix",
        "rows": 1,
        "cols": 18,
        "dt": "3f",
        "data": [ 4.69564468e-01, 1.91469878e-01, 8.53157759e-01,
            4.15923297e-01, 2.56850749e-01, 6.90830469e-01,
            3.40767324e-01, 2.75940657e-01, 5.72815001e-01,
            2.74812400e-01, 4.56010133e-01, 7.46126890e-01,
            2.24199370e-01, 6.00540638e-01, 8.26335430e-01,
            4.84883696e-01, 2.40530834e-01, 7.36805975e-01,
            5.06394506e-01, 3.79554898e-01, 8.23813260e-01,
            5.67684233e-01, 3.63287926e-01, 7.73077250e-01,
            4.37403321e-01, 5.75992405e-01, 4.16386545e-01,
            4.58847314e-01, 6.41514063e-01, 2.53241628e-01,
            6.36771679e-01, 8.07827592e-01, 1.17126741e-01,
            5.09456396e-01, 4.94164169e-01, 5.15781283e-01,
            6.21440351e-01, 3.66024047e-01, 8.01339388e-01,
            7.28739321e-01, 6.19638681e-01, 6.15427852e-01,
            4.49664295e-01, 1.64248437e-01, 8.83676648e-01,
            4.74180430e-01, 1.61242366e-01, 9.38510180e-01,
            4.03646082e-01, 1.47728950e-01, 6.04217291e-01, 0.0, 0.0,
            0.0 ]
    }
}
