{
    "pose_0": {
        "type_id": "opencv-matrix",
        "rows": 1,
        "cols": 18,
        "dt": "3f",
        "data": [ 5.27891278e-01, 1.64227083e-01, 8.86660933e-01,
            4.74237084e-01, 2.70520627e-01, 7.65113354e-01,
            4.12839890e-01, 2.92364806e-01, 6.75831914e-01,
            3.76052737e-01, 4.91429895e-01, 7.97247350e-01,
            3.36167693e-01, 6.60501480e-01, 8.30253780e-01,
            5.38591444e-01, 2.51326025e-01, 7.47337699e-01,
            5.21713495e-01, 3.57786804e-01, 3.98784459e-01,
            5.58526635e-01, 4.01408643e-01, 7.78647602e-01,
            4.46526200e-01, 5.84193468e-01, 4.77380246e-01,
            4.94111210e-01, 7.09739029e-01, 2.38615006e-01,
            6.33694232e-01, 8.40521336e-01, 1.27046943e-01,
            5.20187914e-01, 5.24227083e-01, 5.63935578e-01,
            6.13753855e-01, 3.98748964e-01, 7.89397657e-01,
            7.19594538e-01, 6.41496539e-01, 6.12260163e-01,
            5.07900238e-01, 1.42205402e-01, 9.28546011e-01,
            5.34043550e-01, 1.31339386e-01, 9.23723102e-01,
            4.60351616e-01, 1.45089194e-01, 6.89124644e-01, 0.0, 0.0,
            0.0 ]
    }
}
