{
    "pose_0": {
        "type_id": "opencv-matrix",
        "rows": 1,
        "cols": 18,
        "dt": "3f",
        "data": [ 3.65269601e-01, 2.48730317e-01, 8.70909572e-01,
            3.37750435e-01, 3.22368234e-01, 7.42204070e-01,
            2.71722198e-01, 3.71472895e-01, 5.97782731e-01,
            2.01214969e-01, 4.69691277e-01, 8.30914378e-01,
            1.79729208e-01, 6.19709313e-01, 8.37956369e-01,
            4.08187985e-01, 2.78736204e-01, 6.92560434e-01,
            4.72724617e-01, 4.04077411e-01, 8.61136377e-01,
            5.47860324e-01, 3.82396996e-01, 8.62149000e-01,
            4.37356114e-01, 5.97823441e-01, 4.80296522e-01,
            5.15608549e-01, 7.06980944e-01, 2.80592501e-01,
            6.41367435e-01, 8.21584404e-01, 1.72619939e-01,
            4.86456394e-01, 5.05078554e-01, 5.30775964e-01,
            6.15271568e-01, 3.96005362e-01, 7.75928974e-01,
            7.19593644e-01, 6.22417390e-01, 5.82522035e-01,
            3.48340452e-01, 2.29547575e-01, 8.95358503e-01,
            3.69890124e-01, 2.10470781e-01, 8.47656071e-01,
            2.99315244e-01, 2.32299000e-01, 6.99605286e-01, 0.0, 0.0,
            0.0 ]
    }
}
