{
    "pose_0": {
        "type_id": "opencv-matrix",
        "rows": 1,
        "cols": 18,
        "dt": "3f",
        "data": [ 3.53002697e-01, 2.51480937e-01, 8.83862436e-01,
            3.28491658e-01, 3.33167821e-01, 7.16675401e-01,
            2.61016369e-01, 3.71449977e-01, 6.23972297e-01,
            1.90513983e-01, 4.66853201e-01, 8.24148655e-01,
            1.78177699e-01, 6.19621217e-01, 8.71202886e-01,
            3.95984113e-01, 2.89623439e-01, 7.18297541e-01,
            4.71086502e-01, 4.04181212e-01, 8.75541508e-01,
            5.46215415e-01, 3.85106087e-01, 8.84365678e-01,
            4.35839444e-01, 5.97828269e-01, 4.74448740e-01,
            5.17132461e-01, 7.17834234e-01, 2.72469968e-01,
            6.79694355e-01, 8.43377233e-01, 3.51513892e-01,
            4.84905124e-01, 5.02364278e-01, 5.35366893e-01,
            6.12231791e-01, 3.98747295e-01, 8.03129733e-01,
            7.18056381e-01, 6.25137627e-01, 6.02104604e-01,
            3.36090833e-01, 2.32369199e-01, 9.08494294e-01,
            3.57647240e-01, 2.15976477e-01, 8.06432366e-01,
            2.87037253e-01, 2.40539104e-01, 7.15080738e-01, 0.0, 0.0,
            0.0 ]
    }
}
