{
    "pose_0": {
        "type_id": "opencv-matrix",
        "rows": 1,
        "cols": 18,
        "dt": "3f",
        "data": [ 3.36163521e-01, 2.70504892e-01, 9.13188100e-01,
            3.11667174e-01, 3.41505021e-01, 7.73461461e-01,
            2.47176349e-01, 3.85102332e-01, 6.03464782e-01,
            1.78170353e-01, 4.69676763e-01, 8.68183374e-01,
            1.76635414e-01, 6.25179410e-01, 8.55551898e-01,
            3.80608380e-01, 3.00494581e-01, 6.86654568e-01,
            4.61897910e-01, 4.12319690e-01, 8.05629075e-01,
            5.43209672e-01, 3.95942807e-01, 8.27592134e-01,
            4.26637471e-01, 6.06030405e-01, 4.29937869e-01,
            5.11011720e-01, 7.28732228e-01, 3.09830129e-01,
            6.30646884e-01, 8.32394004e-01, 2.14751616e-01,
            4.75722253e-01, 5.07828653e-01, 4.69511330e-01,
            6.07687533e-01, 4.04126137e-01, 8.20717871e-01,
            7.18100131e-01, 6.36020184e-01, 5.85605264e-01,
            3.14661443e-01, 2.51538754e-01, 9.03019488e-01,
            3.37621391e-01, 2.32276976e-01, 9.06026840e-01,
            2.68665045e-01, 2.67728239e-01, 7.24021912e-01, 0.0, 0.0,
            0.0 ]
    }
}
