{
    "pose_0": {
        "type_id": "opencv-matrix",
        "rows": 1,
        "cols": 18,
        "dt": "3f",
        "data": [ 5.34097016e-01, 2.04983413e-01, 8.88274789e-01,
            4.75744665e-01, 3.11327398e-01, 7.35868454e-01,
            4.20485765e-01, 3.25085223e-01, 6.22557640e-01,
            3.86781931e-01, 5.35037041e-01, 8.24165642e-01,
            3.48420978e-01, 7.06818044e-01, 8.25528622e-01,
            5.33972681e-01, 2.92250961e-01, 7.61063159e-01,
            5.23257136e-01, 4.15084034e-01, 3.96069229e-01,
            5.52393615e-01, 4.64139909e-01, 6.84446812e-01,
            4.46562022e-01, 6.46924734e-01, 3.82827282e-01,
            5.83060205e-01, 6.00670099e-01, 7.11335182e-01,
            7.37988532e-01, 7.94253230e-01, 2.80882239e-01,
            5.09491980e-01, 5.59653223e-01, 3.90075654e-01,
            6.06053412e-01, 4.69711035e-01, 8.68017018e-01,
            7.27274656e-01, 6.87802255e-01, 6.13744438e-01,
            5.20142198e-01, 1.77809879e-01, 8.49593103e-01,
            5.43213010e-01, 1.64248124e-01, 9.58268940e-01,
            4.71162200e-01, 1.64036319e-01, 7.50334620e-01, 0.0, 0.0,
            0.0 ]
    }
}
