{
    "pose_0": {
        "type_id": "opencv-matrix",
        "rows": 1,
        "cols": 18,
        "dt": "3f",
        "data": [ 4.86505419e-01, 1.66865006e-01, 8.70917261e-01,
            4.32780892e-01, 2.48766512e-01, 7.73127437e-01,
            3.60729188e-01, 2.70464897e-01, 6.31941855e-01,
            3.08555722e-01, 4.50624108e-01, 7.47309566e-01,
            2.62585163e-01, 6.14147246e-01, 8.08161020e-01,
            4.98732239e-01, 2.26871446e-01, 7.56514907e-01,
            5.09524405e-01, 3.66025448e-01, 7.76234210e-01,
            5.58614969e-01, 3.74103338e-01, 7.62551308e-01,
            4.40457642e-01, 5.76027989e-01, 4.83751506e-01,
            4.94114459e-01, 6.85151935e-01, 2.38228112e-01,
            6.32196248e-01, 8.07889402e-01, 2.04639152e-01,
            5.09423673e-01, 5.02333760e-01, 5.32961369e-01,
            6.16834700e-01, 3.71396095e-01, 8.08757782e-01,
            7.19587207e-01, 6.11466229e-01, 5.90137064e-01,
            4.71132398e-01, 1.42289057e-01, 9.26582634e-01,
            4.95699316e-01, 1.31432280e-01, 8.95035923e-01,
            4.23560828e-01, 1.28657341e-01, 6.58526123e-01, 0.0, 0.0,
            0.0 ]
    }
}
