{
    "pose_0": {
        "type_id": "opencv-matrix",
        "rows": 1,
        "cols": 18,
        "dt": "3f",
        "data": [ 5.23234010e-01, 1.94182262e-01, 8.67456555e-01,
            4.71080720e-01, 3.19677591e-01, 8.12681198e-01,
            4.11295176e-01, 3.36029202e-01, 7.03738570e-01,
            3.83638889e-01, 5.40564358e-01, 7.86886513e-01,
            3.37748766e-01, 7.26013601e-01, 7.83341289e-01,
            5.27856410e-01, 3.11392426e-01, 7.31145263e-01,
            5.44685960e-01, 4.88738090e-01, 8.44912767e-01,
            5.83131552e-01, 6.00482047e-01, 8.40755045e-01,
            4.46588844e-01, 6.46990538e-01, 4.74328727e-01,
            5.83091915e-01, 7.31454849e-01, 3.71074408e-01,
            7.30281711e-01, 8.37943971e-01, 1.10161498e-01,
            5.15587628e-01, 6.00576997e-01, 6.01831555e-01,
            5.98431647e-01, 6.68728650e-01, 4.43251967e-01,
            6.47482872e-01, 7.04261124e-01, 8.10112581e-02,
            5.06332636e-01, 1.66913018e-01, 8.39142561e-01,
            5.29381633e-01, 1.61368251e-01, 9.10674334e-01,
            4.58811283e-01, 1.72271773e-01, 7.03294575e-01, 0.0, 0.0,
            0.0 ]
    }
}
