{
    "pose_0": {
        "type_id": "opencv-matrix",
        "rows": 1,
        "cols": 18,
        "dt": "3f",
        "data": [ 3.49942535e-01, 2.56873965e-01, 8.80841315e-01,
            3.25423956e-01, 3.33291322e-01, 7.47647822e-01,
            2.60969341e-01, 3.76876175e-01, 6.16981149e-01,
            1.90431431e-01, 4.66938406e-01, 8.50916624e-01,
            1.78207263e-01, 6.19716704e-01, 8.58698606e-01,
            3.91365796e-01, 2.92301565e-01, 7.02587843e-01,
            4.71088111e-01, 4.06923831e-01, 8.45113039e-01,
            5.46216667e-01, 3.93237650e-01, 8.55391681e-01,
            4.34270442e-01, 5.97889900e-01, 4.52783525e-01,
            5.20213425e-01, 7.26041555e-01, 2.56133199e-01,
            6.79735899e-01, 8.46097887e-01, 3.07260543e-01,
            4.83363777e-01, 5.02343833e-01, 4.89095002e-01,
            6.12220705e-01, 4.01373088e-01, 7.99764812e-01,
            7.19584227e-01, 6.27905607e-01, 6.02844179e-01,
            3.30006689e-01, 2.43249223e-01, 8.31220388e-01,
            3.50039512e-01, 2.24186406e-01, 8.96724343e-01,
            2.85481840e-01, 2.48777404e-01, 7.59356737e-01, 0.0, 0.0,
            0.0 ]
    }
}
