{
    "pose_0": {
        "type_id": "opencv-matrix",
        "rows": 1,
        "cols": 18,
        "dt": "3f",
        "data": [ 4.60338116e-01, 2.05015644e-01, 9.12347972e-01,
            4.08227623e-01, 2.67809808e-01, 7.11844087e-01,
            3.34629744e-01, 2.92343497e-01, 5.86328626e-01,
            2.64049768e-01, 4.58754480e-01, 7.62211442e-01,
            2.13430732e-01, 6.00481331e-01, 8.32029164e-01,
            4.72671300e-01, 2.40474835e-01, 7.14876413e-01,
            5.06376386e-01, 3.82274896e-01, 8.38845015e-01,
            5.66185415e-01, 3.66023093e-01, 7.71687210e-01,
            4.38920915e-01, 5.78758478e-01, 4.77410883e-01,
            5.11024594e-01, 7.09661186e-01, 2.24924490e-01,
            6.33688211e-01, 8.07866991e-01, 1.88520551e-01,
            5.07945836e-01, 4.94172364e-01, 5.47542214e-01,
            6.21477306e-01, 3.74147832e-01, 7.93395936e-01,
            7.28763402e-01, 6.22362494e-01, 6.08600438e-01,
            4.43538457e-01, 1.80404946e-01, 8.51557016e-01,
            4.68030304e-01, 1.66854128e-01, 8.68756652e-01,
            3.97430807e-01, 1.61407754e-01, 7.03323364e-01, 0.0, 0.0,
            0.0 ]
    }
}
