{
    "pose_0": {
        "type_id": "opencv-matrix",
        "rows": 1,
        "cols": 18,
        "dt": "3f",
        "data": [ 3.49893361e-01, 2.62266308e-01, 8.71737838e-01,
            3.23931903e-01, 3.35999101e-01, 7.66626239e-01,
            2.57937282e-01, 3.79622310e-01, 6.13878608e-01,
            1.88904420e-01, 4.69675988e-01, 8.47352803e-01,
            1.78191915e-01, 6.19763315e-01, 8.54824901e-01,
            3.89853805e-01, 2.92398572e-01, 7.04880655e-01,
            4.71080124e-01, 4.12331700e-01, 8.16295862e-01,
            5.46232402e-01, 3.93248618e-01, 8.42841089e-01,
            4.32788759e-01, 6.00609064e-01, 4.37889308e-01,
            5.18661082e-01, 7.28783667e-01, 2.32288092e-01,
            6.76655531e-01, 8.46035004e-01, 3.54234070e-01,
            4.81876910e-01, 5.05046070e-01, 4.77497399e-01,
            6.10697687e-01, 4.01494443e-01, 8.16334486e-01,
            7.18092859e-01, 6.30607843e-01, 5.99489272e-01,
            3.28466296e-01, 2.45967016e-01, 8.61307621e-01,
            3.49986792e-01, 2.26776883e-01, 9.14039075e-01,
            2.83978581e-01, 2.51396865e-01, 7.55134106e-01, 0.0, 0.0,
            0.0 ]
    }
}
