{
    "pose_0": {
        "type_id": "opencv-matrix",
        "rows": 1,
        "cols": 18,
        "dt": "3f",
        "data": [ 5.14039099e-01, 1.61283329e-01, 8.72324824e-01,
            4.61917996e-01, 2.54232824e-01, 7.64940143e-01,
            3.97539496e-01, 2.81384945e-01, 6.60352588e-01,
            3.57614368e-01, 4.83252674e-01, 7.68800199e-01,
            3.11676592e-01, 6.38675869e-01, 8.30474794e-01,
            5.29381514e-01, 2.32293934e-01, 7.44540632e-01,
            5.21710217e-01, 3.71431559e-01, 5.37978470e-01,
            5.58607936e-01, 3.90488625e-01, 7.15887189e-01,
            4.45043087e-01, 5.81458688e-01, 4.69240308e-01,
            4.95646000e-01, 7.04238236e-01, 1.81603566e-01,
            6.78184807e-01, 8.40569019e-01, 3.42467993e-01,
            5.18629670e-01, 5.13357997e-01, 5.43597460e-01,
            6.13765419e-01, 3.85100693e-01, 7.89256215e-01,
            7.18105912e-01, 6.22469485e-01, 6.18249595e-01,
            4.95578825e-01, 1.39450803e-01, 8.97009373e-01,
            5.20190835e-01, 1.20482355e-01, 9.82415438e-01,
            4.48076814e-01, 1.42283231e-01, 7.03057587e-01, 0.0, 0.0,
            0.0 ]
    }
}
