{
    "pose_0": {
        "type_id": "opencv-matrix",
        "rows": 1,
        "cols": 18,
        "dt": "3f",
        "data": [ 3.53028178e-01, 2.51466215e-01, 8.85286450e-01,
            3.28483760e-01, 3.30567062e-01, 7.24670887e-01,
            2.60993868e-01, 3.74196142e-01, 6.25895560e-01,
            1.90500796e-01, 4.66946065e-01, 8.48122716e-01,
            1.78180262e-01, 6.19612157e-01, 8.70907307e-01,
            3.97447973e-01, 2.89586127e-01, 7.16303170e-01,
            4.71111834e-01, 4.04165685e-01, 8.78546178e-01,
            5.46240091e-01, 3.85058403e-01, 8.78473222e-01,
            4.35814887e-01, 5.97833931e-01, 4.64482367e-01,
            5.18651128e-01, 7.17849135e-01, 2.83895791e-01,
            6.44438565e-01, 8.21582496e-01, 2.16482550e-01,
            4.83430028e-01, 5.02387941e-01, 5.23698628e-01,
            6.13724232e-01, 3.98738831e-01, 7.99142957e-01,
            7.18068779e-01, 6.25158191e-01, 6.01183712e-01,
            3.36099535e-01, 2.32302129e-01, 9.28979814e-01,
            3.59129965e-01, 2.15955824e-01, 8.21110666e-01,
            2.87039548e-01, 2.40528867e-01, 7.34352410e-01, 0.0, 0.0,
            0.0 ]
    }
}
