{
    "pose_0": {
        "type_id": "opencv-matrix",
        "rows": 1,
        "cols": 18,
        "dt": "3f",
        "data": [ 5.34018755e-01, 2.04993770e-01, 9.11522508e-01,
            4.75698858e-01, 3.11338991e-01, 7.55486071e-01,
            4.15905923e-01, 3.25057298e-01, 6.14834428e-01,
            3.85216653e-01, 5.35044611e-01, 8.45220029e-01,
            3.46897721e-01, 7.06937492e-01, 8.12146783e-01,
            5.34055829e-01, 2.92351097e-01, 7.79338062e-01,
            5.30894578e-01, 4.42363948e-01, 6.85658336e-01,
            5.61614811e-01, 4.88600284e-01, 8.14992607e-01,
            4.45062935e-01, 6.44201219e-01, 3.94465208e-01,
            5.84593773e-01, 6.22354329e-01, 6.55867696e-01,
            7.34918237e-01, 7.94283569e-01, 2.95871913e-01,
            5.10979533e-01, 5.65113604e-01, 4.16683972e-01,
            6.16805196e-01, 5.10641336e-01, 7.96621025e-01,
            7.51791477e-01, 7.09747195e-01, 5.29744387e-01,
            5.18660128e-01, 1.80413291e-01, 8.30432057e-01,
            5.41640580e-01, 1.64298475e-01, 9.39306617e-01,
            4.71075743e-01, 1.61507413e-01, 7.48413086e-01, 0.0, 0.0,
            0.0 ]
    }
}
