{
    "pose_0": {
        "type_id": "opencv-matrix",
        "rows": 1,
        "cols": 18,
        "dt": "3f",
        "data": [ 5.21823466e-01, 1.96814865e-01, 8.69567573e-01,
            4.71085012e-01, 3.19631606e-01, 8.22858810e-01,
            4.11301672e-01, 3.35990638e-01, 7.00854003e-01,
            3.82170677e-01, 5.40552914e-01, 7.84192681e-01,
            3.37770134e-01, 7.25979149e-01, 7.80702591e-01,
            5.27868509e-01, 3.11391205e-01, 7.31133819e-01,
            5.44705093e-01, 4.88674998e-01, 8.41232300e-01,
            5.83114207e-01, 5.97881496e-01, 8.43144774e-01,
            4.46584553e-01, 6.49701715e-01, 4.69949067e-01,
            5.84632933e-01, 7.31485903e-01, 3.66477132e-01,
            7.28746057e-01, 8.37933302e-01, 1.57461628e-01,
            5.14069378e-01, 6.00519776e-01, 5.94652593e-01,
            5.98421097e-01, 6.66079879e-01, 4.44131255e-01,
            6.47464871e-01, 7.04226077e-01, 8.93267691e-02,
            5.06343365e-01, 1.66882977e-01, 8.49673986e-01,
            5.29392183e-01, 1.61388755e-01, 9.18245196e-01,
            4.58818883e-01, 1.69610217e-01, 7.12423027e-01, 0.0, 0.0,
            0.0 ]
    }
}
