{
    "pose_0": {
        "type_id": "opencv-matrix",
        "rows": 1,
        "cols": 18,
        "dt": "3f",
        "data": [ 3.36147249e-01, 2.70513415e-01, 9.10522521e-01,
            3.11612815e-01, 3.41534734e-01, 7.50157535e-01,
            2.45666891e-01, 3.87774020e-01, 5.95711350e-01,
            1.78129226e-01, 4.69714463e-01, 8.65486741e-01,
            1.76618293e-01, 6.27827883e-01, 8.37644219e-01,
            3.77589613e-01, 3.00515741e-01, 6.79636896e-01,
            4.61959183e-01, 4.12391454e-01, 7.96306968e-01,
            5.43218732e-01, 3.95922065e-01, 8.23417425e-01,
            4.25123394e-01, 6.06036901e-01, 4.33175385e-01,
            5.10986328e-01, 7.28755951e-01, 3.00588429e-01,
            6.32142186e-01, 8.37765574e-01, 2.05013126e-01,
            4.75706369e-01, 5.10493338e-01, 4.64534074e-01,
            6.07646465e-01, 4.04215634e-01, 8.23945880e-01,
            7.16551125e-01, 6.30596519e-01, 6.02589130e-01,
            3.14690053e-01, 2.51459509e-01, 8.90577018e-01,
            3.36191118e-01, 2.32327372e-01, 8.59413803e-01,
            2.68672705e-01, 2.62354225e-01, 6.91174209e-01, 0.0, 0.0,
            0.0 ]
    }
}
