{
    "pose_0": {
        "type_id": "opencv-matrix",
        "rows": 1,
        "cols": 18,
        "dt": "3f",
        "data": [ 5.34089446e-01, 2.04931363e-01, 8.80190015e-01,
            4.77250218e-01, 3.08656454e-01, 7.24133372e-01,
            4.20511484e-01, 3.22380394e-01, 6.25417531e-01,
            3.86780947e-01, 5.35011768e-01, 8.26799393e-01,
            3.48420113e-01, 7.06805527e-01, 8.15740108e-01,
            5.34008861e-01, 2.92223871e-01, 7.58448720e-01,
            5.20219028e-01, 4.42371726e-01, 2.49328494e-01,
            5.47785580e-01, 4.53283936e-01, 5.09134769e-01,
            4.46565300e-01, 6.44231439e-01, 3.87624681e-01,
            5.83108068e-01, 6.03310704e-01, 6.40763223e-01,
            6.98125184e-01, 7.56090641e-01, 2.28593230e-01,
            5.10986567e-01, 5.59693098e-01, 3.74585718e-01,
            6.02988839e-01, 4.66866910e-01, 8.52068067e-01,
            7.27260530e-01, 6.85019493e-01, 5.11855483e-01,
            5.20144880e-01, 1.77783743e-01, 8.45660269e-01,
            5.43217659e-01, 1.64249465e-01, 9.60151553e-01,
            4.71166968e-01, 1.64023757e-01, 7.48065412e-01, 0.0, 0.0,
            0.0 ]
    }
}
