{
    "pose_0": {
        "type_id": "opencv-matrix",
        "rows": 1,
        "cols": 18,
        "dt": "3f",
        "data": [ 5.35585701e-01, 2.04988837e-01, 8.88914287e-01,
            4.81874853e-01, 3.08675617e-01, 7.48857737e-01,
            4.22076017e-01, 3.25032383e-01, 6.53718948e-01,
            3.89842629e-01, 5.32434165e-01, 7.86183834e-01,
            3.49898607e-01, 7.01511323e-01, 8.15325320e-01,
            5.38616300e-01, 2.92199105e-01, 7.14584589e-01,
            5.34020543e-01, 4.42311168e-01, 2.36029133e-01,
            5.55447876e-01, 4.45012480e-01, 5.42519331e-01,
            4.45032030e-01, 6.44236088e-01, 4.21599001e-01,
            5.56967616e-01, 5.67855895e-01, 7.17607617e-01,
            6.44447982e-01, 7.39675760e-01, 9.74810719e-02,
            5.17106116e-01, 5.62389791e-01, 3.00142229e-01,
            5.96921861e-01, 4.45059806e-01, 8.49846959e-01,
            7.05805540e-01, 6.68751657e-01, 4.66338158e-01,
            5.20154536e-01, 1.80411354e-01, 8.91092658e-01,
            5.44751287e-01, 1.64206460e-01, 9.91059721e-01,
            4.71152574e-01, 1.66942403e-01, 6.89572275e-01, 0.0, 0.0,
            0.0 ]
    }
}
