{
    "pose_0": {
        "type_id": "opencv-matrix",
        "rows": 1,
        "cols": 18,
        "dt": "3f",
        "data": [ 4.35924351e-01, 2.26755947e-01, 8.86081815e-01,
            3.91351730e-01, 2.86891639e-01, 6.89949989e-01,
            3.14676523e-01, 3.16834360e-01, 5.67868054e-01,
            2.45636016e-01, 4.72424030e-01, 7.13942587e-01,
            1.88975111e-01, 6.06086195e-01, 8.03850472e-01,
            4.58887011e-01, 2.51515061e-01, 7.36786246e-01,
            5.01804531e-01, 3.85135710e-01, 8.03114355e-01,
            5.61597288e-01, 3.76795828e-01, 8.01588595e-01,
            4.37392950e-01, 5.81465602e-01, 4.68296200e-01,
            5.09438097e-01, 7.09627509e-01, 2.59884447e-01,
            6.44429684e-01, 8.16148043e-01, 1.58445850e-01,
            5.03306806e-01, 4.94206011e-01, 5.41453540e-01,
            6.19890451e-01, 3.79632086e-01, 8.68462741e-01,
            7.28755951e-01, 6.22461736e-01, 5.98283172e-01,
            4.20477629e-01, 2.02277064e-01, 8.60495985e-01,
            4.43536609e-01, 1.86014518e-01, 8.79800200e-01,
            3.71436626e-01, 1.85850307e-01, 6.92270994e-01, 0.0, 0.0,
            0.0 ]
    }
}
