{
    "pose_0": {
        "type_id": "opencv-matrix",
        "rows": 1,
        "cols": 18,
        "dt": "3f",
        "data": [ 5.33977687e-01, 2.05065131e-01, 9.26706195e-01,
            4.74243820e-01, 3.14014137e-01, 7.86439657e-01,
            4.14389789e-01, 3.27753156e-01, 6.32669210e-01,
            3.83704126e-01, 5.35081744e-01, 8.18350971e-01,
            3.40765268e-01, 7.09786296e-01, 7.91727364e-01,
            5.35526752e-01, 2.95042038e-01, 8.00276279e-01,
            5.33988833e-01, 4.55985695e-01, 7.36764789e-01,
            5.70763230e-01, 5.13342917e-01, 8.49983394e-01,
            4.45066065e-01, 6.36035919e-01, 4.44486409e-01,
            5.93794584e-01, 6.41484678e-01, 6.00689292e-01,
            7.33384609e-01, 7.97060966e-01, 2.59354293e-01,
            5.11034310e-01, 5.78662336e-01, 4.86405909e-01,
            6.21432185e-01, 5.62379956e-01, 7.54279494e-01,
            7.73263693e-01, 7.31451511e-01, 4.18762654e-01,
            5.17124236e-01, 1.80519029e-01, 8.50943148e-01,
            5.41633904e-01, 1.66916922e-01, 9.41147864e-01,
            4.69573826e-01, 1.64163649e-01, 7.29514956e-01, 0.0, 0.0,
            0.0 ]
    }
}
