{
    "pose_0": {
        "type_id": "opencv-matrix",
        "rows": 1,
        "cols": 18,
        "dt": "3f",
        "data": [ 4.37420458e-01, 2.26707429e-01, 8.71344149e-01,
            3.92899841e-01, 2.78724313e-01, 6.71769381e-01,
            3.14698786e-01, 3.14068824e-01, 5.80143571e-01,
            2.48676226e-01, 4.69742984e-01, 7.14097977e-01,
            1.90489054e-01, 6.03342593e-01, 8.19421649e-01,
            4.60400850e-01, 2.51446187e-01, 7.39792824e-01,
            5.03321648e-01, 3.85159820e-01, 7.97147930e-01,
            5.64685345e-01, 3.74134481e-01, 7.87240624e-01,
            4.38898385e-01, 5.84206283e-01, 4.70963329e-01,
            5.12550533e-01, 7.09686577e-01, 2.53797948e-01,
            6.90435588e-01, 8.40552270e-01, 3.76472801e-01,
            5.01813173e-01, 4.96947169e-01, 5.49026549e-01,
            6.19955480e-01, 3.79595667e-01, 8.59570920e-01,
            7.27217317e-01, 6.22393012e-01, 5.68641067e-01,
            4.22087073e-01, 1.99621677e-01, 8.61735344e-01,
            4.46535051e-01, 1.86091781e-01, 8.98506343e-01,
            3.74468803e-01, 1.80524468e-01, 6.86833620e-01, 0.0, 0.0,
            0.0 ]
    }
}
