{
    "pose_0": {
        "type_id": "opencv-matrix",
        "rows": 1,
        "cols": 18,
        "dt": "3f",
        "data": [ 4.45042223e-01, 2.13271916e-01, 8.36877465e-01,
            3.97503853e-01, 2.73271382e-01, 7.28870511e-01,
            3.22340697e-01, 3.05979103e-01, 5.55386841e-01,
            2.50285506e-01, 4.69583213e-01, 7.73797154e-01,
            1.98088050e-01, 6.00664735e-01, 7.96184123e-01,
            4.64962184e-01, 2.48741791e-01, 7.24766433e-01,
            5.04826486e-01, 3.85104299e-01, 8.13805580e-01,
            5.63127697e-01, 3.68744105e-01, 7.55713224e-01,
            4.37361330e-01, 5.78814924e-01, 4.73767608e-01,
            5.07906377e-01, 7.06878424e-01, 2.66887009e-01,
            6.35217369e-01, 8.13293457e-01, 2.28713423e-01,
            5.04873574e-01, 4.94242728e-01, 5.46623170e-01,
            6.21412337e-01, 3.76899630e-01, 8.18776011e-01,
            7.28733361e-01, 6.22398019e-01, 5.80602944e-01,
            4.25152808e-01, 1.88674226e-01, 8.62171054e-01,
            4.48203027e-01, 1.83169544e-01, 9.58615422e-01,
            3.79087120e-01, 1.72303066e-01, 5.76784730e-01, 0.0, 0.0,
            0.0 ]
    }
}
