{
    "pose_0": {
        "type_id": "opencv-matrix",
        "rows": 1,
        "cols": 18,
        "dt": "3f",
        "data": [ 3.54553103e-01, 2.51480490e-01, 8.72696221e-01,
            3.31521243e-01, 3.30549896e-01, 7.25746989e-01,
            2.62550533e-01, 3.74194503e-01, 6.14136577e-01,
            1.90531984e-01, 4.66991931e-01, 8.36633325e-01,
            1.78185567e-01, 6.19616210e-01, 8.65658581e-01,
            3.97453725e-01, 2.89508969e-01, 6.99202418e-01,
            4.71095204e-01, 4.04142886e-01, 8.71594012e-01,
            5.46324790e-01, 3.82466346e-01, 8.74271929e-01,
            4.35833782e-01, 5.97880840e-01, 4.81599480e-01,
            5.15587330e-01, 7.12405682e-01, 2.80025721e-01,
            6.33728206e-01, 8.18897128e-01, 2.16081381e-01,
            4.84897971e-01, 5.02388835e-01, 5.29990733e-01,
            6.12239361e-01, 3.98731470e-01, 7.96776235e-01,
            7.18076885e-01, 6.25134528e-01, 6.01952374e-01,
            3.36167753e-01, 2.32310638e-01, 9.39166963e-01,
            3.59137565e-01, 2.18675867e-01, 8.29637766e-01,
            2.87111908e-01, 2.35067710e-01, 7.30373323e-01, 0.0, 0.0,
            0.0 ]
    }
}
