{
    "pose_0": {
        "type_id": "opencv-matrix",
        "rows": 1,
        "cols": 18,
        "dt": "3f",
        "data": [ 5.37071824e-01, 2.05006212e-01, 8.80915642e-01,
            4.83384073e-01, 3.11359227e-01, 7.55648971e-01,
            4.23616707e-01, 3.27825606e-01, 6.54116690e-01,
            3.94394487e-01, 5.32356143e-01, 7.79792547e-01,
            3.50004196e-01, 6.93367422e-01, 8.09855521e-01,
            5.43165207e-01, 2.92297065e-01, 7.50029325e-01,
            5.41654229e-01, 4.42389131e-01, 2.37247452e-01,
            5.58555245e-01, 4.42321151e-01, 5.07710099e-01,
            4.45021868e-01, 6.44245267e-01, 4.20318276e-01,
            5.35583913e-01, 5.76063752e-01, 6.82668328e-01,
            6.36754036e-01, 7.47886837e-01, 7.69323483e-02,
            5.21707237e-01, 5.59686482e-01, 2.97045261e-01,
            5.99944115e-01, 4.45001364e-01, 8.25194597e-01,
            7.10384071e-01, 6.76911950e-01, 5.37832499e-01,
            5.20171106e-01, 1.80438951e-01, 8.99872005e-01,
            5.44797361e-01, 1.64206728e-01, 1.00643301e+00,
            4.71138239e-01, 1.75052211e-01, 6.93321347e-01, 0.0, 0.0,
            0.0 ]
    }
}
