{
    "pose_0": {
        "type_id": "opencv-matrix",
        "rows": 1,
        "cols": 18,
        "dt": "3f",
        "data": [ 3.97516459e-01, 2.40502164e-01, 8.53400886e-01,
            3.60711753e-01, 3.11395705e-01, 7.60813177e-01,
            2.88648605e-01, 3.57712299e-01, 6.08639359e-01,
            2.22667709e-01, 4.88815933e-01, 7.73393869e-01,
            1.81252748e-01, 6.22346461e-01, 8.34201515e-01,
            4.28173602e-01, 2.70378888e-01, 6.93232059e-01,
            4.86443877e-01, 3.87877911e-01, 7.94093788e-01,
            5.53932726e-01, 3.79504710e-01, 8.47112894e-01,
            4.38925028e-01, 5.86909235e-01, 4.41720635e-01,
            5.20211935e-01, 7.06908941e-01, 2.46801972e-01,
            6.41359508e-01, 8.16077828e-01, 1.89734757e-01,
            4.97150570e-01, 4.94193852e-01, 5.38318872e-01,
            6.18282557e-01, 3.82358044e-01, 8.46549332e-01,
            7.25725472e-01, 6.22374594e-01, 5.94516575e-01,
            3.76069099e-01, 2.24123970e-01, 8.44804108e-01,
            3.99051100e-01, 2.05007076e-01, 9.58389521e-01,
            3.25433254e-01, 2.13285431e-01, 6.57315731e-01, 0.0, 0.0,
            0.0 ]
    }
}
