{
    "pose_0": {
        "type_id": "opencv-matrix",
        "rows": 1,
        "cols": 18,
        "dt": "3f",
        "data": [ 5.09500384e-01, 1.61277458e-01, 9.16997910e-01,
            4.57298964e-01, 2.51429886e-01, 8.09599757e-01,
            3.88315141e-01, 2.73223907e-01, 6.70329094e-01,
            3.46883982e-01, 4.69702750e-01, 8.22746933e-01,
            3.02390486e-01, 6.27913058e-01, 8.10480595e-01,
            5.21800518e-01, 2.32289970e-01, 7.92101264e-01,
            5.20152390e-01, 3.66027385e-01, 6.25953436e-01,
            5.58602452e-01, 3.82414162e-01, 7.89897680e-01,
            4.43515331e-01, 5.78746796e-01, 4.87483352e-01,
            5.06400347e-01, 7.06955254e-01, 1.91872701e-01,
            6.32154405e-01, 8.16076815e-01, 1.48736447e-01,
            5.14060199e-01, 5.10550618e-01, 5.30236363e-01,
            6.16777420e-01, 3.82295460e-01, 8.35895658e-01,
            7.19591498e-01, 6.22336805e-01, 6.04079485e-01,
            4.91078228e-01, 1.36850595e-01, 8.50473642e-01,
            5.17124057e-01, 1.20472513e-01, 9.47407782e-01,
            4.46513891e-01, 1.34136662e-01, 7.06154644e-01, 0.0, 0.0,
            0.0 ]
    }
}
