{
    "pose_0": {
        "type_id": "opencv-matrix",
        "rows": 1,
        "cols": 18,
        "dt": "3f",
        "data": [ 3.37686539e-01, 2.70497948e-01, 9.23299074e-01,
            3.13201010e-01, 3.41455549e-01, 7.53236055e-01,
            2.50203907e-01, 3.82459223e-01, 6.11569941e-01,
            1.79680228e-01, 4.66901153e-01, 8.57702613e-01,
            1.76711008e-01, 6.22424304e-01, 8.98519099e-01,
            3.80628765e-01, 2.97838330e-01, 7.02516258e-01,
            4.64986920e-01, 4.06967789e-01, 7.88133025e-01,
            5.44779778e-01, 3.95973414e-01, 8.51124704e-01,
            4.34273124e-01, 6.06049538e-01, 4.41714644e-01,
            5.15602827e-01, 7.31526315e-01, 2.94398367e-01,
            6.84294164e-01, 8.59700799e-01, 4.11441147e-01,
            4.81871158e-01, 5.10531127e-01, 4.69752431e-01,
            6.10720932e-01, 4.04271305e-01, 7.93305397e-01,
            7.21116841e-01, 6.38803065e-01, 5.83124101e-01,
            3.16253424e-01, 2.51484573e-01, 8.58599842e-01,
            3.37748230e-01, 2.29727790e-01, 9.01547134e-01,
            2.73219347e-01, 2.67695040e-01, 7.45521426e-01, 0.0, 0.0,
            0.0 ]
    }
}
