{
    "pose_0": {
        "type_id": "opencv-matrix",
        "rows": 1,
        "cols": 18,
        "dt": "3f",
        "data": [ 4.65002894e-01, 1.96890578e-01, 8.34005713e-01,
            4.12852138e-01, 2.65019745e-01, 7.02589810e-01,
            3.37697059e-01, 2.86867559e-01, 5.84362268e-01,
            2.73269653e-01, 4.56043243e-01, 7.34445333e-01,
            2.22657710e-01, 6.00500226e-01, 8.24535012e-01,
            4.83365208e-01, 2.45932624e-01, 7.35908628e-01,
            5.06367266e-01, 3.79611641e-01, 7.94264317e-01,
            5.67706823e-01, 3.65937710e-01, 7.54144967e-01,
            4.38924402e-01, 5.78736365e-01, 4.47223097e-01,
            4.86459553e-01, 6.82384193e-01, 1.95971966e-01,
            6.39836967e-01, 8.07870984e-01, 1.00676581e-01,
            5.09429276e-01, 4.94231313e-01, 5.38313627e-01,
            6.21457040e-01, 3.71386319e-01, 7.91139960e-01,
            7.28781164e-01, 6.19703770e-01, 6.19569242e-01,
            4.48133498e-01, 1.66912943e-01, 8.93464684e-01,
            4.72630024e-01, 1.61465406e-01, 9.87940490e-01,
            3.99090916e-01, 1.50499240e-01, 6.31461859e-01, 0.0, 0.0,
            0.0 ]
    }
}
