{
    "pose_0": {
        "type_id": "opencv-matrix",
        "rows": 1,
        "cols": 18,
        "dt": "3f",
        "data": [ 3.57641160e-01, 2.51395822e-01, 8.77636850e-01,
            3.34583163e-01, 3.30504537e-01, 7.27892160e-01,
            2.65583009e-01, 3.74188632e-01, 6.11259580e-01,
            1.93518370e-01, 4.66995686e-01, 8.15102696e-01,
            1.78186595e-01, 6.19643152e-01, 8.68070245e-01,
            3.97546440e-01, 2.86854476e-01, 7.14261472e-01,
            4.71136868e-01, 4.04169559e-01, 8.75625670e-01,
            5.46343744e-01, 3.82498741e-01, 8.71290684e-01,
            4.35811400e-01, 5.97914159e-01, 4.84360635e-01,
            5.18677771e-01, 7.17843235e-01, 3.02406162e-01,
            6.32189035e-01, 8.18909168e-01, 2.79395252e-01,
            4.84936476e-01, 4.99668002e-01, 5.31589925e-01,
            6.13726974e-01, 3.98759454e-01, 7.92593241e-01,
            7.19602585e-01, 6.27837956e-01, 5.89478433e-01,
            3.37661862e-01, 2.32304737e-01, 9.20869708e-01,
            3.60679835e-01, 2.13290110e-01, 8.37975919e-01,
            2.88630545e-01, 2.37826690e-01, 7.07288146e-01, 0.0, 0.0,
            0.0 ]
    }
}
