{
    "pose_0": {
        "type_id": "opencv-matrix",
        "rows": 1,
        "cols": 18,
        "dt": "3f",
        "data": [ 3.62184435e-01, 2.51349151e-01, 9.16630328e-01,
            3.34630370e-01, 3.25113267e-01, 7.35509217e-01,
            2.67131120e-01, 3.74177843e-01, 6.01045728e-01,
            1.95047438e-01, 4.69639748e-01, 7.99444318e-01,
            1.78223208e-01, 6.19693577e-01, 8.72521400e-01,
            3.99033248e-01, 2.81382769e-01, 6.94106996e-01,
            4.72658098e-01, 4.04165775e-01, 8.81705523e-01,
            5.47814965e-01, 3.82492691e-01, 8.64870429e-01,
            4.37381953e-01, 5.97813010e-01, 4.85476971e-01,
            5.15590429e-01, 7.09745347e-01, 3.07094961e-01,
            6.35222852e-01, 8.21563900e-01, 2.91901052e-01,
            4.86477345e-01, 5.02348781e-01, 5.24156868e-01,
            6.13772094e-01, 3.98689210e-01, 7.81459391e-01,
            7.25694120e-01, 6.38764143e-01, 5.56133747e-01,
            3.40752512e-01, 2.32293665e-01, 8.70072901e-01,
            3.62264544e-01, 2.10521087e-01, 8.78238618e-01,
            2.93217689e-01, 2.35006139e-01, 6.86735213e-01, 0.0, 0.0,
            0.0 ]
    }
}
