{
    "pose_0": {
        "type_id": "opencv-matrix",
        "rows": 1,
        "cols": 18,
        "dt": "3f",
        "data": [ 4.74179387e-01, 1.83309138e-01, 9.02060270e-01,
            4.20486599e-01, 2.51409411e-01, 7.53678322e-01,
            3.46871227e-01, 2.73218572e-01, 5.99111497e-01,
            2.85483658e-01, 4.47876632e-01, 7.43680835e-01,
            2.36481294e-01, 5.97799957e-01, 8.35536242e-01,
            4.86506820e-01, 2.29657903e-01, 7.50077307e-01,
            5.06411016e-01, 3.79509747e-01, 8.29795957e-01,
            5.66194415e-01, 3.60595077e-01, 7.96288908e-01,
            4.38896090e-01, 5.73254347e-01, 4.56286222e-01,
            4.71117944e-01, 6.57833040e-01, 3.57044637e-01,
            6.36761427e-01, 8.05134237e-01, 2.01826558e-01,
            5.07971346e-01, 4.96882230e-01, 5.34470677e-01,
            6.19962215e-01, 3.63277018e-01, 8.28004420e-01,
            7.27243006e-01, 6.19581699e-01, 5.76060295e-01,
            4.58866656e-01, 1.55963749e-01, 8.87940109e-01,
            4.83404368e-01, 1.45094246e-01, 9.38715100e-01,
            4.11320269e-01, 1.36841699e-01, 6.66729033e-01, 0.0, 0.0,
            0.0 ]
    }
}
