{
    "pose_0": {
        "type_id": "opencv-matrix",
        "rows": 1,
        "cols": 18,
        "dt": "3f",
        "data": [ 3.37678641e-01, 2.70510107e-01, 9.20370042e-01,
            3.13181460e-01, 3.41466367e-01, 7.56144226e-01,
            2.48733193e-01, 3.85063797e-01, 6.12171888e-01,
            1.78259015e-01, 4.66937006e-01, 8.57024312e-01,
            1.78105682e-01, 6.22436047e-01, 8.98351192e-01,
            3.80604595e-01, 2.97807842e-01, 6.98836029e-01,
            4.64959323e-01, 4.06999290e-01, 7.79718399e-01,
            5.44775546e-01, 3.95982683e-01, 8.52958322e-01,
            4.32766825e-01, 6.03341222e-01, 4.39371824e-01,
            5.12550533e-01, 7.31460690e-01, 2.99015194e-01,
            6.38310015e-01, 8.35137963e-01, 1.24562331e-01,
            4.83336955e-01, 5.10500491e-01, 4.77005392e-01,
            6.12197638e-01, 4.04263198e-01, 7.92142153e-01,
            7.22633779e-01, 6.41442358e-01, 5.88023663e-01,
            3.17721546e-01, 2.51494735e-01, 8.57738078e-01,
            3.37730080e-01, 2.29734734e-01, 8.94352555e-01,
            2.73204923e-01, 2.67705321e-01, 7.47907758e-01, 0.0, 0.0,
            0.0 ]
    }
}
