{
    "pose_0": {
        "type_id": "opencv-matrix",
        "rows": 1,
        "cols": 18,
        "dt": "3f",
        "data": [ 5.33991277e-01, 1.66947737e-01, 9.28370357e-01,
            4.83338237e-01, 2.73281306e-01, 7.77286649e-01,
            4.20509428e-01, 2.95062333e-01, 6.60674632e-01,
            3.85214537e-01, 4.94204879e-01, 8.03017497e-01,
            3.48472744e-01, 6.63343430e-01, 8.65247846e-01,
            5.44724524e-01, 2.56841987e-01, 7.44659603e-01,
            5.21739781e-01, 3.65954995e-01, 3.60573888e-01,
            5.58568060e-01, 4.04139012e-01, 7.64614940e-01,
            4.46559370e-01, 5.89686275e-01, 4.71490145e-01,
            4.84896183e-01, 7.09648371e-01, 2.56711483e-01,
            6.38310432e-01, 8.43337715e-01, 1.31429881e-01,
            5.20191014e-01, 5.32404423e-01, 5.61581731e-01,
            6.15314960e-01, 4.01513666e-01, 8.17588151e-01,
            7.21112132e-01, 6.46928489e-01, 5.89965940e-01,
            5.14050543e-01, 1.42382517e-01, 8.60164225e-01,
            5.43176115e-01, 1.36853427e-01, 9.27840829e-01,
            4.71090049e-01, 1.50506303e-01, 6.97557569e-01, 0.0, 0.0,
            0.0 ]
    }
}
