{
    "pose_0": {
        "type_id": "opencv-matrix",
        "rows": 1,
        "cols": 18,
        "dt": "3f",
        "data": [ 4.00626242e-01, 2.45917186e-01, 8.53140473e-01,
            3.65317523e-01, 3.05956095e-01, 7.38281608e-01,
            2.97763407e-01, 3.44154507e-01, 5.89025557e-01,
            2.25686461e-01, 4.91428494e-01, 8.17177594e-01,
            1.81236312e-01, 6.22286439e-01, 8.29109013e-01,
            4.34266895e-01, 2.67735213e-01, 7.23239243e-01,
            4.89500403e-01, 3.90539587e-01, 7.66537011e-01,
            5.55472136e-01, 3.79524142e-01, 8.58526468e-01,
            4.38907146e-01, 5.89629948e-01, 4.42207992e-01,
            5.03339946e-01, 6.90610290e-01, 1.87722191e-01,
            6.41367257e-01, 8.16048026e-01, 1.69876307e-01,
            4.95703101e-01, 4.96880978e-01, 5.29892325e-01,
            6.16843164e-01, 3.82391661e-01, 8.34581614e-01,
            7.27245152e-01, 6.25147879e-01, 5.74270606e-01,
            3.85178298e-01, 2.24177003e-01, 8.81015539e-01,
            4.08236414e-01, 2.07707778e-01, 8.96442056e-01,
            3.36100996e-01, 2.15999410e-01, 6.70811772e-01, 0.0, 0.0,
            0.0 ]
    }
}
