{
    "pose_0": {
        "type_id": "opencv-matrix",
        "rows": 1,
        "cols": 18,
        "dt": "3f",
        "data": [ 3.73006463e-01, 2.51371890e-01, 9.10295725e-01,
            3.43824655e-01, 3.19696754e-01, 7.30635345e-01,
            2.76318103e-01, 3.68670672e-01, 6.07243955e-01,
            2.05758020e-01, 4.72410858e-01, 7.76007652e-01,
            1.82755798e-01, 6.22307837e-01, 8.21696579e-01,
            4.09758419e-01, 2.78710067e-01, 7.10791826e-01,
            4.80315745e-01, 4.04092252e-01, 8.56135905e-01,
            5.47834277e-01, 3.82499427e-01, 8.76640499e-01,
            4.38897729e-01, 5.97821534e-01, 4.74765033e-01,
            5.15601993e-01, 7.09751427e-01, 2.82441080e-01,
            6.35234296e-01, 8.18879962e-01, 2.01858655e-01,
            4.89508569e-01, 5.07831931e-01, 5.41487277e-01,
            6.16773367e-01, 3.98669243e-01, 8.02440286e-01,
            7.24201322e-01, 6.30534410e-01, 5.71882188e-01,
            3.51538569e-01, 2.29735315e-01, 8.76641929e-01,
            3.74513358e-01, 2.13198811e-01, 8.57593477e-01,
            3.03942412e-01, 2.29690388e-01, 6.91734612e-01, 0.0, 0.0,
            0.0 ]
    }
}
