{
    "pose_0": {
        "type_id": "opencv-matrix",
        "rows": 1,
        "cols": 18,
        "dt": "3f",
        "data": [ 5.35574138e-01, 2.04986885e-01, 8.98062348e-01,
            4.83437508e-01, 3.08725774e-01, 7.53085852e-01,
            4.25092965e-01, 3.25093716e-01, 6.48231924e-01,
            3.95921946e-01, 5.32368720e-01, 7.90783167e-01,
            3.50013286e-01, 6.96079135e-01, 8.02993476e-01,
            5.43203712e-01, 2.92297274e-01, 7.41441250e-01,
            5.20248115e-01, 4.85984951e-01, 1.91533759e-01, 0.0, 0.0,
            0.0, 4.43523496e-01, 6.44254029e-01, 4.16514903e-01,
            5.33971488e-01, 5.78721642e-01, 6.94038332e-01,
            6.30630076e-01, 7.56060243e-01, 5.95390871e-02,
            5.20198107e-01, 5.59659600e-01, 2.94501424e-01,
            6.01484060e-01, 4.45023358e-01, 8.33639741e-01,
            7.13452160e-01, 6.76973283e-01, 5.16277015e-01,
            5.20131826e-01, 1.80416703e-01, 8.84815514e-01,
            5.44766068e-01, 1.64206371e-01, 1.01034820e+00,
            4.71165657e-01, 1.75061479e-01, 6.87316120e-01, 0.0, 0.0,
            0.0 ]
    }
}
