{
    "pose_0": {
        "type_id": "opencv-matrix",
        "rows": 1,
        "cols": 18,
        "dt": "3f",
        "data": [ 5.34084916e-01, 2.05081955e-01, 9.06169713e-01,
            4.75705415e-01, 3.16803485e-01, 7.93440521e-01,
            4.15904462e-01, 3.35908800e-01, 6.66886151e-01,
            3.83673549e-01, 5.40545404e-01, 7.89429188e-01,
            3.40757251e-01, 7.09817886e-01, 7.98449278e-01,
            5.34061372e-01, 2.97749162e-01, 7.92163312e-01,
            5.38591743e-01, 4.69585598e-01, 7.90994763e-01,
            5.81541300e-01, 5.48772454e-01, 8.16312611e-01,
            4.46545780e-01, 6.41493022e-01, 4.58772600e-01,
            6.06092215e-01, 6.93295896e-01, 4.92300779e-01,
            7.31852651e-01, 8.16074312e-01, 2.10316584e-01,
            5.14055192e-01, 5.84248781e-01, 5.11283994e-01,
            6.30651355e-01, 6.22350812e-01, 6.39446497e-01,
            7.84002781e-01, 7.45146692e-01, 3.93700302e-01,
            5.18632174e-01, 1.83069661e-01, 8.53007436e-01,
            5.41696548e-01, 1.66881740e-01, 9.33496058e-01,
            4.69612211e-01, 1.74996153e-01, 6.73690259e-01, 0.0, 0.0,
            0.0 ]
    }
}
