{
    "pose_0": {
        "type_id": "opencv-matrix",
        "rows": 1,
        "cols": 18,
        "dt": "3f",
        "data": [ 5.41646421e-01, 2.02239126e-01, 8.47236574e-01,
            4.86431688e-01, 3.03202063e-01, 7.27497995e-01,
            4.28165764e-01, 3.22327793e-01, 6.41859770e-01,
            3.97504270e-01, 5.24238765e-01, 7.85253882e-01,
            3.53023112e-01, 6.90540254e-01, 7.99406707e-01,
            5.46246171e-01, 2.86873430e-01, 7.35408306e-01,
            5.30889869e-01, 4.23237175e-01, 2.11362228e-01,
            5.57048202e-01, 4.31413710e-01, 6.54701769e-01,
            4.45062339e-01, 6.33293092e-01, 4.04031932e-01,
            5.04827201e-01, 6.03374302e-01, 6.78973019e-01,
            6.85839951e-01, 8.59639645e-01, 1.69630527e-01,
            5.20233333e-01, 5.65093637e-01, 4.53165948e-01,
            6.06080353e-01, 4.36881214e-01, 8.23029041e-01,
            7.18032837e-01, 6.74198389e-01, 6.25719547e-01,
            5.20218611e-01, 1.77722111e-01, 8.86370659e-01,
            5.46306610e-01, 1.61503121e-01, 1.03303683e+00,
            4.72676843e-01, 1.72337234e-01, 6.65471554e-01, 0.0, 0.0,
            0.0 ]
    }
}
