{
    "pose_0": {
        "type_id": "opencv-matrix",
        "rows": 1,
        "cols": 18,
        "dt": "3f",
        "data": [ 5.12515366e-01, 1.96889073e-01, 8.25784802e-01,
            4.71135676e-01, 3.33204627e-01, 8.30021739e-01,
            4.11306173e-01, 3.44127506e-01, 6.61457062e-01,
            3.79102647e-01, 5.54267526e-01, 8.03922713e-01,
            3.37665111e-01, 7.31449306e-01, 8.38097811e-01,
            5.32410026e-01, 3.16841930e-01, 7.76150823e-01,
            5.44718027e-01, 4.94158834e-01, 8.44594896e-01,
            5.83091915e-01, 6.03325009e-01, 8.04772258e-01,
            4.45057690e-01, 6.57861829e-01, 4.73931551e-01,
            5.69263637e-01, 7.34216034e-01, 1.93984345e-01,
            7.31837571e-01, 8.43441784e-01, 8.41694102e-02,
            5.11042476e-01, 6.08755112e-01, 5.77518404e-01,
            6.09168410e-01, 6.87849820e-01, 3.61564487e-01, 0.0, 0.0,
            0.0, 4.94151801e-01, 1.66955024e-01, 8.77924383e-01,
            5.20242989e-01, 1.61507338e-01, 1.00722861e+00,
            4.54251260e-01, 1.83151200e-01, 6.83310330e-01, 0.0, 0.0,
            0.0 ]
    }
}
