{
    "pose_0": {
        "type_id": "opencv-matrix",
        "rows": 1,
        "cols": 18,
        "dt": "3f",
        "data": [ 5.18634498e-01, 2.02241421e-01, 8.38826954e-01,
            4.71150309e-01, 3.30552191e-01, 8.21566999e-01,
            4.11295831e-01, 3.38783294e-01, 7.01106608e-01,
            3.80638778e-01, 5.51508963e-01, 7.98955083e-01,
            3.37696791e-01, 7.31391668e-01, 8.26596797e-01,
            5.32410741e-01, 3.16949666e-01, 7.60927618e-01,
            5.44766784e-01, 4.94179785e-01, 8.65360379e-01,
            5.83087265e-01, 6.00658357e-01, 8.19940388e-01,
            4.45057631e-01, 6.57831371e-01, 4.73120391e-01,
            5.70812643e-01, 7.31476009e-01, 2.84400374e-01,
            7.31840193e-01, 8.43387485e-01, 5.28135635e-02,
            5.11005342e-01, 6.03367865e-01, 5.91919839e-01,
            6.03028059e-01, 6.82349026e-01, 2.99419194e-01, 0.0, 0.0,
            0.0, 4.97168332e-01, 1.75018832e-01, 8.69083166e-01,
            5.21797657e-01, 1.64044231e-01, 1.02212059e+00,
            4.55756634e-01, 1.69623330e-01, 6.46645188e-01, 0.0, 0.0,
            0.0 ]
    }
}
