{
    "pose_0": {
        "type_id": "opencv-matrix",
        "rows": 1,
        "cols": 18,
        "dt": "3f",
        "data": [ 4.25163895e-01, 2.29688823e-01, 8.74712825e-01,
            3.85185510e-01, 2.92327642e-01, 7.63128757e-01,
            3.10045987e-01, 3.27764839e-01, 5.59686780e-01,
            2.39466310e-01, 4.85983461e-01, 7.86038876e-01,
            1.87319130e-01, 6.16868019e-01, 7.83682108e-01,
            4.51174796e-01, 2.56856471e-01, 6.63947225e-01,
            4.97222036e-01, 3.98628533e-01, 8.42267692e-01,
            5.60054958e-01, 3.79617542e-01, 8.48761559e-01,
            4.35859531e-01, 5.84219515e-01, 4.86568958e-01,
            5.07949412e-01, 7.06891119e-01, 2.97281027e-01,
            6.42895639e-01, 8.16122711e-01, 1.51864901e-01,
            4.97233987e-01, 4.96923864e-01, 5.49085855e-01,
            6.19869053e-01, 3.82356137e-01, 8.52870464e-01,
            7.27245808e-01, 6.22434974e-01, 5.98990619e-01,
            4.09749895e-01, 2.07784802e-01, 9.02874768e-01,
            4.34281796e-01, 1.96864218e-01, 8.81150842e-01,
            3.60730618e-01, 1.94152877e-01, 6.43932164e-01, 0.0, 0.0,
            0.0 ]
    }
}
