{
    "pose_0": {
        "type_id": "opencv-matrix",
        "rows": 1,
        "cols": 18,
        "dt": "3f",
        "data": [ 4.32741791e-01, 2.29560420e-01, 8.77737463e-01,
            3.86768371e-01, 2.89610207e-01, 7.42538512e-01,
            3.11621666e-01, 3.22331786e-01, 5.54289639e-01,
            2.39484459e-01, 4.85994339e-01, 7.84153998e-01,
            1.87385395e-01, 6.11521423e-01, 7.73730099e-01,
            4.55783695e-01, 2.56896079e-01, 6.72680020e-01,
            4.97232258e-01, 3.96000713e-01, 8.37509096e-01,
            5.60069323e-01, 3.79621238e-01, 8.52150738e-01,
            4.35887933e-01, 5.84231317e-01, 4.78113115e-01,
            5.07941782e-01, 7.09613383e-01, 2.91177899e-01,
            6.45986140e-01, 8.18749189e-01, 1.42174020e-01,
            4.98713940e-01, 4.99663442e-01, 5.48757851e-01,
            6.19858861e-01, 3.82293969e-01, 8.48376751e-01,
            7.27221429e-01, 6.22482300e-01, 6.01556897e-01,
            4.12808418e-01, 2.05105305e-01, 9.02432203e-01,
            4.35913175e-01, 1.94087312e-01, 8.75392020e-01,
            3.62271339e-01, 1.88649803e-01, 6.42953098e-01, 0.0, 0.0,
            0.0 ]
    }
}
