{
    "pose_0": {
        "type_id": "opencv-matrix",
        "rows": 1,
        "cols": 18,
        "dt": "3f",
        "data": [ 5.43162286e-01, 1.99600399e-01, 8.52858841e-01,
            4.86461192e-01, 3.00575048e-01, 7.32211173e-01,
            4.28192735e-01, 3.19690973e-01, 6.44332409e-01,
            3.97552997e-01, 5.21485507e-01, 7.81750321e-01,
            3.54545504e-01, 6.87907934e-01, 8.01860988e-01,
            5.46255529e-01, 2.86822349e-01, 7.37407625e-01,
            5.32439649e-01, 4.20493066e-01, 2.42069572e-01,
            5.58517694e-01, 4.28816438e-01, 6.68881059e-01,
            4.46602046e-01, 6.27825558e-01, 4.10793155e-01,
            4.97228086e-01, 6.19614065e-01, 6.40360951e-01,
            6.49026752e-01, 8.24256003e-01, 2.22749412e-01,
            5.21730065e-01, 5.65111518e-01, 4.57966417e-01,
            6.06108487e-01, 4.34188306e-01, 8.27100694e-01,
            7.16545284e-01, 6.68730617e-01, 6.38781428e-01,
            5.20240009e-01, 1.75085142e-01, 8.80951703e-01,
            5.46355009e-01, 1.61411762e-01, 1.00597692e+00,
            4.72663850e-01, 1.75009161e-01, 6.67807460e-01, 0.0, 0.0,
            0.0 ]
    }
}
