{
    "pose_0": {
        "type_id": "opencv-matrix",
        "rows": 1,
        "cols": 18,
        "dt": "3f",
        "data": [ 5.32541811e-01, 1.66917041e-01, 9.23810720e-01,
            4.81829226e-01, 2.73221076e-01, 7.72735298e-01,
            4.17433888e-01, 2.95007139e-01, 6.55386090e-01,
            3.83655459e-01, 4.91546154e-01, 8.01034570e-01,
            3.43834579e-01, 6.63376272e-01, 8.20618570e-01,
            5.44672370e-01, 2.54147977e-01, 7.51647174e-01,
            5.21726668e-01, 3.60610545e-01, 4.30216193e-01,
            5.58546603e-01, 4.04065788e-01, 7.80351758e-01,
            4.46594000e-01, 5.89670658e-01, 4.85492975e-01,
            4.84911799e-01, 7.06991196e-01, 2.27485478e-01,
            6.81226611e-01, 8.59693706e-01, 2.90565312e-01,
            5.20225406e-01, 5.29642820e-01, 5.68301558e-01,
            6.15261555e-01, 4.01458591e-01, 8.08692455e-01,
            7.19605088e-01, 6.44274712e-01, 6.05705023e-01,
            5.10985255e-01, 1.42351985e-01, 9.02149320e-01,
            5.40158808e-01, 1.34107545e-01, 8.85641515e-01,
            4.68017727e-01, 1.44995838e-01, 6.58209503e-01, 0.0, 0.0,
            0.0 ]
    }
}
