{
    "pose_0": {
        "type_id": "opencv-matrix",
        "rows": 1,
        "cols": 18,
        "dt": "3f",
        "data": [ 5.43231666e-01, 1.83072910e-01, 8.94539177e-01,
            4.86489236e-01, 2.89508969e-01, 7.34143078e-01,
            4.26667958e-01, 3.11335593e-01, 6.46714032e-01,
            3.97509992e-01, 5.13214111e-01, 8.53666902e-01,
            3.60730231e-01, 6.79673731e-01, 8.24700475e-01,
            5.46322227e-01, 2.70430386e-01, 7.78224289e-01,
            5.29375970e-01, 3.82403493e-01, 2.91125983e-01,
            5.61622977e-01, 4.15089279e-01, 6.02385223e-01,
            4.46611583e-01, 6.06001318e-01, 4.95781332e-01,
            4.89536583e-01, 7.09731758e-01, 2.36661226e-01,
            6.33724213e-01, 8.46131623e-01, 2.29478732e-01,
            5.20238817e-01, 5.48711836e-01, 5.37096083e-01,
            6.13737047e-01, 4.06987786e-01, 7.85903633e-01,
            7.18088329e-01, 6.49685442e-01, 5.95034778e-01,
            5.21675169e-01, 1.58629209e-01, 8.95694971e-01,
            5.47865689e-01, 1.42291054e-01, 9.97414052e-01,
            4.72701550e-01, 1.58614859e-01, 6.66597247e-01, 0.0, 0.0,
            0.0 ]
    }
}
