{
    "pose_0": {
        "type_id": "opencv-matrix",
        "rows": 1,
        "cols": 18,
        "dt": "3f",
        "data": [ 4.23617721e-01, 2.29689017e-01, 9.29452598e-01,
            3.85175616e-01, 2.92305619e-01, 7.71366715e-01,
            3.10058713e-01, 3.25085580e-01, 5.68344355e-01,
            2.39520445e-01, 4.83257532e-01, 7.40338981e-01,
            1.85867697e-01, 6.16939723e-01, 7.94511318e-01,
            4.49699372e-01, 2.56915838e-01, 6.67926908e-01,
            4.97191668e-01, 3.98617953e-01, 8.43422651e-01,
            5.58604240e-01, 3.79610687e-01, 8.54469955e-01,
            4.35870171e-01, 5.84232450e-01, 4.85230356e-01,
            5.07935166e-01, 7.04200029e-01, 2.65846878e-01,
            6.47526443e-01, 8.18853140e-01, 1.75216615e-01,
            4.97244030e-01, 4.96892542e-01, 5.54343045e-01,
            6.19840145e-01, 3.82335365e-01, 8.52487862e-01,
            7.27258742e-01, 6.22464478e-01, 5.94951749e-01,
            4.09678161e-01, 2.07775876e-01, 9.31218743e-01,
            4.32748258e-01, 1.99580550e-01, 8.45165372e-01,
            3.60708237e-01, 1.94155082e-01, 6.89807057e-01, 0.0, 0.0,
            0.0 ]
    }
}
