{
    "pose_0": {
        "type_id": "opencv-matrix",
        "rows": 1,
        "cols": 18,
        "dt": "3f",
        "data": [ 5.34087181e-01, 2.05083564e-01, 9.03681636e-01,
            4.75732177e-01, 3.14230144e-01, 7.95901537e-01,
            4.15911168e-01, 3.33235651e-01, 6.56490684e-01,
            3.83673787e-01, 5.37827909e-01, 7.94095159e-01,
            3.40737313e-01, 7.12354660e-01, 7.92025924e-01,
            5.35523713e-01, 2.97764033e-01, 7.76564002e-01,
            5.37093341e-01, 4.69543189e-01, 8.07714581e-01,
            5.83066404e-01, 5.43275833e-01, 7.77399838e-01,
            4.46558535e-01, 6.44205987e-01, 4.46983606e-01,
            6.06064439e-01, 6.87916815e-01, 2.27941826e-01,
            7.33392417e-01, 8.15956891e-01, 2.14048341e-01,
            5.14044642e-01, 5.81489146e-01, 5.04689455e-01,
            6.30634129e-01, 6.06047750e-01, 6.66206956e-01,
            7.80968010e-01, 7.47774720e-01, 3.58767450e-01,
            5.18684447e-01, 1.80533499e-01, 8.61160517e-01,
            5.43142915e-01, 1.66886717e-01, 9.21550274e-01,
            4.71054882e-01, 1.66925624e-01, 6.93713248e-01, 0.0, 0.0,
            0.0 ]
    }
}
