{
    "pose_0": {
        "type_id": "opencv-matrix",
        "rows": 1,
        "cols": 18,
        "dt": "3f",
        "data": [ 4.94142920e-01, 1.61374569e-01, 8.87569189e-01,
            4.35853869e-01, 2.48625860e-01, 7.83977389e-01,
            3.68363500e-01, 2.70473331e-01, 6.30554974e-01,
            3.19305718e-01, 4.64171708e-01, 7.62869716e-01,
            2.76343554e-01, 6.16958499e-01, 8.36741090e-01,
            5.03328502e-01, 2.24104062e-01, 7.37397313e-01,
            5.11003077e-01, 3.63256365e-01, 7.92644024e-01,
            5.58532834e-01, 3.76825452e-01, 7.99540043e-01,
            4.41966057e-01, 5.73273540e-01, 4.84730750e-01,
            4.89518374e-01, 6.85181320e-01, 2.70779967e-01,
            6.35229588e-01, 8.13371480e-01, 1.78790584e-01,
            5.09470284e-01, 4.99637425e-01, 5.33819973e-01,
            6.16816521e-01, 3.74182105e-01, 8.15812469e-01,
            7.19565690e-01, 6.08762741e-01, 6.24019206e-01,
            4.74210888e-01, 1.36823922e-01, 8.72229218e-01,
            5.00240266e-01, 1.20615102e-01, 9.38519001e-01,
            4.28151041e-01, 1.20386064e-01, 6.62622273e-01, 0.0, 0.0,
            0.0 ]
    }
}
