{
    "pose_0": {
        "type_id": "opencv-matrix",
        "rows": 1,
        "cols": 18,
        "dt": "3f",
        "data": [ 4.46609557e-01, 2.13190287e-01, 8.81704330e-01,
            3.98989260e-01, 2.73293823e-01, 7.29682982e-01,
            3.23874354e-01, 3.08679909e-01, 5.59316814e-01,
            2.51765281e-01, 4.66988921e-01, 7.64329374e-01,
            1.99614957e-01, 6.00656450e-01, 8.04366529e-01,
            4.66510206e-01, 2.48727590e-01, 7.22582579e-01,
            5.03349662e-01, 3.82474631e-01, 8.30277860e-01,
            5.61628878e-01, 3.68727922e-01, 7.62769580e-01,
            4.38901305e-01, 5.81478715e-01, 4.57508713e-01,
            5.06390989e-01, 7.04249501e-01, 2.68775374e-01,
            6.38301492e-01, 8.13384354e-01, 2.08109170e-01,
            5.06377578e-01, 4.94213372e-01, 5.45846760e-01,
            6.21440411e-01, 3.76924783e-01, 8.17282677e-01,
            7.27209210e-01, 6.19696140e-01, 5.83116114e-01,
            4.31232482e-01, 1.88631922e-01, 9.09168959e-01,
            4.51185405e-01, 1.83142528e-01, 8.68892908e-01,
            3.83688956e-01, 1.72306269e-01, 6.63728774e-01, 0.0, 0.0,
            0.0 ]
    }
}
