{
    "pose_0": {
        "type_id": "opencv-matrix",
        "rows": 1,
        "cols": 18,
        "dt": "3f",
        "data": [ 5.35583317e-01, 2.05038637e-01, 9.00350571e-01,
            4.81862277e-01, 3.08652610e-01, 7.53947198e-01,
            4.22060251e-01, 3.22319001e-01, 6.52332425e-01,
            3.88321489e-01, 5.32440364e-01, 8.06955457e-01,
            3.48467112e-01, 7.04195857e-01, 8.29227448e-01,
            5.37066638e-01, 2.92291015e-01, 7.37457037e-01,
            5.30902326e-01, 4.28713202e-01, 2.57981718e-01,
            5.50884247e-01, 4.45087552e-01, 6.15573704e-01,
            4.45064843e-01, 6.46966875e-01, 4.05649543e-01,
            5.70778430e-01, 5.78769386e-01, 6.96960032e-01,
            6.72050238e-01, 7.47863829e-01, 1.20184258e-01,
            5.09486496e-01, 5.73266149e-01, 3.43382597e-01,
            5.95414042e-01, 4.47794467e-01, 8.82756233e-01,
            6.96599185e-01, 6.55099571e-01, 3.40648323e-01,
            5.20174384e-01, 1.80423602e-01, 8.90142500e-01,
            5.44801176e-01, 1.64286390e-01, 9.80206609e-01,
            4.72604722e-01, 1.64248064e-01, 7.20118940e-01, 0.0, 0.0,
            0.0 ]
    }
}
