{
    "pose_0": {
        "type_id": "opencv-matrix",
        "rows": 1,
        "cols": 18,
        "dt": "3f",
        "data": [ 4.11279470e-01, 2.43178546e-01, 8.66321564e-01,
            3.72904837e-01, 3.00506741e-01, 7.56687045e-01,
            2.99346656e-01, 3.38800460e-01, 6.29213691e-01,
            2.27315754e-01, 4.88807201e-01, 7.97716260e-01,
            1.84280410e-01, 6.19635701e-01, 8.06635141e-01,
            4.38886702e-01, 2.67763406e-01, 6.94198608e-01,
            4.95588243e-01, 3.93261611e-01, 8.01226139e-01,
            5.58490515e-01, 3.79546165e-01, 8.73726130e-01,
            4.37360466e-01, 5.86957753e-01, 4.72554326e-01,
            5.09489059e-01, 7.06879854e-01, 2.72014141e-01,
            6.87374830e-01, 8.40566337e-01, 3.15464467e-01,
            4.97161448e-01, 4.99623775e-01, 5.29754221e-01,
            6.18361413e-01, 3.82450521e-01, 8.38179708e-01,
            7.27248013e-01, 6.25081778e-01, 5.46226323e-01,
            3.92895609e-01, 2.24068165e-01, 8.35166752e-01,
            4.12887573e-01, 2.05063000e-01, 8.62350821e-01,
            3.42262477e-01, 2.10500255e-01, 6.43556714e-01, 0.0, 0.0,
            0.0 ]
    }
}
