{
    "pose_0": {
        "type_id": "opencv-matrix",
        "rows": 1,
        "cols": 18,
        "dt": "3f",
        "data": [ 3.36113006e-01, 2.70577163e-01, 8.97234261e-01,
            3.11637819e-01, 3.44152421e-01, 7.48303354e-01,
            2.47188881e-01, 3.87819976e-01, 6.03673160e-01,
            1.78151250e-01, 4.69586223e-01, 8.75772357e-01,
            1.76628217e-01, 6.25166416e-01, 8.51084292e-01,
            3.77573967e-01, 3.00522566e-01, 6.87020004e-01,
            4.61944193e-01, 4.12357002e-01, 7.95122564e-01,
            5.44680536e-01, 3.95991445e-01, 8.43972027e-01,
            4.26642448e-01, 6.03355050e-01, 4.41659838e-01,
            5.06388545e-01, 7.20620275e-01, 2.69451737e-01,
            6.35229349e-01, 8.37829888e-01, 2.10446358e-01,
            4.75731641e-01, 5.10479450e-01, 4.69795883e-01,
            6.07688367e-01, 4.04245377e-01, 8.19225430e-01,
            7.19565868e-01, 6.38770401e-01, 5.96051455e-01,
            3.14652056e-01, 2.51538604e-01, 8.83233190e-01,
            3.36173773e-01, 2.32366249e-01, 8.68330717e-01,
            2.67138153e-01, 2.67693341e-01, 7.07987428e-01, 0.0, 0.0,
            0.0 ]
    }
}
