{
    "pose_0": {
        "type_id": "opencv-matrix",
        "rows": 1,
        "cols": 18,
        "dt": "3f",
        "data": [ 3.72891039e-01, 2.48785436e-01, 8.86270523e-01,
            3.42287898e-01, 3.19695383e-01, 7.21635282e-01,
            2.74829954e-01, 3.68711978e-01, 6.08662963e-01,
            2.04240367e-01, 4.72370923e-01, 7.90664136e-01,
            1.81245893e-01, 6.22309089e-01, 8.35288465e-01,
            4.09735918e-01, 2.78696656e-01, 7.03571796e-01,
            4.78798658e-01, 4.04086173e-01, 8.41168523e-01,
            5.47840178e-01, 3.82464290e-01, 8.76192451e-01,
            4.38912898e-01, 5.97794116e-01, 4.73889381e-01,
            5.15592515e-01, 7.09748089e-01, 2.69143999e-01,
            6.35233641e-01, 8.18852127e-01, 1.67747304e-01,
            4.88001108e-01, 5.07773459e-01, 5.31754255e-01,
            6.15310907e-01, 3.98655772e-01, 7.94828176e-01,
            7.25696802e-01, 6.30549490e-01, 5.88663757e-01,
            3.50027472e-01, 2.29640543e-01, 8.88288498e-01,
            3.74426931e-01, 2.10554823e-01, 8.63928914e-01,
            3.03947777e-01, 2.29723617e-01, 7.03260779e-01, 0.0, 0.0,
            0.0 ]
    }
}
