{
    "pose_0": {
        "type_id": "opencv-matrix",
        "rows": 1,
        "cols": 18,
        "dt": "3f",
        "data": [ 3.37754816e-01, 2.70477414e-01, 8.89273405e-01,
            3.13179761e-01, 3.41434866e-01, 7.44844258e-01,
            2.48719677e-01, 3.82433861e-01, 6.13488257e-01,
            1.79694638e-01, 4.66923833e-01, 8.60994816e-01,
            1.78136587e-01, 6.22491956e-01, 8.97365987e-01,
            3.82133365e-01, 2.97828078e-01, 7.10711300e-01,
            4.66505170e-01, 4.06958967e-01, 7.94210911e-01,
            5.46212077e-01, 3.95985633e-01, 8.58837306e-01,
            4.32770103e-01, 6.08768702e-01, 4.41042751e-01,
            5.10983109e-01, 7.26008952e-01, 2.83897310e-01,
            6.33717775e-01, 8.35169077e-01, 2.01595113e-01,
            4.81850386e-01, 5.10587037e-01, 4.82155412e-01,
            6.12238050e-01, 4.04246092e-01, 8.06408167e-01,
            7.21130013e-01, 6.38708711e-01, 5.88628888e-01,
            3.19302410e-01, 2.51441121e-01, 8.60471427e-01,
            3.39225411e-01, 2.29668498e-01, 8.90329003e-01,
            2.73231328e-01, 2.67829418e-01, 7.41651893e-01, 0.0, 0.0,
            0.0 ]
    }
}
