{
    "pose_0": {
        "type_id": "opencv-matrix",
        "rows": 1,
        "cols": 18,
        "dt": "3f",
        "data": [ 3.60651731e-01, 2.51396418e-01, 9.09965813e-01,
            3.34611505e-01, 3.25110525e-01, 7.36585915e-01,
            2.67143339e-01, 3.71425003e-01, 6.05108202e-01,
            1.95029497e-01, 4.67005342e-01, 8.06163371e-01,
            1.78203166e-01, 6.19654953e-01, 8.67487669e-01,
            3.97544354e-01, 2.84109712e-01, 7.09880352e-01,
            4.71160412e-01, 4.04134601e-01, 8.75616550e-01,
            5.47813058e-01, 3.82472098e-01, 8.63075614e-01,
            4.35836971e-01, 5.97887278e-01, 4.93326724e-01,
            5.17121911e-01, 7.12474465e-01, 2.98485518e-01,
            6.32165432e-01, 8.18899453e-01, 3.22342485e-01,
            4.84955341e-01, 5.02390563e-01, 5.46055913e-01,
            6.13732100e-01, 3.98742110e-01, 7.86175549e-01,
            7.21137822e-01, 6.30583405e-01, 5.87475538e-01,
            3.39190602e-01, 2.29714379e-01, 9.15814102e-01,
            3.62226397e-01, 2.10584179e-01, 8.69159460e-01,
            2.90157080e-01, 2.32415706e-01, 7.13958383e-01, 0.0, 0.0,
            0.0 ]
    }
}
