{
    "pose_0": {
        "type_id": "opencv-matrix",
        "rows": 1,
        "cols": 18,
        "dt": "3f",
        "data": [ 4.09790516e-01, 2.43221566e-01, 8.53136837e-01,
            3.71400416e-01, 3.00541312e-01, 7.37364352e-01,
            2.99302548e-01, 3.41429859e-01, 6.15715504e-01,
            2.27260798e-01, 4.88798201e-01, 8.13229203e-01,
            1.82771772e-01, 6.19675159e-01, 8.14884186e-01,
            4.35882479e-01, 2.65093893e-01, 7.00147510e-01,
            4.94127423e-01, 3.93276781e-01, 7.95783818e-01,
            5.57059944e-01, 3.79524440e-01, 8.69735360e-01,
            4.35863227e-01, 5.84231079e-01, 4.61633980e-01,
            5.06389618e-01, 6.98779941e-01, 2.29028970e-01,
            6.41355515e-01, 8.16056848e-01, 1.93446338e-01,
            4.95709151e-01, 4.94176030e-01, 5.33016980e-01,
            6.18318975e-01, 3.82457942e-01, 8.36534023e-01,
            7.25737870e-01, 6.25086486e-01, 5.46187818e-01,
            3.89812797e-01, 2.24169910e-01, 8.64247203e-01,
            4.11334157e-01, 2.05057561e-01, 9.43768620e-01,
            3.39233905e-01, 2.10513532e-01, 6.74762785e-01, 0.0, 0.0,
            0.0 ]
    }
}
