{
    "pose_0": {
        "type_id": "opencv-matrix",
        "rows": 1,
        "cols": 18,
        "dt": "3f",
        "data": [ 3.85185093e-01, 2.40502268e-01, 8.29747677e-01,
            3.49964321e-01, 3.14213187e-01, 7.77588427e-01,
            2.83975929e-01, 3.60533059e-01, 6.02294028e-01,
            2.13479817e-01, 4.80595171e-01, 7.84363031e-01,
            1.84285954e-01, 6.19769871e-01, 8.36939275e-01,
            4.17410284e-01, 2.70454556e-01, 7.07371652e-01,
            4.83391732e-01, 3.93270075e-01, 8.29523444e-01,
            5.50871730e-01, 3.79693151e-01, 8.88898849e-01,
            4.40454841e-01, 5.89676797e-01, 4.38836694e-01,
            5.18669665e-01, 7.06887722e-01, 2.30795592e-01,
            6.38293743e-01, 8.16090524e-01, 2.11275533e-01,
            4.95610386e-01, 5.02367258e-01, 5.28306246e-01,
            6.16805613e-01, 3.85137290e-01, 8.08880866e-01,
            7.25715816e-01, 6.22391641e-01, 5.89813888e-01,
            3.62288207e-01, 2.24194437e-01, 8.96917164e-01,
            3.85296971e-01, 2.04994217e-01, 9.28825021e-01,
            3.14717799e-01, 2.26843938e-01, 7.28809953e-01, 0.0, 0.0,
            0.0 ]
    }
}
