{
    "pose_0": {
        "type_id": "opencv-matrix",
        "rows": 1,
        "cols": 18,
        "dt": "3f",
        "data": [ 5.07923782e-01, 1.99539796e-01, 8.78852248e-01,
            4.71133411e-01, 3.33295822e-01, 8.31180215e-01,
            4.11294520e-01, 3.46843243e-01, 6.54872060e-01,
            3.77599329e-01, 5.56867361e-01, 7.93270946e-01,
            3.37679297e-01, 7.31487155e-01, 8.37772429e-01,
            5.32407045e-01, 3.16942126e-01, 7.54907966e-01,
            5.44695437e-01, 4.94263023e-01, 8.19647968e-01,
            5.83110332e-01, 6.06052279e-01, 7.88746357e-01,
            4.45037156e-01, 6.57862723e-01, 4.70754981e-01,
            5.67741394e-01, 7.39693403e-01, 1.92788512e-01, 0.0, 0.0,
            0.0, 5.14074743e-01, 6.08779371e-01, 5.67688704e-01,
            6.19880319e-01, 6.98788464e-01, 4.06544536e-01, 0.0, 0.0,
            0.0, 4.86450255e-01, 1.66846633e-01, 8.74814868e-01,
            5.18637121e-01, 1.61510259e-01, 9.52508807e-01,
            4.51185822e-01, 1.77743822e-01, 6.98864698e-01,
            5.32404959e-01, 1.69566572e-01, 3.37637335e-01 ]
    }
}
