{
    "pose_0": {
        "type_id": "opencv-matrix",
        "rows": 1,
        "cols": 18,
        "dt": "3f",
        "data": [ 5.34086287e-01, 2.05080122e-01, 8.99597108e-01,
            4.75723416e-01, 3.16782087e-01, 7.92401731e-01,
            4.15910393e-01, 3.35883111e-01, 6.61610842e-01,
            3.85154098e-01, 5.37883878e-01, 8.09732497e-01,
            3.40762973e-01, 7.09790647e-01, 7.98425138e-01,
            5.34078538e-01, 2.97758609e-01, 7.84123540e-01,
            5.38608372e-01, 4.69672114e-01, 7.73428798e-01,
            5.81527472e-01, 5.54151952e-01, 8.64131510e-01,
            4.46543485e-01, 6.41528785e-01, 4.38345969e-01,
            6.12226486e-01, 7.06951976e-01, 4.10352439e-01,
            7.33392358e-01, 8.18854272e-01, 3.55367601e-01,
            5.14063179e-01, 5.84183931e-01, 5.07259309e-01,
            6.36757851e-01, 6.41478717e-01, 5.13000906e-01,
            7.90082097e-01, 7.47796774e-01, 5.45652092e-01,
            5.18626273e-01, 1.80545837e-01, 8.49807739e-01,
            5.41687191e-01, 1.66836336e-01, 9.44914937e-01,
            4.69613194e-01, 1.72340065e-01, 6.81256890e-01, 0.0, 0.0,
            0.0 ]
    }
}
