{
    "pose_0": {
        "type_id": "opencv-matrix",
        "rows": 1,
        "cols": 18,
        "dt": "3f",
        "data": [ 3.89839947e-01, 2.37833619e-01, 8.20606589e-01,
            3.57648879e-01, 3.14165145e-01, 7.56102443e-01,
            2.87057638e-01, 3.57893050e-01, 6.46738052e-01,
            2.16518223e-01, 4.88691598e-01, 8.05557728e-01,
            1.84295490e-01, 6.19768381e-01, 8.33554149e-01,
            4.23591375e-01, 2.70460188e-01, 7.33741343e-01,
            4.84933078e-01, 3.90509337e-01, 8.21173728e-01,
            5.52386165e-01, 3.79554600e-01, 8.62555146e-01,
            4.37408566e-01, 5.81503451e-01, 4.40085500e-01,
            5.04853487e-01, 6.87883496e-01, 2.06145227e-01,
            6.44436777e-01, 8.16134512e-01, 1.36824220e-01,
            4.95668322e-01, 4.94239777e-01, 5.19537687e-01,
            6.18273377e-01, 3.82354707e-01, 8.47047389e-01,
            7.25696266e-01, 6.22363746e-01, 5.61712563e-01,
            3.72923106e-01, 2.24046007e-01, 8.77785265e-01,
            3.94424230e-01, 2.04931676e-01, 8.73201191e-01,
            3.23858291e-01, 2.24040926e-01, 7.16500103e-01, 0.0, 0.0,
            0.0 ]
    }
}
