{
    "pose_0": {
        "type_id": "opencv-matrix",
        "rows": 1,
        "cols": 18,
        "dt": "3f",
        "data": [ 4.60448384e-01, 2.04965740e-01, 8.87984693e-01,
            4.09767956e-01, 2.67828286e-01, 7.31189609e-01,
            3.36167634e-01, 2.92233348e-01, 5.95382094e-01,
            2.65629888e-01, 4.61457372e-01, 7.38688171e-01,
            2.14993715e-01, 6.00469768e-01, 8.31006944e-01,
            4.75743204e-01, 2.43277565e-01, 6.94644034e-01,
            5.06380081e-01, 3.82272542e-01, 8.10959578e-01,
            5.66199839e-01, 3.68687749e-01, 7.60976553e-01,
            4.38896120e-01, 5.78715384e-01, 4.48624790e-01,
            4.87986863e-01, 6.85097754e-01, 1.86549097e-01,
            6.33699417e-01, 8.05145383e-01, 1.39864594e-01,
            5.07966936e-01, 4.94162112e-01, 5.43964148e-01,
            6.22940361e-01, 3.74099612e-01, 7.86447108e-01,
            7.28766441e-01, 6.22357428e-01, 6.01385474e-01,
            4.46500212e-01, 1.75069407e-01, 8.43292534e-01,
            4.71050471e-01, 1.64203599e-01, 9.29929852e-01,
            3.97539109e-01, 1.58579484e-01, 6.76595569e-01, 0.0, 0.0,
            0.0 ]
    }
}
