{
    "pose_0": {
        "type_id": "opencv-matrix",
        "rows": 1,
        "cols": 18,
        "dt": "3f",
        "data": [ 3.37643504e-01, 2.70445764e-01, 9.13744152e-01,
            3.11666310e-01, 3.41478705e-01, 7.66499519e-01,
            2.47178063e-01, 3.82460594e-01, 6.17098093e-01,
            1.78206101e-01, 4.66926485e-01, 8.70340586e-01,
            1.76686078e-01, 6.25120878e-01, 8.75134945e-01,
            3.79091859e-01, 2.97816277e-01, 6.98571444e-01,
            4.64964807e-01, 4.09583956e-01, 7.75181592e-01,
            5.44667661e-01, 3.95977944e-01, 8.36667299e-01,
            4.28185105e-01, 6.00639582e-01, 4.36602712e-01,
            5.17116964e-01, 7.28812575e-01, 2.66582370e-01,
            6.35251105e-01, 8.35096300e-01, 1.73965976e-01,
            4.81856972e-01, 5.07790327e-01, 4.73560482e-01,
            6.09207809e-01, 4.04274911e-01, 8.05601299e-01,
            7.22668290e-01, 6.41465724e-01, 6.05488598e-01,
            3.17726493e-01, 2.51448780e-01, 8.59666705e-01,
            3.37676048e-01, 2.32269272e-01, 8.79397690e-01,
            2.71732926e-01, 2.65061855e-01, 7.24257708e-01, 0.0, 0.0,
            0.0 ]
    }
}
