{
    "pose_0": {
        "type_id": "opencv-matrix",
        "rows": 1,
        "cols": 18,
        "dt": "3f",
        "data": [ 5.38626611e-01, 2.02255771e-01, 8.55062366e-01,
            4.86440897e-01, 3.03289056e-01, 7.24001408e-01,
            4.28168803e-01, 3.25036347e-01, 6.35239720e-01,
            3.97465587e-01, 5.29564083e-01, 7.87431479e-01,
            3.53025764e-01, 6.90605640e-01, 7.87823796e-01,
            5.46268284e-01, 2.86902577e-01, 7.32441306e-01,
            5.27873278e-01, 4.15078729e-01, 2.50655949e-01,
            5.58490753e-01, 4.28818643e-01, 6.68777883e-01,
            4.45052117e-01, 6.36040568e-01, 3.97852510e-01,
            5.07980943e-01, 6.03290796e-01, 7.22569048e-01,
            6.58241332e-01, 8.21587980e-01, 2.70978183e-01,
            5.21723330e-01, 5.59683681e-01, 4.45745587e-01,
            6.06043696e-01, 4.39589888e-01, 8.20156872e-01,
            7.18011916e-01, 6.74199641e-01, 6.29307628e-01,
            5.20174205e-01, 1.77732751e-01, 8.84646893e-01,
            5.46267331e-01, 1.61535144e-01, 1.02852106e+00,
            4.72654402e-01, 1.77743375e-01, 6.50747180e-01, 0.0, 0.0,
            0.0 ]
    }
}
