{
    "pose_0": {
        "type_id": "opencv-matrix",
        "rows": 1,
        "cols": 18,
        "dt": "3f",
        "data": [ 3.51543605e-01, 2.54087657e-01, 8.72820377e-01,
            3.26925546e-01, 3.33219379e-01, 7.44688690e-01,
            2.60988146e-01, 3.76833677e-01, 6.31457150e-01,
            1.90497965e-01, 4.66871649e-01, 8.39289546e-01,
            1.78177521e-01, 6.19602144e-01, 8.68644655e-01,
            3.94426405e-01, 2.89651543e-01, 7.04476774e-01,
            4.71038997e-01, 4.04244483e-01, 8.45919192e-01,
            5.44794440e-01, 3.87801051e-01, 8.69526148e-01,
            4.35865134e-01, 5.97778082e-01, 4.69219834e-01,
            5.11026978e-01, 7.12419271e-01, 3.00692648e-01,
            6.78164899e-01, 8.43352437e-01, 3.36145967e-01,
            4.83426899e-01, 5.02379835e-01, 5.22801042e-01,
            6.12216055e-01, 4.01330024e-01, 8.03880811e-01,
            7.18085527e-01, 6.27840281e-01, 5.58541000e-01,
            3.36074442e-01, 2.35065773e-01, 8.92123103e-01,
            3.56079131e-01, 2.18727469e-01, 7.87790298e-01,
            2.87003487e-01, 2.45871976e-01, 7.26599336e-01, 0.0, 0.0,
            0.0 ]
    }
}
