{
    "pose_0": {
        "type_id": "opencv-matrix",
        "rows": 1,
        "cols": 18,
        "dt": "3f",
        "data": [ 3.85298669e-01, 2.43224278e-01, 8.69802654e-01,
            3.51521581e-01, 3.14233631e-01, 7.51428246e-01,
            2.85505176e-01, 3.60502928e-01, 6.21854544e-01,
            2.13479161e-01, 4.88614827e-01, 8.18708241e-01,
            1.84288830e-01, 6.22305334e-01, 8.28031540e-01,
            4.20467108e-01, 2.70503968e-01, 7.17423797e-01,
            4.83450532e-01, 3.95968199e-01, 8.34299266e-01,
            5.50895095e-01, 3.79706472e-01, 8.85409951e-01,
            4.38906252e-01, 5.86922765e-01, 4.65701699e-01,
            5.14053226e-01, 6.98774099e-01, 2.64308721e-01,
            6.38290226e-01, 8.16060007e-01, 2.14816391e-01,
            4.95612442e-01, 5.02325416e-01, 5.28624892e-01,
            6.16840720e-01, 3.87784302e-01, 8.15418303e-01,
            7.25698650e-01, 6.25134885e-01, 5.59345186e-01,
            3.66803020e-01, 2.24153325e-01, 8.27201724e-01,
            3.86782676e-01, 2.05058813e-01, 9.16883230e-01,
            3.19278181e-01, 2.21428916e-01, 6.45664692e-01, 0.0, 0.0,
            0.0 ]
    }
}
