{
    "pose_0": {
        "type_id": "opencv-matrix",
        "rows": 1,
        "cols": 18,
        "dt": "3f",
        "data": [ 3.36117357e-01, 2.70538449e-01, 8.97586584e-01,
            3.11645478e-01, 3.44131827e-01, 7.45504439e-01,
            2.47171313e-01, 3.87783498e-01, 6.02969766e-01,
            1.78122655e-01, 4.69671011e-01, 8.73061657e-01,
            1.76625177e-01, 6.27808034e-01, 8.43455732e-01,
            3.79081935e-01, 3.00550163e-01, 6.82867348e-01,
            4.61945087e-01, 4.12347078e-01, 7.94913173e-01,
            5.44686317e-01, 3.95978898e-01, 8.40469480e-01,
            4.25129473e-01, 6.05997920e-01, 4.45129007e-01,
            5.09450972e-01, 7.23350942e-01, 2.94385195e-01,
            6.33717120e-01, 8.37847471e-01, 2.27643043e-01,
            4.75716859e-01, 5.10491729e-01, 4.74514097e-01,
            6.07688427e-01, 4.04248387e-01, 8.20448637e-01,
            7.19585836e-01, 6.38763547e-01, 5.75821757e-01,
            3.14649612e-01, 2.51528829e-01, 8.85128796e-01,
            3.36181939e-01, 2.32314348e-01, 8.76385152e-01,
            2.67140567e-01, 2.65071481e-01, 6.99194193e-01, 0.0, 0.0,
            0.0 ]
    }
}
