{
    "pose_0": {
        "type_id": "opencv-matrix",
        "rows": 1,
        "cols": 18,
        "dt": "3f",
        "data": [ 3.92871588e-01, 2.37770543e-01, 8.04329038e-01,
            3.59162241e-01, 3.14065397e-01, 7.53948212e-01,
            2.87086040e-01, 3.57840002e-01, 6.36457443e-01,
            2.16577962e-01, 4.88705784e-01, 7.78145671e-01,
            1.84282914e-01, 6.22278154e-01, 8.30120742e-01,
            4.23620105e-01, 2.70384282e-01, 7.16312289e-01,
            4.84958678e-01, 3.87858063e-01, 8.12222123e-01,
            5.52424014e-01, 3.79530847e-01, 8.49038303e-01,
            4.37392861e-01, 5.81469119e-01, 4.32184011e-01,
            4.97186959e-01, 6.82426929e-01, 1.83917433e-01,
            6.44424856e-01, 8.16076338e-01, 1.24247134e-01,
            4.95655775e-01, 4.94220614e-01, 5.17192125e-01,
            6.16830230e-01, 3.82381350e-01, 8.41213644e-01,
            7.27212667e-01, 6.22388721e-01, 5.68819880e-01,
            3.73008460e-01, 2.24042997e-01, 8.93541098e-01,
            3.95982057e-01, 2.04938427e-01, 8.99015844e-01,
            3.23862642e-01, 2.21370816e-01, 7.18927383e-01, 0.0, 0.0,
            0.0 ]
    }
}
