{
    "pose_0": {
        "type_id": "opencv-matrix",
        "rows": 1,
        "cols": 18,
        "dt": "3f",
        "data": [ 4.92587835e-01, 1.61466524e-01, 8.66114616e-01,
            4.34358001e-01, 2.48626620e-01, 7.85493970e-01,
            3.65290135e-01, 2.70418882e-01, 6.25098348e-01,
            3.14733535e-01, 4.53280270e-01, 7.33280122e-01,
            2.74755448e-01, 6.16864800e-01, 8.15311253e-01,
            5.00238538e-01, 2.26768479e-01, 7.40776002e-01,
            5.10969877e-01, 3.63302112e-01, 7.84010887e-01,
            5.58513641e-01, 3.76776755e-01, 7.93207407e-01,
            4.40431416e-01, 5.73289394e-01, 4.77745473e-01,
            4.86444503e-01, 6.82358682e-01, 2.63518214e-01,
            6.35226429e-01, 8.10640335e-01, 1.63298860e-01,
            5.09450793e-01, 4.99667853e-01, 5.27087629e-01,
            6.16774619e-01, 3.74159247e-01, 8.08884382e-01,
            7.19602406e-01, 6.14170134e-01, 6.24385595e-01,
            4.72690612e-01, 1.39477134e-01, 9.15302634e-01,
            4.97262686e-01, 1.23245567e-01, 9.30642843e-01,
            4.25121725e-01, 1.20616868e-01, 6.89358473e-01, 0.0, 0.0,
            0.0 ]
    }
}
