{
    "pose_0": {
        "type_id": "opencv-matrix",
        "rows": 1,
        "cols": 18,
        "dt": "3f",
        "data": [ 4.48174477e-01, 2.07878157e-01, 9.09265280e-01,
            4.00576949e-01, 2.70565957e-01, 7.15113878e-01,
            3.26961786e-01, 2.97797412e-01, 5.70222139e-01,
            2.54856288e-01, 4.64161664e-01, 7.14644074e-01,
            2.01172739e-01, 6.00520968e-01, 8.49063277e-01,
            4.69577849e-01, 2.45970890e-01, 7.15196788e-01,
            5.04862487e-01, 3.82398337e-01, 8.44444275e-01,
            5.66180527e-01, 3.68664503e-01, 7.59737194e-01,
            4.37398046e-01, 5.78799069e-01, 4.62375045e-01,
            5.07925868e-01, 7.07002103e-01, 2.20603168e-01,
            6.39817536e-01, 8.13353777e-01, 1.83936715e-01,
            5.06394446e-01, 4.94182378e-01, 5.32447398e-01,
            6.21456861e-01, 3.76832694e-01, 8.10864925e-01,
            7.27237701e-01, 6.19687796e-01, 5.86882770e-01,
            4.34267670e-01, 1.85872570e-01, 9.20422256e-01,
            4.58773971e-01, 1.80435374e-01, 8.74904633e-01,
            3.86747777e-01, 1.64199352e-01, 6.79135621e-01, 0.0, 0.0,
            0.0 ]
    }
}
