{
    "pose_0": {
        "type_id": "opencv-matrix",
        "rows": 1,
        "cols": 18,
        "dt": "3f",
        "data": [ 3.36112231e-01, 2.70558953e-01, 9.10266876e-01,
            3.11624408e-01, 3.44153851e-01, 7.49023795e-01,
            2.47166589e-01, 3.85164738e-01, 5.99502385e-01,
            1.78112313e-01, 4.69704747e-01, 8.73590469e-01,
            1.76622540e-01, 6.27833068e-01, 8.38618338e-01,
            3.77561599e-01, 3.00535440e-01, 6.84285700e-01,
            4.61951971e-01, 4.12377477e-01, 7.95715094e-01,
            5.44678748e-01, 3.95961314e-01, 8.36637974e-01,
            4.26640153e-01, 6.08740270e-01, 4.28400069e-01,
            5.15604079e-01, 7.31438637e-01, 2.74232268e-01,
            6.32178366e-01, 8.37801695e-01, 2.10028902e-01,
            4.75720942e-01, 5.10496497e-01, 4.70115244e-01,
            6.07677639e-01, 4.04266000e-01, 8.14774394e-01,
            7.18073130e-01, 6.36033952e-01, 5.87822795e-01,
            3.14646989e-01, 2.51512498e-01, 8.93105984e-01,
            3.36181521e-01, 2.32369170e-01, 8.66564631e-01,
            2.67149687e-01, 2.65089840e-01, 7.04804361e-01, 0.0, 0.0,
            0.0 ]
    }
}
