{
    "pose_0": {
        "type_id": "opencv-matrix",
        "rows": 1,
        "cols": 18,
        "dt": "3f",
        "data": [ 4.12856072e-01, 2.35081181e-01, 8.65522623e-01,
            3.74476224e-01, 2.97760814e-01, 7.81694114e-01,
            3.00880730e-01, 3.38630050e-01, 6.17345631e-01,
            2.28835583e-01, 4.88785326e-01, 7.78817892e-01,
            1.84324950e-01, 6.19556129e-01, 7.96207070e-01,
            4.40469980e-01, 2.62350202e-01, 6.68803871e-01,
            4.95608896e-01, 3.93210262e-01, 8.19972098e-01,
            5.58556378e-01, 3.79594952e-01, 8.61374021e-01,
            4.37374145e-01, 5.86924016e-01, 4.80805248e-01,
            5.09458303e-01, 7.06919789e-01, 2.90170670e-01,
            6.85832262e-01, 8.37855458e-01, 3.56377065e-01,
            4.97200847e-01, 4.99637514e-01, 5.48135459e-01,
            6.18359685e-01, 3.82463247e-01, 8.34055960e-01,
            7.27220833e-01, 6.22465491e-01, 5.63031197e-01,
            3.97446096e-01, 2.16012597e-01, 8.74420524e-01,
            4.20462430e-01, 2.04924971e-01, 8.94719303e-01,
            3.48360121e-01, 2.07785875e-01, 7.07150638e-01, 0.0, 0.0,
            0.0 ]
    }
}
