{
    "pose_0": {
        "type_id": "opencv-matrix",
        "rows": 1,
        "cols": 18,
        "dt": "3f",
        "data": [ 3.71385515e-01, 2.48734549e-01, 8.64787221e-01,
            3.42273414e-01, 3.19700181e-01, 7.14114070e-01,
            2.74805784e-01, 3.68681520e-01, 6.00966215e-01,
            2.02760160e-01, 4.72420871e-01, 7.93098688e-01,
            1.81232721e-01, 6.22278452e-01, 8.31375003e-01,
            4.08256292e-01, 2.78682709e-01, 6.99045837e-01,
            4.78770733e-01, 4.04066712e-01, 8.37547541e-01,
            5.47832310e-01, 3.82440567e-01, 8.79794836e-01,
            4.38895643e-01, 5.97800374e-01, 4.81435180e-01,
            5.17114460e-01, 7.09753513e-01, 2.86761582e-01,
            6.33693576e-01, 8.18764627e-01, 1.74623862e-01,
            4.87999946e-01, 5.07788956e-01, 5.36350787e-01,
            6.15294516e-01, 3.98636311e-01, 7.89675832e-01,
            7.24183798e-01, 6.27851725e-01, 5.87591588e-01,
            3.49960089e-01, 2.29534477e-01, 8.88133287e-01,
            3.73003721e-01, 2.10480586e-01, 8.88145387e-01,
            3.02387834e-01, 2.29579762e-01, 7.13072538e-01, 0.0, 0.0,
            0.0 ]
    }
}
