{
    "pose_0": {
        "type_id": "opencv-matrix",
        "rows": 1,
        "cols": 18,
        "dt": "3f",
        "data": [ 3.56092364e-01, 2.51460761e-01, 8.67859185e-01,
            3.33074242e-01, 3.30529422e-01, 7.19883263e-01,
            2.64067143e-01, 3.76849413e-01, 6.17517173e-01,
            1.92014962e-01, 4.66928154e-01, 8.42336178e-01,
            1.78194374e-01, 6.19631469e-01, 8.65245581e-01,
            3.97499681e-01, 2.86847651e-01, 7.18075633e-01,
            4.71083194e-01, 4.04161692e-01, 8.62979650e-01,
            5.46313345e-01, 3.82493317e-01, 8.74380827e-01,
            4.35819328e-01, 6.00523233e-01, 4.82226223e-01,
            5.20172656e-01, 7.17900515e-01, 3.06205273e-01,
            6.32208288e-01, 8.21539640e-01, 2.35950485e-01,
            4.84930754e-01, 4.99653071e-01, 5.24175048e-01,
            6.12250209e-01, 3.98745894e-01, 7.94344604e-01,
            7.19596326e-01, 6.27866030e-01, 5.84755123e-01,
            3.37636739e-01, 2.32279360e-01, 9.39939499e-01,
            3.60642105e-01, 2.18669385e-01, 8.32785726e-01,
            2.88600236e-01, 2.37762898e-01, 7.18697011e-01, 0.0, 0.0,
            0.0 ]
    }
}
