{
    "pose_0": {
        "type_id": "opencv-matrix",
        "rows": 1,
        "cols": 18,
        "dt": "3f",
        "data": [ 4.81872976e-01, 1.77750394e-01, 8.64730000e-01,
            4.23597962e-01, 2.48684689e-01, 7.58550525e-01,
            3.51472318e-01, 2.67789632e-01, 6.04251981e-01,
            2.88632452e-01, 4.47931647e-01, 7.51160204e-01,
            2.39609078e-01, 6.00569725e-01, 8.24299455e-01,
            4.92607266e-01, 2.29538679e-01, 7.57179022e-01,
            5.09398937e-01, 3.79502594e-01, 8.52226615e-01,
            5.64648747e-01, 3.60667109e-01, 7.77713418e-01,
            4.38918650e-01, 5.70535839e-01, 4.49032307e-01,
            4.72693443e-01, 6.63248301e-01, 3.67975146e-01,
            6.35230541e-01, 8.07860255e-01, 2.55785018e-01,
            5.09441078e-01, 4.94190454e-01, 5.35702884e-01,
            6.19934499e-01, 3.63229781e-01, 8.39969993e-01,
            7.24194705e-01, 6.14189684e-01, 5.85143924e-01,
            4.63428944e-01, 1.47743776e-01, 8.59522462e-01,
            4.87975746e-01, 1.39632493e-01, 9.62549925e-01,
            4.17451352e-01, 1.28677994e-01, 5.85904479e-01, 0.0, 0.0,
            0.0 ]
    }
}
