{
    "pose_0": {
        "type_id": "opencv-matrix",
        "rows": 1,
        "cols": 18,
        "dt": "3f",
        "data": [ 3.79102886e-01, 2.45921031e-01, 8.21246266e-01,
            3.48474771e-01, 3.16891789e-01, 7.82359004e-01,
            2.80950814e-01, 3.63268107e-01, 5.86936712e-01,
            2.13396564e-01, 4.75068808e-01, 7.75907040e-01,
            1.82762682e-01, 6.19749427e-01, 8.31755936e-01,
            4.14376706e-01, 2.70605832e-01, 7.18565941e-01,
            4.83352035e-01, 3.98652434e-01, 8.43416691e-01,
            5.50863028e-01, 3.79747659e-01, 8.85670662e-01,
            4.38902348e-01, 5.95094740e-01, 4.73054945e-01,
            5.18681169e-01, 7.09684789e-01, 3.08179080e-01,
            6.88888848e-01, 8.43360782e-01, 3.86994839e-01,
            4.91042614e-01, 5.07792175e-01, 5.44889569e-01,
            6.16835117e-01, 3.87872636e-01, 7.92364895e-01,
            7.22676277e-01, 6.22418642e-01, 5.57277620e-01,
            3.60645950e-01, 2.26841360e-01, 8.89686346e-01,
            3.82187515e-01, 2.07663402e-01, 8.73149574e-01,
            3.11608106e-01, 2.29489923e-01, 7.00361490e-01, 0.0, 0.0,
            0.0 ]
    }
}
