{
    "pose_0": {
        "type_id": "opencv-matrix",
        "rows": 1,
        "cols": 18,
        "dt": "3f",
        "data": [ 4.71081376e-01, 1.94096491e-01, 8.71929288e-01,
            4.18971062e-01, 2.56844044e-01, 6.99541628e-01,
            3.43825966e-01, 2.73340732e-01, 5.75099051e-01,
            2.76354969e-01, 4.50581610e-01, 7.60091603e-01,
            2.25767300e-01, 6.00481212e-01, 8.46714020e-01,
            4.84970093e-01, 2.40487456e-01, 7.31418967e-01,
            5.07859766e-01, 3.79480779e-01, 8.24654222e-01,
            5.66188812e-01, 3.63283992e-01, 7.78894007e-01,
            4.37412411e-01, 5.75969100e-01, 4.28799689e-01,
            4.60351199e-01, 6.41503572e-01, 2.93017119e-01,
            6.35245979e-01, 8.07834446e-01, 1.54512286e-01,
            5.09498358e-01, 4.91483808e-01, 5.09153187e-01,
            6.21397257e-01, 3.65968645e-01, 8.19890022e-01,
            7.24177003e-01, 6.08791351e-01, 5.87482274e-01,
            4.52685624e-01, 1.64154083e-01, 8.74240220e-01,
            4.74240869e-01, 1.58705324e-01, 9.00153875e-01,
            4.08204287e-01, 1.44986793e-01, 6.37424588e-01, 0.0, 0.0,
            0.0 ]
    }
}
