{
    "pose_0": {
        "type_id": "opencv-matrix",
        "rows": 1,
        "cols": 18,
        "dt": "3f",
        "data": [ 4.09710884e-01, 2.43244842e-01, 8.54829848e-01,
            3.69909734e-01, 3.03265363e-01, 7.27145910e-01,
            2.99285829e-01, 3.41414750e-01, 6.17976129e-01,
            2.27230117e-01, 4.88762736e-01, 8.14756989e-01,
            1.81264043e-01, 6.19721889e-01, 8.21097076e-01,
            4.35860753e-01, 2.67821968e-01, 7.10658431e-01,
            4.91073757e-01, 3.90545428e-01, 7.65028000e-01,
            5.56983232e-01, 3.79551530e-01, 8.65702271e-01,
            4.37369049e-01, 5.86908519e-01, 4.59550679e-01,
            5.04861116e-01, 7.01482832e-01, 2.23304003e-01,
            6.41368270e-01, 8.15983593e-01, 1.84722602e-01,
            4.95698512e-01, 4.94193912e-01, 5.39525986e-01,
            6.18292093e-01, 3.82430971e-01, 8.34820688e-01,
            7.25712061e-01, 6.22463763e-01, 5.42922795e-01,
            3.86830419e-01, 2.26713136e-01, 8.77306700e-01,
            4.11256373e-01, 2.05088645e-01, 9.53849792e-01,
            3.37726176e-01, 2.10543647e-01, 7.03322291e-01, 0.0, 0.0,
            0.0 ]
    }
}
