{
    "pose_0": {
        "type_id": "opencv-matrix",
        "rows": 1,
        "cols": 18,
        "dt": "3f",
        "data": [ 5.17093658e-01, 1.61281958e-01, 8.69432688e-01,
            4.63457286e-01, 2.59583801e-01, 7.60363162e-01,
            3.99079174e-01, 2.86842525e-01, 6.59468114e-01,
            3.60656053e-01, 4.86032695e-01, 8.26781392e-01,
            3.13212991e-01, 6.41483068e-01, 8.36852551e-01,
            5.30896902e-01, 2.35047251e-01, 7.40668595e-01,
            5.20235240e-01, 3.74168068e-01, 5.70359230e-01,
            5.60057819e-01, 3.90543759e-01, 7.41852522e-01,
            4.46533680e-01, 5.81483543e-01, 5.02614319e-01,
            4.97181535e-01, 7.06980944e-01, 1.78860351e-01,
            6.84300840e-01, 8.43356073e-01, 3.76952678e-01,
            5.20154834e-01, 5.15999675e-01, 5.59735239e-01,
            6.15276575e-01, 3.87831122e-01, 7.80639529e-01,
            7.18083203e-01, 6.25100434e-01, 6.10119581e-01,
            4.95633543e-01, 1.39481232e-01, 9.15913105e-01,
            5.21693230e-01, 1.20485149e-01, 9.90332246e-01,
            4.48105484e-01, 1.42350376e-01, 7.02016115e-01, 0.0, 0.0,
            0.0 ]
    }
}
