{
    "pose_0": {
        "type_id": "opencv-matrix",
        "rows": 1,
        "cols": 18,
        "dt": "3f",
        "data": [ 5.32495677e-01, 2.10491195e-01, 8.98860097e-01,
            4.74233985e-01, 3.19585115e-01, 7.69228458e-01,
            4.14398491e-01, 3.36004555e-01, 6.68879032e-01,
            3.85156065e-01, 5.40541589e-01, 7.98370600e-01,
            3.40757489e-01, 7.15161502e-01, 7.61675656e-01,
            5.34045815e-01, 3.08692366e-01, 7.47376025e-01,
            5.43192506e-01, 4.83255059e-01, 7.63481081e-01,
            5.83023846e-01, 5.84201336e-01, 8.10326099e-01,
            4.48095202e-01, 6.44197524e-01, 4.56390619e-01,
            5.72333276e-01, 7.26054072e-01, 1.53740898e-01,
            7.91699767e-01, 8.40665758e-01, 5.60321249e-02,
            5.17120481e-01, 5.95151186e-01, 5.79250336e-01,
            6.53657079e-01, 7.01510727e-01, 5.99808574e-01,
            7.88609624e-01, 7.61493266e-01, 5.04417837e-01,
            5.11021018e-01, 1.85891628e-01, 8.81557941e-01,
            5.37053704e-01, 1.77711740e-01, 8.91810834e-01,
            4.63448852e-01, 1.75058126e-01, 6.43971562e-01, 0.0, 0.0,
            0.0 ]
    }
}
