{
    "pose_0": {
        "type_id": "opencv-matrix",
        "rows": 1,
        "cols": 18,
        "dt": "3f",
        "data": [ 5.37069499e-01, 2.02343524e-01, 8.73247504e-01,
            4.84953463e-01, 3.08657885e-01, 7.45701134e-01,
            4.26648110e-01, 3.25093478e-01, 6.40257239e-01,
            3.97465199e-01, 5.29659569e-01, 7.95072913e-01,
            3.51537853e-01, 6.93336606e-01, 7.78681576e-01,
            5.44783354e-01, 2.89622724e-01, 7.55596936e-01,
            5.30923247e-01, 4.26027626e-01, 2.21688688e-01,
            5.57035863e-01, 4.42268133e-01, 6.17843628e-01,
            4.45028841e-01, 6.44235313e-01, 4.14060950e-01,
            5.21744967e-01, 5.86953342e-01, 6.98630571e-01,
            6.19890571e-01, 7.66950130e-01, 6.62808716e-02,
            5.21731675e-01, 5.62363923e-01, 3.55171472e-01,
            6.04510903e-01, 4.42320764e-01, 8.11390400e-01,
            7.14936912e-01, 6.68756843e-01, 5.85028052e-01,
            5.20140171e-01, 1.77784950e-01, 8.81185770e-01,
            5.46222091e-01, 1.64084107e-01, 1.03987539e+00,
            4.72605318e-01, 1.72270298e-01, 6.79322720e-01, 0.0, 0.0,
            0.0 ]
    }
}
