{
    "pose_0": {
        "type_id": "opencv-matrix",
        "rows": 1,
        "cols": 18,
        "dt": "3f",
        "data": [ 3.76029134e-01, 2.48584658e-01, 8.73843670e-01,
            3.48383158e-01, 3.17001343e-01, 7.86907554e-01,
            2.79396683e-01, 3.63333702e-01, 5.84297597e-01,
            2.11864442e-01, 4.75092173e-01, 7.53092408e-01,
            1.81273848e-01, 6.22293949e-01, 8.27712834e-01,
            4.11345333e-01, 2.73252964e-01, 7.33404517e-01,
            4.83306199e-01, 4.01316524e-01, 8.48670721e-01,
            5.49330533e-01, 3.82293701e-01, 8.96885216e-01,
            4.37385052e-01, 5.95150054e-01, 4.67883527e-01,
            5.17124116e-01, 7.06970990e-01, 2.88351685e-01,
            6.33686423e-01, 8.16078424e-01, 1.78464547e-01,
            4.89545166e-01, 5.05117118e-01, 5.15308142e-01,
            6.15308166e-01, 3.93226475e-01, 7.77330101e-01,
            7.22642362e-01, 6.25157297e-01, 5.13068378e-01,
            3.59158695e-01, 2.26923034e-01, 8.88282537e-01,
            3.80598783e-01, 2.07839042e-01, 8.40692043e-01,
            3.10051352e-01, 2.26864979e-01, 7.01382279e-01, 0.0, 0.0,
            0.0 ]
    }
}
