{
    "pose_0": {
        "type_id": "opencv-matrix",
        "rows": 1,
        "cols": 18,
        "dt": "3f",
        "data": [ 4.95692372e-01, 1.61326423e-01, 9.19324875e-01,
            4.35905039e-01, 2.48634890e-01, 7.89965153e-01,
            3.71422023e-01, 2.70496100e-01, 6.53526127e-01,
            3.22369456e-01, 4.66836780e-01, 8.03505659e-01,
            2.77919739e-01, 6.19612455e-01, 8.10539901e-01,
            5.03302515e-01, 2.24049971e-01, 7.47174799e-01,
            5.12561917e-01, 3.63275975e-01, 7.81356275e-01,
            5.58519840e-01, 3.76823366e-01, 8.03166091e-01,
            4.41992909e-01, 5.75951457e-01, 4.80869770e-01,
            4.92593735e-01, 6.87933981e-01, 2.31793523e-01,
            6.35239303e-01, 8.15962374e-01, 2.03956306e-01,
            5.09516060e-01, 4.96937662e-01, 5.39247990e-01,
            6.16808116e-01, 3.74205172e-01, 8.19372952e-01,
            7.19563246e-01, 6.08792067e-01, 6.22260630e-01,
            4.80311692e-01, 1.36785001e-01, 8.66281211e-01,
            5.01782477e-01, 1.23172380e-01, 8.93409014e-01,
            4.31252062e-01, 1.20483212e-01, 6.98347211e-01, 0.0, 0.0,
            0.0 ]
    }
}
