{
    "pose_0": {
        "type_id": "opencv-matrix",
        "rows": 1,
        "cols": 18,
        "dt": "3f",
        "data": [ 5.23337066e-01, 2.04880536e-01, 8.73651385e-01,
            4.72600728e-01, 3.19583803e-01, 8.14922214e-01,
            4.11319256e-01, 3.36011618e-01, 6.94185376e-01,
            3.83647233e-01, 5.37909031e-01, 7.95179904e-01,
            3.37766737e-01, 7.23296344e-01, 7.77979374e-01,
            5.32456040e-01, 3.06016058e-01, 7.34440744e-01,
            5.44778526e-01, 4.88691866e-01, 8.66575480e-01,
            5.86156249e-01, 6.00487947e-01, 8.13979089e-01,
            4.46540982e-01, 6.49673581e-01, 4.60216284e-01,
            5.89213669e-01, 7.31593549e-01, 2.90620804e-01,
            7.28785038e-01, 8.37843120e-01, 1.00608058e-01,
            5.14073670e-01, 5.97879350e-01, 5.89407265e-01,
            6.07598901e-01, 6.79618359e-01, 3.77734154e-01,
            7.88584232e-01, 7.75124788e-01, 2.10159004e-01,
            5.07885575e-01, 1.75059155e-01, 8.64938319e-01,
            5.32417893e-01, 1.64144397e-01, 9.66970921e-01,
            4.58897799e-01, 1.69571087e-01, 7.02047944e-01, 0.0, 0.0,
            0.0 ]
    }
}
