{
    "pose_0": {
        "type_id": "opencv-matrix",
        "rows": 1,
        "cols": 18,
        "dt": "3f",
        "data": [ 3.46835226e-01, 2.70429999e-01, 8.72214198e-01,
            3.20793957e-01, 3.38731259e-01, 7.36151934e-01,
            2.51781613e-01, 3.85049433e-01, 6.27147675e-01,
            1.87354416e-01, 4.69747394e-01, 8.14977407e-01,
            1.78166106e-01, 6.25107646e-01, 8.56894612e-01,
            3.85263741e-01, 2.94967771e-01, 7.29039311e-01,
            4.69560564e-01, 4.12344664e-01, 7.89933085e-01,
            5.44793725e-01, 3.95947307e-01, 8.45644712e-01,
            4.28192258e-01, 6.03268445e-01, 4.45107400e-01,
            5.17107964e-01, 7.26069152e-01, 2.70364583e-01,
            6.33679986e-01, 8.29693139e-01, 2.00677142e-01,
            4.81856257e-01, 5.07819891e-01, 5.15802860e-01,
            6.09190404e-01, 4.04119164e-01, 8.19540381e-01,
            7.21137762e-01, 6.38730884e-01, 5.99406242e-01,
            3.25388789e-01, 2.48797461e-01, 9.06488299e-01,
            3.48370582e-01, 2.29689404e-01, 8.71635318e-01,
            2.76310384e-01, 2.59646982e-01, 7.26710796e-01, 0.0, 0.0,
            0.0 ]
    }
}
