{
    "pose_0": {
        "type_id": "opencv-matrix",
        "rows": 1,
        "cols": 18,
        "dt": "3f",
        "data": [ 5.23256242e-01, 1.96867570e-01, 8.67899120e-01,
            4.71098691e-01, 3.19615960e-01, 8.25628459e-01,
            4.11303669e-01, 3.35987419e-01, 6.98679328e-01,
            3.82145345e-01, 5.40554702e-01, 7.84147263e-01,
            3.37767124e-01, 7.25972116e-01, 7.86934614e-01,
            5.29388368e-01, 3.11376393e-01, 7.32574105e-01,
            5.44729114e-01, 4.88633722e-01, 8.39243412e-01,
            5.83107471e-01, 5.97783506e-01, 8.43917251e-01,
            4.46580797e-01, 6.49641156e-01, 4.75590110e-01,
            5.81537783e-01, 7.31492102e-01, 3.07420105e-01,
            7.30343938e-01, 8.40649843e-01, 1.00779079e-01,
            5.14089286e-01, 5.97907007e-01, 5.96125960e-01,
            6.03018045e-01, 6.68796897e-01, 4.33059484e-01,
            6.45992339e-01, 6.98775530e-01, 8.86885673e-02,
            5.06380260e-01, 1.66919410e-01, 8.61126602e-01,
            5.29426754e-01, 1.61397204e-01, 9.21184301e-01,
            4.58819181e-01, 1.69611201e-01, 7.24483311e-01, 0.0, 0.0,
            0.0 ]
    }
}
