{
    "pose_0": {
        "type_id": "opencv-matrix",
        "rows": 1,
        "cols": 18,
        "dt": "3f",
        "data": [ 3.36117983e-01, 2.70524949e-01, 8.93274188e-01,
            3.11624676e-01, 3.44144911e-01, 7.48553693e-01,
            2.47174442e-01, 3.87794971e-01, 6.00340962e-01,
            1.78156346e-01, 4.69542295e-01, 8.72260392e-01,
            1.76637948e-01, 6.25124931e-01, 8.59252453e-01,
            3.77585500e-01, 3.00537437e-01, 6.78749979e-01,
            4.61918205e-01, 4.09697086e-01, 7.98654258e-01,
            5.44695199e-01, 3.95975560e-01, 8.39432538e-01,
            4.26645041e-01, 6.03340447e-01, 4.41327959e-01,
            4.98742938e-01, 7.12433338e-01, 2.61093587e-01,
            6.79718971e-01, 8.56986880e-01, 3.70473891e-01,
            4.77275401e-01, 5.10485351e-01, 4.73744065e-01,
            6.09128952e-01, 4.04244840e-01, 8.21788907e-01,
            7.19579220e-01, 6.38795197e-01, 5.96834898e-01,
            3.14645708e-01, 2.51526922e-01, 8.85071039e-01,
            3.36175203e-01, 2.32312113e-01, 8.69574726e-01,
            2.67132163e-01, 2.67742962e-01, 7.08035350e-01, 0.0, 0.0,
            0.0 ]
    }
}
