{
    "pose_0": {
        "type_id": "opencv-matrix",
        "rows": 1,
        "cols": 18,
        "dt": "3f",
        "data": [ 5.35569012e-01, 2.05024511e-01, 9.02633190e-01,
            4.83339161e-01, 3.08716446e-01, 7.63091862e-01,
            4.23548102e-01, 3.25036526e-01, 6.55438662e-01,
            3.89861465e-01, 5.32384753e-01, 7.83950090e-01,
            3.49913776e-01, 7.01445580e-01, 8.08519781e-01,
            5.40150940e-01, 2.92277545e-01, 7.21749783e-01,
            5.34031212e-01, 4.42342788e-01, 2.49503493e-01,
            5.56944489e-01, 4.45018321e-01, 5.69652319e-01,
            4.45012420e-01, 6.44212008e-01, 4.22305077e-01,
            5.50875783e-01, 5.70542812e-01, 6.83916092e-01,
            6.50581777e-01, 7.50606477e-01, 1.79482192e-01,
            5.18652081e-01, 5.62375784e-01, 3.09014052e-01,
            5.98410964e-01, 4.45072651e-01, 8.57702196e-01,
            7.05797017e-01, 6.68797791e-01, 5.46863019e-01,
            5.20134091e-01, 1.80437580e-01, 8.86624277e-01,
            5.44758141e-01, 1.64217129e-01, 1.00356603e+00,
            4.71174777e-01, 1.69606000e-01, 7.03815401e-01, 0.0, 0.0,
            0.0 ]
    }
}
