{
    "pose_0": {
        "type_id": "opencv-matrix",
        "rows": 1,
        "cols": 18,
        "dt": "3f",
        "data": [ 5.35596967e-01, 2.04961956e-01, 8.85325074e-01,
            4.84879494e-01, 3.08733881e-01, 7.45967269e-01,
            4.25104141e-01, 3.27741653e-01, 6.43421888e-01,
            3.95957083e-01, 5.32348216e-01, 7.95800030e-01,
            3.51473033e-01, 6.93373144e-01, 7.98177540e-01,
            5.44717312e-01, 2.92350590e-01, 7.67833948e-01,
            5.32474518e-01, 4.34147775e-01, 1.73169851e-01,
            5.57037413e-01, 4.42312211e-01, 5.81233859e-01,
            4.45042610e-01, 6.46962881e-01, 4.11945194e-01,
            5.30941546e-01, 5.81446886e-01, 6.90898836e-01,
            6.24492049e-01, 7.53326952e-01, 7.86114782e-02,
            5.21726072e-01, 5.59680045e-01, 3.02105486e-01,
            6.01487398e-01, 4.44968522e-01, 8.26459825e-01,
            7.14984059e-01, 6.76902175e-01, 5.33896804e-01,
            5.20131707e-01, 1.80400625e-01, 8.80963445e-01,
            5.44778287e-01, 1.64169744e-01, 1.01674128e+00,
            4.71139878e-01, 1.72356322e-01, 6.67878568e-01, 0.0, 0.0,
            0.0 ]
    }
}
