{
    "pose_0": {
        "type_id": "opencv-matrix",
        "rows": 1,
        "cols": 18,
        "dt": "3f",
        "data": [ 3.65330398e-01, 2.48703986e-01, 8.64847898e-01,
            3.39198470e-01, 3.22298527e-01, 7.48970151e-01,
            2.73223788e-01, 3.65968943e-01, 5.97132266e-01,
            2.01244459e-01, 4.72361773e-01, 8.23669851e-01,
            1.79743931e-01, 6.19700372e-01, 8.37223291e-01,
            4.08209622e-01, 2.78734028e-01, 6.90928042e-01,
            4.74243432e-01, 4.04059738e-01, 8.40054750e-01,
            5.49331605e-01, 3.82366329e-01, 8.59333336e-01,
            4.37366158e-01, 5.97826123e-01, 4.79764044e-01,
            5.18682599e-01, 7.09715009e-01, 3.09058279e-01,
            6.35221779e-01, 8.18871200e-01, 2.12059855e-01,
            4.86497879e-01, 5.05054295e-01, 5.26665866e-01,
            6.15276277e-01, 3.95993888e-01, 7.76774287e-01,
            7.19574690e-01, 6.22335792e-01, 5.82660794e-01,
            3.48420888e-01, 2.29505956e-01, 9.19634640e-01,
            3.71389061e-01, 2.10498139e-01, 8.44611168e-01,
            2.99379200e-01, 2.29631886e-01, 7.06291437e-01, 0.0, 0.0,
            0.0 ]
    }
}
