{
    "pose_0": {
        "type_id": "opencv-matrix",
        "rows": 1,
        "cols": 18,
        "dt": "3f",
        "data": [ 3.48430067e-01, 2.65023559e-01, 8.70712757e-01,
            3.23916405e-01, 3.38627398e-01, 7.78317869e-01,
            2.56382763e-01, 3.79666239e-01, 6.15710258e-01,
            1.88891992e-01, 4.69745010e-01, 8.32734644e-01,
            1.78205490e-01, 6.22341275e-01, 8.52823257e-01,
            3.89828503e-01, 2.92423069e-01, 7.22300291e-01,
            4.71068263e-01, 4.12331641e-01, 8.21409523e-01,
            5.46218991e-01, 3.93292189e-01, 8.45632732e-01,
            4.32767302e-01, 6.00616217e-01, 4.33177263e-01,
            5.18670559e-01, 7.28822112e-01, 2.60472447e-01,
            6.68980598e-01, 8.40635002e-01, 3.06197703e-01,
            4.81857449e-01, 5.02386510e-01, 4.80779141e-01,
            6.10681713e-01, 4.01530534e-01, 8.16232562e-01,
            7.18084335e-01, 6.30567014e-01, 5.91357291e-01,
            3.26948553e-01, 2.48599142e-01, 8.88297498e-01,
            3.49898458e-01, 2.26969600e-01, 9.48961914e-01,
            2.82486111e-01, 2.51460016e-01, 7.51898468e-01, 0.0, 0.0,
            0.0 ]
    }
}
