{
    "pose_0": {
        "type_id": "opencv-matrix",
        "rows": 1,
        "cols": 18,
        "dt": "3f",
        "data": [ 3.36126745e-01, 2.70519435e-01, 9.02274013e-01,
            3.11632216e-01, 3.41480553e-01, 7.57062435e-01,
            2.45676756e-01, 3.82463604e-01, 6.01669610e-01,
            1.78164691e-01, 4.67014730e-01, 8.73600364e-01,
            1.76640585e-01, 6.25077248e-01, 8.62252533e-01,
            3.77561927e-01, 2.97866285e-01, 6.82120025e-01,
            4.61969614e-01, 4.09629285e-01, 7.90545166e-01,
            5.44661343e-01, 3.95941734e-01, 8.34722042e-01,
            4.31223035e-01, 6.03341043e-01, 4.44206595e-01,
            5.11005521e-01, 7.28694856e-01, 3.28554571e-01,
            6.82757378e-01, 8.59650850e-01, 3.87894452e-01,
            4.80296910e-01, 5.10477602e-01, 4.65743124e-01,
            6.09177411e-01, 4.04301316e-01, 8.06864619e-01,
            7.18067110e-01, 6.36000276e-01, 5.91771007e-01,
            3.14676881e-01, 2.51526713e-01, 8.86681557e-01,
            3.36178809e-01, 2.32389629e-01, 8.64673316e-01,
            2.70188153e-01, 2.65032709e-01, 7.18573987e-01, 0.0, 0.0,
            0.0 ]
    }
}
