{
    "pose_0": {
        "type_id": "opencv-matrix",
        "rows": 1,
        "cols": 18,
        "dt": "3f",
        "data": [ 3.48360181e-01, 2.67736435e-01, 8.61633480e-01,
            3.22374612e-01, 3.38714302e-01, 7.57907987e-01,
            2.53355950e-01, 3.82363498e-01, 6.01921260e-01,
            1.88862160e-01, 4.69746858e-01, 8.30983162e-01,
            1.78191215e-01, 6.22428715e-01, 8.58948350e-01,
            3.86814773e-01, 2.94990718e-01, 7.18248069e-01,
            4.69574153e-01, 4.12330478e-01, 8.00411582e-01,
            5.46217978e-01, 3.95935833e-01, 8.50480199e-01,
            4.32757556e-01, 6.00569129e-01, 4.59420145e-01,
            5.17136872e-01, 7.28728592e-01, 2.74245471e-01,
            6.35240614e-01, 8.32364976e-01, 2.16691941e-01,
            4.81858283e-01, 5.07766366e-01, 4.96840477e-01,
            6.09191954e-01, 4.04089540e-01, 8.25418472e-01,
            7.19603658e-01, 6.33343399e-01, 5.71101189e-01,
            3.25460702e-01, 2.48722956e-01, 9.16696668e-01,
            3.48424971e-01, 2.29523674e-01, 8.99330318e-01,
            2.77889758e-01, 2.54221350e-01, 7.25930572e-01, 0.0, 0.0,
            0.0 ]
    }
}
