{
    "pose_0": {
        "type_id": "opencv-matrix",
        "rows": 1,
        "cols": 18,
        "dt": "3f",
        "data": [ 3.42279136e-01, 2.70413786e-01, 8.54401231e-01,
            3.16192418e-01, 3.38748336e-01, 7.37429976e-01,
            2.50280976e-01, 3.85047257e-01, 6.29933596e-01,
            1.84314504e-01, 4.69662011e-01, 8.16318691e-01,
            1.78122878e-01, 6.25116646e-01, 8.63845468e-01,
            3.85168463e-01, 2.94998139e-01, 7.29667544e-01,
            4.69533294e-01, 4.12402362e-01, 7.85794854e-01,
            5.44717729e-01, 3.95929307e-01, 8.49727571e-01,
            4.31238651e-01, 6.03293121e-01, 4.33732808e-01,
            5.10994494e-01, 7.23322332e-01, 2.68519819e-01,
            6.32138729e-01, 8.27003002e-01, 2.07315654e-01,
            4.81827676e-01, 5.07787228e-01, 4.84602571e-01,
            6.09186113e-01, 4.04092252e-01, 8.16209316e-01,
            7.24172294e-01, 6.41468108e-01, 6.10543668e-01,
            3.23860765e-01, 2.51300037e-01, 9.31091249e-01,
            3.45374614e-01, 2.29687154e-01, 8.34619403e-01,
            2.76276886e-01, 2.65048057e-01, 7.64473140e-01, 0.0, 0.0,
            0.0 ]
    }
}
