{
    "pose_0": {
        "type_id": "opencv-matrix",
        "rows": 1,
        "cols": 18,
        "dt": "3f",
        "data": [ 5.35596550e-01, 2.04879090e-01, 8.86823177e-01,
            4.84977454e-01, 3.08701843e-01, 7.47792959e-01,
            4.26646739e-01, 3.25101912e-01, 6.39275968e-01,
            3.97501558e-01, 5.29592752e-01, 7.99827695e-01,
            3.53026152e-01, 6.90667272e-01, 7.77226567e-01,
            5.46222568e-01, 2.92261243e-01, 7.63680935e-01,
            5.32437444e-01, 4.23284054e-01, 2.09463656e-01,
            5.57065785e-01, 4.39601481e-01, 5.71677923e-01,
            4.45035458e-01, 6.44208312e-01, 3.91358733e-01,
            5.20123303e-01, 5.95116019e-01, 7.22190380e-01,
            6.64373040e-01, 8.13340425e-01, 1.94944173e-01,
            5.24815798e-01, 5.56893706e-01, 4.17105854e-01,
            6.04545653e-01, 4.42297190e-01, 8.27050209e-01,
            7.16508090e-01, 6.71545088e-01, 6.24879897e-01,
            5.20140469e-01, 1.77810580e-01, 8.86071324e-01,
            5.46211898e-01, 1.64119482e-01, 1.02555728e+00,
            4.72621411e-01, 1.72312319e-01, 6.77868664e-01, 0.0, 0.0,
            0.0 ]
    }
}
