{
    "pose_0": {
        "type_id": "opencv-matrix",
        "rows": 1,
        "cols": 18,
        "dt": "3f",
        "data": [ 3.37781370e-01, 2.70361632e-01, 8.62909794e-01,
            3.13175321e-01, 3.41506779e-01, 7.48287797e-01,
            2.48703614e-01, 3.87784690e-01, 6.00894928e-01,
            1.79712862e-01, 4.69733804e-01, 8.47510338e-01,
            1.76678583e-01, 6.25204384e-01, 8.66577804e-01,
            3.80651891e-01, 2.97757894e-01, 6.99017167e-01,
            4.63475913e-01, 4.09683675e-01, 7.81952977e-01,
            5.44723392e-01, 3.93243074e-01, 8.30182552e-01,
            4.31226254e-01, 6.08740866e-01, 4.25447017e-01,
            5.07940471e-01, 7.23327875e-01, 2.83804744e-01,
            6.32195711e-01, 8.32470357e-01, 2.77650148e-01,
            4.80294138e-01, 5.10497630e-01, 4.67387497e-01,
            6.07678473e-01, 4.04175192e-01, 8.28587115e-01,
            7.22634017e-01, 6.41461372e-01, 6.15637600e-01,
            3.20808172e-01, 2.51311481e-01, 8.84581447e-01,
            3.39228868e-01, 2.29595944e-01, 8.91397715e-01,
            2.73211360e-01, 2.62365341e-01, 7.14439869e-01, 0.0, 0.0,
            0.0 ]
    }
}
