{
    "pose_0": {
        "type_id": "opencv-matrix",
        "rows": 1,
        "cols": 18,
        "dt": "3f",
        "data": [ 5.35558164e-01, 2.05016717e-01, 8.94851327e-01,
            4.83313859e-01, 3.08683693e-01, 7.58519173e-01,
            4.22075033e-01, 3.22387904e-01, 6.53601229e-01,
            3.89840215e-01, 5.32400310e-01, 7.90084124e-01,
            3.49892616e-01, 7.04130530e-01, 8.16359639e-01,
            5.38630128e-01, 2.92252749e-01, 7.29428887e-01,
            5.32483876e-01, 4.42372054e-01, 2.27415189e-01,
            5.53955913e-01, 4.45016414e-01, 5.30390561e-01,
            4.45013762e-01, 6.46964669e-01, 4.18906540e-01,
            5.58550596e-01, 5.70517898e-01, 6.98617578e-01,
            6.45976663e-01, 7.39685297e-01, 1.02574252e-01,
            5.10994613e-01, 5.73312342e-01, 3.08621794e-01,
            5.96894681e-01, 4.45125997e-01, 8.74561310e-01,
            7.04217911e-01, 6.63363814e-01, 4.98938590e-01,
            5.20129561e-01, 1.80446655e-01, 8.81057620e-01,
            5.44718564e-01, 1.64257497e-01, 9.87040341e-01,
            4.71164197e-01, 1.66845113e-01, 6.98587298e-01, 0.0, 0.0,
            0.0 ]
    }
}
