{
    "pose_0": {
        "type_id": "opencv-matrix",
        "rows": 1,
        "cols": 18,
        "dt": "3f",
        "data": [ 5.35542488e-01, 2.05069005e-01, 9.10736084e-01,
            4.81869638e-01, 3.08648169e-01, 7.62098730e-01,
            4.22064036e-01, 3.22318256e-01, 6.55365229e-01,
            3.88355672e-01, 5.32423496e-01, 7.98843980e-01,
            3.49894762e-01, 7.04158902e-01, 8.17902386e-01,
            5.37060440e-01, 2.92248577e-01, 7.41518438e-01,
            5.32482266e-01, 4.36883003e-01, 2.89687723e-01,
            5.53915799e-01, 4.45114106e-01, 6.00076139e-01,
            4.45063353e-01, 6.46932423e-01, 4.13607806e-01,
            5.70767522e-01, 5.75944364e-01, 6.53482497e-01,
            6.72035992e-01, 7.50658989e-01, 1.55132666e-01,
            5.09482622e-01, 5.73257387e-01, 3.43580872e-01,
            5.95409274e-01, 4.47755545e-01, 8.85824084e-01,
            7.04263985e-01, 6.63287520e-01, 3.33540946e-01,
            5.20135462e-01, 1.80435613e-01, 8.76958489e-01,
            5.44752955e-01, 1.66811466e-01, 9.76792395e-01,
            4.71163601e-01, 1.64247066e-01, 7.07355440e-01, 0.0, 0.0,
            0.0 ]
    }
}
