{
    "pose_0": {
        "type_id": "opencv-matrix",
        "rows": 1,
        "cols": 18,
        "dt": "3f",
        "data": [ 3.36121082e-01, 2.70525634e-01, 8.98586273e-01,
            3.11629474e-01, 3.41505021e-01, 7.54808307e-01,
            2.47176394e-01, 3.85053724e-01, 6.02866709e-01,
            1.78138316e-01, 4.69549537e-01, 8.78753185e-01,
            1.76631644e-01, 6.25093222e-01, 8.57445180e-01,
            3.77577484e-01, 3.00498277e-01, 6.77141368e-01,
            4.61946279e-01, 4.09654737e-01, 7.95510530e-01,
            5.44679046e-01, 3.95920545e-01, 8.36857021e-01,
            4.29705739e-01, 6.03311837e-01, 4.46254522e-01,
            5.09449601e-01, 7.26012290e-01, 3.34302872e-01,
            6.81266129e-01, 8.56989503e-01, 3.82116288e-01,
            4.78787571e-01, 5.07846832e-01, 4.71345961e-01,
            6.09161079e-01, 4.04232919e-01, 8.13551426e-01,
            7.18012512e-01, 6.33324742e-01, 5.92145622e-01,
            3.14663798e-01, 2.51511633e-01, 8.89504850e-01,
            3.36167276e-01, 2.32383311e-01, 8.47158790e-01,
            2.68658638e-01, 2.65092075e-01, 7.12651908e-01, 0.0, 0.0,
            0.0 ]
    }
}
