{
    "pose_0": {
        "type_id": "opencv-matrix",
        "rows": 1,
        "cols": 18,
        "dt": "3f",
        "data": [ 5.38606882e-01, 2.02289164e-01, 8.48130345e-01,
            4.84988958e-01, 3.06015462e-01, 7.36393690e-01,
            4.26665038e-01, 3.25096399e-01, 6.39905095e-01,
            3.97485197e-01, 5.29624522e-01, 8.00657690e-01,
            3.53024751e-01, 6.90661430e-01, 7.74453163e-01,
            5.46254158e-01, 2.89631069e-01, 7.54183888e-01,
            5.32479703e-01, 4.17825818e-01, 2.57335514e-01,
            5.58557749e-01, 4.34213877e-01, 6.18149638e-01,
            4.46557909e-01, 6.38750970e-01, 3.89368504e-01,
            5.14081955e-01, 6.00520492e-01, 7.17832506e-01,
            6.09155655e-01, 7.75184512e-01, 5.54127172e-02,
            5.23299396e-01, 5.56915641e-01, 4.40256417e-01,
            6.06009662e-01, 4.42290604e-01, 8.33352506e-01,
            7.16507733e-01, 6.68822169e-01, 6.26384616e-01,
            5.20162106e-01, 1.77747697e-01, 8.86725068e-01,
            5.46247184e-01, 1.64021224e-01, 1.03052163e+00,
            4.71144617e-01, 1.77716449e-01, 6.73381567e-01, 0.0, 0.0,
            0.0 ]
    }
}
