{
    "pose_0": {
        "type_id": "opencv-matrix",
        "rows": 1,
        "cols": 18,
        "dt": "3f",
        "data": [ 3.40730011e-01, 2.70447403e-01, 8.50904584e-01,
            3.14695984e-01, 3.41514558e-01, 7.16953337e-01,
            2.50243872e-01, 3.85137200e-01, 6.02967143e-01,
            1.81283176e-01, 4.66941476e-01, 8.22917163e-01,
            1.78233415e-01, 6.22477114e-01, 8.69973361e-01,
            3.83687973e-01, 3.00503820e-01, 6.92673028e-01,
            4.69589978e-01, 4.09635395e-01, 8.04643869e-01,
            5.46338439e-01, 3.98606449e-01, 8.23963761e-01,
            4.32795614e-01, 6.06007040e-01, 4.46279973e-01,
            5.14075458e-01, 7.26006687e-01, 2.67783135e-01,
            6.38303280e-01, 8.37846458e-01, 2.37078756e-01,
            4.83378917e-01, 5.10539293e-01, 5.00934899e-01,
            6.16781235e-01, 4.04266030e-01, 8.09827507e-01,
            7.22662330e-01, 6.38744652e-01, 5.42712331e-01,
            3.22284698e-01, 2.51457542e-01, 8.82120311e-01,
            3.40756804e-01, 2.29615450e-01, 8.65034699e-01,
            2.74751097e-01, 2.70547330e-01, 7.74374425e-01, 0.0, 0.0,
            0.0 ]
    }
}
