{
    "pose_0": {
        "type_id": "opencv-matrix",
        "rows": 1,
        "cols": 18,
        "dt": "3f",
        "data": [ 5.44732928e-01, 1.83285251e-01, 9.32593107e-01,
            4.87995267e-01, 2.92222053e-01, 7.41170704e-01,
            4.28190142e-01, 3.11471462e-01, 6.53505325e-01,
            3.97555798e-01, 5.13203144e-01, 8.50731909e-01,
            3.60723227e-01, 6.82300746e-01, 8.27133417e-01,
            5.47802806e-01, 2.70607799e-01, 7.53723264e-01,
            5.26346207e-01, 3.82347107e-01, 2.58596689e-01,
            5.60124576e-01, 4.17742014e-01, 6.18802309e-01,
            4.46616203e-01, 6.08725607e-01, 5.23813426e-01,
            4.97171402e-01, 7.12441146e-01, 2.43456632e-01,
            6.32179439e-01, 8.48764479e-01, 2.63366282e-01,
            5.20162046e-01, 5.48737049e-01, 5.24953365e-01,
            6.13757014e-01, 4.12395895e-01, 7.74379492e-01,
            7.18104959e-01, 6.55123293e-01, 6.03904784e-01,
            5.21783471e-01, 1.61303714e-01, 9.07333493e-01,
            5.50889194e-01, 1.42472327e-01, 9.46463883e-01,
            4.80315089e-01, 1.58651114e-01, 6.71943128e-01, 0.0, 0.0,
            0.0 ]
    }
}
