{
    "pose_0": {
        "type_id": "opencv-matrix",
        "rows": 1,
        "cols": 18,
        "dt": "3f",
        "data": [ 3.54573131e-01, 2.51491696e-01, 8.66226375e-01,
            3.31563652e-01, 3.30490351e-01, 7.13602722e-01,
            2.62566835e-01, 3.74200165e-01, 6.12953186e-01,
            1.91982463e-01, 4.66965318e-01, 8.38265061e-01,
            1.78182989e-01, 6.19620085e-01, 8.67839158e-01,
            3.97486240e-01, 2.86877185e-01, 7.13104308e-01,
            4.71089363e-01, 4.04157519e-01, 8.65985811e-01,
            5.46307325e-01, 3.82482141e-01, 8.84650886e-01,
            4.35824424e-01, 5.97905457e-01, 4.80561078e-01,
            5.15597224e-01, 7.12431848e-01, 2.84118474e-01,
            6.35248244e-01, 8.21498096e-01, 2.28617087e-01,
            4.84890997e-01, 5.02366185e-01, 5.28474689e-01,
            6.12247229e-01, 3.98726493e-01, 7.95412302e-01,
            7.18065083e-01, 6.25133991e-01, 5.88109493e-01,
            3.36199641e-01, 2.32396305e-01, 9.26468968e-01,
            3.59166890e-01, 2.18707889e-01, 8.28070760e-01,
            2.88564384e-01, 2.43199587e-01, 7.29642093e-01, 0.0, 0.0,
            0.0 ]
    }
}
