{
    "pose_0": {
        "type_id": "opencv-matrix",
        "rows": 1,
        "cols": 18,
        "dt": "3f",
        "data": [ 5.17141342e-01, 1.99605048e-01, 8.29082489e-01,
            4.71155554e-01, 3.33162397e-01, 8.19467604e-01,
            4.11294430e-01, 3.41428906e-01, 6.77719116e-01,
            3.80621105e-01, 5.54178059e-01, 8.03536475e-01,
            3.37695122e-01, 7.31388211e-01, 8.27831984e-01,
            5.32436013e-01, 3.16898137e-01, 7.69711554e-01,
            5.44782341e-01, 4.94222432e-01, 8.52787077e-01,
            5.83105862e-01, 6.03254080e-01, 8.09670448e-01,
            4.45058912e-01, 6.60556257e-01, 4.71356273e-01,
            5.72356820e-01, 7.34210789e-01, 2.64865011e-01,
            7.30312109e-01, 8.43384981e-01, 1.12222977e-01,
            5.11002660e-01, 6.06024146e-01, 5.88327169e-01,
            6.09150112e-01, 6.85198426e-01, 2.83333123e-01, 0.0, 0.0,
            0.0, 4.95719463e-01, 1.72308102e-01, 8.82693648e-01,
            5.21762133e-01, 1.61532581e-01, 1.01719952e+00,
            4.54246610e-01, 1.77744329e-01, 6.52991891e-01, 0.0, 0.0,
            0.0 ]
    }
}
