{
    "pose_0": {
        "type_id": "opencv-matrix",
        "rows": 1,
        "cols": 18,
        "dt": "3f",
        "data": [ 5.03321767e-01, 1.58704832e-01, 8.47032189e-01,
            4.48111176e-01, 2.51315266e-01, 8.07661355e-01,
            3.79079759e-01, 2.70440340e-01, 6.47198439e-01,
            3.33074152e-01, 4.66804355e-01, 7.71684289e-01,
            2.88653761e-01, 6.22380376e-01, 8.42700481e-01,
            5.18667459e-01, 2.32342899e-01, 7.79181242e-01,
            5.20151973e-01, 3.63212705e-01, 7.27688789e-01,
            5.58549285e-01, 3.79572958e-01, 8.21559131e-01,
            4.41967309e-01, 5.73325157e-01, 5.04699230e-01,
            4.84924406e-01, 6.82425737e-01, 2.59830058e-01,
            6.32134736e-01, 8.15967441e-01, 2.17292875e-01,
            5.10987878e-01, 5.07768214e-01, 5.53729892e-01,
            6.16781473e-01, 3.79486203e-01, 8.32312107e-01,
            7.19611406e-01, 6.19635880e-01, 6.15817785e-01,
            4.84879792e-01, 1.34154320e-01, 8.81506681e-01,
            5.09442329e-01, 1.20454721e-01, 9.63310480e-01,
            4.38894123e-01, 1.20547421e-01, 6.99360728e-01, 0.0, 0.0,
            0.0 ]
    }
}
