{
    "pose_0": {
        "type_id": "opencv-matrix",
        "rows": 1,
        "cols": 18,
        "dt": "3f",
        "data": [ 5.26331127e-01, 1.64119065e-01, 8.99163425e-01,
            4.74218220e-01, 2.70447165e-01, 7.61309624e-01,
            4.11350548e-01, 2.92369694e-01, 6.70393825e-01,
            3.74438971e-01, 4.91455585e-01, 8.28077078e-01,
            3.34583193e-01, 6.57801509e-01, 7.71892309e-01,
            5.37083328e-01, 2.48683736e-01, 7.47886181e-01,
            5.21738052e-01, 3.57720584e-01, 4.81205404e-01,
            5.58607638e-01, 4.01311487e-01, 7.64443040e-01,
            4.46534544e-01, 5.81526279e-01, 4.70154583e-01,
            4.83392417e-01, 7.01493979e-01, 2.81387955e-01,
            6.30651891e-01, 8.37805092e-01, 1.54969215e-01,
            5.20197928e-01, 5.21499813e-01, 5.59868455e-01,
            6.13778353e-01, 3.98756564e-01, 7.93198645e-01,
            7.19623208e-01, 6.41449690e-01, 6.01383328e-01,
            5.06381750e-01, 1.39668852e-01, 8.96596313e-01,
            5.32532513e-01, 1.23281926e-01, 9.37806487e-01,
            4.58898783e-01, 1.45117506e-01, 6.67488277e-01, 0.0, 0.0,
            0.0 ]
    }
}
