{
    "pose_0": {
        "type_id": "opencv-matrix",
        "rows": 1,
        "cols": 18,
        "dt": "3f",
        "data": [ 3.63821894e-01, 2.48771772e-01, 8.80969107e-01,
            3.37677509e-01, 3.22355568e-01, 7.61613786e-01,
            2.71747142e-01, 3.68735105e-01, 5.94887495e-01,
            2.01132908e-01, 4.69635308e-01, 8.29294205e-01,
            1.79707140e-01, 6.19685292e-01, 8.42303991e-01,
            4.03625190e-01, 2.78731972e-01, 6.67650521e-01,
            4.72717702e-01, 4.04119581e-01, 8.55225801e-01,
            5.47847986e-01, 3.82408291e-01, 8.55027556e-01,
            4.37394977e-01, 5.97809196e-01, 4.76704061e-01,
            5.12526631e-01, 7.07016230e-01, 2.65997022e-01,
            6.42902434e-01, 8.21544945e-01, 1.98878631e-01,
            4.86483097e-01, 5.02332628e-01, 5.29630363e-01,
            6.15265906e-01, 3.96025956e-01, 7.73088455e-01,
            7.19605386e-01, 6.25178218e-01, 5.32895088e-01,
            3.46891284e-01, 2.29515910e-01, 9.09746468e-01,
            3.69865686e-01, 2.07881674e-01, 8.44930172e-01,
            2.97795355e-01, 2.32328340e-01, 7.38631010e-01, 0.0, 0.0,
            0.0 ]
    }
}
