{
    "pose_0": {
        "type_id": "opencv-matrix",
        "rows": 1,
        "cols": 18,
        "dt": "3f",
        "data": [ 5.34033597e-01, 2.07663059e-01, 9.33945537e-01,
            4.77241188e-01, 3.14235508e-01, 7.87049592e-01,
            4.18947846e-01, 3.30536246e-01, 6.38888419e-01,
            3.85165572e-01, 5.37800789e-01, 8.09043467e-01,
            3.39264214e-01, 7.15192199e-01, 7.72607148e-01,
            5.34064233e-01, 3.00498575e-01, 7.63457477e-01,
            5.37060082e-01, 4.69695926e-01, 7.87083328e-01,
            5.81471503e-01, 5.62415302e-01, 8.17578137e-01,
            4.46538508e-01, 6.41448021e-01, 4.78860706e-01,
            6.06092513e-01, 7.06866860e-01, 5.30629933e-01,
            7.31873453e-01, 8.35083783e-01, 3.01060826e-01,
            5.12512863e-01, 5.92400908e-01, 5.54717124e-01,
            6.42868996e-01, 6.57880127e-01, 4.86861467e-01,
            7.80913830e-01, 7.53310800e-01, 5.24387121e-01,
            5.17132342e-01, 1.83101848e-01, 8.47864270e-01,
            5.41688621e-01, 1.66899130e-01, 9.25368726e-01,
            4.71063107e-01, 1.69564962e-01, 6.93632841e-01, 0.0, 0.0,
            0.0 ]
    }
}
