{
    "pose_0": {
        "type_id": "opencv-matrix",
        "rows": 1,
        "cols": 18,
        "dt": "3f",
        "data": [ 4.35810953e-01, 2.26883590e-01, 9.19507444e-01,
            3.88322741e-01, 2.86892503e-01, 6.97729290e-01,
            3.13114852e-01, 3.16970408e-01, 5.61097503e-01,
            2.42595255e-01, 4.77821052e-01, 6.99848890e-01,
            1.88874125e-01, 6.14163280e-01, 7.90648460e-01,
            4.58820760e-01, 2.54126698e-01, 7.13437319e-01,
            4.98700976e-01, 3.87837857e-01, 8.03348184e-01,
            5.60068965e-01, 3.79508972e-01, 8.40028882e-01,
            4.37375724e-01, 5.78776240e-01, 4.74179894e-01,
            5.04845440e-01, 7.06891418e-01, 2.56749839e-01,
            6.85840309e-01, 8.37949157e-01, 3.31918359e-01,
            5.01779795e-01, 4.91528094e-01, 5.35072982e-01,
            6.19902909e-01, 3.82246792e-01, 8.59609604e-01,
            7.28767335e-01, 6.22475982e-01, 5.98764837e-01,
            4.18970883e-01, 2.04939082e-01, 8.66539240e-01,
            4.41957325e-01, 1.88712105e-01, 8.30438077e-01,
            3.71405393e-01, 1.85998693e-01, 6.52071655e-01, 0.0, 0.0,
            0.0 ]
    }
}
