{
    "pose_0": {
        "type_id": "opencv-matrix",
        "rows": 1,
        "cols": 18,
        "dt": "3f",
        "data": [ 5.29419482e-01, 2.07876593e-01, 8.74090493e-01,
            4.72619563e-01, 3.16964030e-01, 8.18742394e-01,
            4.12850887e-01, 3.35948855e-01, 6.91408277e-01,
            3.83696198e-01, 5.40529609e-01, 7.92445302e-01,
            3.39223176e-01, 7.17895031e-01, 7.76874542e-01,
            5.32445073e-01, 3.03270161e-01, 7.43199706e-01,
            5.44772983e-01, 4.88836855e-01, 8.72303128e-01,
            5.84635437e-01, 6.00515246e-01, 8.14761877e-01,
            4.46583658e-01, 6.49655938e-01, 4.60290700e-01,
            5.63144624e-01, 7.31467783e-01, 1.94643572e-01, 0.0, 0.0,
            0.0, 5.17135799e-01, 6.00524843e-01, 6.16126716e-01,
            6.03038609e-01, 6.68752432e-01, 5.06553411e-01,
            6.42943799e-01, 6.98700130e-01, 7.45660812e-02,
            5.09451151e-01, 1.85849518e-01, 9.28865492e-01,
            5.33995688e-01, 1.74981713e-01, 9.12219465e-01,
            4.61890280e-01, 1.80450350e-01, 6.71152711e-01, 0.0, 0.0,
            0.0 ]
    }
}
