{
    "pose_0": {
        "type_id": "opencv-matrix",
        "rows": 1,
        "cols": 18,
        "dt": "3f",
        "data": [ 3.88338059e-01, 2.35072210e-01, 8.31580997e-01,
            3.56112033e-01, 3.14121932e-01, 7.49534190e-01,
            2.87048489e-01, 3.57882738e-01, 6.44887507e-01,
            2.15055898e-01, 4.86035228e-01, 7.80507088e-01,
            1.84295088e-01, 6.19736493e-01, 8.32737088e-01,
            4.23537016e-01, 2.70434171e-01, 7.39362478e-01,
            4.84899879e-01, 3.90507668e-01, 8.22147012e-01,
            5.50879776e-01, 3.79572064e-01, 8.67978692e-01,
            4.37363416e-01, 5.81534922e-01, 4.50418144e-01,
            5.14066815e-01, 7.01455832e-01, 2.56989360e-01,
            6.42900169e-01, 8.18691969e-01, 2.44309038e-01,
            4.95631337e-01, 4.94205236e-01, 5.12225449e-01,
            6.16847038e-01, 3.82389128e-01, 8.42654586e-01,
            7.24207163e-01, 6.22419059e-01, 5.63023388e-01,
            3.71427923e-01, 2.21381873e-01, 8.60218763e-01,
            3.92879874e-01, 2.02243224e-01, 8.32488060e-01,
            3.22304845e-01, 2.21363157e-01, 6.78757608e-01, 0.0, 0.0,
            0.0 ]
    }
}
