{
    "pose_0": {
        "type_id": "opencv-matrix",
        "rows": 1,
        "cols": 18,
        "dt": "3f",
        "data": [ 5.40129364e-01, 1.77789256e-01, 8.38464856e-01,
            4.84959483e-01, 2.81422853e-01, 7.39648700e-01,
            4.25100535e-01, 3.00524056e-01, 6.44930899e-01,
            3.94444585e-01, 5.07801056e-01, 7.98389554e-01,
            3.60652477e-01, 6.76954806e-01, 8.09401274e-01,
            5.46299040e-01, 2.67697513e-01, 7.41943479e-01,
            5.24800181e-01, 3.79693508e-01, 3.19945186e-01,
            5.61640322e-01, 4.06921029e-01, 6.66515112e-01,
            4.46595997e-01, 6.00585997e-01, 5.22075593e-01,
            5.06403804e-01, 7.31554866e-01, 1.83593974e-01,
            6.32154644e-01, 8.46028864e-01, 2.27909386e-01,
            5.20179331e-01, 5.43286443e-01, 5.48099399e-01,
            6.15310550e-01, 4.06854182e-01, 8.00322473e-01,
            7.19635308e-01, 6.49667144e-01, 5.93190908e-01,
            5.20197093e-01, 1.53223917e-01, 8.73067021e-01,
            5.46258569e-01, 1.39713600e-01, 1.02313256e+00,
            4.72612023e-01, 1.55980200e-01, 6.83564603e-01, 0.0, 0.0,
            0.0 ]
    }
}
