{
    "pose_0": {
        "type_id": "opencv-matrix",
        "rows": 1,
        "cols": 18,
        "dt": "3f",
        "data": [ 4.51221287e-01, 2.07713321e-01, 8.47403705e-01,
            4.02111709e-01, 2.70587772e-01, 7.07303941e-01,
            3.28469396e-01, 2.95137405e-01, 5.73133945e-01,
            2.59435773e-01, 4.58746850e-01, 6.95009351e-01,
            2.02724665e-01, 5.97951710e-01, 8.48219872e-01,
            4.71091121e-01, 2.45953530e-01, 7.35419154e-01,
            5.04871845e-01, 3.82313430e-01, 8.39964509e-01,
            5.61649740e-01, 3.66037488e-01, 7.75085390e-01,
            4.38895732e-01, 5.78768849e-01, 4.50444728e-01,
            4.95676875e-01, 6.93302572e-01, 1.93474680e-01,
            6.35230660e-01, 8.13276827e-01, 2.22792983e-01,
            5.07920027e-01, 4.91524309e-01, 5.33056796e-01,
            6.22945428e-01, 3.74145597e-01, 7.90690660e-01,
            7.27216303e-01, 6.19606972e-01, 5.62552631e-01,
            4.35809314e-01, 1.83227167e-01, 9.05211449e-01,
            4.58918512e-01, 1.75054386e-01, 8.88514936e-01,
            3.86776507e-01, 1.64055586e-01, 6.45133257e-01, 0.0, 0.0,
            0.0 ]
    }
}
