{
    "pose_0": {
        "type_id": "opencv-matrix",
        "rows": 1,
        "cols": 18,
        "dt": "3f",
        "data": [ 5.34000933e-01, 2.04942569e-01, 9.10420418e-01,
            4.75703180e-01, 3.11324567e-01, 7.54907012e-01,
            4.17416751e-01, 3.25044602e-01, 6.18574083e-01,
            3.85268509e-01, 5.32423854e-01, 8.25891137e-01,
            3.48337859e-01, 7.06870019e-01, 8.10596406e-01,
            5.34021556e-01, 2.92315692e-01, 7.80456424e-01,
            5.27862787e-01, 4.45006311e-01, 6.73378468e-01,
            5.61646044e-01, 4.83270437e-01, 7.85533488e-01,
            4.46553379e-01, 6.41514778e-01, 3.97951722e-01,
            5.83116353e-01, 6.22326732e-01, 5.77704310e-01,
            7.51782119e-01, 8.16054821e-01, 2.79132962e-01,
            5.12512088e-01, 5.62390447e-01, 4.12981927e-01,
            6.15298331e-01, 5.02367496e-01, 7.69692242e-01,
            7.42572069e-01, 7.06868291e-01, 5.60154676e-01,
            5.18653274e-01, 1.77804589e-01, 8.32113743e-01,
            5.40163159e-01, 1.64286152e-01, 9.38362539e-01,
            4.71059650e-01, 1.64062515e-01, 7.44190931e-01, 0.0, 0.0,
            0.0 ]
    }
}
