{
    "pose_0": {
        "type_id": "opencv-matrix",
        "rows": 1,
        "cols": 18,
        "dt": "3f",
        "data": [ 3.40734541e-01, 2.67789274e-01, 8.33281219e-01,
            3.16189289e-01, 3.38812113e-01, 7.22260654e-01,
            2.50243664e-01, 3.85033518e-01, 6.25539303e-01,
            1.82761580e-01, 4.69697595e-01, 8.23969722e-01,
            1.76699281e-01, 6.25093818e-01, 8.74677718e-01,
            3.83703768e-01, 2.95094460e-01, 7.26752281e-01,
            4.68028665e-01, 4.12317276e-01, 7.78928816e-01,
            5.44685483e-01, 3.95919859e-01, 8.48413527e-01,
            4.29725200e-01, 6.03306174e-01, 4.37935352e-01,
            5.11020005e-01, 7.25984573e-01, 3.04504216e-01,
            6.32173836e-01, 8.29644561e-01, 1.88576162e-01,
            4.81825143e-01, 5.07776260e-01, 4.81754273e-01,
            6.09198451e-01, 4.04077947e-01, 8.09570789e-01,
            7.24160433e-01, 6.41418397e-01, 6.06887579e-01,
            3.22331071e-01, 2.48815835e-01, 8.85836840e-01,
            3.42285156e-01, 2.29516208e-01, 8.71556044e-01,
            2.74800867e-01, 2.67709762e-01, 7.54522741e-01, 0.0, 0.0,
            0.0 ]
    }
}
