{
    "pose_0": {
        "type_id": "opencv-matrix",
        "rows": 1,
        "cols": 18,
        "dt": "3f",
        "data": [ 5.37078977e-01, 2.02342376e-01, 8.71148229e-01,
            4.84897733e-01, 3.08643341e-01, 7.55164742e-01,
            4.25150156e-01, 3.25096458e-01, 6.45370901e-01,
            3.97440434e-01, 5.32276571e-01, 7.99374223e-01,
            3.51489425e-01, 6.95991933e-01, 7.89599657e-01,
            5.44711351e-01, 2.89571345e-01, 7.45430887e-01,
            5.33979416e-01, 4.23291177e-01, 2.85703659e-01,
            5.58513463e-01, 4.39600438e-01, 6.28432691e-01,
            4.45015192e-01, 6.44234061e-01, 4.06892717e-01,
            5.26336193e-01, 5.81519902e-01, 6.94261432e-01,
            6.22968793e-01, 7.61527836e-01, 7.15305954e-02,
            5.21736622e-01, 5.59665918e-01, 3.40373069e-01,
            6.03036702e-01, 4.42371637e-01, 8.13973784e-01,
            7.16461599e-01, 6.74226284e-01, 6.11816049e-01,
            5.20138979e-01, 1.80393517e-01, 8.88074219e-01,
            5.46208084e-01, 1.64091319e-01, 1.02746034e+00,
            4.71161723e-01, 1.77714154e-01, 6.83010042e-01, 0.0, 0.0,
            0.0 ]
    }
}
