{
    "pose_0": {
        "type_id": "opencv-matrix",
        "rows": 1,
        "cols": 18,
        "dt": "3f",
        "data": [ 5.35602748e-01, 2.05018654e-01, 8.93190503e-01,
            4.80347842e-01, 3.08649302e-01, 7.28118539e-01,
            4.22037363e-01, 3.19686472e-01, 6.48259342e-01,
            3.86837691e-01, 5.35042167e-01, 8.11443031e-01,
            3.48461568e-01, 7.04255879e-01, 8.36179137e-01,
            5.35529137e-01, 2.92375028e-01, 7.62112975e-01,
            5.21779895e-01, 4.26043451e-01, 2.11087689e-01,
            5.47781408e-01, 4.45187867e-01, 6.04530394e-01,
            4.46578354e-01, 6.46959007e-01, 4.11242336e-01,
            5.76931059e-01, 5.92420697e-01, 6.30651474e-01,
            7.30320930e-01, 7.99682558e-01, 2.90204853e-01,
            5.09444356e-01, 5.73283136e-01, 3.41954201e-01,
            5.96862912e-01, 4.47913468e-01, 8.77867639e-01,
            7.14985728e-01, 6.71487451e-01, 3.57741356e-01,
            5.20223379e-01, 1.80429444e-01, 8.97118926e-01,
            5.44750214e-01, 1.66838974e-01, 9.58801925e-01,
            4.72635567e-01, 1.64189681e-01, 7.29141235e-01, 0.0, 0.0,
            0.0 ]
    }
}
