{
    "pose_0": {
        "type_id": "opencv-matrix",
        "rows": 1,
        "cols": 18,
        "dt": "3f",
        "data": [ 3.63743067e-01, 2.48739451e-01, 8.97475958e-01,
            3.37629050e-01, 3.22393924e-01, 7.51629472e-01,
            2.71710694e-01, 3.71435881e-01, 5.95518470e-01,
            1.99648499e-01, 4.69541579e-01, 8.19766760e-01,
            1.79695159e-01, 6.19703293e-01, 8.53921175e-01,
            4.02104348e-01, 2.81415671e-01, 6.76594138e-01,
            4.72665459e-01, 4.04079884e-01, 8.73485923e-01,
            5.47852576e-01, 3.82381082e-01, 8.60255480e-01,
            4.38899010e-01, 5.97819984e-01, 4.86568719e-01,
            5.18649399e-01, 7.09742188e-01, 3.18250299e-01,
            6.33688450e-01, 8.18789661e-01, 2.61384189e-01,
            4.86482114e-01, 4.99664575e-01, 5.34459651e-01,
            6.13773108e-01, 3.96030843e-01, 7.69984126e-01,
            7.21137464e-01, 6.27874911e-01, 5.29255807e-01,
            3.45358104e-01, 2.29595721e-01, 8.74135673e-01,
            3.65289897e-01, 2.07895115e-01, 8.66391897e-01,
            2.96275198e-01, 2.35106751e-01, 6.94586456e-01, 0.0, 0.0,
            0.0 ]
    }
}
