{
    "pose_0": {
        "type_id": "opencv-matrix",
        "rows": 1,
        "cols": 18,
        "dt": "3f",
        "data": [ 5.33980310e-01, 2.04954460e-01, 9.05050814e-01,
            4.74224299e-01, 3.11359793e-01, 7.69854188e-01,
            4.17416990e-01, 3.25060636e-01, 6.18735671e-01,
            3.85185122e-01, 5.35008252e-01, 8.31445754e-01,
            3.46851647e-01, 7.06969976e-01, 8.06677699e-01,
            5.33993781e-01, 2.92276263e-01, 7.92209685e-01,
            5.30939460e-01, 4.47763264e-01, 7.02698052e-01,
            5.67730606e-01, 4.94271368e-01, 7.88708150e-01,
            4.46556091e-01, 6.44224286e-01, 4.15226549e-01,
            5.83110154e-01, 6.27857924e-01, 6.37269974e-01,
            7.39519119e-01, 7.91514695e-01, 1.68673024e-01,
            5.11005342e-01, 5.75988293e-01, 4.41673815e-01,
            6.18331611e-01, 5.32456338e-01, 7.76053548e-01,
            7.62542367e-01, 7.20567107e-01, 3.88655007e-01,
            5.18604457e-01, 1.77795500e-01, 8.14562440e-01,
            5.40152729e-01, 1.64286628e-01, 9.54648852e-01,
            4.71056700e-01, 1.64057508e-01, 7.47669756e-01, 0.0, 0.0,
            0.0 ]
    }
}
