{
    "pose_0": {
        "type_id": "opencv-matrix",
        "rows": 1,
        "cols": 18,
        "dt": "3f",
        "data": [ 4.91048336e-01, 1.64118066e-01, 8.58102977e-01,
            4.34280694e-01, 2.48731464e-01, 7.83538103e-01,
            3.62271816e-01, 2.70470768e-01, 6.33812428e-01,
            3.11647445e-01, 4.53271985e-01, 7.63667703e-01,
            2.67159909e-01, 6.16872370e-01, 7.65031219e-01,
            4.98739868e-01, 2.26814121e-01, 7.48754859e-01,
            5.10987937e-01, 3.63353431e-01, 7.92067945e-01,
            5.58562100e-01, 3.74141872e-01, 7.90184677e-01,
            4.40450668e-01, 5.75947165e-01, 4.83258039e-01,
            4.86444473e-01, 6.76981688e-01, 2.45342076e-01,
            6.35221064e-01, 8.10614765e-01, 1.67618781e-01,
            5.09454072e-01, 5.05061388e-01, 5.33518791e-01,
            6.16819143e-01, 3.74118537e-01, 8.19124401e-01,
            7.19608843e-01, 6.11512959e-01, 5.85181534e-01,
            4.72630173e-01, 1.39639273e-01, 9.27904904e-01,
            4.97209489e-01, 1.25924647e-01, 9.01115060e-01,
            4.25088286e-01, 1.23299092e-01, 6.43558979e-01, 0.0, 0.0,
            0.0 ]
    }
}
