{
    "pose_0": {
        "type_id": "opencv-matrix",
        "rows": 1,
        "cols": 18,
        "dt": "3f",
        "data": [ 4.48086143e-01, 2.10499719e-01, 9.13802028e-01,
            3.99051070e-01, 2.73180366e-01, 7.24445522e-01,
            3.23908746e-01, 3.00516814e-01, 5.69461048e-01,
            2.53328770e-01, 4.66794580e-01, 7.36777246e-01,
            2.01100245e-01, 6.00566447e-01, 8.28167796e-01,
            4.69533205e-01, 2.48673230e-01, 7.17072904e-01,
            5.04868686e-01, 3.82416278e-01, 8.39019477e-01,
            5.64676642e-01, 3.68675053e-01, 7.57640898e-01,
            4.37413216e-01, 5.78808904e-01, 4.64408368e-01,
            5.07937193e-01, 7.06965446e-01, 2.41413891e-01,
            6.41365170e-01, 8.15956533e-01, 1.87129170e-01,
            5.06397247e-01, 4.94185150e-01, 5.38359582e-01,
            6.21453643e-01, 3.76841426e-01, 8.10827672e-01,
            7.27216721e-01, 6.19638383e-01, 5.82498550e-01,
            4.32771087e-01, 1.86017036e-01, 9.35318410e-01,
            4.55782026e-01, 1.80493772e-01, 8.59665751e-01,
            3.85220200e-01, 1.69636890e-01, 6.68298185e-01, 0.0, 0.0,
            0.0 ]
    }
}
