{
    "pose_0": {
        "type_id": "opencv-matrix",
        "rows": 1,
        "cols": 18,
        "dt": "3f",
        "data": [ 5.34012496e-01, 2.07751185e-01, 9.36589122e-01,
            4.74191636e-01, 3.16881359e-01, 7.99249291e-01,
            4.14390892e-01, 3.35953116e-01, 6.67934358e-01,
            3.85184109e-01, 5.40542245e-01, 8.00127864e-01,
            3.40727597e-01, 7.15151846e-01, 7.62651443e-01,
            5.34017622e-01, 3.00506562e-01, 7.74353087e-01,
            5.40145576e-01, 4.72401232e-01, 7.64196396e-01,
            5.81542015e-01, 5.75940311e-01, 8.54466200e-01,
            4.46579784e-01, 6.44220233e-01, 4.57494885e-01,
            6.07617736e-01, 7.31500566e-01, 3.44232827e-01,
            7.28771091e-01, 8.37845683e-01, 4.71972466e-01,
            5.15584409e-01, 5.95077932e-01, 5.38753510e-01,
            6.45992815e-01, 6.76940203e-01, 5.90895116e-01,
            7.82474458e-01, 7.55997419e-01, 6.09986126e-01,
            5.17118335e-01, 1.83136418e-01, 8.59675765e-01,
            5.40144563e-01, 1.69628516e-01, 8.82808805e-01,
            4.69529629e-01, 1.72272906e-01, 6.85951173e-01, 0.0, 0.0,
            0.0 ]
    }
}
