{
    "pose_0": {
        "type_id": "opencv-matrix",
        "rows": 1,
        "cols": 18,
        "dt": "3f",
        "data": [ 5.23262262e-01, 1.64015159e-01, 9.31111872e-01,
            4.72713768e-01, 2.67779022e-01, 7.72288561e-01,
            4.09783989e-01, 2.92228311e-01, 6.72183871e-01,
            3.72898132e-01, 4.91367340e-01, 8.13162446e-01,
            3.29999626e-01, 6.49638116e-01, 7.76835680e-01,
            5.37078381e-01, 2.48595938e-01, 7.57636428e-01,
            5.23269475e-01, 3.57732952e-01, 5.56514084e-01,
            5.58585584e-01, 4.01285410e-01, 7.86562085e-01,
            4.46556062e-01, 5.84189832e-01, 4.81010586e-01,
            4.97183979e-01, 7.15149343e-01, 1.77365273e-01,
            6.32144868e-01, 8.35157692e-01, 1.23944387e-01,
            5.20146489e-01, 5.21479130e-01, 5.46047747e-01,
            6.13766134e-01, 3.98673356e-01, 7.85621524e-01,
            7.19578326e-01, 6.36040032e-01, 6.27432883e-01,
            5.04838049e-01, 1.39596567e-01, 8.79305542e-01,
            5.32398939e-01, 1.23238832e-01, 9.46718395e-01,
            4.58853871e-01, 1.45101160e-01, 6.85339749e-01, 0.0, 0.0,
            0.0 ]
    }
}
