{
    "pose_0": {
        "type_id": "opencv-matrix",
        "rows": 1,
        "cols": 18,
        "dt": "3f",
        "data": [ 3.51544321e-01, 2.54091829e-01, 8.81710112e-01,
            3.26942712e-01, 3.30532074e-01, 7.38554001e-01,
            2.60993093e-01, 3.71458620e-01, 6.27557099e-01,
            1.90504044e-01, 4.66855854e-01, 8.31681311e-01,
            1.78179771e-01, 6.19599223e-01, 8.66697907e-01,
            3.95925462e-01, 2.89646745e-01, 7.05122113e-01,
            4.71058011e-01, 4.04184699e-01, 8.69093180e-01,
            5.46214998e-01, 3.85116071e-01, 8.84967268e-01,
            4.35825378e-01, 5.97879171e-01, 4.72146869e-01,
            5.18655598e-01, 7.17853963e-01, 2.51728445e-01,
            6.38314664e-01, 8.21497083e-01, 2.01431200e-01,
            4.83433336e-01, 5.02385378e-01, 5.35564542e-01,
            6.12234294e-01, 3.98757517e-01, 8.01545799e-01,
            7.18055725e-01, 6.25173569e-01, 6.04886234e-01,
            3.36080998e-01, 2.35053763e-01, 8.96704495e-01,
            3.57594073e-01, 2.18668878e-01, 8.08979154e-01,
            2.87007719e-01, 2.45869637e-01, 7.29187608e-01, 0.0, 0.0,
            0.0 ]
    }
}
