{
    "pose_0": {
        "type_id": "opencv-matrix",
        "rows": 1,
        "cols": 18,
        "dt": "3f",
        "data": [ 3.85222077e-01, 2.43201315e-01, 8.55003715e-01,
            3.50025564e-01, 3.16803813e-01, 7.61094451e-01,
            2.83995450e-01, 3.60563129e-01, 6.20709181e-01,
            2.13498726e-01, 4.83242869e-01, 7.83892393e-01,
            1.84285060e-01, 6.19780540e-01, 8.36338341e-01,
            4.18964118e-01, 2.70497739e-01, 7.22484648e-01,
            4.83428568e-01, 3.93293381e-01, 8.35449934e-01,
            5.52429855e-01, 3.79647166e-01, 8.83772731e-01,
            4.40427899e-01, 5.86964905e-01, 4.41730827e-01,
            5.17134070e-01, 7.04203665e-01, 2.24167019e-01,
            6.35234356e-01, 8.16042364e-01, 2.59221733e-01,
            4.94126111e-01, 4.99641031e-01, 5.22866607e-01,
            6.16810441e-01, 3.85101408e-01, 8.09101880e-01,
            7.27251530e-01, 6.25180602e-01, 5.63832521e-01,
            3.63766044e-01, 2.24173039e-01, 8.69956911e-01,
            3.86714697e-01, 2.05070674e-01, 9.19502854e-01,
            3.14696968e-01, 2.26828665e-01, 6.96979105e-01, 0.0, 0.0,
            0.0 ]
    }
}
