{
    "pose_0": {
        "type_id": "opencv-matrix",
        "rows": 1,
        "cols": 18,
        "dt": "3f",
        "data": [ 5.34056365e-01, 2.04935998e-01, 8.95066500e-01,
            4.75739419e-01, 3.08727235e-01, 7.44152427e-01,
            4.17421252e-01, 3.27776104e-01, 6.19443417e-01,
            3.86723071e-01, 5.32454669e-01, 8.45976830e-01,
            3.48417670e-01, 7.06818223e-01, 8.15727949e-01,
            5.34073293e-01, 2.92273074e-01, 7.49395072e-01,
            5.23282409e-01, 4.23250079e-01, 4.61616337e-01,
            5.56978405e-01, 4.69633192e-01, 7.93189764e-01,
            4.46588010e-01, 6.44225895e-01, 3.81779045e-01,
            5.83031952e-01, 6.11490130e-01, 6.72747791e-01,
            7.53334463e-01, 8.13317657e-01, 3.19911450e-01,
            5.09481609e-01, 5.67838788e-01, 3.69292945e-01,
            6.09149456e-01, 4.88655210e-01, 8.26223612e-01,
            7.31839180e-01, 6.96074128e-01, 4.77499366e-01,
            5.20119488e-01, 1.80432141e-01, 8.58430564e-01,
            5.41685522e-01, 1.64289936e-01, 9.38040733e-01,
            4.71109003e-01, 1.64098069e-01, 7.60054588e-01, 0.0, 0.0,
            0.0 ]
    }
}
