{
    "pose_0": {
        "type_id": "opencv-matrix",
        "rows": 1,
        "cols": 18,
        "dt": "3f",
        "data": [ 3.72916579e-01, 2.48796523e-01, 8.86623502e-01,
            3.43820572e-01, 3.22307765e-01, 7.23938823e-01,
            2.76345581e-01, 3.66022438e-01, 6.13478124e-01,
            2.04278335e-01, 4.72387195e-01, 7.83560872e-01,
            1.81273431e-01, 6.22314334e-01, 8.28443944e-01,
            4.09742475e-01, 2.78746396e-01, 7.05450237e-01,
            4.80306536e-01, 4.04087722e-01, 8.50457966e-01,
            5.47843575e-01, 3.82481337e-01, 8.69798183e-01,
            4.38925207e-01, 5.97796082e-01, 4.66504931e-01,
            5.12521684e-01, 7.09658504e-01, 2.49153346e-01,
            6.39837682e-01, 8.21534336e-01, 1.60225242e-01,
            4.89523441e-01, 5.07799029e-01, 5.27333260e-01,
            6.15310431e-01, 3.98645818e-01, 7.93101430e-01,
            7.22652614e-01, 6.25192642e-01, 5.88418961e-01,
            3.51469785e-01, 2.29619250e-01, 8.73086214e-01,
            3.74436289e-01, 2.10540444e-01, 8.91652882e-01,
            3.03969413e-01, 2.29710981e-01, 6.89941704e-01, 0.0, 0.0,
            0.0 ]
    }
}
