{
    "pose_0": {
        "type_id": "opencv-matrix",
        "rows": 1,
        "cols": 18,
        "dt": "3f",
        "data": [ 5.21742582e-01, 1.61441535e-01, 9.62747693e-01,
            4.72639024e-01, 2.65081882e-01, 7.80436575e-01,
            4.09749806e-01, 2.89591551e-01, 6.64782166e-01,
            3.69907647e-01, 4.88752007e-01, 7.92120099e-01,
            3.25447440e-01, 6.46920681e-01, 8.33631039e-01,
            5.35534859e-01, 2.45980501e-01, 7.53871977e-01,
            5.20233512e-01, 3.60536426e-01, 5.06819606e-01,
            5.60076833e-01, 3.98651302e-01, 7.30855703e-01,
            4.46548134e-01, 5.84229290e-01, 4.81877565e-01,
            5.07922709e-01, 7.28740156e-01, 2.13046685e-01,
            6.33701205e-01, 8.35048497e-01, 1.67509526e-01,
            5.18673599e-01, 5.18775344e-01, 5.42487085e-01,
            6.15279973e-01, 3.95983845e-01, 7.83678770e-01,
            7.16568410e-01, 6.25134945e-01, 6.41192675e-01,
            5.00269711e-01, 1.39516369e-01, 8.78012419e-01,
            5.30878484e-01, 1.20629214e-01, 9.52227354e-01,
            4.58777785e-01, 1.45063058e-01, 6.82083905e-01, 0.0, 0.0,
            0.0 ]
    }
}
