{
    "pose_0": {
        "type_id": "opencv-matrix",
        "rows": 1,
        "cols": 18,
        "dt": "3f",
        "data": [ 5.34004331e-01, 2.05076188e-01, 9.13551271e-01,
            4.75729406e-01, 3.14100832e-01, 7.88881183e-01,
            4.14395928e-01, 3.30466747e-01, 6.38493180e-01,
            3.83660436e-01, 5.35112619e-01, 8.06378007e-01,
            3.40734661e-01, 7.09790409e-01, 7.91455150e-01,
            5.35535574e-01, 2.95089394e-01, 7.92533278e-01,
            5.34080625e-01, 4.66861665e-01, 8.05706143e-01,
            5.78445911e-01, 5.29631376e-01, 7.77934909e-01,
            4.46556479e-01, 6.44183099e-01, 4.31281328e-01,
            6.04571819e-01, 6.68747246e-01, 2.95520425e-01,
            7.41041243e-01, 8.16021502e-01, 2.38023847e-01,
            5.17111182e-01, 5.81472337e-01, 4.90330786e-01,
            6.27570033e-01, 5.78859866e-01, 7.35650897e-01,
            7.85543025e-01, 7.45085835e-01, 3.86530071e-01,
            5.17128110e-01, 1.80534542e-01, 8.46189380e-01,
            5.41634500e-01, 1.66842550e-01, 9.55482662e-01,
            4.69594896e-01, 1.66832522e-01, 7.14490891e-01, 0.0, 0.0,
            0.0 ]
    }
}
