{
    "pose_0": {
        "type_id": "opencv-matrix",
        "rows": 1,
        "cols": 18,
        "dt": "3f",
        "data": [ 5.27842939e-01, 2.07683384e-01, 8.73551369e-01,
            4.72594947e-01, 3.16959947e-01, 8.21927845e-01,
            4.11366671e-01, 3.36012989e-01, 6.91271901e-01,
            3.83686900e-01, 5.37894726e-01, 7.99049020e-01,
            3.39216232e-01, 7.20565379e-01, 7.77047992e-01,
            5.32436609e-01, 3.03203583e-01, 7.41726577e-01,
            5.44801235e-01, 4.88739043e-01, 8.71266723e-01,
            5.86143017e-01, 6.00521922e-01, 8.05210650e-01,
            4.46574241e-01, 6.49693608e-01, 4.54347193e-01,
            5.90758443e-01, 7.36927211e-01, 2.06424549e-01,
            7.28761971e-01, 8.37960601e-01, 1.06747895e-01,
            5.18631518e-01, 5.97899675e-01, 5.96906662e-01,
            6.04531229e-01, 6.71510577e-01, 3.84682983e-01, 0.0, 0.0,
            0.0, 5.08000135e-01, 1.83178917e-01, 9.21580851e-01,
            5.32497406e-01, 1.69635579e-01, 9.18449104e-01,
            4.61897314e-01, 1.80500522e-01, 6.79091394e-01, 0.0, 0.0,
            0.0 ]
    }
}
