{
    "pose_0": {
        "type_id": "opencv-matrix",
        "rows": 1,
        "cols": 18,
        "dt": "3f",
        "data": [ 4.97185022e-01, 1.61312073e-01, 9.26521480e-01,
            4.40435112e-01, 2.48708308e-01, 7.66150534e-01,
            3.72948617e-01, 2.70517647e-01, 6.63470209e-01,
            3.23920041e-01, 4.64156091e-01, 7.98763692e-01,
            2.84013480e-01, 6.19597375e-01, 8.16547036e-01,
            5.07928908e-01, 2.26797342e-01, 7.92527437e-01,
            5.15606582e-01, 3.60667825e-01, 7.67368555e-01,
            5.58508635e-01, 3.76913130e-01, 7.96334386e-01,
            4.43490803e-01, 5.76042175e-01, 4.80602026e-01,
            4.95667726e-01, 6.90615058e-01, 1.86756700e-01,
            6.32194281e-01, 8.13351870e-01, 2.17461854e-01,
            5.11006355e-01, 4.99643564e-01, 5.28127611e-01,
            6.16833985e-01, 3.76795858e-01, 8.27682018e-01,
            7.19614446e-01, 6.16900027e-01, 6.10082924e-01,
            4.81796294e-01, 1.36746302e-01, 8.58486950e-01,
            5.06344438e-01, 1.20496958e-01, 9.55867708e-01,
            4.32789654e-01, 1.20489582e-01, 7.16485500e-01, 0.0, 0.0,
            0.0 ]
    }
}
