{
    "pose_0": {
        "type_id": "opencv-matrix",
        "rows": 1,
        "cols": 18,
        "dt": "3f",
        "data": [ 5.44729054e-01, 1.94117278e-01, 8.74130845e-01,
            4.89527911e-01, 2.95189381e-01, 7.49409020e-01,
            4.31261748e-01, 3.16945106e-01, 6.63134873e-01,
            3.99000943e-01, 5.16076326e-01, 8.05657506e-01,
            3.59105051e-01, 6.85162663e-01, 8.13101292e-01,
            5.46306252e-01, 2.78739750e-01, 7.34557271e-01,
            5.38610756e-01, 4.17807609e-01, 2.73498386e-01,
            5.57023346e-01, 4.26055610e-01, 6.72461331e-01,
            4.49655682e-01, 6.14183426e-01, 4.76262897e-01,
            5.34005105e-01, 7.09674835e-01, 8.30379277e-02,
            6.32195175e-01, 8.37970555e-01, 3.07198167e-01,
            5.21782875e-01, 5.54259539e-01, 5.21761656e-01,
            6.09125316e-01, 4.26052719e-01, 8.47032428e-01,
            7.18032777e-01, 6.66091025e-01, 6.03444219e-01,
            5.21810472e-01, 1.66899145e-01, 8.71094346e-01,
            5.50888896e-01, 1.58705726e-01, 9.16895151e-01,
            4.78759706e-01, 1.64225131e-01, 6.97555482e-01, 0.0, 0.0,
            0.0 ]
    }
}
