{
    "pose_0": {
        "type_id": "opencv-matrix",
        "rows": 1,
        "cols": 18,
        "dt": "3f",
        "data": [ 4.14412975e-01, 2.35030740e-01, 8.33054304e-01,
            3.74552906e-01, 2.97764212e-01, 7.59257972e-01,
            3.00885648e-01, 3.38664114e-01, 6.08970463e-01,
            2.30320767e-01, 4.88805801e-01, 7.78034449e-01,
            1.85818762e-01, 6.19529247e-01, 8.01882267e-01,
            4.45045501e-01, 2.65090436e-01, 6.94941282e-01,
            4.95649666e-01, 3.93265009e-01, 8.30591321e-01,
            5.58615208e-01, 3.79585057e-01, 8.47567856e-01,
            4.37379271e-01, 5.86949170e-01, 4.81782138e-01,
            5.10991931e-01, 7.06904829e-01, 2.93390155e-01,
            6.47524118e-01, 8.18736911e-01, 1.66598916e-01,
            4.97177482e-01, 5.02340972e-01, 5.56289017e-01,
            6.18376970e-01, 3.82435352e-01, 8.43786299e-01,
            7.27215409e-01, 6.22425318e-01, 5.70383430e-01,
            3.97536337e-01, 2.15933740e-01, 8.82213533e-01,
            4.21998292e-01, 2.04907864e-01, 9.40513134e-01,
            3.48419726e-01, 2.07706213e-01, 6.96657360e-01, 0.0, 0.0,
            0.0 ]
    }
}
