{
    "pose_0": {
        "type_id": "opencv-matrix",
        "rows": 1,
        "cols": 18,
        "dt": "3f",
        "data": [ 5.21823943e-01, 1.94180995e-01, 8.70511651e-01,
            4.71096426e-01, 3.19708109e-01, 8.15251112e-01,
            4.11286891e-01, 3.36038798e-01, 6.98294401e-01,
            3.83634746e-01, 5.40544033e-01, 7.89282084e-01,
            3.37753296e-01, 7.26063013e-01, 7.85817862e-01,
            5.27884781e-01, 3.11475724e-01, 7.32669234e-01,
            5.44712007e-01, 4.88800257e-01, 8.62276196e-01,
            5.83130717e-01, 6.00458503e-01, 8.43817711e-01,
            4.46542412e-01, 6.49668932e-01, 4.64949936e-01,
            5.70802331e-01, 7.28790224e-01, 2.33634502e-01,
            7.31848359e-01, 8.37949932e-01, 1.10208571e-01,
            5.14051020e-01, 6.00589514e-01, 6.06332779e-01,
            6.03010535e-01, 6.68755233e-01, 4.99699891e-01,
            6.44482613e-01, 6.98796928e-01, 1.37803152e-01,
            5.06331384e-01, 1.66911975e-01, 8.39938521e-01,
            5.29384851e-01, 1.61392868e-01, 9.17607427e-01,
            4.58795369e-01, 1.69616625e-01, 6.99975908e-01, 0.0, 0.0,
            0.0 ]
    }
}
