{
    "pose_0": {
        "type_id": "opencv-matrix",
        "rows": 1,
        "cols": 18,
        "dt": "3f",
        "data": [ 4.18980598e-01, 2.35082790e-01, 8.09742630e-01,
            3.76050174e-01, 2.95128465e-01, 7.46098161e-01,
            3.00910443e-01, 3.36018503e-01, 6.02814198e-01,
            2.33372822e-01, 4.88760978e-01, 7.65115023e-01,
            1.85841411e-01, 6.16967082e-01, 8.00421059e-01,
            4.46548969e-01, 2.65016437e-01, 7.07454026e-01,
            4.95722950e-01, 3.95927429e-01, 8.40237439e-01,
            5.58560967e-01, 3.79599631e-01, 8.70288610e-01,
            4.37380254e-01, 5.89662492e-01, 4.73925442e-01,
            5.12518644e-01, 7.06900656e-01, 2.89494306e-01,
            6.85840964e-01, 8.37819934e-01, 3.74027461e-01,
            4.97184098e-01, 4.99665022e-01, 5.51649272e-01,
            6.18386149e-01, 3.82376581e-01, 8.53033304e-01,
            7.28732646e-01, 6.25146329e-01, 5.81682563e-01,
            3.99060935e-01, 2.13277623e-01, 8.76310349e-01,
            4.23510402e-01, 2.02361494e-01, 9.32975888e-01,
            3.49983186e-01, 2.05024123e-01, 7.02040732e-01, 0.0, 0.0,
            0.0 ]
    }
}
