{
    "pose_0": {
        "type_id": "opencv-matrix",
        "rows": 1,
        "cols": 18,
        "dt": "3f",
        "data": [ 3.39287490e-01, 2.70445824e-01, 8.52748513e-01,
            3.14703792e-01, 3.41505259e-01, 7.20742404e-01,
            2.50233352e-01, 3.85076523e-01, 6.09149158e-01,
            1.81258291e-01, 4.66969341e-01, 8.27365935e-01,
            1.78224623e-01, 6.22495711e-01, 8.72390449e-01,
            3.83693814e-01, 3.00491422e-01, 6.93784118e-01,
            4.69605327e-01, 4.09622878e-01, 8.13497066e-01,
            5.47784507e-01, 3.96024615e-01, 8.17771912e-01,
            4.34278786e-01, 6.08756721e-01, 4.44009125e-01,
            5.17138064e-01, 7.28690565e-01, 2.66838968e-01,
            6.32136345e-01, 8.35083723e-01, 2.91464210e-01,
            4.83362198e-01, 5.10576963e-01, 4.84250009e-01,
            6.15285158e-01, 4.06853348e-01, 7.98255742e-01,
            7.19586909e-01, 6.30615413e-01, 5.57442129e-01,
            3.22286248e-01, 2.51421511e-01, 8.84226501e-01,
            3.40740979e-01, 2.29603663e-01, 8.69571805e-01,
            2.74757981e-01, 2.67825633e-01, 7.57159293e-01, 0.0, 0.0,
            0.0 ]
    }
}
