{
    "pose_0": {
        "type_id": "opencv-matrix",
        "rows": 1,
        "cols": 18,
        "dt": "3f",
        "data": [ 5.44679523e-01, 1.96840793e-01, 8.69438589e-01,
            4.89505917e-01, 2.97833413e-01, 7.38230228e-01,
            4.31246608e-01, 3.17012757e-01, 6.62195265e-01,
            3.99051785e-01, 5.16044378e-01, 8.00119162e-01,
            3.57624531e-01, 6.85168147e-01, 8.04905057e-01,
            5.46296060e-01, 2.81453758e-01, 7.25716412e-01,
            5.35544336e-01, 4.23306018e-01, 2.21988440e-01,
            5.57045400e-01, 4.28685457e-01, 6.41654730e-01,
            4.46551323e-01, 6.19684696e-01, 4.36545551e-01,
            4.81862515e-01, 6.38740480e-01, 5.81890821e-01,
            6.39809847e-01, 8.40544641e-01, 4.06223238e-01,
            5.21792114e-01, 5.56984961e-01, 5.09906948e-01,
            6.07652903e-01, 4.28696066e-01, 8.46503735e-01,
            7.16490686e-01, 6.63354456e-01, 5.89600325e-01,
            5.21753490e-01, 1.66951790e-01, 8.90405715e-01,
            5.49342513e-01, 1.61290914e-01, 9.49541211e-01,
            4.74235713e-01, 1.66853994e-01, 6.64583683e-01, 0.0, 0.0,
            0.0 ]
    }
}
