{
    "pose_0": {
        "type_id": "opencv-matrix",
        "rows": 1,
        "cols": 18,
        "dt": "3f",
        "data": [ 3.73014867e-01, 2.51296580e-01, 9.21119213e-01,
            3.46864402e-01, 3.19591492e-01, 7.66621828e-01,
            2.76373565e-01, 3.63251954e-01, 6.18080318e-01,
            2.07344636e-01, 4.72449154e-01, 7.45190561e-01,
            1.82764888e-01, 6.22296989e-01, 8.25638473e-01,
            4.11280483e-01, 2.76025325e-01, 7.04942286e-01,
            4.80333745e-01, 4.01499093e-01, 8.43181610e-01,
            5.49314201e-01, 3.82400841e-01, 8.73971820e-01,
            4.37406063e-01, 5.97789168e-01, 4.77369040e-01,
            5.14062405e-01, 7.09609330e-01, 2.91697681e-01,
            6.30653560e-01, 8.16136718e-01, 2.20340893e-01,
            4.89521772e-01, 5.07831454e-01, 5.46435237e-01,
            6.15272403e-01, 3.98648620e-01, 7.82246113e-01,
            7.19610929e-01, 6.22415960e-01, 5.64269066e-01,
            3.53005886e-01, 2.29656175e-01, 8.71874630e-01,
            3.76037508e-01, 2.10559547e-01, 8.90031457e-01,
            3.08547050e-01, 2.29519188e-01, 7.31966794e-01, 0.0, 0.0,
            0.0 ]
    }
}
