{
    "pose_0": {
        "type_id": "opencv-matrix",
        "rows": 1,
        "cols": 18,
        "dt": "3f",
        "data": [ 5.35564542e-01, 2.04992607e-01, 8.88278604e-01,
            4.78813797e-01, 3.08705956e-01, 7.23696649e-01,
            4.22016025e-01, 3.19708288e-01, 6.39311075e-01,
            3.86812210e-01, 5.35062551e-01, 8.12169254e-01,
            3.48434001e-01, 7.06815243e-01, 8.20614815e-01,
            5.34057856e-01, 2.92385370e-01, 7.67643690e-01,
            5.21728575e-01, 4.47843403e-01, 1.73349217e-01,
            5.47847450e-01, 4.47799623e-01, 5.01885176e-01,
            4.46558088e-01, 6.44201040e-01, 3.99383068e-01,
            5.83036602e-01, 5.89670777e-01, 6.30044103e-01,
            7.30339170e-01, 7.94260442e-01, 3.15675050e-01,
            5.09461582e-01, 5.67849815e-01, 3.75679642e-01,
            5.98447561e-01, 4.55973744e-01, 8.16267669e-01,
            7.13456571e-01, 6.68787777e-01, 4.40837950e-01,
            5.20190716e-01, 1.77812085e-01, 8.67755771e-01,
            5.44703484e-01, 1.64286375e-01, 9.64174569e-01,
            4.71165836e-01, 1.64105222e-01, 7.36079812e-01, 0.0, 0.0,
            0.0 ]
    }
}
