{
    "pose_0": {
        "type_id": "opencv-matrix",
        "rows": 1,
        "cols": 18,
        "dt": "3f",
        "data": [ 3.37617248e-01, 2.70451486e-01, 9.03526902e-01,
            3.13102543e-01, 3.41480762e-01, 7.68159807e-01,
            2.47193038e-01, 3.85058880e-01, 6.12706184e-01,
            1.78198725e-01, 4.69652653e-01, 8.67459893e-01,
            1.76639304e-01, 6.25168025e-01, 8.59027624e-01,
            3.80635858e-01, 3.00507307e-01, 6.84831440e-01,
            4.61958379e-01, 4.12363976e-01, 7.88617373e-01,
            5.43197989e-01, 3.95960808e-01, 8.33080411e-01,
            4.26624775e-01, 6.06042206e-01, 4.35391098e-01,
            5.11012077e-01, 7.28760123e-01, 3.13677639e-01,
            6.30628467e-01, 8.32431257e-01, 2.58623391e-01,
            4.75744843e-01, 5.07825494e-01, 4.70096171e-01,
            6.07680798e-01, 4.04142082e-01, 8.26247513e-01,
            7.18030930e-01, 6.35995328e-01, 5.99804401e-01,
            3.14741164e-01, 2.51459599e-01, 8.72039258e-01,
            3.37668747e-01, 2.29740098e-01, 8.84553015e-01,
            2.71707356e-01, 2.65009522e-01, 7.14242220e-01, 0.0, 0.0,
            0.0 ]
    }
}
