{
    "pose_0": {
        "type_id": "opencv-matrix",
        "rows": 1,
        "cols": 18,
        "dt": "3f",
        "data": [ 3.74429017e-01, 2.51330316e-01, 9.20918524e-01,
            3.46844912e-01, 3.19679290e-01, 7.44917870e-01,
            2.76364267e-01, 3.63311857e-01, 6.04235649e-01,
            2.07307845e-01, 4.72421974e-01, 7.54590154e-01,
            1.82778761e-01, 6.22307003e-01, 8.24351728e-01,
            4.09811825e-01, 2.78725803e-01, 6.98040366e-01,
            4.80343044e-01, 4.01544809e-01, 8.41251135e-01,
            5.47866821e-01, 3.82428646e-01, 8.73193920e-01,
            4.40423727e-01, 5.97864807e-01, 4.68560219e-01,
            5.14075279e-01, 7.09708631e-01, 2.52847493e-01,
            6.32177114e-01, 8.18765819e-01, 2.20526844e-01,
            4.91067410e-01, 5.10458589e-01, 5.38792729e-01,
            6.15295589e-01, 3.98672491e-01, 7.87940681e-01,
            7.24184513e-01, 6.30548954e-01, 5.49455047e-01,
            3.53022277e-01, 2.29668304e-01, 8.74273717e-01,
            3.76010209e-01, 2.10577518e-01, 8.66390109e-01,
            3.06999713e-01, 2.29549125e-01, 7.13144481e-01, 0.0, 0.0,
            0.0 ]
    }
}
