{
    "pose_0": {
        "type_id": "opencv-matrix",
        "rows": 1,
        "cols": 18,
        "dt": "3f",
        "data": [ 5.32409966e-01, 2.10566044e-01, 8.63879800e-01,
            4.72677737e-01, 3.19635659e-01, 7.89845467e-01,
            4.14375663e-01, 3.36033583e-01, 6.72179401e-01,
            3.83677095e-01, 5.40595055e-01, 7.84701049e-01,
            3.39234352e-01, 7.20542192e-01, 7.70944536e-01,
            5.32457769e-01, 3.08640361e-01, 7.43549287e-01,
            5.44694364e-01, 4.88641024e-01, 8.29415619e-01,
            5.83107650e-01, 5.97727656e-01, 8.35501611e-01,
            4.48085338e-01, 6.49651945e-01, 4.67545956e-01,
            5.84617138e-01, 7.36959577e-01, 2.31026918e-01, 0.0, 0.0,
            0.0, 5.17137527e-01, 5.97889721e-01, 6.05045974e-01,
            5.95385253e-01, 6.60591066e-01, 2.81938314e-01, 0.0, 0.0,
            0.0, 5.11000514e-01, 1.86003223e-01, 8.89478683e-01,
            5.34029543e-01, 1.80419847e-01, 9.25241470e-01,
            4.61949259e-01, 1.77748233e-01, 6.65644526e-01, 0.0, 0.0,
            0.0 ]
    }
}
