{
    "pose_0": {
        "type_id": "opencv-matrix",
        "rows": 1,
        "cols": 18,
        "dt": "3f",
        "data": [ 5.43213189e-01, 1.96860999e-01, 8.43234599e-01,
            4.88011658e-01, 3.00484061e-01, 7.39834368e-01,
            4.31217968e-01, 3.19571793e-01, 6.61017179e-01,
            3.99084151e-01, 5.16090810e-01, 7.86476195e-01,
            3.56093287e-01, 6.87797010e-01, 7.98269272e-01,
            5.46293974e-01, 2.86865622e-01, 7.41791427e-01,
            5.41670024e-01, 4.26033109e-01, 2.45737553e-01,
            5.58589995e-01, 4.28679258e-01, 6.11514986e-01,
            4.46583509e-01, 6.19651735e-01, 4.41508025e-01,
            4.89500701e-01, 6.35999084e-01, 5.78195870e-01,
            6.42908096e-01, 8.37907314e-01, 2.09030211e-01,
            5.23262322e-01, 5.56991518e-01, 4.90537643e-01,
            6.07612491e-01, 4.31409389e-01, 8.35396349e-01,
            7.16565788e-01, 6.66036725e-01, 6.05925560e-01,
            5.21713257e-01, 1.72285363e-01, 8.72307777e-01,
            5.47839582e-01, 1.61376432e-01, 9.73985195e-01,
            4.75714982e-01, 1.64262906e-01, 6.69011474e-01, 0.0, 0.0,
            0.0 ]
    }
}
