{
    "pose_0": {
        "type_id": "opencv-matrix",
        "rows": 1,
        "cols": 18,
        "dt": "3f",
        "data": [ 5.34054220e-01, 2.04916894e-01, 8.92796040e-01,
            4.75745887e-01, 3.11327010e-01, 7.38712668e-01,
            4.18949336e-01, 3.27761114e-01, 6.20952904e-01,
            3.86760563e-01, 5.35038412e-01, 8.22635889e-01,
            3.48418504e-01, 7.06841648e-01, 8.26745510e-01,
            5.34027696e-01, 2.92269379e-01, 7.61778891e-01,
            5.23245096e-01, 4.17795330e-01, 3.43457311e-01,
            5.55441856e-01, 4.66953307e-01, 7.36219525e-01,
            4.46566403e-01, 6.49664879e-01, 3.83987159e-01,
            5.83033025e-01, 6.00648224e-01, 7.09720135e-01,
            7.05780745e-01, 7.72316217e-01, 2.29753047e-01,
            5.09460151e-01, 5.67819595e-01, 3.61250311e-01,
            6.07582510e-01, 4.77864712e-01, 8.20652127e-01,
            7.28766799e-01, 6.90546095e-01, 5.44150054e-01,
            5.18692791e-01, 1.80406362e-01, 8.48417044e-01,
            5.43163359e-01, 1.64238632e-01, 9.53678548e-01,
            4.71129477e-01, 1.64089143e-01, 7.52967119e-01, 0.0, 0.0,
            0.0 ]
    }
}
