{
    "pose_0": {
        "type_id": "opencv-matrix",
        "rows": 1,
        "cols": 18,
        "dt": "3f",
        "data": [ 4.22025144e-01, 2.32307568e-01, 8.76018107e-01,
            3.80629510e-01, 2.95036674e-01, 7.38212883e-01,
            3.03953409e-01, 3.33284140e-01, 5.92435479e-01,
            2.37921074e-01, 4.88628507e-01, 7.80508995e-01,
            1.85840160e-01, 6.16925299e-01, 7.90122271e-01,
            4.48106200e-01, 2.62334555e-01, 6.91795290e-01,
            4.97185320e-01, 3.95968676e-01, 8.32828999e-01,
            5.58552086e-01, 3.79596353e-01, 8.61261725e-01,
            4.37363505e-01, 5.86934209e-01, 4.72234190e-01,
            5.09486616e-01, 7.06929922e-01, 2.91421056e-01,
            6.84304833e-01, 8.40571702e-01, 3.33097398e-01,
            4.97237504e-01, 4.99608099e-01, 5.51321268e-01,
            6.18405342e-01, 3.82355809e-01, 8.57095599e-01,
            7.27244139e-01, 6.22433960e-01, 5.91192424e-01,
            4.00603861e-01, 2.10488781e-01, 8.77030611e-01,
            4.25164998e-01, 1.99596092e-01, 8.51476550e-01,
            3.51530969e-01, 2.02321231e-01, 6.53929591e-01, 0.0, 0.0,
            0.0 ]
    }
}
