{
    "pose_0": {
        "type_id": "opencv-matrix",
        "rows": 1,
        "cols": 18,
        "dt": "3f",
        "data": [ 5.34067512e-01, 2.05058157e-01, 9.08258498e-01,
            4.75719601e-01, 3.14158291e-01, 7.92403936e-01,
            4.15898144e-01, 3.30559731e-01, 6.47289932e-01,
            3.83663923e-01, 5.35192430e-01, 7.95252800e-01,
            3.40743363e-01, 7.09736705e-01, 7.89862454e-01,
            5.35527766e-01, 2.95121342e-01, 7.95539856e-01,
            5.35555720e-01, 4.66898084e-01, 8.13252568e-01,
            5.80032885e-01, 5.35068870e-01, 8.22729945e-01,
            4.46564019e-01, 6.41483605e-01, 4.44483966e-01,
            6.04558527e-01, 6.82349145e-01, 2.16204986e-01,
            7.34926462e-01, 8.13305438e-01, 1.89991385e-01,
            5.17132580e-01, 5.78845799e-01, 5.02355695e-01,
            6.29112244e-01, 5.97860932e-01, 7.46924162e-01,
            7.91697562e-01, 7.50680208e-01, 3.17386955e-01,
            5.18679202e-01, 1.80493608e-01, 8.46571088e-01,
            5.43158114e-01, 1.66873828e-01, 9.43998754e-01,
            4.71063226e-01, 1.64174944e-01, 7.11184561e-01, 0.0, 0.0,
            0.0 ]
    }
}
