{
    "pose_0": {
        "type_id": "opencv-matrix",
        "rows": 1,
        "cols": 18,
        "dt": "3f",
        "data": [ 3.37721914e-01, 2.70513594e-01, 9.09270048e-01,
            3.13174337e-01, 3.41432929e-01, 7.48471677e-01,
            2.48730704e-01, 3.82440239e-01, 6.13163054e-01,
            1.79692045e-01, 4.66897935e-01, 8.55867207e-01,
            1.78117797e-01, 6.22485757e-01, 8.91378403e-01,
            3.80632311e-01, 2.97832191e-01, 7.09081352e-01,
            4.66507047e-01, 4.06975925e-01, 7.88349688e-01,
            5.44767857e-01, 3.95982534e-01, 8.58819246e-01,
            4.32760358e-01, 6.08755112e-01, 4.37563092e-01,
            5.09465158e-01, 7.26055562e-01, 3.10166359e-01,
            6.47517025e-01, 8.37900400e-01, 1.59042209e-01,
            4.81828958e-01, 5.10590196e-01, 4.68977600e-01,
            6.12241924e-01, 4.04260576e-01, 7.94843793e-01,
            7.21113145e-01, 6.38769090e-01, 5.99631846e-01,
            3.19261312e-01, 2.51465350e-01, 8.62121046e-01,
            3.39235038e-01, 2.29742125e-01, 8.76786828e-01,
            2.73227841e-01, 2.67823517e-01, 7.43778586e-01, 0.0, 0.0,
            0.0 ]
    }
}
