{
    "pose_0": {
        "type_id": "opencv-matrix",
        "rows": 1,
        "cols": 18,
        "dt": "3f",
        "data": [ 5.46206534e-01, 1.88753352e-01, 9.18887973e-01,
            4.91055101e-01, 2.95159370e-01, 7.53700852e-01,
            4.29710865e-01, 3.16833019e-01, 6.66731000e-01,
            3.97496253e-01, 5.16103804e-01, 8.05903375e-01,
            3.59166831e-01, 6.85138047e-01, 8.37286830e-01,
            5.47814846e-01, 2.81426102e-01, 7.30733395e-01,
            5.44705808e-01, 4.20457423e-01, 2.45484143e-01,
            5.57060659e-01, 4.23345596e-01, 6.45752549e-01,
            4.48095053e-01, 6.08773768e-01, 5.04511356e-01,
            5.20189881e-01, 7.12408364e-01, 1.14134133e-01,
            6.30646944e-01, 8.43352020e-01, 2.68132061e-01,
            5.21713853e-01, 5.54245234e-01, 5.30089974e-01,
            6.09137058e-01, 4.23285872e-01, 8.46508384e-01,
            7.16515422e-01, 6.57854259e-01, 5.92318892e-01,
            5.23285627e-01, 1.64217234e-01, 8.90103877e-01,
            5.53914070e-01, 1.55988812e-01, 9.15688634e-01,
            4.80288744e-01, 1.64209887e-01, 6.74707890e-01, 0.0, 0.0,
            0.0 ]
    }
}
