{
    "pose_0": {
        "type_id": "opencv-matrix",
        "rows": 1,
        "cols": 18,
        "dt": "3f",
        "data": [ 3.36162210e-01, 2.70505816e-01, 9.16788578e-01,
            3.11612368e-01, 3.41531485e-01, 7.57835865e-01,
            2.45666474e-01, 3.85163605e-01, 5.97390294e-01,
            1.78128332e-01, 4.69705462e-01, 8.71564209e-01,
            1.76622212e-01, 6.27828717e-01, 8.38651538e-01,
            3.77580404e-01, 2.97888309e-01, 6.86696708e-01,
            4.61964428e-01, 4.12376672e-01, 7.91290641e-01,
            5.43209195e-01, 3.95914197e-01, 8.16180527e-01,
            4.25136447e-01, 6.06001437e-01, 4.35883045e-01,
            5.09489298e-01, 7.28685796e-01, 2.97849596e-01,
            6.30627930e-01, 8.35181057e-01, 2.24385217e-01,
            4.75736469e-01, 5.07851005e-01, 4.58738685e-01,
            6.07666016e-01, 4.04179603e-01, 8.20548654e-01,
            7.18027294e-01, 6.33314550e-01, 5.87866664e-01,
            3.14663321e-01, 2.51488954e-01, 8.98734331e-01,
            3.36203098e-01, 2.32284084e-01, 8.92293215e-01,
            2.68666506e-01, 2.67732531e-01, 7.07546830e-01, 0.0, 0.0,
            0.0 ]
    }
}
