{
    "pose_0": {
        "type_id": "opencv-matrix",
        "rows": 1,
        "cols": 18,
        "dt": "3f",
        "data": [ 3.37659508e-01, 2.70454973e-01, 9.09910202e-01,
            3.13126206e-01, 3.41509998e-01, 7.61440098e-01,
            2.47213408e-01, 3.85084778e-01, 6.11481071e-01,
            1.78234011e-01, 4.66894060e-01, 8.60157132e-01,
            1.76705807e-01, 6.25070870e-01, 8.81283998e-01,
            3.80619377e-01, 2.97863901e-01, 6.95262730e-01,
            4.63478386e-01, 4.06991154e-01, 7.76792526e-01,
            5.44707119e-01, 3.95976275e-01, 8.41963589e-01,
            4.32751030e-01, 6.06005728e-01, 4.33847159e-01,
            5.14076412e-01, 7.31434405e-01, 2.91759729e-01,
            6.38308644e-01, 8.35169137e-01, 1.82835847e-01,
            4.83363003e-01, 5.07813752e-01, 4.67449665e-01,
            6.10716999e-01, 4.04222846e-01, 8.05087447e-01,
            7.22645640e-01, 6.41479135e-01, 6.14842534e-01,
            3.16216797e-01, 2.51462609e-01, 8.70871902e-01,
            3.37696880e-01, 2.29685739e-01, 9.19873118e-01,
            2.70211458e-01, 2.67793834e-01, 7.37003863e-01, 0.0, 0.0,
            0.0 ]
    }
}
