{
    "pose_0": {
        "type_id": "opencv-matrix",
        "rows": 1,
        "cols": 18,
        "dt": "3f",
        "data": [ 4.11395788e-01, 2.37810761e-01, 8.56047273e-01,
            3.72989535e-01, 2.97869623e-01, 7.71347046e-01,
            3.00832450e-01, 3.38697195e-01, 6.17579401e-01,
            2.28774250e-01, 4.91355300e-01, 7.96031117e-01,
            1.84295565e-01, 6.19620383e-01, 8.03900957e-01,
            4.40438271e-01, 2.67741799e-01, 6.85626507e-01,
            4.95601952e-01, 3.95923644e-01, 8.16726804e-01,
            5.58495104e-01, 3.79570752e-01, 8.70474756e-01,
            4.37363982e-01, 5.86937785e-01, 4.74606633e-01,
            5.09451866e-01, 7.06959367e-01, 2.59736151e-01,
            6.85849488e-01, 8.37919891e-01, 3.37437004e-01,
            4.97184128e-01, 4.99672949e-01, 5.45751989e-01,
            6.18360162e-01, 3.82451952e-01, 8.30681562e-01,
            7.25733697e-01, 6.22416377e-01, 5.60283422e-01,
            3.95996362e-01, 2.18672842e-01, 8.59340429e-01,
            4.17426139e-01, 2.04994753e-01, 8.44486356e-01,
            3.46850634e-01, 2.07763791e-01, 6.99275076e-01, 0.0, 0.0,
            0.0 ]
    }
}
