{
    "pose_0": {
        "type_id": "opencv-matrix",
        "rows": 1,
        "cols": 18,
        "dt": "3f",
        "data": [ 3.39206159e-01, 2.70478755e-01, 8.88437748e-01,
            3.13214540e-01, 3.41389328e-01, 7.46701181e-01,
            2.48734921e-01, 3.82402539e-01, 6.21194303e-01,
            1.79722279e-01, 4.67014283e-01, 8.61457586e-01,
            1.78164944e-01, 6.22441351e-01, 9.02735591e-01,
            3.82157683e-01, 2.97776014e-01, 7.12335169e-01,
            4.68026340e-01, 4.06937510e-01, 8.08717549e-01,
            5.46248138e-01, 3.95957589e-01, 8.55457187e-01,
            4.34271634e-01, 6.08775139e-01, 4.30692971e-01,
            5.18670619e-01, 7.28823662e-01, 3.00735831e-01,
            6.33702040e-01, 8.35137427e-01, 2.34002262e-01,
            4.83376950e-01, 5.10513783e-01, 4.68843162e-01,
            6.13766313e-01, 4.04240668e-01, 8.04005504e-01,
            7.25708783e-01, 6.41538084e-01, 5.77981055e-01,
            3.20779860e-01, 2.51463383e-01, 8.77305746e-01,
            3.39236289e-01, 2.29682043e-01, 8.82449150e-01,
            2.73277104e-01, 2.70384669e-01, 7.82947659e-01, 0.0, 0.0,
            0.0 ]
    }
}
