{
    "pose_0": {
        "type_id": "opencv-matrix",
        "rows": 1,
        "cols": 18,
        "dt": "3f",
        "data": [ 5.37051916e-01, 2.04988763e-01, 8.81509542e-01,
            4.81842220e-01, 3.05976689e-01, 7.30211258e-01,
            4.22048837e-01, 3.22297931e-01, 6.43966794e-01,
            3.88279080e-01, 5.32466352e-01, 8.18751752e-01,
            3.48462492e-01, 7.04225540e-01, 8.34206998e-01,
            5.35570800e-01, 2.92279601e-01, 7.31694460e-01,
            5.23291588e-01, 4.26014334e-01, 1.99137628e-01,
            5.49327970e-01, 4.45078671e-01, 5.72911620e-01,
            4.46609467e-01, 6.52360082e-01, 4.10448283e-01,
            5.78458726e-01, 5.78760326e-01, 6.44531548e-01,
            6.81246042e-01, 7.47861087e-01, 1.35811195e-01,
            5.07948458e-01, 5.76031566e-01, 3.39486182e-01,
            5.95387578e-01, 4.47886884e-01, 8.76201391e-01,
            7.02712357e-01, 6.60563648e-01, 2.75424689e-01,
            5.20211041e-01, 1.80428997e-01, 8.94418538e-01,
            5.44776142e-01, 1.64261580e-01, 9.80168581e-01,
            4.72642332e-01, 1.64205477e-01, 7.10056126e-01, 0.0, 0.0,
            0.0 ]
    }
}
