{
    "pose_0": {
        "type_id": "opencv-matrix",
        "rows": 1,
        "cols": 18,
        "dt": "3f",
        "data": [ 3.73002380e-01, 2.51449972e-01, 9.11930203e-01,
            3.45325291e-01, 3.19689482e-01, 7.38933742e-01,
            2.77848452e-01, 3.63305956e-01, 6.13175750e-01,
            2.05816194e-01, 4.72460657e-01, 7.65083492e-01,
            1.82797134e-01, 6.22323275e-01, 8.22990656e-01,
            4.09777969e-01, 2.81423211e-01, 7.10244656e-01,
            4.80298698e-01, 4.04168785e-01, 8.43941867e-01,
            5.46344757e-01, 3.85121316e-01, 8.67832601e-01,
            4.37395722e-01, 5.97843528e-01, 4.90965486e-01,
            5.12535572e-01, 7.09767044e-01, 3.16870719e-01,
            6.32192492e-01, 8.18792820e-01, 2.55266428e-01,
            4.89520341e-01, 5.10485232e-01, 5.39776802e-01,
            6.15269899e-01, 4.01323080e-01, 8.12672973e-01,
            7.18063891e-01, 6.22439384e-01, 5.72349489e-01,
            3.53000402e-01, 2.32310221e-01, 8.70429277e-01,
            3.74553889e-01, 2.15913683e-01, 8.55974734e-01,
            3.06993961e-01, 2.29582518e-01, 7.16064394e-01, 0.0, 0.0,
            0.0 ]
    }
}
