{
    "pose_0": {
        "type_id": "opencv-matrix",
        "rows": 1,
        "cols": 18,
        "dt": "3f",
        "data": [ 3.37659389e-01, 2.70500720e-01, 9.17825341e-01,
            3.13173801e-01, 3.41474533e-01, 7.54540503e-01,
            2.48705387e-01, 3.85051221e-01, 6.18122041e-01,
            1.78237736e-01, 4.66909617e-01, 8.64951968e-01,
            1.76705390e-01, 6.22466028e-01, 8.94424736e-01,
            3.80635142e-01, 2.97864467e-01, 6.97332084e-01,
            4.64979649e-01, 4.06972885e-01, 7.86907434e-01,
            5.44741392e-01, 3.95979494e-01, 8.47458839e-01,
            4.34274703e-01, 6.06037259e-01, 4.35128510e-01,
            5.14052153e-01, 7.31470406e-01, 2.94036508e-01,
            6.33732796e-01, 8.35102439e-01, 1.48139983e-01,
            4.83345479e-01, 5.07851720e-01, 4.60087806e-01,
            6.10712588e-01, 4.04214621e-01, 7.99352050e-01,
            7.21137524e-01, 6.38776600e-01, 5.85036159e-01,
            3.16212803e-01, 2.51502037e-01, 8.71215105e-01,
            3.37716132e-01, 2.29693115e-01, 9.11175430e-01,
            2.71710306e-01, 2.67810434e-01, 7.48903155e-01, 0.0, 0.0,
            0.0 ]
    }
}
