{
    "pose_0": {
        "type_id": "opencv-matrix",
        "rows": 1,
        "cols": 18,
        "dt": "3f",
        "data": [ 3.37681800e-01, 2.70422608e-01, 9.16027308e-01,
            3.13154638e-01, 3.41477662e-01, 7.69856155e-01,
            2.48713732e-01, 3.85116845e-01, 6.07411444e-01,
            1.78253025e-01, 4.69654948e-01, 8.63454044e-01,
            1.76648319e-01, 6.25157058e-01, 8.64698887e-01,
            3.80637646e-01, 2.97839195e-01, 6.96061671e-01,
            4.63445544e-01, 4.12381917e-01, 7.85862327e-01,
            5.44669628e-01, 3.95946801e-01, 8.28506470e-01,
            4.28186297e-01, 6.06018186e-01, 4.32050884e-01,
            5.01794100e-01, 7.12460399e-01, 2.58891225e-01,
            6.32147193e-01, 8.32401395e-01, 2.37137944e-01,
            4.78797227e-01, 5.10509014e-01, 4.73914206e-01,
            6.07693553e-01, 4.04135585e-01, 8.21629405e-01,
            7.21104801e-01, 6.38801277e-01, 5.91765702e-01,
            3.16208303e-01, 2.51420170e-01, 8.81185889e-01,
            3.37744653e-01, 2.29646161e-01, 9.23867583e-01,
            2.70215809e-01, 2.65070349e-01, 7.22290099e-01, 0.0, 0.0,
            0.0 ]
    }
}
