{
    "pose_0": {
        "type_id": "opencv-matrix",
        "rows": 1,
        "cols": 18,
        "dt": "3f",
        "data": [ 3.86800319e-01, 2.40517527e-01, 8.56057107e-01,
            3.53039294e-01, 3.14249098e-01, 7.48897016e-01,
            2.85505712e-01, 3.60591799e-01, 6.19644225e-01,
            2.14936420e-01, 4.85978782e-01, 7.95128345e-01,
            1.84305355e-01, 6.19719446e-01, 8.32344770e-01,
            4.21998233e-01, 2.70446122e-01, 7.36164927e-01,
            4.84874606e-01, 3.93220484e-01, 8.25830579e-01,
            5.52385330e-01, 3.79601479e-01, 8.81024718e-01,
            4.37408775e-01, 5.81486464e-01, 4.48457092e-01,
            5.07945836e-01, 6.93332911e-01, 2.35273317e-01,
            6.39837623e-01, 8.16090822e-01, 2.58351028e-01,
            4.95616555e-01, 4.94234800e-01, 5.11124253e-01,
            6.18321717e-01, 3.82452369e-01, 8.45514774e-01,
            7.25693405e-01, 6.22357190e-01, 5.83229899e-01,
            3.69877011e-01, 2.24073574e-01, 8.41949224e-01,
            3.88356864e-01, 2.04957128e-01, 8.47961783e-01,
            3.19268614e-01, 2.21409962e-01, 6.35073245e-01, 0.0, 0.0,
            0.0 ]
    }
}
