{
    "pose_0": {
        "type_id": "opencv-matrix",
        "rows": 1,
        "cols": 18,
        "dt": "3f",
        "data": [ 3.53064924e-01, 2.51443654e-01, 8.73631537e-01,
            3.29997241e-01, 3.30484957e-01, 7.22563326e-01,
            2.62515396e-01, 3.74122411e-01, 6.17565155e-01,
            1.90506279e-01, 4.66990948e-01, 8.51081252e-01,
            1.78180978e-01, 6.19607747e-01, 8.69532108e-01,
            3.97445530e-01, 2.89511144e-01, 7.02526450e-01,
            4.71092224e-01, 4.04146075e-01, 8.71949494e-01,
            5.46288252e-01, 3.82492483e-01, 8.85521829e-01,
            4.35818791e-01, 5.97875357e-01, 4.75714743e-01,
            5.15600145e-01, 7.12426186e-01, 2.89875299e-01,
            6.35251343e-01, 8.21469843e-01, 2.50392497e-01,
            4.84884858e-01, 5.05084991e-01, 5.32355189e-01,
            6.13728166e-01, 3.98745239e-01, 8.00956011e-01,
            7.19585776e-01, 6.27877176e-01, 5.84373415e-01,
            3.36134404e-01, 2.32328549e-01, 9.22581196e-01,
            3.57639104e-01, 2.15951234e-01, 8.12668979e-01,
            2.87079751e-01, 2.43165359e-01, 7.31375694e-01, 0.0, 0.0,
            0.0 ]
    }
}
