{
    "pose_0": {
        "type_id": "opencv-matrix",
        "rows": 1,
        "cols": 18,
        "dt": "3f",
        "data": [ 5.32394707e-01, 1.66835427e-01, 9.03184474e-01,
            4.77248937e-01, 2.73153305e-01, 7.52571285e-01,
            4.14365709e-01, 2.92436689e-01, 6.70803070e-01,
            3.80618751e-01, 4.91408974e-01, 7.77263165e-01,
            3.39234769e-01, 6.60600722e-01, 8.03212941e-01,
            5.40114641e-01, 2.51440614e-01, 7.33885944e-01,
            5.23245454e-01, 3.60612035e-01, 3.55698138e-01,
            5.58513582e-01, 4.01487708e-01, 7.60632932e-01,
            4.46540803e-01, 5.84191859e-01, 4.63166893e-01,
            4.81837660e-01, 7.01485991e-01, 2.37170100e-01,
            6.33732200e-01, 8.40542257e-01, 1.36819541e-01,
            5.20191491e-01, 5.29623926e-01, 5.62574267e-01,
            6.15250349e-01, 4.01463896e-01, 8.08025122e-01,
            7.22628236e-01, 6.44256473e-01, 5.92413485e-01,
            5.09406745e-01, 1.42360836e-01, 9.15112615e-01,
            5.35589397e-01, 1.31386772e-01, 8.82330298e-01,
            4.61899877e-01, 1.45085976e-01, 6.44041896e-01, 0.0, 0.0,
            0.0 ]
    }
}
