{
    "pose_0": {
        "type_id": "opencv-matrix",
        "rows": 1,
        "cols": 18,
        "dt": "3f",
        "data": [ 3.99073452e-01, 2.43198514e-01, 8.61675501e-01,
            3.62215340e-01, 3.05991173e-01, 7.68282533e-01,
            2.91666120e-01, 3.52288842e-01, 5.85363686e-01,
            2.25661278e-01, 4.88793969e-01, 7.99143553e-01,
            1.81225777e-01, 6.22364163e-01, 8.38546038e-01,
            4.29711699e-01, 2.67759353e-01, 6.95144951e-01,
            4.86505747e-01, 3.87877733e-01, 7.76907921e-01,
            5.53946853e-01, 3.79523993e-01, 8.51842165e-01,
            4.37414795e-01, 5.81446767e-01, 4.56987083e-01,
            5.20207882e-01, 7.07013190e-01, 2.49593332e-01,
            6.41365051e-01, 8.16069007e-01, 1.32380694e-01,
            4.95707244e-01, 4.94158149e-01, 5.55398166e-01,
            6.18307889e-01, 3.82347822e-01, 8.54892910e-01,
            7.25719154e-01, 6.22370541e-01, 5.98727643e-01,
            3.82157296e-01, 2.24122480e-01, 8.48318577e-01,
            4.00631040e-01, 2.05018952e-01, 8.62216353e-01,
            3.31521243e-01, 2.13289931e-01, 6.38957739e-01, 0.0, 0.0,
            0.0 ]
    }
}
