{
    "pose_0": {
        "type_id": "opencv-matrix",
        "rows": 1,
        "cols": 18,
        "dt": "3f",
        "data": [ 4.84856308e-01, 1.72327071e-01, 9.10870910e-01,
            4.28196818e-01, 2.48612404e-01, 7.34934986e-01,
            3.59152943e-01, 2.59604573e-01, 5.79923153e-01,
            2.96241730e-01, 4.47880328e-01, 7.40191758e-01,
            2.48690933e-01, 6.00550294e-01, 8.01943898e-01,
            4.95649099e-01, 2.29625061e-01, 7.85713077e-01,
            5.09431541e-01, 3.79524797e-01, 8.40177953e-01,
            5.61613917e-01, 3.63337964e-01, 7.81734943e-01,
            4.38904285e-01, 5.70535243e-01, 4.55912113e-01,
            4.74208683e-01, 6.63253248e-01, 3.33518863e-01,
            6.35259151e-01, 8.07832956e-01, 2.53625453e-01,
            5.07947505e-01, 4.96921599e-01, 5.52299738e-01,
            6.19842708e-01, 3.63310874e-01, 8.43743086e-01,
            7.19600499e-01, 6.06038034e-01, 5.75399160e-01,
            4.69581991e-01, 1.44987166e-01, 9.04372931e-01,
            4.91057545e-01, 1.39641747e-01, 9.00511146e-01,
            4.22052920e-01, 1.25925645e-01, 6.73686087e-01, 0.0, 0.0,
            0.0 ]
    }
}
