{
    "pose_0": {
        "type_id": "opencv-matrix",
        "rows": 1,
        "cols": 18,
        "dt": "3f",
        "data": [ 3.36223930e-01, 2.70478904e-01, 9.13704753e-01,
            3.11664701e-01, 3.41490239e-01, 7.69282699e-01,
            2.45671362e-01, 3.85036349e-01, 6.13572538e-01,
            1.78169757e-01, 4.67004418e-01, 8.83732438e-01,
            1.76657557e-01, 6.25115395e-01, 8.67486477e-01,
            3.79088461e-01, 2.97858328e-01, 6.92033231e-01,
            4.63485330e-01, 4.09628868e-01, 7.79687285e-01,
            5.44682324e-01, 3.95974129e-01, 8.40324461e-01,
            4.26658541e-01, 6.03328764e-01, 4.32775021e-01,
            5.15601933e-01, 7.28820860e-01, 2.95096934e-01,
            6.79723203e-01, 8.57010126e-01, 3.58108163e-01,
            4.81812209e-01, 5.10484993e-01, 4.67050731e-01,
            6.09200001e-01, 4.04305220e-01, 7.98817933e-01,
            7.22627938e-01, 6.41527116e-01, 5.89681268e-01,
            3.16232651e-01, 2.51516581e-01, 8.59328866e-01,
            3.37658614e-01, 2.32322797e-01, 8.79583478e-01,
            2.71752864e-01, 2.62350589e-01, 7.28547454e-01, 0.0, 0.0,
            0.0 ]
    }
}
