{
    "pose_0": {
        "type_id": "opencv-matrix",
        "rows": 1,
        "cols": 18,
        "dt": "3f",
        "data": [ 5.09523094e-01, 1.94142073e-01, 8.66914928e-01,
            4.71150905e-01, 3.33255172e-01, 8.26022029e-01,
            4.11310226e-01, 3.44213754e-01, 6.55136526e-01,
            3.77590567e-01, 5.56885958e-01, 8.00242901e-01,
            3.37682903e-01, 7.31461167e-01, 8.39310288e-01,
            5.32434821e-01, 3.16870511e-01, 7.47308791e-01,
            5.44723034e-01, 4.96888846e-01, 8.22994709e-01,
            5.83102882e-01, 6.05992615e-01, 7.90230095e-01,
            4.45032597e-01, 6.57853663e-01, 4.72823858e-01,
            5.63152850e-01, 7.34252572e-01, 2.40414783e-01,
            7.28788316e-01, 8.43424916e-01, 1.64736912e-01,
            5.12525737e-01, 6.08766973e-01, 5.72387278e-01,
            6.09173715e-01, 6.87887490e-01, 4.51227248e-01,
            7.71754682e-01, 7.96997726e-01, 1.17973275e-01,
            4.91057694e-01, 1.66841835e-01, 8.52636397e-01,
            5.20145476e-01, 1.61447540e-01, 9.92661357e-01,
            4.51160878e-01, 1.83145151e-01, 7.22366333e-01,
            5.32413423e-01, 1.61519513e-01, 1.82240650e-01 ]
    }
}
