{
    "pose_0": {
        "type_id": "opencv-matrix",
        "rows": 1,
        "cols": 18,
        "dt": "3f",
        "data": [ 5.18656254e-01, 1.61256954e-01, 8.76975656e-01,
            4.68026072e-01, 2.62316048e-01, 7.47032583e-01,
            4.00615096e-01, 2.89563179e-01, 6.57221913e-01,
            3.62167269e-01, 4.88669813e-01, 8.41471553e-01,
            3.17746967e-01, 6.41550243e-01, 8.23900640e-01,
            5.32454252e-01, 2.37778574e-01, 7.57292807e-01,
            5.20210624e-01, 3.74127567e-01, 5.02145529e-01,
            5.58615685e-01, 3.90520900e-01, 7.38847375e-01,
            4.46574479e-01, 5.81465721e-01, 5.18671632e-01,
            4.95666593e-01, 7.09607184e-01, 1.92238182e-01,
            6.33712471e-01, 8.27007711e-01, 1.38385460e-01,
            5.20138800e-01, 5.16074777e-01, 5.58577061e-01,
            6.15251541e-01, 3.87828559e-01, 7.77656853e-01,
            7.18095839e-01, 6.25182450e-01, 6.15706861e-01,
            4.95693564e-01, 1.39487177e-01, 9.15140033e-01,
            5.21777868e-01, 1.20451160e-01, 1.00646544e+00,
            4.48127031e-01, 1.42225787e-01, 6.87696457e-01, 0.0, 0.0,
            0.0 ]
    }
}
