{
    "pose_0": {
        "type_id": "opencv-matrix",
        "rows": 1,
        "cols": 18,
        "dt": "3f",
        "data": [ 3.62256110e-01, 2.48788148e-01, 9.14189458e-01,
            3.36178154e-01, 3.25122356e-01, 7.55646586e-01,
            2.68661916e-01, 3.76820445e-01, 6.06032729e-01,
            1.98131412e-01, 4.66977388e-01, 8.01162004e-01,
            1.79688320e-01, 6.19694650e-01, 8.53287101e-01,
            4.02091503e-01, 2.84122080e-01, 6.73618555e-01,
            4.72720087e-01, 4.04126137e-01, 8.72510731e-01,
            5.47844291e-01, 3.82392764e-01, 8.70326698e-01,
            4.38889563e-01, 5.97843170e-01, 4.81432885e-01,
            5.20185947e-01, 7.15116918e-01, 3.02351475e-01,
            6.32159472e-01, 8.18735123e-01, 2.47909456e-01,
            4.86461669e-01, 4.99665916e-01, 5.36587358e-01,
            6.13775492e-01, 3.98651600e-01, 7.79104471e-01,
            7.19629407e-01, 6.25135958e-01, 5.60735226e-01,
            3.43817621e-01, 2.29613304e-01, 8.66226196e-01,
            3.63793671e-01, 2.10445106e-01, 8.84387136e-01,
            2.96249092e-01, 2.35015422e-01, 7.07733750e-01, 0.0, 0.0,
            0.0 ]
    }
}
