{
    "pose_0": {
        "type_id": "opencv-matrix",
        "rows": 1,
        "cols": 18,
        "dt": "3f",
        "data": [ 5.20222366e-01, 1.61340162e-01, 9.34315205e-01,
            4.71154273e-01, 2.62326449e-01, 7.89157391e-01,
            4.08231080e-01, 2.86868185e-01, 6.53789043e-01,
            3.66852403e-01, 4.88622069e-01, 7.81072915e-01,
            3.23916554e-01, 6.44235253e-01, 8.49609435e-01,
            5.34018219e-01, 2.43167341e-01, 7.73742735e-01,
            5.20246565e-01, 3.66006553e-01, 5.40281653e-01,
            5.58624983e-01, 3.98621261e-01, 7.64476120e-01,
            4.46544707e-01, 5.81521392e-01, 4.89097446e-01,
            5.06398737e-01, 7.20604777e-01, 1.81390762e-01,
            6.30657375e-01, 8.29723954e-01, 2.13771313e-01,
            5.18674791e-01, 5.18731892e-01, 5.57360947e-01,
            6.15255475e-01, 3.93268198e-01, 7.66778767e-01,
            7.16564953e-01, 6.25088274e-01, 6.26056612e-01,
            4.97251004e-01, 1.39528915e-01, 9.15385962e-01,
            5.24794698e-01, 1.20566338e-01, 9.94680822e-01,
            4.57268924e-01, 1.42409131e-01, 6.88538909e-01, 0.0, 0.0,
            0.0 ]
    }
}
