{
    "pose_0": {
        "type_id": "opencv-matrix",
        "rows": 1,
        "cols": 18,
        "dt": "3f",
        "data": [ 4.34361935e-01, 2.26981312e-01, 9.13997352e-01,
            3.88302654e-01, 2.89606988e-01, 7.09489942e-01,
            3.13121945e-01, 3.19598764e-01, 5.65604210e-01,
            2.41047755e-01, 4.83290911e-01, 7.25402892e-01,
            1.88877255e-01, 6.11527145e-01, 7.94857800e-01,
            4.58805621e-01, 2.54243344e-01, 6.95368111e-01,
            4.98710155e-01, 3.93226266e-01, 8.06962371e-01,
            5.60050070e-01, 3.79567236e-01, 8.57541680e-01,
            4.35874850e-01, 5.84198594e-01, 4.78200316e-01,
            5.07949591e-01, 7.06997931e-01, 2.45581195e-01,
            6.87362313e-01, 8.37948263e-01, 3.25995684e-01,
            4.98763800e-01, 4.96912092e-01, 5.31555235e-01,
            6.19885266e-01, 3.82293284e-01, 8.65085542e-01,
            7.27258444e-01, 6.22317076e-01, 6.16747558e-01,
            4.18929815e-01, 2.04950124e-01, 8.57972324e-01,
            4.38931346e-01, 1.91449791e-01, 8.33999395e-01,
            3.69856209e-01, 1.86006531e-01, 6.66557610e-01, 0.0, 0.0,
            0.0 ]
    }
}
