{
    "pose_0": {
        "type_id": "opencv-matrix",
        "rows": 1,
        "cols": 18,
        "dt": "3f",
        "data": [ 5.37073374e-01, 2.05031753e-01, 8.87514710e-01,
            4.83335078e-01, 3.08721185e-01, 7.42402792e-01,
            4.23570544e-01, 3.25112522e-01, 6.57221854e-01,
            3.91360849e-01, 5.32362461e-01, 7.73852348e-01,
            3.49912465e-01, 7.01452374e-01, 8.15531790e-01,
            5.40126204e-01, 2.92241067e-01, 7.06401885e-01,
            5.30945659e-01, 4.45114940e-01, 1.87067389e-01,
            5.55459201e-01, 4.45010722e-01, 5.63624144e-01,
            4.45039034e-01, 6.44261658e-01, 4.16010082e-01,
            5.43214142e-01, 5.70565939e-01, 7.00371623e-01,
            6.39821112e-01, 7.47868836e-01, 9.10599604e-02,
            5.21723509e-01, 5.56958616e-01, 2.85652816e-01,
            5.98444760e-01, 4.45015401e-01, 8.45715880e-01,
            7.05755949e-01, 6.66113615e-01, 5.65722406e-01,
            5.20166576e-01, 1.80471212e-01, 9.06685293e-01,
            5.44794679e-01, 1.64220929e-01, 9.91374671e-01,
            4.71130699e-01, 1.69635698e-01, 6.96448326e-01, 0.0, 0.0,
            0.0 ]
    }
}
