{
    "pose_0": {
        "type_id": "opencv-matrix",
        "rows": 1,
        "cols": 18,
        "dt": "3f",
        "data": [ 3.97419006e-01, 2.43185923e-01, 8.25969219e-01,
            3.60707641e-01, 3.11447799e-01, 7.65161872e-01,
            2.88637668e-01, 3.57768178e-01, 6.31984293e-01,
            2.24132702e-01, 4.88682300e-01, 7.61551857e-01,
            1.81272715e-01, 6.22344613e-01, 8.30549002e-01,
            4.26640362e-01, 2.70396709e-01, 7.02518821e-01,
            4.84988958e-01, 3.87827426e-01, 8.06735396e-01,
            5.53928077e-01, 3.79500091e-01, 8.44196677e-01,
            4.38934445e-01, 5.84201038e-01, 4.37274128e-01,
            5.15598595e-01, 7.01496005e-01, 2.02002317e-01,
            6.42887890e-01, 8.16062510e-01, 1.23620801e-01,
            4.97153223e-01, 4.91538286e-01, 5.28034329e-01,
            6.18282855e-01, 3.82352322e-01, 8.46406817e-01,
            7.25722671e-01, 6.22371972e-01, 6.02423012e-01,
            3.74526620e-01, 2.24195182e-01, 8.71272206e-01,
            3.97558987e-01, 2.05032840e-01, 9.45286632e-01,
            3.25370133e-01, 2.21446678e-01, 6.81104898e-01, 0.0, 0.0,
            0.0 ]
    }
}
