{
    "pose_0": {
        "type_id": "opencv-matrix",
        "rows": 1,
        "cols": 18,
        "dt": "3f",
        "data": [ 5.24823308e-01, 2.04973981e-01, 8.76894355e-01,
            4.71146375e-01, 3.17002863e-01, 8.16481411e-01,
            4.11318272e-01, 3.36039752e-01, 6.92818999e-01,
            3.83653134e-01, 5.40543258e-01, 7.87564337e-01,
            3.37770432e-01, 7.23250628e-01, 7.78859079e-01,
            5.30963242e-01, 3.03209037e-01, 7.26824105e-01,
            5.44796884e-01, 4.88747805e-01, 8.73257041e-01,
            5.87684691e-01, 6.00674391e-01, 7.96932876e-01,
            4.46559757e-01, 6.49639666e-01, 4.70491499e-01,
            6.01487815e-01, 7.31535017e-01, 2.72873878e-01,
            7.28802681e-01, 8.35184336e-01, 8.77435803e-02,
            5.12551844e-01, 5.97911417e-01, 6.06100619e-01,
            5.98451674e-01, 6.68750226e-01, 3.62306654e-01,
            6.45955801e-01, 7.04213858e-01, 5.05877845e-02,
            5.07878602e-01, 1.80440366e-01, 8.69638801e-01,
            5.32441735e-01, 1.64249897e-01, 9.63661849e-01,
            4.60350633e-01, 1.75073639e-01, 6.77372634e-01, 0.0, 0.0,
            0.0 ]
    }
}
