{
    "pose_0": {
        "type_id": "opencv-matrix",
        "rows": 1,
        "cols": 18,
        "dt": "3f",
        "data": [ 5.20186007e-01, 2.02271014e-01, 9.03416991e-01,
            4.71145302e-01, 3.30517411e-01, 8.11808228e-01,
            4.11305428e-01, 3.38714093e-01, 7.03142762e-01,
            3.80646914e-01, 5.51498473e-01, 7.97597766e-01,
            3.37700635e-01, 7.31412172e-01, 8.32167089e-01,
            5.32395661e-01, 3.16960245e-01, 7.62144625e-01,
            5.44751227e-01, 4.91586983e-01, 8.67985189e-01,
            5.83084106e-01, 6.00617170e-01, 8.36009562e-01,
            4.46533084e-01, 6.57855988e-01, 4.61920470e-01,
            5.83085358e-01, 7.39690661e-01, 3.07798803e-01,
            6.09205544e-01, 7.56064296e-01, 1.00951791e-01,
            5.11035681e-01, 6.05993092e-01, 5.84130347e-01,
            5.98426104e-01, 6.71544611e-01, 3.97407413e-01,
            6.41376555e-01, 7.06898570e-01, 1.33240178e-01,
            4.97271389e-01, 1.72294959e-01, 8.53698313e-01,
            5.24782896e-01, 1.64005727e-01, 9.72142875e-01,
            4.57263738e-01, 1.66892990e-01, 6.66421592e-01, 0.0, 0.0,
            0.0 ]
    }
}
