{
    "pose_0": {
        "type_id": "opencv-matrix",
        "rows": 1,
        "cols": 18,
        "dt": "3f",
        "data": [ 5.43167830e-01, 1.80464685e-01, 8.57263923e-01,
            4.84996259e-01, 2.84180462e-01, 7.42608190e-01,
            4.25141990e-01, 3.08634579e-01, 6.33797109e-01,
            3.97420436e-01, 5.10610759e-01, 8.42498541e-01,
            3.60723317e-01, 6.79650605e-01, 8.27839792e-01,
            5.46283185e-01, 2.67774761e-01, 7.68758178e-01,
            5.29399216e-01, 3.82372618e-01, 3.50890338e-01,
            5.64657509e-01, 4.09629673e-01, 6.33421183e-01,
            4.46619093e-01, 6.03286564e-01, 5.05809069e-01,
            5.07917821e-01, 7.31528282e-01, 1.55138969e-01,
            6.36783361e-01, 8.51532876e-01, 1.50095299e-01,
            5.20206153e-01, 5.43304503e-01, 5.42694628e-01,
            6.15257084e-01, 4.06899393e-01, 7.95211911e-01,
            7.19604075e-01, 6.47006691e-01, 6.16833985e-01,
            5.20271301e-01, 1.55991435e-01, 8.70884538e-01,
            5.46345532e-01, 1.42261788e-01, 1.01207721e+00,
            4.72717613e-01, 1.55972138e-01, 6.50917530e-01, 0.0, 0.0,
            0.0 ]
    }
}
