{
    "pose_0": {
        "type_id": "opencv-matrix",
        "rows": 1,
        "cols": 18,
        "dt": "3f",
        "data": [ 3.86856139e-01, 2.40473419e-01, 8.38538945e-01,
            3.56075823e-01, 3.14248115e-01, 7.47744203e-01,
            2.87028491e-01, 3.60525817e-01, 6.38608634e-01,
            2.15000600e-01, 4.85954732e-01, 7.76439607e-01,
            1.84309989e-01, 6.19723320e-01, 8.31952810e-01,
            4.22066689e-01, 2.70493090e-01, 7.40632296e-01,
            4.84882981e-01, 3.90544027e-01, 8.25571537e-01,
            5.52387059e-01, 3.79576862e-01, 8.73453975e-01,
            4.37401891e-01, 5.81509590e-01, 4.52442795e-01,
            5.18660545e-01, 7.06920207e-01, 2.73923367e-01,
            6.41370058e-01, 8.16066742e-01, 2.40338713e-01,
            4.95623529e-01, 4.96904582e-01, 5.17485917e-01,
            6.18290484e-01, 3.82403374e-01, 8.46515179e-01,
            7.27222800e-01, 6.25152349e-01, 5.58723629e-01,
            3.69883001e-01, 2.24040881e-01, 8.42400730e-01,
            3.91381472e-01, 2.02334702e-01, 8.46965611e-01,
            3.22288632e-01, 2.21443877e-01, 6.69388115e-01, 0.0, 0.0,
            0.0 ]
    }
}
