{
    "pose_0": {
        "type_id": "opencv-matrix",
        "rows": 1,
        "cols": 18,
        "dt": "3f",
        "data": [ 4.29683238e-01, 2.29644835e-01, 8.49337399e-01,
            3.85253906e-01, 2.92216778e-01, 7.52912402e-01,
            3.11592758e-01, 3.19664568e-01, 5.56147397e-01,
            2.38052681e-01, 4.86021608e-01, 7.79883862e-01,
            1.87340096e-01, 6.14153147e-01, 7.69703507e-01,
            4.52734947e-01, 2.56902248e-01, 6.53964698e-01,
            4.97246116e-01, 3.98609966e-01, 8.28387022e-01,
            5.60055017e-01, 3.79607439e-01, 8.48967254e-01,
            4.35858458e-01, 5.84206939e-01, 4.88443911e-01,
            5.07927477e-01, 7.06892073e-01, 2.95850426e-01,
            6.41360581e-01, 8.16089153e-01, 1.68927193e-01,
            4.97240365e-01, 4.99619663e-01, 5.53048372e-01,
            6.19880974e-01, 3.82301897e-01, 8.50436866e-01,
            7.27228642e-01, 6.22440517e-01, 5.92951059e-01,
            4.11254972e-01, 2.07696289e-01, 9.06637013e-01,
            4.34351265e-01, 1.96842164e-01, 8.75446498e-01,
            3.62194836e-01, 1.91361874e-01, 6.58121467e-01, 0.0, 0.0,
            0.0 ]
    }
}
