{
    "pose_0": {
        "type_id": "opencv-matrix",
        "rows": 1,
        "cols": 18,
        "dt": "3f",
        "data": [ 3.80602449e-01, 2.43231714e-01, 8.12016845e-01,
            3.49926889e-01, 3.16808194e-01, 7.79552221e-01,
            2.82484293e-01, 3.60567272e-01, 5.98368108e-01,
            2.13403389e-01, 4.75130081e-01, 7.69408703e-01,
            1.82754904e-01, 6.19740307e-01, 8.31239879e-01,
            4.15898860e-01, 2.70568788e-01, 7.18010187e-01,
            4.83395815e-01, 3.98631364e-01, 8.51997554e-01,
            5.52395582e-01, 3.79714906e-01, 8.76967728e-01,
            4.37388688e-01, 5.95068038e-01, 4.54736203e-01,
            5.18659055e-01, 7.06954300e-01, 2.72066861e-01,
            6.90416276e-01, 8.43399882e-01, 3.65625590e-01,
            4.88020778e-01, 5.07762671e-01, 5.30578017e-01,
            6.16820872e-01, 3.87790114e-01, 7.99475908e-01,
            7.24178970e-01, 6.22455835e-01, 5.56892037e-01,
            3.60691935e-01, 2.26752326e-01, 8.98812413e-01,
            3.83710921e-01, 2.05128029e-01, 9.06426668e-01,
            3.11633259e-01, 2.26875439e-01, 7.22584367e-01, 0.0, 0.0,
            0.0 ]
    }
}
