{
    "pose_0": {
        "type_id": "opencv-matrix",
        "rows": 1,
        "cols": 18,
        "dt": "3f",
        "data": [ 3.36128384e-01, 2.70514697e-01, 9.06276584e-01,
            3.11626792e-01, 3.44126552e-01, 7.50027239e-01,
            2.45679617e-01, 3.85152847e-01, 5.95847666e-01,
            1.78138480e-01, 4.69667852e-01, 8.70592713e-01,
            1.76621735e-01, 6.27837181e-01, 8.40346158e-01,
            3.77591431e-01, 3.00546110e-01, 6.77785993e-01,
            4.61953402e-01, 4.12365228e-01, 7.98119128e-01,
            5.43205380e-01, 3.95951271e-01, 8.29897761e-01,
            4.26627249e-01, 6.06072485e-01, 4.26807135e-01,
            5.12538433e-01, 7.28813529e-01, 2.87963808e-01,
            6.32173777e-01, 8.37755740e-01, 2.22153634e-01,
            4.75715786e-01, 5.07856905e-01, 4.65774506e-01,
            6.07659996e-01, 4.04224247e-01, 8.23109448e-01,
            7.18091428e-01, 6.36020064e-01, 6.12180710e-01,
            3.14666450e-01, 2.51461864e-01, 8.89118552e-01,
            3.36179942e-01, 2.32307643e-01, 8.73112023e-01,
            2.67163843e-01, 2.64999360e-01, 6.91253126e-01, 0.0, 0.0,
            0.0 ]
    }
}
