{
    "pose_0": {
        "type_id": "opencv-matrix",
        "rows": 1,
        "cols": 18,
        "dt": "3f",
        "data": [ 3.60724300e-01, 2.51299709e-01, 8.97049189e-01,
            3.34612906e-01, 3.25084925e-01, 7.30304420e-01,
            2.67156780e-01, 3.68726075e-01, 6.06012881e-01,
            1.95022628e-01, 4.69627559e-01, 7.98695743e-01,
            1.78211093e-01, 6.19687080e-01, 8.71594667e-01,
            3.97549450e-01, 2.81451344e-01, 6.95718288e-01,
            4.72593188e-01, 4.04135734e-01, 8.74158621e-01,
            5.47832727e-01, 3.82463068e-01, 8.61682117e-01,
            4.35878694e-01, 5.97809553e-01, 4.94299650e-01,
            5.15608668e-01, 7.09758043e-01, 3.15532058e-01,
            6.32178485e-01, 8.18901062e-01, 3.55735809e-01,
            4.86433804e-01, 5.02368808e-01, 5.43360293e-01,
            6.13726079e-01, 3.98671478e-01, 7.77497768e-01,
            7.25716472e-01, 6.38786316e-01, 5.79471648e-01,
            3.42257261e-01, 2.29659066e-01, 8.54117095e-01,
            3.62234056e-01, 2.13176832e-01, 8.47443640e-01,
            2.93205589e-01, 2.32399389e-01, 6.91443682e-01, 0.0, 0.0,
            0.0 ]
    }
}
