{
    "pose_0": {
        "type_id": "opencv-matrix",
        "rows": 1,
        "cols": 18,
        "dt": "3f",
        "data": [ 3.37760597e-01, 2.70483673e-01, 8.85635734e-01,
            3.13204169e-01, 3.41408819e-01, 7.42284954e-01,
            2.48719841e-01, 3.82381082e-01, 6.19321465e-01,
            1.79720655e-01, 4.66934323e-01, 8.57152402e-01,
            1.78147838e-01, 6.22455359e-01, 9.02882636e-01,
            3.82161170e-01, 2.97834247e-01, 7.11280644e-01,
            4.66501266e-01, 4.06961411e-01, 7.91000783e-01,
            5.46217501e-01, 3.96004319e-01, 8.54950786e-01,
            4.32768881e-01, 6.06029570e-01, 4.33576971e-01,
            5.09471714e-01, 7.23331153e-01, 2.81782985e-01,
            6.32206321e-01, 8.35114956e-01, 2.31098607e-01,
            4.81873304e-01, 5.10487258e-01, 4.78893578e-01,
            6.12238109e-01, 4.04287279e-01, 8.04826498e-01,
            7.22650111e-01, 6.38786376e-01, 5.83816290e-01,
            3.19281071e-01, 2.51467913e-01, 8.64234269e-01,
            3.39206547e-01, 2.29656532e-01, 8.95399451e-01,
            2.73209006e-01, 2.67813742e-01, 7.46538639e-01, 0.0, 0.0,
            0.0 ]
    }
}
