{
    "pose_0": {
        "type_id": "opencv-matrix",
        "rows": 1,
        "cols": 18,
        "dt": "3f",
        "data": [ 3.48404974e-01, 2.65049219e-01, 8.57903361e-01,
            3.23903203e-01, 3.38700920e-01, 7.79916644e-01,
            2.56392062e-01, 3.82315785e-01, 6.05305374e-01,
            1.88878596e-01, 4.69718575e-01, 8.37051034e-01,
            1.78201050e-01, 6.22400999e-01, 8.53971958e-01,
            3.88319999e-01, 2.94986457e-01, 7.18728185e-01,
            4.69588757e-01, 4.12316263e-01, 8.09997618e-01,
            5.44799089e-01, 3.95935923e-01, 8.57066870e-01,
            4.32768494e-01, 6.00519419e-01, 4.57853585e-01,
            5.12541354e-01, 7.25988984e-01, 2.73047864e-01,
            6.39840126e-01, 8.29704881e-01, 2.50308990e-01,
            4.81852859e-01, 5.05106270e-01, 4.92634892e-01,
            6.10682130e-01, 4.01539713e-01, 8.19502234e-01,
            7.19605803e-01, 6.36026800e-01, 5.83396554e-01,
            3.26915652e-01, 2.48677030e-01, 9.07181025e-01,
            3.48463535e-01, 2.29474172e-01, 9.41114962e-01,
            2.80918479e-01, 2.56865919e-01, 7.19428241e-01, 0.0, 0.0,
            0.0 ]
    }
}
