{
    "pose_0": {
        "type_id": "opencv-matrix",
        "rows": 1,
        "cols": 18,
        "dt": "3f",
        "data": [ 3.43830764e-01, 2.70417005e-01, 8.56800079e-01,
            3.20784211e-01, 3.38713050e-01, 7.30522394e-01,
            2.51764536e-01, 3.85047972e-01, 6.27244711e-01,
            1.85861930e-01, 4.69739139e-01, 8.16390336e-01,
            1.78165197e-01, 6.22520924e-01, 8.62056494e-01,
            3.85248631e-01, 2.94987023e-01, 7.32024372e-01,
            4.69559878e-01, 4.12375033e-01, 7.88472235e-01,
            5.44766843e-01, 3.95945460e-01, 8.43551219e-01,
            4.31241840e-01, 6.03290975e-01, 4.38636035e-01,
            5.15597284e-01, 7.26068258e-01, 2.57014036e-01,
            6.33689404e-01, 8.29675496e-01, 1.93665281e-01,
            4.81878042e-01, 5.07797480e-01, 5.12199223e-01,
            6.09171927e-01, 4.04099911e-01, 8.19568276e-01,
            7.22662091e-01, 6.41400695e-01, 5.81168711e-01,
            3.23919445e-01, 2.51315832e-01, 9.27726984e-01,
            3.48336458e-01, 2.29643285e-01, 8.72618616e-01,
            2.76321352e-01, 2.62324125e-01, 7.36629367e-01, 0.0, 0.0,
            0.0 ]
    }
}
