{
    "pose_0": {
        "type_id": "opencv-matrix",
        "rows": 1,
        "cols": 18,
        "dt": "3f",
        "data": [ 3.36196780e-01, 2.70504147e-01, 9.14951205e-01,
            3.13098073e-01, 3.41487974e-01, 7.66586006e-01,
            2.47182295e-01, 3.82440656e-01, 6.07299745e-01,
            1.78168729e-01, 4.69530463e-01, 8.76234472e-01,
            1.76651016e-01, 6.25103235e-01, 8.64256680e-01,
            3.79072636e-01, 2.97858745e-01, 6.90641344e-01,
            4.63468462e-01, 4.09620404e-01, 7.85734177e-01,
            5.44680953e-01, 3.95960748e-01, 8.44012201e-01,
            4.28161263e-01, 6.03359640e-01, 4.32454377e-01,
            5.12542725e-01, 7.28737772e-01, 3.22417974e-01,
            6.81243658e-01, 8.59612405e-01, 3.43306929e-01,
            4.80297625e-01, 5.10500908e-01, 4.59236860e-01,
            6.09187067e-01, 4.04294848e-01, 7.98297644e-01,
            7.21098900e-01, 6.41469538e-01, 5.96460998e-01,
            3.16199481e-01, 2.51529217e-01, 8.64791453e-01,
            3.37642550e-01, 2.32340559e-01, 8.83081973e-01,
            2.71742493e-01, 2.62341142e-01, 7.27484345e-01, 0.0, 0.0,
            0.0 ]
    }
}
