{
    "pose_0": {
        "type_id": "opencv-matrix",
        "rows": 1,
        "cols": 18,
        "dt": "3f",
        "data": [ 5.46236157e-01, 1.86086610e-01, 9.47155952e-01,
            4.91042763e-01, 2.94969946e-01, 7.43430376e-01,
            4.28190768e-01, 3.16783309e-01, 6.58790827e-01,
            3.97505820e-01, 5.13390779e-01, 8.43434274e-01,
            3.60641867e-01, 6.85030341e-01, 8.26836705e-01,
            5.47831714e-01, 2.73306310e-01, 7.40095377e-01,
            5.32469571e-01, 3.90561074e-01, 2.11989209e-01,
            5.60070217e-01, 4.23174262e-01, 6.52008057e-01,
            4.48101401e-01, 6.03309810e-01, 5.33277631e-01,
            4.97177631e-01, 7.06896722e-01, 2.14463517e-01,
            6.32196486e-01, 8.51558268e-01, 3.40851337e-01,
            5.21738052e-01, 5.48780084e-01, 5.33131361e-01,
            6.10678434e-01, 4.23184961e-01, 8.22628200e-01,
            7.18108177e-01, 6.60617828e-01, 6.53648376e-01,
            5.23292422e-01, 1.64059743e-01, 8.97748530e-01,
            5.53952217e-01, 1.50490344e-01, 9.04024303e-01,
            4.78760004e-01, 1.64106771e-01, 7.00010240e-01, 0.0, 0.0,
            0.0 ]
    }
}
