{
    "pose_0": {
        "type_id": "opencv-matrix",
        "rows": 1,
        "cols": 18,
        "dt": "3f",
        "data": [ 5.06412745e-01, 1.58725634e-01, 8.85524094e-01,
            4.49625075e-01, 2.51356035e-01, 7.96388984e-01,
            3.82154495e-01, 2.70543456e-01, 6.53360367e-01,
            3.36107969e-01, 4.66838300e-01, 8.12680900e-01,
            2.91700244e-01, 6.22483850e-01, 8.05020869e-01,
            5.20158947e-01, 2.29721799e-01, 7.95694232e-01,
            5.20133495e-01, 3.63318294e-01, 6.96614504e-01,
            5.58502078e-01, 3.79644454e-01, 8.32184196e-01,
            4.43504423e-01, 5.75945020e-01, 4.97783870e-01,
            4.91068125e-01, 6.90628946e-01, 1.91845044e-01,
            6.81232035e-01, 8.35129023e-01, 3.23259950e-01,
            5.11042178e-01, 5.05087972e-01, 5.38628221e-01,
            6.15293205e-01, 3.79542261e-01, 8.21362615e-01,
            7.19631553e-01, 6.19676828e-01, 6.37923717e-01,
            4.84930843e-01, 1.36788487e-01, 8.95054817e-01,
            5.10981023e-01, 1.20386727e-01, 9.88835633e-01,
            4.38908219e-01, 1.23191826e-01, 6.63036346e-01, 0.0, 0.0,
            0.0 ]
    }
}
