{
    "pose_0": {
        "type_id": "opencv-matrix",
        "rows": 1,
        "cols": 18,
        "dt": "3f",
        "data": [ 5.33992171e-01, 2.04970494e-01, 9.13470328e-01,
            4.74196017e-01, 3.11406583e-01, 7.83407986e-01,
            4.15891111e-01, 3.27771097e-01, 6.25590265e-01,
            3.85205269e-01, 5.32477796e-01, 8.32981825e-01,
            3.45321000e-01, 7.09605753e-01, 7.87991643e-01,
            5.33989906e-01, 2.92310238e-01, 8.01947355e-01,
            5.32425404e-01, 4.47885752e-01, 7.54077733e-01,
            5.69253922e-01, 5.07743895e-01, 8.08243871e-01,
            4.45050150e-01, 6.38774335e-01, 4.31671709e-01,
            5.87671161e-01, 6.36016846e-01, 5.69263458e-01,
            7.51807630e-01, 8.15981925e-01, 3.63135993e-01,
            5.10980725e-01, 5.75932145e-01, 4.46556121e-01,
            6.19865894e-01, 5.43245316e-01, 7.37926483e-01,
            7.67169952e-01, 7.25967288e-01, 4.19839948e-01,
            5.18628478e-01, 1.80401146e-01, 8.32182169e-01,
            5.40141642e-01, 1.66852683e-01, 9.26613212e-01,
            4.69602466e-01, 1.64078608e-01, 7.43194818e-01, 0.0, 0.0,
            0.0 ]
    }
}
