{
    "pose_0": {
        "type_id": "opencv-matrix",
        "rows": 1,
        "cols": 18,
        "dt": "3f",
        "data": [ 3.37763846e-01, 2.70456791e-01, 8.80818963e-01,
            3.14655989e-01, 3.41427475e-01, 7.42340684e-01,
            2.48731330e-01, 3.82407635e-01, 6.22110069e-01,
            1.79718658e-01, 4.66961175e-01, 8.60902667e-01,
            1.78149685e-01, 6.22452319e-01, 9.03662980e-01,
            3.82165611e-01, 2.97832906e-01, 7.10633099e-01,
            4.66508865e-01, 4.06947225e-01, 7.92595208e-01,
            5.46233654e-01, 3.95992666e-01, 8.44991803e-01,
            4.32783395e-01, 6.08725846e-01, 4.39418793e-01,
            5.18640578e-01, 7.28766561e-01, 2.95958012e-01,
            6.32133424e-01, 8.35065901e-01, 2.61737257e-01,
            4.83334899e-01, 5.10529935e-01, 4.79197204e-01,
            6.13724172e-01, 4.04295474e-01, 7.99942017e-01,
            7.22655892e-01, 6.38775945e-01, 5.63725829e-01,
            3.19266707e-01, 2.51477450e-01, 8.66427600e-01,
            3.39196920e-01, 2.29643077e-01, 8.99452209e-01,
            2.73241162e-01, 2.70384043e-01, 7.67615795e-01, 0.0, 0.0,
            0.0 ]
    }
}
