{
    "pose_0": {
        "type_id": "opencv-matrix",
        "rows": 1,
        "cols": 18,
        "dt": "3f",
        "data": [ 3.43806058e-01, 2.70445585e-01, 8.59103322e-01,
            3.16238850e-01, 3.38768810e-01, 7.30643213e-01,
            2.50261486e-01, 3.85159820e-01, 6.15440965e-01,
            1.85812742e-01, 4.69728142e-01, 8.13703537e-01,
            1.78146616e-01, 6.22532070e-01, 8.59785259e-01,
            3.85194600e-01, 2.94999659e-01, 7.34342873e-01,
            4.69541013e-01, 4.15052444e-01, 7.87571728e-01,
            5.44753373e-01, 3.95953476e-01, 8.49927187e-01,
            4.31258261e-01, 6.03281021e-01, 4.41059083e-01,
            5.14051616e-01, 7.26033866e-01, 2.57717341e-01,
            6.33682549e-01, 8.29705477e-01, 1.75819248e-01,
            4.81862515e-01, 5.07816553e-01, 5.00016809e-01,
            6.09185815e-01, 4.04099226e-01, 8.15006495e-01,
            7.22637177e-01, 6.38780057e-01, 5.97638249e-01,
            3.23905140e-01, 2.51339018e-01, 9.23895001e-01,
            3.46853107e-01, 2.29717612e-01, 8.63308847e-01,
            2.76283532e-01, 2.62290955e-01, 7.44321346e-01, 0.0, 0.0,
            0.0 ]
    }
}
