{
    "pose_0": {
        "type_id": "opencv-matrix",
        "rows": 1,
        "cols": 18,
        "dt": "3f",
        "data": [ 3.39242756e-01, 2.70492852e-01, 8.80687952e-01,
            3.14661264e-01, 3.41447294e-01, 7.36166239e-01,
            2.48750880e-01, 3.82421315e-01, 6.12849414e-01,
            1.81230351e-01, 4.66868937e-01, 8.27259779e-01,
            1.78175628e-01, 6.22368574e-01, 8.94205272e-01,
            3.82181883e-01, 2.97804028e-01, 7.11553216e-01,
            4.68061239e-01, 4.06998664e-01, 8.01531613e-01,
            5.46270370e-01, 3.96015704e-01, 8.50426793e-01,
            4.34343994e-01, 6.05993629e-01, 4.44237500e-01,
            5.17125845e-01, 7.26047814e-01, 2.61141658e-01,
            6.33688927e-01, 8.35170984e-01, 3.66502911e-01,
            4.83370870e-01, 5.10495842e-01, 4.78664249e-01,
            6.15280747e-01, 4.04300600e-01, 8.04798782e-01,
            7.25682974e-01, 6.41470730e-01, 5.73576808e-01,
            3.20826054e-01, 2.51435399e-01, 8.81030679e-01,
            3.40755701e-01, 2.29614705e-01, 8.82675290e-01,
            2.73267210e-01, 2.67726868e-01, 7.39784598e-01, 0.0, 0.0,
            0.0 ]
    }
}
