{
    "pose_0": {
        "type_id": "opencv-matrix",
        "rows": 1,
        "cols": 18,
        "dt": "3f",
        "data": [ 5.23238420e-01, 1.96804434e-01, 8.76984119e-01,
            4.71129805e-01, 3.19603711e-01, 8.32498372e-01,
            4.11311597e-01, 3.35968822e-01, 7.07075596e-01,
            3.82131904e-01, 5.40527225e-01, 7.84150779e-01,
            3.37744921e-01, 7.25938380e-01, 7.88375020e-01,
            5.30910134e-01, 3.11374426e-01, 7.48178005e-01,
            5.44763565e-01, 4.88800317e-01, 8.57073545e-01,
            5.83139360e-01, 5.97823620e-01, 8.38148952e-01,
            4.46557671e-01, 6.46941125e-01, 4.75705177e-01,
            5.81531823e-01, 7.31435418e-01, 3.13542515e-01,
            7.28795528e-01, 8.40602696e-01, 1.19849823e-01,
            5.15585184e-01, 5.97870708e-01, 6.01479411e-01,
            6.01503789e-01, 6.68735564e-01, 4.33055013e-01,
            6.45990849e-01, 6.98761284e-01, 5.25094979e-02,
            5.06367266e-01, 1.66879117e-01, 8.66737902e-01,
            5.30877888e-01, 1.61411554e-01, 9.28136468e-01,
            4.58847880e-01, 1.69546023e-01, 7.15854883e-01, 0.0, 0.0,
            0.0 ]
    }
}
