{
    "pose_0": {
        "type_id": "opencv-matrix",
        "rows": 1,
        "cols": 18,
        "dt": "3f",
        "data": [ 5.37075937e-01, 1.77754149e-01, 8.63330901e-01,
            4.84886974e-01, 2.76067942e-01, 7.47868419e-01,
            4.23558980e-01, 2.97812790e-01, 6.50643051e-01,
            3.92894566e-01, 4.99660879e-01, 7.72248924e-01,
            3.57594937e-01, 6.71464264e-01, 7.78229713e-01,
            5.46222091e-01, 2.62341797e-01, 7.15234041e-01,
            5.21717668e-01, 3.68725479e-01, 3.31110567e-01,
            5.60053408e-01, 4.04318154e-01, 7.08754063e-01,
            4.46569383e-01, 5.95124662e-01, 4.84847724e-01,
            4.97175068e-01, 7.28753269e-01, 2.03513369e-01,
            6.32191002e-01, 8.43347549e-01, 1.46487147e-01,
            5.20208716e-01, 5.35179079e-01, 5.64653695e-01,
            6.15289450e-01, 4.04176325e-01, 8.12529624e-01,
            7.19577730e-01, 6.44295216e-01, 5.93572855e-01,
            5.18683136e-01, 1.50463432e-01, 8.54437828e-01,
            5.44809520e-01, 1.39561683e-01, 1.00645900e+00,
            4.71169144e-01, 1.55904844e-01, 6.84895098e-01, 0.0, 0.0,
            0.0 ]
    }
}
