{
    "pose_0": {
        "type_id": "opencv-matrix",
        "rows": 1,
        "cols": 18,
        "dt": "3f",
        "data": [ 5.34035385e-01, 2.05038995e-01, 9.05218959e-01,
            4.75724131e-01, 3.14145863e-01, 7.96053290e-01,
            4.15900350e-01, 3.30474854e-01, 6.43324494e-01,
            3.83657545e-01, 5.35098612e-01, 8.06227207e-01,
            3.40764284e-01, 7.09716439e-01, 7.89806068e-01,
            5.34080088e-01, 2.95176923e-01, 7.94335663e-01,
            5.35553038e-01, 4.66873825e-01, 8.09007883e-01,
            5.78465402e-01, 5.32215178e-01, 7.84062207e-01,
            4.46567386e-01, 6.41531765e-01, 4.30051684e-01,
            6.04549825e-01, 6.66106820e-01, 2.55433381e-01,
            7.34933257e-01, 8.13302815e-01, 2.22501069e-01,
            5.17129779e-01, 5.84210277e-01, 4.77066070e-01,
            6.29119217e-01, 5.86906254e-01, 7.14165390e-01,
            7.88577318e-01, 7.47871101e-01, 3.82939458e-01,
            5.18607557e-01, 1.80515960e-01, 8.47935140e-01,
            5.41667044e-01, 1.66834444e-01, 9.54200029e-01,
            4.69595701e-01, 1.66863546e-01, 7.07715154e-01, 0.0, 0.0,
            0.0 ]
    }
}
