{
    "pose_0": {
        "type_id": "opencv-matrix",
        "rows": 1,
        "cols": 18,
        "dt": "3f",
        "data": [ 5.21821439e-01, 1.94190159e-01, 8.72223377e-01,
            4.71122414e-01, 3.25049788e-01, 8.16789508e-01,
            4.11303371e-01, 3.38634908e-01, 6.91958010e-01,
            3.82141352e-01, 5.45992374e-01, 7.76882350e-01,
            3.37769985e-01, 7.28670835e-01, 7.98639178e-01,
            5.29403031e-01, 3.14167768e-01, 7.54107118e-01,
            5.44698238e-01, 4.91375715e-01, 8.58805299e-01,
            5.83133936e-01, 6.00545526e-01, 8.38197529e-01,
            4.45065618e-01, 6.52424991e-01, 4.53417659e-01,
            5.78473210e-01, 7.37015307e-01, 2.68951803e-01,
            7.30357111e-01, 8.43315780e-01, 8.21954533e-02,
            5.15578032e-01, 6.00579560e-01, 5.94767511e-01,
            6.06085420e-01, 6.82397008e-01, 3.91829222e-01, 0.0, 0.0,
            0.0, 5.04875720e-01, 1.66874886e-01, 8.50381434e-01,
            5.29403210e-01, 1.61431000e-01, 9.20111656e-01,
            4.57343727e-01, 1.69625491e-01, 7.06404209e-01, 0.0, 0.0,
            0.0 ]
    }
}
