{
    "pose_0": {
        "type_id": "opencv-matrix",
        "rows": 1,
        "cols": 18,
        "dt": "3f",
        "data": [ 3.37646484e-01, 2.70460337e-01, 9.14473236e-01,
            3.13103974e-01, 3.41474235e-01, 7.65737355e-01,
            2.47183472e-01, 3.85034949e-01, 6.16781235e-01,
            1.78214267e-01, 4.66926128e-01, 8.71800661e-01,
            1.76684052e-01, 6.25074327e-01, 8.80866587e-01,
            3.79114419e-01, 2.97841668e-01, 6.95043862e-01,
            4.64968204e-01, 4.06995833e-01, 7.73604631e-01,
            5.44685483e-01, 3.95975322e-01, 8.38598311e-01,
            4.29715753e-01, 6.03296638e-01, 4.32341039e-01,
            5.12543619e-01, 7.28697479e-01, 2.67367065e-01,
            6.35251045e-01, 8.35073292e-01, 1.45719469e-01,
            4.81875122e-01, 5.07770061e-01, 4.64151263e-01,
            6.10685527e-01, 4.04256135e-01, 8.02491248e-01,
            7.22628832e-01, 6.38794065e-01, 6.22380257e-01,
            3.16244006e-01, 2.51451552e-01, 8.64335239e-01,
            3.37681979e-01, 2.29731426e-01, 8.86976838e-01,
            2.71721989e-01, 2.67680258e-01, 7.26538062e-01, 0.0, 0.0,
            0.0 ]
    }
}
