{
    "pose_0": {
        "type_id": "opencv-matrix",
        "rows": 1,
        "cols": 18,
        "dt": "3f",
        "data": [ 3.37661445e-01, 2.70484746e-01, 9.11768615e-01,
            3.13158751e-01, 3.41467112e-01, 7.58292913e-01,
            2.48697296e-01, 3.85047734e-01, 6.19406402e-01,
            1.78240851e-01, 4.66901034e-01, 8.61113906e-01,
            1.76699936e-01, 6.22487545e-01, 8.88521254e-01,
            3.80631298e-01, 2.97857791e-01, 6.98405921e-01,
            4.64973539e-01, 4.06947225e-01, 7.94613421e-01,
            5.44714689e-01, 3.95967513e-01, 8.40280294e-01,
            4.32759702e-01, 6.06002629e-01, 4.38296616e-01,
            5.12546301e-01, 7.28841364e-01, 3.12311023e-01,
            6.33736968e-01, 8.35098088e-01, 1.78743169e-01,
            4.83337283e-01, 5.07822573e-01, 4.62168306e-01,
            6.10704303e-01, 4.04185027e-01, 8.05050194e-01,
            7.22654283e-01, 6.41484261e-01, 6.00661159e-01,
            3.16205770e-01, 2.51515865e-01, 8.72530758e-01,
            3.37715626e-01, 2.29673043e-01, 9.14568603e-01,
            2.70222545e-01, 2.70384789e-01, 7.49411285e-01, 0.0, 0.0,
            0.0 ]
    }
}
