{
    "pose_0": {
        "type_id": "opencv-matrix",
        "rows": 1,
        "cols": 18,
        "dt": "3f",
        "data": [ 4.34232533e-01, 2.29541495e-01, 8.99332166e-01,
            3.88288409e-01, 2.89586931e-01, 7.25354552e-01,
            3.11615080e-01, 3.19651067e-01, 5.49230218e-01,
            2.39509910e-01, 4.88608986e-01, 7.80108333e-01,
            1.88844189e-01, 6.11513793e-01, 7.91990280e-01,
            4.57297564e-01, 2.56825447e-01, 6.86441541e-01,
            4.97251898e-01, 3.95949811e-01, 8.25698853e-01,
            5.58599412e-01, 3.79612088e-01, 8.69742751e-01,
            4.37360525e-01, 5.86929858e-01, 4.81141806e-01,
            5.10990143e-01, 7.09681869e-01, 2.54274338e-01,
            6.88928127e-01, 8.40656638e-01, 3.43804657e-01,
            4.98706937e-01, 4.99669254e-01, 5.46540558e-01,
            6.19880855e-01, 3.82313907e-01, 8.55096340e-01,
            7.25741565e-01, 6.22331619e-01, 5.90861142e-01,
            4.12861973e-01, 2.05098286e-01, 8.93458307e-01,
            4.37426120e-01, 1.91441983e-01, 8.59343648e-01,
            3.63798559e-01, 1.88692689e-01, 6.43279970e-01, 0.0, 0.0,
            0.0 ]
    }
}
