{
    "pose_0": {
        "type_id": "opencv-matrix",
        "rows": 1,
        "cols": 18,
        "dt": "3f",
        "data": [ 4.35863197e-01, 2.26820856e-01, 9.07254755e-01,
            3.88327569e-01, 2.86879897e-01, 6.99913204e-01,
            3.13155502e-01, 3.16876560e-01, 5.71578860e-01,
            2.42583260e-01, 4.77814376e-01, 7.08727539e-01,
            1.88927621e-01, 6.11456096e-01, 7.91971207e-01,
            4.58836526e-01, 2.51549155e-01, 7.16336608e-01,
            5.00235081e-01, 3.87791306e-01, 7.96880186e-01,
            5.58613658e-01, 3.76947165e-01, 8.42805624e-01,
            4.37388897e-01, 5.81484020e-01, 4.65713978e-01,
            5.07911086e-01, 7.06981421e-01, 2.66871512e-01,
            6.45971894e-01, 8.18723500e-01, 1.75380349e-01,
            5.01789033e-01, 4.96891618e-01, 5.32567441e-01,
            6.19908631e-01, 3.79661739e-01, 8.65041018e-01,
            7.28771210e-01, 6.22470915e-01, 6.01874411e-01,
            4.20472920e-01, 2.02328846e-01, 8.78316045e-01,
            4.41993058e-01, 1.88670442e-01, 8.44381392e-01,
            3.72892946e-01, 1.85882002e-01, 6.93556190e-01, 0.0, 0.0,
            0.0 ]
    }
}
