{
    "pose_0": {
        "type_id": "opencv-matrix",
        "rows": 1,
        "cols": 18,
        "dt": "3f",
        "data": [ 5.23281455e-01, 1.99598640e-01, 8.62469792e-01,
            4.71167445e-01, 3.19595367e-01, 8.20320189e-01,
            4.11306262e-01, 3.35980654e-01, 6.91600263e-01,
            3.82177413e-01, 5.37897408e-01, 7.91553259e-01,
            3.37749213e-01, 7.23349512e-01, 7.86505580e-01,
            5.32410979e-01, 3.11361134e-01, 7.47704327e-01,
            5.44775486e-01, 4.88724113e-01, 8.64090204e-01,
            5.84601820e-01, 5.97858846e-01, 8.40106010e-01,
            4.45061654e-01, 6.46945715e-01, 4.71716702e-01,
            5.84620893e-01, 7.34214902e-01, 2.68714607e-01,
            7.28793263e-01, 8.40569913e-01, 1.06364481e-01,
            5.12531817e-01, 5.97891569e-01, 6.04808450e-01,
            6.04552388e-01, 6.71475112e-01, 4.59216446e-01,
            6.44397259e-01, 6.96090877e-01, 6.94679469e-02,
            5.06415725e-01, 1.69612527e-01, 8.54359388e-01,
            5.30921042e-01, 1.61498740e-01, 9.60491776e-01,
            4.58885372e-01, 1.66938916e-01, 7.15306997e-01, 0.0, 0.0,
            0.0 ]
    }
}
