{
    "pose_0": {
        "type_id": "opencv-matrix",
        "rows": 1,
        "cols": 18,
        "dt": "3f",
        "data": [ 5.07887423e-01, 1.61316618e-01, 9.09132361e-01,
            4.52698112e-01, 2.51382381e-01, 7.82290637e-01,
            3.85172755e-01, 2.70524055e-01, 6.60539091e-01,
            3.37704837e-01, 4.66846764e-01, 8.21090221e-01,
            2.97799379e-01, 6.25123024e-01, 8.01954806e-01,
            5.21734715e-01, 2.32357994e-01, 8.06739569e-01,
            5.20212710e-01, 3.68744612e-01, 6.70305610e-01,
            5.58557928e-01, 3.79744619e-01, 8.08858514e-01,
            4.43512082e-01, 5.78732669e-01, 5.13190925e-01,
            5.07934153e-01, 7.06969440e-01, 1.92276508e-01,
            6.35252297e-01, 8.16100419e-01, 1.96037024e-01,
            5.12512803e-01, 5.07797778e-01, 5.51751137e-01,
            6.15270495e-01, 3.79703939e-01, 8.31962228e-01,
            7.21124232e-01, 6.22363687e-01, 6.20801747e-01,
            4.86433595e-01, 1.36839345e-01, 8.62842441e-01,
            5.11004150e-01, 1.20488547e-01, 9.74103391e-01,
            4.43485498e-01, 1.20575532e-01, 6.87200129e-01, 0.0, 0.0,
            0.0 ]
    }
}
