{
    "pose_0": {
        "type_id": "opencv-matrix",
        "rows": 1,
        "cols": 18,
        "dt": "3f",
        "data": [ 3.99117500e-01, 2.43193448e-01, 8.55306864e-01,
            3.62232745e-01, 3.08693975e-01, 7.69067645e-01,
            2.91658908e-01, 3.55016649e-01, 5.98209381e-01,
            2.24214077e-01, 4.88819242e-01, 8.10141683e-01,
            1.79768592e-01, 6.22359872e-01, 8.41223061e-01,
            4.31252927e-01, 2.67803997e-01, 6.99022651e-01,
            4.88007605e-01, 3.90522301e-01, 7.70689964e-01,
            5.53952754e-01, 3.79525840e-01, 8.51670146e-01,
            4.37406659e-01, 5.78816414e-01, 4.54692811e-01,
            4.95635927e-01, 6.82436287e-01, 2.36038357e-01,
            6.45982981e-01, 8.16164792e-01, 1.14587247e-01,
            4.95701790e-01, 4.94190633e-01, 5.50443888e-01,
            6.18279815e-01, 3.82347107e-01, 8.46261919e-01,
            7.25697935e-01, 6.22386992e-01, 5.84190249e-01,
            3.83666277e-01, 2.24118397e-01, 8.63776207e-01,
            4.02140677e-01, 2.05055326e-01, 8.56482267e-01,
            3.33081931e-01, 2.15981096e-01, 6.55508220e-01, 0.0, 0.0,
            0.0 ]
    }
}
