{
    "pose_0": {
        "type_id": "opencv-matrix",
        "rows": 1,
        "cols": 18,
        "dt": "3f",
        "data": [ 4.80323195e-01, 1.80493563e-01, 8.64267290e-01,
            4.23539668e-01, 2.48751462e-01, 7.61948705e-01,
            3.49971414e-01, 2.70418227e-01, 6.05497539e-01,
            2.87118316e-01, 4.50558662e-01, 7.84089983e-01,
            2.39507496e-01, 6.00452602e-01, 8.45734894e-01,
            4.91066366e-01, 2.29650587e-01, 7.16674030e-01,
            5.07942080e-01, 3.76942039e-01, 8.45297456e-01,
            5.66197634e-01, 3.60561967e-01, 7.91258991e-01,
            4.40421432e-01, 5.73251665e-01, 4.53653604e-01,
            4.74216938e-01, 6.66017354e-01, 3.88753295e-01,
            6.32150531e-01, 8.02470326e-01, 2.16941163e-01,
            5.07974923e-01, 4.96906400e-01, 5.44080317e-01,
            6.19923770e-01, 3.63265812e-01, 8.42499912e-01,
            7.24181294e-01, 6.11513793e-01, 5.78835070e-01,
            4.60451782e-01, 1.50538445e-01, 8.54297280e-01,
            4.84956920e-01, 1.42257273e-01, 9.85470891e-01,
            4.15914655e-01, 1.36765718e-01, 5.98055661e-01, 0.0, 0.0,
            0.0 ]
    }
}
