{
    "pose_0": {
        "type_id": "opencv-matrix",
        "rows": 1,
        "cols": 18,
        "dt": "3f",
        "data": [ 4.57280397e-01, 2.05128610e-01, 8.77734900e-01,
            4.06675726e-01, 2.67832249e-01, 6.88628674e-01,
            3.31533700e-01, 2.94988781e-01, 5.71522593e-01,
            2.59475559e-01, 4.61417437e-01, 7.13498831e-01,
            2.04253301e-01, 6.00473464e-01, 8.23073983e-01,
            4.71155614e-01, 2.37797126e-01, 7.31055498e-01,
            5.03321469e-01, 3.82318765e-01, 8.26080024e-01,
            5.61638296e-01, 3.68675172e-01, 7.67472088e-01,
            4.38905030e-01, 5.78710258e-01, 4.55839217e-01,
            4.87986773e-01, 6.85136557e-01, 1.94116384e-01,
            6.38282955e-01, 8.13309669e-01, 2.18514040e-01,
            5.07937193e-01, 4.91525948e-01, 5.39078474e-01,
            6.21474028e-01, 3.74169320e-01, 7.92072535e-01,
            7.27250874e-01, 6.19694650e-01, 5.96595526e-01,
            4.37390238e-01, 1.83054462e-01, 8.68585944e-01,
            4.61893409e-01, 1.69571042e-01, 8.77429307e-01,
            3.89844298e-01, 1.61307931e-01, 6.35252953e-01, 0.0, 0.0,
            0.0 ]
    }
}
