{
    "pose_0": {
        "type_id": "opencv-matrix",
        "rows": 1,
        "cols": 18,
        "dt": "3f",
        "data": [ 3.98970842e-01, 2.43209228e-01, 8.74792814e-01,
            3.62180293e-01, 3.08666170e-01, 7.65043318e-01,
            2.90153861e-01, 3.55015993e-01, 5.96514106e-01,
            2.24160060e-01, 4.88793701e-01, 7.84898579e-01,
            1.81222796e-01, 6.22353554e-01, 8.37860823e-01,
            4.29695487e-01, 2.67783344e-01, 6.90175891e-01,
            4.86477673e-01, 3.87847483e-01, 7.85263717e-01,
            5.53928912e-01, 3.79518598e-01, 8.48301768e-01,
            4.38910455e-01, 5.84199131e-01, 4.48836118e-01,
            5.20212412e-01, 7.06934571e-01, 2.33231992e-01,
            6.41356826e-01, 8.16104114e-01, 1.76692367e-01,
            4.97153103e-01, 4.94191140e-01, 5.41278183e-01,
            6.18288934e-01, 3.82355124e-01, 8.48119855e-01,
            7.25737631e-01, 6.22354925e-01, 5.94184399e-01,
            3.79083306e-01, 2.24162340e-01, 8.40329528e-01,
            3.99110198e-01, 2.05077544e-01, 9.23695564e-01,
            3.28456521e-01, 2.13248953e-01, 6.52000964e-01, 0.0, 0.0,
            0.0 ]
    }
}
