{
    "pose_0": {
        "type_id": "opencv-matrix",
        "rows": 1,
        "cols": 18,
        "dt": "3f",
        "data": [ 4.40473020e-01, 2.24044576e-01, 8.36068094e-01,
            3.95923495e-01, 2.75922269e-01, 6.92794561e-01,
            3.17742288e-01, 3.08656216e-01, 5.52314401e-01,
            2.50246525e-01, 4.66979235e-01, 7.41187751e-01,
            1.93487033e-01, 6.03246510e-01, 7.99712360e-01,
            4.61927444e-01, 2.51445383e-01, 7.38435566e-01,
            5.01802027e-01, 3.85153472e-01, 8.15877855e-01,
            5.61633587e-01, 3.74159187e-01, 7.85785377e-01,
            4.37402636e-01, 5.81473708e-01, 4.80704755e-01,
            5.10987461e-01, 7.06970215e-01, 3.20289999e-01,
            6.41371965e-01, 8.16039503e-01, 2.70275384e-01,
            5.01804709e-01, 4.96898115e-01, 5.46808958e-01,
            6.19957983e-01, 3.79560739e-01, 8.61710429e-01,
            7.27234960e-01, 6.22325420e-01, 5.67753673e-01,
            4.23571467e-01, 1.96849838e-01, 8.52879822e-01,
            4.46635485e-01, 1.85891613e-01, 9.33521211e-01,
            3.74515235e-01, 1.80498704e-01, 6.62421703e-01, 0.0, 0.0,
            0.0 ]
    }
}
