{
    "pose_0": {
        "type_id": "opencv-matrix",
        "rows": 1,
        "cols": 18,
        "dt": "3f",
        "data": [ 5.06362021e-01, 1.96893007e-01, 8.34082007e-01,
            4.71122265e-01, 3.33293200e-01, 8.30763817e-01,
            4.11289185e-01, 3.44170094e-01, 6.62974656e-01,
            3.79086643e-01, 5.56919634e-01, 7.92014420e-01,
            3.37667674e-01, 7.31492519e-01, 8.41401815e-01,
            5.32399118e-01, 3.16952288e-01, 7.57676899e-01,
            5.44696808e-01, 4.96937454e-01, 8.10712099e-01,
            5.83098769e-01, 6.06024444e-01, 7.99100637e-01,
            4.45045859e-01, 6.60567939e-01, 4.62355912e-01,
            5.73885441e-01, 7.45134950e-01, 2.45450541e-01,
            7.28752494e-01, 8.43396544e-01, 1.87979519e-01,
            5.12531817e-01, 6.11477137e-01, 5.64265370e-01,
            6.09166026e-01, 6.87820435e-01, 4.66721892e-01, 0.0, 0.0,
            0.0, 4.84848768e-01, 1.66809872e-01, 9.25637722e-01,
            5.14098525e-01, 1.61460340e-01, 9.23597217e-01,
            4.48124617e-01, 1.80444703e-01, 7.27948785e-01,
            5.29406846e-01, 1.66873679e-01, 1.99813232e-01 ]
    }
}
