{
    "pose_0": {
        "type_id": "opencv-matrix",
        "rows": 1,
        "cols": 18,
        "dt": "3f",
        "data": [ 3.39286774e-01, 2.67810047e-01, 8.30533862e-01,
            3.14704448e-01, 3.41449946e-01, 7.30392277e-01,
            2.50233710e-01, 3.85166466e-01, 6.03899598e-01,
            1.81261986e-01, 4.69752967e-01, 8.15453172e-01,
            1.76697075e-01, 6.25149131e-01, 8.73135090e-01,
            3.83692294e-01, 2.95134008e-01, 7.30104804e-01,
            4.66526210e-01, 4.12341475e-01, 7.78840959e-01,
            5.44669628e-01, 3.95930409e-01, 8.44660163e-01,
            4.28168803e-01, 6.03347838e-01, 4.30960029e-01,
            5.09493470e-01, 7.23313510e-01, 3.09535772e-01,
            6.33683383e-01, 8.29719901e-01, 1.88900471e-01,
            4.81822759e-01, 5.07787585e-01, 4.78011131e-01,
            6.09194160e-01, 4.04121131e-01, 8.08555245e-01,
            7.24155903e-01, 6.41466975e-01, 6.16312206e-01,
            3.22321236e-01, 2.48806626e-01, 8.94147038e-01,
            3.40760052e-01, 2.29542732e-01, 8.72288287e-01,
            2.74719924e-01, 2.64986485e-01, 7.19507933e-01, 0.0, 0.0,
            0.0 ]
    }
}
