{
    "pose_0": {
        "type_id": "opencv-matrix",
        "rows": 1,
        "cols": 18,
        "dt": "3f",
        "data": [ 5.35585225e-01, 2.04999775e-01, 8.85203600e-01,
            4.80296254e-01, 3.05996031e-01, 7.09439754e-01,
            4.22023267e-01, 3.19710046e-01, 6.37968242e-01,
            3.88268530e-01, 5.35005689e-01, 8.12494695e-01,
            3.48452032e-01, 7.04260647e-01, 8.22901428e-01,
            5.34037709e-01, 2.92228967e-01, 7.50634789e-01,
            5.21752059e-01, 4.25979346e-01, 1.72829404e-01,
            5.46325207e-01, 4.45143610e-01, 5.61599970e-01,
            4.48097348e-01, 6.46921694e-01, 3.99492204e-01,
            5.81506193e-01, 5.97908914e-01, 6.06087923e-01,
            6.90427065e-01, 7.50574350e-01, 3.01105231e-01,
            5.09458542e-01, 5.67858875e-01, 3.63308698e-01,
            5.96889853e-01, 4.50531721e-01, 8.73656690e-01,
            7.11929619e-01, 6.68788612e-01, 4.63538140e-01,
            5.20213306e-01, 1.77785039e-01, 8.68639886e-01,
            5.44716239e-01, 1.64293543e-01, 9.55531836e-01,
            4.72618192e-01, 1.64090812e-01, 7.34815180e-01, 0.0, 0.0,
            0.0 ]
    }
}
