{
    "pose_0": {
        "type_id": "opencv-matrix",
        "rows": 1,
        "cols": 18,
        "dt": "3f",
        "data": [ 5.09412408e-01, 1.61287665e-01, 9.31066334e-01,
            4.54259217e-01, 2.51410216e-01, 7.87947595e-01,
            3.85251403e-01, 2.70610482e-01, 6.67638540e-01,
            3.42275232e-01, 4.66974914e-01, 7.73848355e-01,
            2.99408615e-01, 6.25212610e-01, 8.23759556e-01,
            5.21777391e-01, 2.32356846e-01, 7.96560526e-01,
            5.20213783e-01, 3.74112040e-01, 6.57008410e-01,
            5.58565736e-01, 3.82313907e-01, 7.94941247e-01,
            4.45020318e-01, 5.78730106e-01, 5.12292087e-01,
            4.86469299e-01, 6.85183823e-01, 2.35185340e-01,
            6.81255758e-01, 8.37833405e-01, 3.39408398e-01,
            5.17112970e-01, 5.10543406e-01, 5.43816566e-01,
            6.15291893e-01, 3.82241637e-01, 8.34964335e-01,
            7.19612956e-01, 6.22360528e-01, 6.28161013e-01,
            4.87999141e-01, 1.39426515e-01, 8.63441944e-01,
            5.15571654e-01, 1.20448567e-01, 9.37349796e-01,
            4.43519235e-01, 1.31361961e-01, 6.78380668e-01, 0.0, 0.0,
            0.0 ]
    }
}
