{
    "pose_0": {
        "type_id": "opencv-matrix",
        "rows": 1,
        "cols": 18,
        "dt": "3f",
        "data": [ 5.20150244e-01, 1.61299288e-01, 9.06301796e-01,
            4.69586313e-01, 2.62325406e-01, 7.64275014e-01,
            4.03654695e-01, 2.89577812e-01, 6.51719570e-01,
            3.63768935e-01, 4.88631785e-01, 8.07981968e-01,
            3.22369248e-01, 6.41543329e-01, 8.42351377e-01,
            5.33949494e-01, 2.37734035e-01, 7.69450843e-01,
            5.21705747e-01, 3.71471912e-01, 5.11515796e-01,
            5.60058296e-01, 3.93266916e-01, 7.42496133e-01,
            4.46540892e-01, 5.81445634e-01, 5.02554297e-01,
            4.97218132e-01, 7.12380111e-01, 2.06917822e-01,
            6.32179081e-01, 8.26960146e-01, 2.13223994e-01,
            5.20138979e-01, 5.18736720e-01, 5.62046587e-01,
            6.15277767e-01, 3.93240243e-01, 7.73289323e-01,
            7.18050361e-01, 6.27881289e-01, 6.31177604e-01,
            4.97161984e-01, 1.39547154e-01, 9.19604599e-01,
            5.21802545e-01, 1.20489649e-01, 1.00858843e+00,
            4.49642688e-01, 1.42412618e-01, 6.69348300e-01, 0.0, 0.0,
            0.0 ]
    }
}
