{
    "pose_0": {
        "type_id": "opencv-matrix",
        "rows": 1,
        "cols": 18,
        "dt": "3f",
        "data": [ 3.82134408e-01, 2.40535140e-01, 8.01892519e-01,
            3.49951059e-01, 3.14249694e-01, 7.63294339e-01,
            2.83998758e-01, 3.60577434e-01, 5.92592716e-01,
            2.13452324e-01, 4.72447962e-01, 7.84818411e-01,
            1.82753816e-01, 6.19724095e-01, 8.28200877e-01,
            4.15910870e-01, 2.70518750e-01, 7.13346660e-01,
            4.83382612e-01, 3.96015793e-01, 8.40531111e-01,
            5.50855041e-01, 3.79724234e-01, 8.86745811e-01,
            4.38911110e-01, 5.95056236e-01, 4.61829543e-01,
            5.18667042e-01, 7.06979036e-01, 2.97978759e-01,
            6.87386572e-01, 8.40645492e-01, 3.90008748e-01,
            4.92573231e-01, 5.07813454e-01, 5.47816277e-01,
            6.16791904e-01, 3.87801051e-01, 7.98160315e-01,
            7.22632706e-01, 6.19711161e-01, 5.83766460e-01,
            3.60718906e-01, 2.24179134e-01, 8.95648003e-01,
            3.85155499e-01, 2.04964951e-01, 9.00541365e-01,
            3.11626047e-01, 2.26823837e-01, 7.13566422e-01, 0.0, 0.0,
            0.0 ]
    }
}
