{
    "pose_0": {
        "type_id": "opencv-matrix",
        "rows": 1,
        "cols": 18,
        "dt": "3f",
        "data": [ 3.74455452e-01, 2.48729602e-01, 9.18232739e-01,
            3.46892893e-01, 3.17009360e-01, 7.67805636e-01,
            2.77882367e-01, 3.63210618e-01, 6.12266958e-01,
            2.10350305e-01, 4.72417414e-01, 7.51223922e-01,
            1.82762370e-01, 6.22302353e-01, 8.23848009e-01,
            4.11274433e-01, 2.75948524e-01, 7.21726954e-01,
            4.81807083e-01, 4.01473343e-01, 8.49833608e-01,
            5.49312949e-01, 3.82392466e-01, 8.71318102e-01,
            4.37388927e-01, 5.97765982e-01, 4.89864171e-01,
            5.10987401e-01, 7.06881523e-01, 3.10383946e-01,
            6.33728385e-01, 8.18743408e-01, 2.16902450e-01,
            4.88011479e-01, 5.07775307e-01, 5.40910661e-01,
            6.15278542e-01, 3.98693591e-01, 7.84084320e-01,
            7.19597518e-01, 6.22459590e-01, 5.69519222e-01,
            3.53059977e-01, 2.29594022e-01, 8.55059803e-01,
            3.76044482e-01, 2.10460931e-01, 9.01475549e-01,
            3.08539420e-01, 2.29581967e-01, 7.16499031e-01, 0.0, 0.0,
            0.0 ]
    }
}
