{
    "pose_0": {
        "type_id": "opencv-matrix",
        "rows": 1,
        "cols": 18,
        "dt": "3f",
        "data": [ 3.74496758e-01, 2.48695523e-01, 9.16211367e-01,
            3.48342329e-01, 3.19620907e-01, 7.70353973e-01,
            2.77880639e-01, 3.63284051e-01, 6.09542489e-01,
            2.08859146e-01, 4.75136012e-01, 7.46019542e-01,
            1.82757631e-01, 6.22303247e-01, 8.24552119e-01,
            4.11342740e-01, 2.75981694e-01, 7.15879440e-01,
            4.80330378e-01, 4.01389569e-01, 8.33729267e-01,
            5.49347639e-01, 3.82314175e-01, 8.74716938e-01,
            4.37406898e-01, 5.97809076e-01, 4.73295748e-01,
            5.18638134e-01, 7.09642828e-01, 3.05285245e-01,
            6.42890513e-01, 8.18884611e-01, 1.91458732e-01,
            4.89543319e-01, 5.07773519e-01, 5.38781822e-01,
            6.15273297e-01, 3.98627281e-01, 7.81004071e-01,
            7.19591856e-01, 6.22355461e-01, 5.53376019e-01,
            3.56082141e-01, 2.29503945e-01, 8.65126669e-01,
            3.79071623e-01, 2.07893878e-01, 8.66999447e-01,
            3.08532447e-01, 2.29495615e-01, 7.22299516e-01, 0.0, 0.0,
            0.0 ]
    }
}
