{
    "pose_0": {
        "type_id": "opencv-matrix",
        "rows": 1,
        "cols": 18,
        "dt": "3f",
        "data": [ 3.77553701e-01, 2.45976835e-01, 8.38277638e-01,
            3.48455071e-01, 3.16942990e-01, 7.82282293e-01,
            2.79417306e-01, 3.63316804e-01, 5.82575738e-01,
            2.13374019e-01, 4.72448826e-01, 7.77775526e-01,
            1.82751387e-01, 6.19737446e-01, 8.32859218e-01,
            4.14387941e-01, 2.73175359e-01, 7.15490282e-01,
            4.83326674e-01, 3.98644298e-01, 8.32146704e-01,
            5.50889790e-01, 3.79746914e-01, 8.89499426e-01,
            4.38919127e-01, 5.95092535e-01, 4.71694171e-01,
            5.18678129e-01, 7.09727228e-01, 2.98886478e-01,
            6.85853541e-01, 8.43299806e-01, 3.75242889e-01,
            4.91048038e-01, 5.07769942e-01, 5.43744206e-01,
            6.16824627e-01, 3.90550554e-01, 7.94077039e-01,
            7.21100986e-01, 6.19694471e-01, 5.72871566e-01,
            3.60606551e-01, 2.26855949e-01, 8.91266286e-01,
            3.82160753e-01, 2.07723022e-01, 8.62380266e-01,
            3.10101926e-01, 2.26846606e-01, 6.94764853e-01, 0.0, 0.0,
            0.0 ]
    }
}
