{
    "pose_0": {
        "type_id": "opencv-matrix",
        "rows": 1,
        "cols": 18,
        "dt": "3f",
        "data": [ 5.34027576e-01, 2.04955682e-01, 9.04169440e-01,
            4.74201918e-01, 3.11348975e-01, 7.65586376e-01,
            4.15896922e-01, 3.27798307e-01, 6.27046049e-01,
            3.85281146e-01, 5.35019875e-01, 8.45224857e-01,
            3.48387152e-01, 7.06880093e-01, 8.23574781e-01,
            5.33980966e-01, 2.92272419e-01, 7.82766521e-01,
            5.23270965e-01, 4.31417584e-01, 6.02146804e-01,
            5.58573782e-01, 4.72465813e-01, 8.12019110e-01,
            4.46567625e-01, 6.44203484e-01, 3.90944064e-01,
            5.84649026e-01, 6.16864383e-01, 6.04974329e-01,
            7.10396528e-01, 7.72386432e-01, 2.02319011e-01,
            5.10983825e-01, 5.62416732e-01, 4.04368907e-01,
            6.13747299e-01, 4.91554409e-01, 7.98451364e-01,
            7.37980008e-01, 7.01530635e-01, 5.65308154e-01,
            5.18674731e-01, 1.77811772e-01, 8.39013457e-01,
            5.41656196e-01, 1.64280728e-01, 9.40764904e-01,
            4.69612718e-01, 1.64048716e-01, 7.33333766e-01, 0.0, 0.0,
            0.0 ]
    }
}
