{
    "pose_0": {
        "type_id": "opencv-matrix",
        "rows": 1,
        "cols": 18,
        "dt": "3f",
        "data": [ 4.03641760e-01, 2.45879591e-01, 8.25995982e-01,
            3.66822869e-01, 3.05931836e-01, 7.18636632e-01,
            2.96279609e-01, 3.44176441e-01, 5.90050280e-01,
            2.25749031e-01, 4.91369098e-01, 8.13621461e-01,
            1.81239948e-01, 6.19755626e-01, 8.22592854e-01,
            4.34277326e-01, 2.67694056e-01, 7.09598064e-01,
            4.91039068e-01, 3.87874097e-01, 7.62992144e-01,
            5.56946218e-01, 3.79520863e-01, 8.60591650e-01,
            4.38897133e-01, 5.86937666e-01, 4.45008546e-01,
            5.15600562e-01, 7.06978321e-01, 2.39085153e-01,
            6.87373757e-01, 8.37951124e-01, 3.20099533e-01,
            4.95697528e-01, 4.94164050e-01, 5.30064940e-01,
            6.16848111e-01, 3.82411867e-01, 8.35185528e-01,
            7.27237046e-01, 6.25077128e-01, 5.53630710e-01,
            3.85258049e-01, 2.26704046e-01, 8.85859370e-01,
            4.09700602e-01, 2.07693726e-01, 9.05338883e-01,
            3.36142927e-01, 2.18683153e-01, 6.60891235e-01, 0.0, 0.0,
            0.0 ]
    }
}
