{
    "pose_0": {
        "type_id": "opencv-matrix",
        "rows": 1,
        "cols": 18,
        "dt": "3f",
        "data": [ 5.35602212e-01, 2.05005050e-01, 8.90337944e-01,
            4.83318329e-01, 3.05967748e-01, 7.43327081e-01,
            4.22057450e-01, 3.22298706e-01, 6.44438088e-01,
            3.88301522e-01, 5.32435954e-01, 8.11107934e-01,
            3.48464161e-01, 7.04191804e-01, 8.30189288e-01,
            5.37106276e-01, 2.92274505e-01, 7.24496245e-01,
            5.29421449e-01, 4.25961912e-01, 2.51625478e-01,
            5.50883591e-01, 4.45071787e-01, 6.06456995e-01,
            4.46597844e-01, 6.49645269e-01, 4.07743752e-01,
            5.73897898e-01, 5.81509352e-01, 6.03847027e-01,
            6.65914416e-01, 7.39680052e-01, 7.88228288e-02,
            5.09502470e-01, 5.70561588e-01, 3.47876489e-01,
            5.95417082e-01, 4.47804898e-01, 8.83347809e-01,
            7.01183915e-01, 6.60590053e-01, 3.06497306e-01,
            5.20192981e-01, 1.80431813e-01, 8.94107699e-01,
            5.44772327e-01, 1.64251044e-01, 9.94693875e-01,
            4.72634852e-01, 1.66835040e-01, 6.94474220e-01, 0.0, 0.0,
            0.0 ]
    }
}
