{
    "pose_0": {
        "type_id": "opencv-matrix",
        "rows": 1,
        "cols": 18,
        "dt": "3f",
        "data": [ 3.39232206e-01, 2.67789871e-01, 8.61716568e-01,
            3.14674914e-01, 3.41444224e-01, 7.30182409e-01,
            2.50214726e-01, 3.85065734e-01, 6.12638533e-01,
            1.79751560e-01, 4.72343951e-01, 8.21651757e-01,
            1.76688090e-01, 6.25186205e-01, 8.69839251e-01,
            3.83676022e-01, 2.97742218e-01, 7.13022411e-01,
            4.66505468e-01, 4.12362605e-01, 7.75284350e-01,
            5.44697583e-01, 3.95909309e-01, 8.41961026e-01,
            4.29722369e-01, 6.08720183e-01, 4.36643094e-01,
            5.07921398e-01, 7.20617592e-01, 2.98176497e-01,
            6.32171869e-01, 8.29717636e-01, 2.43425474e-01,
            4.80324179e-01, 5.10552227e-01, 4.82484788e-01,
            6.09133065e-01, 4.04207855e-01, 8.21621001e-01,
            7.21134186e-01, 6.38791263e-01, 6.09587133e-01,
            3.22301835e-01, 2.48773843e-01, 8.77453506e-01,
            3.40757638e-01, 2.29600802e-01, 8.50594223e-01,
            2.73259610e-01, 2.64996052e-01, 7.19977736e-01, 0.0, 0.0,
            0.0 ]
    }
}
