{
    "pose_0": {
        "type_id": "opencv-matrix",
        "rows": 1,
        "cols": 18,
        "dt": "3f",
        "data": [ 5.11000156e-01, 1.58709258e-01, 8.86325836e-01,
            4.58854765e-01, 2.54118413e-01, 8.13270569e-01,
            3.92915308e-01, 2.73360014e-01, 6.52480125e-01,
            3.49893332e-01, 4.72413778e-01, 8.34833980e-01,
            3.06984842e-01, 6.35963678e-01, 7.59104729e-01,
            5.24785757e-01, 2.32338056e-01, 7.53517985e-01,
            5.18656015e-01, 3.68720502e-01, 5.46816528e-01,
            5.58601975e-01, 3.85157228e-01, 7.47963488e-01,
            4.45020318e-01, 5.78761816e-01, 4.90940362e-01,
            4.86464351e-01, 6.87929213e-01, 2.09888309e-01,
            6.32193685e-01, 8.18707347e-01, 2.19374329e-01,
            5.17135978e-01, 5.13241470e-01, 5.37575722e-01,
            6.15279853e-01, 3.82330328e-01, 8.29760075e-01,
            7.22633898e-01, 6.22471392e-01, 6.03214085e-01,
            4.94077176e-01, 1.36883840e-01, 8.76731515e-01,
            5.18670142e-01, 1.20389558e-01, 9.65480447e-01,
            4.46554542e-01, 1.39485359e-01, 7.30152726e-01, 0.0, 0.0,
            0.0 ]
    }
}
