{
    "pose_0": {
        "type_id": "opencv-matrix",
        "rows": 1,
        "cols": 18,
        "dt": "3f",
        "data": [ 4.20522451e-01, 2.32360855e-01, 8.45026016e-01,
            3.76034766e-01, 2.95064151e-01, 7.51612663e-01,
            3.00899744e-01, 3.35961580e-01, 6.13259256e-01,
            2.36411676e-01, 4.88702893e-01, 7.75841415e-01,
            1.85840651e-01, 6.16883993e-01, 7.87029564e-01,
            4.46540087e-01, 2.59637326e-01, 6.95551395e-01,
            4.95692730e-01, 3.95957261e-01, 8.28806341e-01,
            5.58537841e-01, 3.79594743e-01, 8.67148280e-01,
            4.35888141e-01, 5.89643896e-01, 4.65886176e-01,
            5.12520194e-01, 7.06948936e-01, 2.29617238e-01,
            6.82780087e-01, 8.37881029e-01, 3.30104053e-01,
            4.97164845e-01, 4.99617666e-01, 5.42967081e-01,
            6.18397593e-01, 3.82342249e-01, 8.57071519e-01,
            7.25723863e-01, 6.22363925e-01, 5.98497868e-01,
            4.00600880e-01, 2.10483074e-01, 8.73322129e-01,
            4.23622578e-01, 2.02252015e-01, 8.94136369e-01,
            3.51515353e-01, 2.02325210e-01, 6.73988581e-01, 0.0, 0.0,
            0.0 ]
    }
}
