{
    "pose_0": {
        "type_id": "opencv-matrix",
        "rows": 1,
        "cols": 18,
        "dt": "3f",
        "data": [ 4.75762129e-01, 1.83171630e-01, 8.60539913e-01,
            4.22043592e-01, 2.51317859e-01, 7.63279855e-01,
            3.48429859e-01, 2.70563602e-01, 6.19102001e-01,
            2.87018389e-01, 4.47921485e-01, 7.74953485e-01,
            2.37976015e-01, 6.00482523e-01, 8.42657089e-01,
            4.91033167e-01, 2.29576528e-01, 7.47235417e-01,
            5.07916629e-01, 3.79537016e-01, 8.46723437e-01,
            5.66218913e-01, 3.60600471e-01, 7.96346724e-01,
            4.38936204e-01, 5.73254406e-01, 4.49968517e-01,
            4.72665519e-01, 6.60610139e-01, 3.29351068e-01,
            6.38300121e-01, 8.10570121e-01, 1.75726712e-01,
            5.09457827e-01, 4.94239837e-01, 5.36552429e-01,
            6.19936526e-01, 3.63264114e-01, 8.39605212e-01,
            7.27235615e-01, 6.19653821e-01, 5.92698336e-01,
            4.60387647e-01, 1.55939758e-01, 8.73248339e-01,
            4.84883070e-01, 1.44996166e-01, 9.60593879e-01,
            4.12855864e-01, 1.34074450e-01, 6.15677118e-01, 0.0, 0.0,
            0.0 ]
    }
}
