{
    "pose_0": {
        "type_id": "opencv-matrix",
        "rows": 1,
        "cols": 18,
        "dt": "3f",
        "data": [ 5.14059067e-01, 1.99583784e-01, 8.22730005e-01,
            4.71149981e-01, 3.33214283e-01, 8.36684823e-01,
            4.11305666e-01, 3.44124138e-01, 6.65596843e-01,
            3.79102707e-01, 5.54294169e-01, 7.97926486e-01,
            3.37686211e-01, 7.31407940e-01, 8.36419284e-01,
            5.32412469e-01, 3.16859484e-01, 7.71172941e-01,
            5.44729233e-01, 4.94179934e-01, 8.51673126e-01,
            5.83113015e-01, 6.05981290e-01, 7.93894291e-01,
            4.45057124e-01, 6.57843947e-01, 4.68567848e-01,
            5.63138127e-01, 7.31564820e-01, 2.19328180e-01, 0.0, 0.0,
            0.0, 5.14043808e-01, 6.06015623e-01, 5.76646566e-01,
            6.10690475e-01, 6.87899947e-01, 4.52719301e-01,
            7.68671274e-01, 7.96979606e-01, 1.88900456e-01,
            4.95651186e-01, 1.72306627e-01, 8.79212260e-01,
            5.21666050e-01, 1.64014459e-01, 1.00929320e+00,
            4.55769449e-01, 1.80512697e-01, 6.91512346e-01, 0.0, 0.0,
            0.0 ]
    }
}
