{
    "pose_0": {
        "type_id": "opencv-matrix",
        "rows": 1,
        "cols": 18,
        "dt": "3f",
        "data": [ 5.37057161e-01, 2.05033824e-01, 8.89669418e-01,
            4.83335942e-01, 3.08721691e-01, 7.56275654e-01,
            4.23563093e-01, 3.25064451e-01, 6.58945262e-01,
            3.91345948e-01, 5.32368541e-01, 7.77623057e-01,
            3.49924237e-01, 6.98801458e-01, 8.07586551e-01,
            5.40135920e-01, 2.92252183e-01, 7.27410078e-01,
            5.33986092e-01, 4.45038348e-01, 2.50153303e-01,
            5.56958854e-01, 4.44997728e-01, 5.74229002e-01,
            4.45017785e-01, 6.44200981e-01, 4.26538050e-01,
            5.46288490e-01, 5.67851245e-01, 7.06216097e-01,
            6.47500634e-01, 7.53343463e-01, 1.21731997e-01,
            5.20186007e-01, 5.56990921e-01, 3.03712219e-01,
            5.98449528e-01, 4.45063740e-01, 8.44001293e-01,
            7.05780268e-01, 6.68788195e-01, 5.76515019e-01,
            5.20163298e-01, 1.80453360e-01, 9.04418111e-01,
            5.44793606e-01, 1.64215758e-01, 1.00031447e+00,
            4.71164286e-01, 1.69622138e-01, 6.98990941e-01, 0.0, 0.0,
            0.0 ]
    }
}
