{
    "pose_0": {
        "type_id": "opencv-matrix",
        "rows": 1,
        "cols": 18,
        "dt": "3f",
        "data": [ 3.69859129e-01, 2.48724684e-01, 8.54353428e-01,
            3.40751201e-01, 3.22299510e-01, 7.12639868e-01,
            2.74760395e-01, 3.68708760e-01, 6.04427159e-01,
            2.02723846e-01, 4.72358406e-01, 8.24187875e-01,
            1.81223109e-01, 6.19768739e-01, 8.38992357e-01,
            4.08256441e-01, 2.78687745e-01, 6.95027709e-01,
            4.77231294e-01, 4.04060662e-01, 8.29572558e-01,
            5.47833681e-01, 3.82414103e-01, 8.74816895e-01,
            4.37366486e-01, 5.97829282e-01, 4.83787119e-01,
            5.20178139e-01, 7.12424040e-01, 2.96342939e-01,
            6.33725703e-01, 8.18724751e-01, 1.49457365e-01,
            4.86483127e-01, 5.07788122e-01, 5.40372252e-01,
            6.15286946e-01, 3.96023095e-01, 7.81553030e-01,
            7.21141040e-01, 6.25122309e-01, 5.61577022e-01,
            3.48456681e-01, 2.29570314e-01, 9.02317464e-01,
            3.72948617e-01, 2.07873911e-01, 8.92653942e-01,
            3.00822884e-01, 2.32302174e-01, 6.83133304e-01, 0.0, 0.0,
            0.0 ]
    }
}
