{
    "pose_0": {
        "type_id": "opencv-matrix",
        "rows": 1,
        "cols": 18,
        "dt": "3f",
        "data": [ 4.23597962e-01, 2.29669362e-01, 9.22124922e-01,
            3.83643806e-01, 2.92373925e-01, 7.42001057e-01,
            3.05481970e-01, 3.30528736e-01, 5.70035040e-01,
            2.37986609e-01, 4.88597244e-01, 7.88144767e-01,
            1.85847029e-01, 6.16943240e-01, 7.92331874e-01,
            4.49637502e-01, 2.59639233e-01, 6.77556813e-01,
            4.97207016e-01, 3.95989478e-01, 8.40468585e-01,
            5.58570981e-01, 3.79608989e-01, 8.57928157e-01,
            4.35865998e-01, 5.84236026e-01, 4.71894503e-01,
            5.09445250e-01, 7.04246163e-01, 2.70498037e-01,
            6.84297979e-01, 8.37958932e-01, 3.42892379e-01,
            4.97212410e-01, 4.96885240e-01, 5.54677129e-01,
            6.19832158e-01, 3.82349342e-01, 8.52617979e-01,
            7.27252662e-01, 6.22458637e-01, 5.90936124e-01,
            4.08208132e-01, 2.07857072e-01, 9.07610357e-01,
            4.31211829e-01, 1.96842685e-01, 7.90754855e-01,
            3.59125108e-01, 2.02298179e-01, 6.75112009e-01, 0.0, 0.0,
            0.0 ]
    }
}
