{
    "pose_0": {
        "type_id": "opencv-matrix",
        "rows": 1,
        "cols": 18,
        "dt": "3f",
        "data": [ 3.46857250e-01, 2.67832339e-01, 8.55165958e-01,
            3.22354883e-01, 3.38660210e-01, 7.59716094e-01,
            2.53308058e-01, 3.82365584e-01, 6.18502080e-01,
            1.87392473e-01, 4.72344130e-01, 8.19765091e-01,
            1.78171411e-01, 6.25094593e-01, 8.52955639e-01,
            3.86783123e-01, 2.95012295e-01, 7.24329174e-01,
            4.69575763e-01, 4.12375748e-01, 7.99176872e-01,
            5.44799685e-01, 3.95956099e-01, 8.47668648e-01,
            4.28176284e-01, 6.00610614e-01, 4.61232752e-01,
            5.14057040e-01, 7.23328710e-01, 3.01996708e-01,
            6.35240912e-01, 8.29702258e-01, 1.91556111e-01,
            4.81838614e-01, 5.07822573e-01, 5.08440733e-01,
            6.09179258e-01, 4.04134870e-01, 8.29522967e-01,
            7.21094310e-01, 6.36029243e-01, 5.92482805e-01,
            3.25411707e-01, 2.48745278e-01, 9.17597055e-01,
            3.48426551e-01, 2.29594499e-01, 8.77976716e-01,
            2.77866572e-01, 2.56857187e-01, 7.27403760e-01, 0.0, 0.0,
            0.0 ]
    }
}
