{
    "pose_0": {
        "type_id": "opencv-matrix",
        "rows": 1,
        "cols": 18,
        "dt": "3f",
        "data": [ 3.42291683e-01, 2.70361900e-01, 8.35029364e-01,
            3.14696223e-01, 3.38834405e-01, 7.36225545e-01,
            2.50217706e-01, 3.85138541e-01, 6.12021565e-01,
            1.82776019e-01, 4.69743669e-01, 8.15043926e-01,
            1.76699057e-01, 6.25126421e-01, 8.71297419e-01,
            3.83700013e-01, 2.95065939e-01, 7.31490970e-01,
            4.68048662e-01, 4.12356585e-01, 7.84252107e-01,
            5.44703901e-01, 3.95926476e-01, 8.52290154e-01,
            4.31237459e-01, 6.03309155e-01, 4.37594295e-01,
            5.12539744e-01, 7.26015627e-01, 3.06358337e-01,
            6.32177770e-01, 8.29645395e-01, 2.03798443e-01,
            4.80338782e-01, 5.07797301e-01, 4.83070940e-01,
            6.09203041e-01, 4.04082626e-01, 8.07014227e-01,
            7.22650826e-01, 6.41402125e-01, 5.99905908e-01,
            3.23831081e-01, 2.51303613e-01, 9.22604203e-01,
            3.43811959e-01, 2.29616731e-01, 8.52989435e-01,
            2.74815410e-01, 2.67734557e-01, 7.65624046e-01, 0.0, 0.0,
            0.0 ]
    }
}
