{
    "pose_0": {
        "type_id": "opencv-matrix",
        "rows": 1,
        "cols": 18,
        "dt": "3f",
        "data": [ 5.44761419e-01, 1.91447571e-01, 9.00791943e-01,
            4.91079360e-01, 2.97763288e-01, 7.43674815e-01,
            4.31246877e-01, 3.16879541e-01, 6.71668112e-01,
            3.97528112e-01, 5.18729746e-01, 7.98988283e-01,
            3.59131247e-01, 6.85056448e-01, 8.16282690e-01,
            5.47802508e-01, 2.84169406e-01, 7.31973171e-01,
            5.46322405e-01, 4.23234969e-01, 4.60487485e-01,
            5.58538795e-01, 4.25944358e-01, 5.89892209e-01,
            4.48099196e-01, 6.14194572e-01, 5.04533052e-01,
            4.75748301e-01, 6.60578907e-01, 1.50903076e-01,
            6.29118145e-01, 8.40597868e-01, 3.38064134e-01,
            5.21740377e-01, 5.56923985e-01, 5.16877115e-01,
            6.09179616e-01, 4.25978571e-01, 8.53670716e-01,
            7.16549516e-01, 6.63225412e-01, 5.79626381e-01,
            5.23236275e-01, 1.66830823e-01, 8.75278056e-01,
            5.52401781e-01, 1.58643663e-01, 9.27771688e-01,
            4.78776783e-01, 1.64246187e-01, 6.74820542e-01, 0.0, 0.0,
            0.0 ]
    }
}
