{
    "pose_0": {
        "type_id": "opencv-matrix",
        "rows": 1,
        "cols": 18,
        "dt": "3f",
        "data": [ 5.35528600e-01, 2.04965442e-01, 8.81098926e-01,
            4.78774518e-01, 3.08685750e-01, 7.09483445e-01,
            4.21991169e-01, 3.22341770e-01, 6.27888262e-01,
            3.86811346e-01, 5.35045981e-01, 8.14316094e-01,
            3.48436654e-01, 7.06824780e-01, 8.27865124e-01,
            5.34028172e-01, 2.92308629e-01, 7.51587093e-01,
            5.21697819e-01, 4.50556189e-01, 2.07773492e-01,
            5.53944290e-01, 4.50539500e-01, 4.49283302e-01,
            4.46609676e-01, 6.46940351e-01, 3.96999538e-01,
            5.83067477e-01, 5.97752154e-01, 6.79998517e-01,
            7.14987338e-01, 7.72431374e-01, 2.47047558e-01,
            5.09441674e-01, 5.70564151e-01, 3.56616735e-01,
            5.99952936e-01, 4.64107245e-01, 8.27692211e-01,
            7.18047142e-01, 6.74203038e-01, 5.75615287e-01,
            5.20169139e-01, 1.77765056e-01, 8.44755709e-01,
            5.44691563e-01, 1.64242581e-01, 9.66390371e-01,
            4.71169025e-01, 1.61491349e-01, 7.24990845e-01, 0.0, 0.0,
            0.0 ]
    }
}
