{
    "pose_0": {
        "type_id": "opencv-matrix",
        "rows": 1,
        "cols": 18,
        "dt": "3f",
        "data": [ 3.74569356e-01, 2.48646870e-01, 8.96317184e-01,
            3.48352730e-01, 3.19593400e-01, 7.72191644e-01,
            2.77869344e-01, 3.63305479e-01, 6.04161084e-01,
            2.10395649e-01, 4.75082487e-01, 7.50465274e-01,
            1.82751611e-01, 6.22305095e-01, 8.27511013e-01,
            4.11341518e-01, 2.73345828e-01, 7.25721359e-01,
            4.81800705e-01, 4.01358843e-01, 8.33552003e-01,
            5.49315333e-01, 3.82288337e-01, 8.83649647e-01,
            4.38933730e-01, 5.97777069e-01, 4.57092583e-01,
            5.21721423e-01, 7.12418854e-01, 2.89841264e-01,
            6.36783183e-01, 8.18719923e-01, 1.77319974e-01,
            4.91068840e-01, 5.07755399e-01, 5.22170842e-01,
            6.15288198e-01, 3.95998865e-01, 7.85142541e-01,
            7.21113563e-01, 6.22444808e-01, 5.11907637e-01,
            3.59099776e-01, 2.26944447e-01, 8.75024557e-01,
            3.79079729e-01, 2.07869068e-01, 8.50669622e-01,
            3.08529586e-01, 2.26881161e-01, 7.01777458e-01, 0.0, 0.0,
            0.0 ]
    }
}
