{
    "pose_0": {
        "type_id": "opencv-matrix",
        "rows": 1,
        "cols": 18,
        "dt": "3f",
        "data": [ 3.37728202e-01, 2.67822236e-01, 8.86742890e-01,
            3.13148141e-01, 3.41470718e-01, 7.63569891e-01,
            2.48692334e-01, 3.85117024e-01, 6.11539125e-01,
            1.79694310e-01, 4.69637126e-01, 8.59421551e-01,
            1.76667050e-01, 6.25198245e-01, 8.66262913e-01,
            3.80639404e-01, 2.97827154e-01, 6.99166715e-01,
            4.64959264e-01, 4.12376106e-01, 7.80334830e-01,
            5.44687271e-01, 3.93304646e-01, 8.30254316e-01,
            4.28183407e-01, 6.06036961e-01, 4.20905769e-01,
            4.77252841e-01, 6.87910855e-01, 2.04877511e-01,
            6.79715991e-01, 8.54256511e-01, 2.35056490e-01,
            4.80307639e-01, 5.10550737e-01, 4.82862145e-01,
            6.09141648e-01, 4.04176444e-01, 8.25017750e-01,
            7.21127152e-01, 6.41401470e-01, 6.06397986e-01,
            3.19247156e-01, 2.51361281e-01, 8.53389084e-01,
            3.37762922e-01, 2.29621634e-01, 9.09227967e-01,
            2.73212999e-01, 2.67710775e-01, 7.28081882e-01, 0.0, 0.0,
            0.0 ]
    }
}
