{
    "pose_0": {
        "type_id": "opencv-matrix",
        "rows": 1,
        "cols": 18,
        "dt": "3f",
        "data": [ 3.62186641e-01, 2.51353383e-01, 9.24687147e-01,
            3.36116225e-01, 3.27816039e-01, 7.57150114e-01,
            2.68648922e-01, 3.76832783e-01, 6.09081864e-01,
            1.98094532e-01, 4.66925949e-01, 7.88233638e-01,
            1.78264692e-01, 6.19673848e-01, 8.55670393e-01,
            4.00549114e-01, 2.84128308e-01, 6.83042228e-01,
            4.72697169e-01, 4.04130191e-01, 8.75606120e-01,
            5.47854364e-01, 3.82413238e-01, 8.71956468e-01,
            4.37381297e-01, 5.97803473e-01, 4.88695413e-01,
            5.14066875e-01, 7.12409914e-01, 2.84171045e-01,
            6.32199466e-01, 8.18867445e-01, 2.30200112e-01,
            4.86482888e-01, 4.99659240e-01, 5.24657667e-01,
            6.15251005e-01, 3.98680300e-01, 7.84970939e-01,
            7.21111894e-01, 6.27855837e-01, 5.54826796e-01,
            3.40782464e-01, 2.29719236e-01, 8.62421930e-01,
            3.63729388e-01, 2.10594073e-01, 8.74201536e-01,
            2.94754475e-01, 2.32346132e-01, 7.08179355e-01, 0.0, 0.0,
            0.0 ]
    }
}
