{
    "pose_0": {
        "type_id": "opencv-matrix",
        "rows": 1,
        "cols": 18,
        "dt": "3f",
        "data": [ 3.94406736e-01, 2.40502641e-01, 8.03814411e-01,
            3.60633522e-01, 3.11464399e-01, 7.58695364e-01,
            2.88569421e-01, 3.57764632e-01, 6.40666664e-01,
            2.19586208e-01, 4.88719881e-01, 7.58324325e-01,
            1.82779640e-01, 6.22317314e-01, 8.30537677e-01,
            4.25097615e-01, 2.70390034e-01, 7.12548435e-01,
            4.84966576e-01, 3.87831748e-01, 8.08285534e-01,
            5.53917944e-01, 3.79514277e-01, 8.49499524e-01,
            4.38918650e-01, 5.84180176e-01, 4.27548915e-01,
            5.04858732e-01, 6.87941670e-01, 1.95459411e-01,
            6.45981789e-01, 8.16140950e-01, 1.06719978e-01,
            4.95670021e-01, 4.91517305e-01, 5.20679832e-01,
            6.18291438e-01, 3.82375956e-01, 8.48992705e-01,
            7.27240622e-01, 6.22353256e-01, 5.97166777e-01,
            3.74427319e-01, 2.24094972e-01, 8.89017701e-01,
            3.97475183e-01, 2.04956651e-01, 9.30013657e-01,
            3.23883146e-01, 2.18697041e-01, 6.97279215e-01, 0.0, 0.0,
            0.0 ]
    }
}
