{
    "pose_0": {
        "type_id": "opencv-matrix",
        "rows": 1,
        "cols": 18,
        "dt": "3f",
        "data": [ 3.85285825e-01, 2.40495995e-01, 8.67791533e-01,
            3.53052109e-01, 3.14151555e-01, 7.45946825e-01,
            2.85532802e-01, 3.57844621e-01, 6.25077307e-01,
            2.13508442e-01, 4.83294576e-01, 7.90919065e-01,
            1.84282348e-01, 6.19741082e-01, 8.33901227e-01,
            4.21973318e-01, 2.70452321e-01, 7.36784816e-01,
            4.84897077e-01, 3.93269002e-01, 8.37644577e-01,
            5.52416861e-01, 3.79591167e-01, 8.66084218e-01,
            4.38930988e-01, 5.84184527e-01, 4.51426387e-01,
            5.09463370e-01, 6.96018875e-01, 2.42909163e-01,
            6.38297141e-01, 8.16023946e-01, 1.93718553e-01,
            4.94124025e-01, 4.96924758e-01, 5.24288177e-01,
            6.18300259e-01, 3.82458031e-01, 8.40233624e-01,
            7.25725174e-01, 6.22405231e-01, 5.57724476e-01,
            3.65307122e-01, 2.24094316e-01, 8.35235476e-01,
            3.86797398e-01, 2.05007166e-01, 9.37011063e-01,
            3.17750454e-01, 2.21379951e-01, 6.37159526e-01, 0.0, 0.0,
            0.0 ]
    }
}
