{
    "pose_0": {
        "type_id": "opencv-matrix",
        "rows": 1,
        "cols": 18,
        "dt": "3f",
        "data": [ 3.51499140e-01, 2.54137576e-01, 8.70908678e-01,
            3.26931983e-01, 3.33264709e-01, 7.30893433e-01,
            2.60983795e-01, 3.76901895e-01, 6.22598410e-01,
            1.90489709e-01, 4.66846973e-01, 8.39526296e-01,
            1.78190961e-01, 6.19623244e-01, 8.67842555e-01,
            3.94426614e-01, 2.92256236e-01, 7.11842418e-01,
            4.71070498e-01, 4.04289246e-01, 8.52492094e-01,
            5.46213210e-01, 3.87875050e-01, 8.58788431e-01,
            4.35814977e-01, 5.97821355e-01, 4.83304262e-01,
            5.12551069e-01, 7.12427914e-01, 2.98048675e-01,
            6.81228936e-01, 8.51490080e-01, 3.50588500e-01,
            4.83358085e-01, 5.02394855e-01, 5.09903312e-01,
            6.12242758e-01, 4.01359409e-01, 8.04648697e-01,
            7.19601810e-01, 6.30611002e-01, 5.80985367e-01,
            3.34600717e-01, 2.35074833e-01, 8.58378172e-01,
            3.54568571e-01, 2.18698248e-01, 7.84482598e-01,
            2.85531491e-01, 2.45906457e-01, 7.13795185e-01, 0.0, 0.0,
            0.0 ]
    }
}
