{
    "pose_0": {
        "type_id": "opencv-matrix",
        "rows": 1,
        "cols": 18,
        "dt": "3f",
        "data": [ 5.35534739e-01, 1.72283426e-01, 8.81931841e-01,
            4.83446598e-01, 2.73316264e-01, 7.71538854e-01,
            4.22060460e-01, 2.95094490e-01, 6.64816558e-01,
            3.86830419e-01, 4.94180560e-01, 8.02325070e-01,
            3.50032359e-01, 6.66130602e-01, 8.41076553e-01,
            5.44785500e-01, 2.56896257e-01, 7.35493600e-01,
            5.24799228e-01, 3.65979284e-01, 2.72779286e-01,
            5.58578551e-01, 4.04197365e-01, 7.20833898e-01,
            4.45062459e-01, 5.95124483e-01, 4.73640382e-01,
            4.97185975e-01, 7.26076186e-01, 2.04157889e-01,
            6.87381089e-01, 8.65148008e-01, 3.64793092e-01,
            5.20202160e-01, 5.35122454e-01, 5.66259563e-01,
            6.15301847e-01, 4.01547492e-01, 8.19584012e-01,
            7.18081534e-01, 6.41485631e-01, 6.30963922e-01,
            5.18611491e-01, 1.45048425e-01, 8.45225513e-01,
            5.44722199e-01, 1.39447182e-01, 9.73708749e-01,
            4.71165746e-01, 1.50458768e-01, 6.73154354e-01, 0.0, 0.0,
            0.0 ]
    }
}
