{
    "pose_0": {
        "type_id": "opencv-matrix",
        "rows": 1,
        "cols": 18,
        "dt": "3f",
        "data": [ 4.86435682e-01, 1.66909471e-01, 9.02411640e-01,
            4.32733774e-01, 2.51312882e-01, 7.69050717e-01,
            3.60684723e-01, 2.70389259e-01, 6.26764119e-01,
            3.00937533e-01, 4.50569361e-01, 7.69553304e-01,
            2.59449601e-01, 6.06032670e-01, 7.57479072e-01,
            4.97247219e-01, 2.29529724e-01, 7.76664317e-01,
            5.09501576e-01, 3.74114871e-01, 7.72943735e-01,
            5.60083628e-01, 3.71408552e-01, 7.52292931e-01,
            4.43481177e-01, 5.75985074e-01, 4.75396216e-01,
            4.88004029e-01, 6.82403743e-01, 2.07681090e-01,
            6.33700073e-01, 8.07869971e-01, 1.35424212e-01,
            5.09443045e-01, 4.99620557e-01, 5.27514458e-01,
            6.18323624e-01, 3.71425360e-01, 8.28085721e-01,
            7.19588339e-01, 6.08800054e-01, 5.96999824e-01,
            4.71068323e-01, 1.42263055e-01, 9.07535255e-01,
            4.95660424e-01, 1.34074599e-01, 8.97188902e-01,
            4.23559725e-01, 1.25894785e-01, 6.61219776e-01, 0.0, 0.0,
            0.0 ]
    }
}
