{
    "pose_0": {
        "type_id": "opencv-matrix",
        "rows": 1,
        "cols": 18,
        "dt": "3f",
        "data": [ 5.12521029e-01, 1.61288142e-01, 8.71257067e-01,
            4.60379720e-01, 2.54171550e-01, 7.88021624e-01,
            3.97450894e-01, 2.76061416e-01, 6.54044807e-01,
            3.51486355e-01, 4.77840692e-01, 7.67927170e-01,
            3.11535954e-01, 6.33333743e-01, 7.94231653e-01,
            5.26330590e-01, 2.32318997e-01, 7.36821473e-01,
            5.18676281e-01, 3.63213837e-01, 5.28180182e-01,
            5.58594584e-01, 3.87783647e-01, 7.53469884e-01,
            4.45019513e-01, 5.78797400e-01, 4.84945685e-01,
            5.06391287e-01, 7.09753990e-01, 1.80357128e-01,
            6.79722250e-01, 8.40539694e-01, 3.54283065e-01,
            5.17104805e-01, 5.15975356e-01, 5.48672259e-01,
            6.15296960e-01, 3.85057122e-01, 8.03517640e-01,
            7.19604075e-01, 6.22456849e-01, 5.89659572e-01,
            4.94106829e-01, 1.39464051e-01, 8.91625762e-01,
            5.20116985e-01, 1.20437011e-01, 9.72623825e-01,
            4.46576923e-01, 1.39668658e-01, 7.04708695e-01, 0.0, 0.0,
            0.0 ]
    }
}
