{
    "pose_0": {
        "type_id": "opencv-matrix",
        "rows": 1,
        "cols": 18,
        "dt": "3f",
        "data": [ 4.61974770e-01, 2.02328265e-01, 8.51875484e-01,
            4.11318779e-01, 2.65055388e-01, 7.10746109e-01,
            3.37696642e-01, 2.86841810e-01, 5.71688414e-01,
            2.67161220e-01, 4.64186728e-01, 7.34361053e-01,
            2.16575876e-01, 6.00510061e-01, 8.18299055e-01,
            4.81839746e-01, 2.45967865e-01, 7.15173781e-01,
            5.06360412e-01, 3.79720151e-01, 8.01863194e-01,
            5.66219985e-01, 3.66018414e-01, 7.51917601e-01,
            4.37374502e-01, 5.76027870e-01, 4.32779729e-01,
            4.63455766e-01, 6.46956086e-01, 2.29640678e-01,
            6.44440651e-01, 8.10557961e-01, 9.95003507e-02,
            5.07921815e-01, 4.94209409e-01, 5.27831316e-01,
            6.21454060e-01, 3.71411532e-01, 7.92522132e-01,
            7.28766084e-01, 6.19727194e-01, 6.00815535e-01,
            4.46627647e-01, 1.72324002e-01, 8.50099921e-01,
            4.71142948e-01, 1.64138943e-01, 9.62193966e-01,
            3.99056733e-01, 1.53222829e-01, 6.33802950e-01, 0.0, 0.0,
            0.0 ]
    }
}
