{
    "pose_0": {
        "type_id": "opencv-matrix",
        "rows": 1,
        "cols": 18,
        "dt": "3f",
        "data": [ 5.46229005e-01, 1.88649610e-01, 9.41706002e-01,
            4.91077811e-01, 2.95051873e-01, 7.49145448e-01,
            4.29718524e-01, 3.14223081e-01, 6.62420988e-01,
            3.97492558e-01, 5.16012490e-01, 8.29482138e-01,
            3.60619813e-01, 6.85057223e-01, 8.29419851e-01,
            5.47851264e-01, 2.76015580e-01, 7.35129297e-01,
            5.37057400e-01, 4.04209167e-01, 1.94599673e-01,
            5.58533907e-01, 4.23212320e-01, 6.23535335e-01,
            4.48108554e-01, 6.06056213e-01, 5.26029766e-01,
            5.01785278e-01, 7.04243481e-01, 1.71620205e-01,
            6.38288021e-01, 8.56962264e-01, 2.62565702e-01,
            5.21760225e-01, 5.54159224e-01, 5.16910434e-01,
            6.09189987e-01, 4.23256278e-01, 8.46255064e-01,
            7.18067408e-01, 6.60606027e-01, 6.16493046e-01,
            5.23298204e-01, 1.64109722e-01, 8.98370683e-01,
            5.53958595e-01, 1.53244153e-01, 9.07507479e-01,
            4.78803277e-01, 1.64162397e-01, 6.69609368e-01, 0.0, 0.0,
            0.0 ]
    }
}
