{
    "pose_0": {
        "type_id": "opencv-matrix",
        "rows": 1,
        "cols": 18,
        "dt": "3f",
        "data": [ 4.72643584e-01, 1.85982704e-01, 9.42380548e-01,
            4.20487344e-01, 2.51474708e-01, 7.54368424e-01,
            3.46888870e-01, 2.73164839e-01, 5.97216606e-01,
            2.77868152e-01, 4.50576991e-01, 7.52553940e-01,
            2.28780329e-01, 6.00464404e-01, 8.29896092e-01,
            4.86432672e-01, 2.32350275e-01, 7.39204526e-01,
            5.07854939e-01, 3.76938194e-01, 8.18855584e-01,
            5.64655244e-01, 3.60664517e-01, 7.71547139e-01,
            4.38929498e-01, 5.73296547e-01, 4.52939570e-01,
            4.71112907e-01, 6.60581410e-01, 3.18518460e-01,
            6.33681536e-01, 8.02476585e-01, 1.63223445e-01,
            5.09440243e-01, 4.94167447e-01, 5.31471312e-01,
            6.21458411e-01, 3.63331974e-01, 8.10878515e-01,
            7.24198282e-01, 6.08764112e-01, 5.83542347e-01,
            4.57312077e-01, 1.61322594e-01, 8.84655714e-01,
            4.83343631e-01, 1.47784337e-01, 8.64385843e-01,
            4.09792006e-01, 1.39673457e-01, 7.25103080e-01, 0.0, 0.0,
            0.0 ]
    }
}
