{
    "pose_0": {
        "type_id": "opencv-matrix",
        "rows": 1,
        "cols": 18,
        "dt": "3f",
        "data": [ 4.83342230e-01, 1.75053924e-01, 8.70724738e-01,
            4.25126672e-01, 2.48667806e-01, 7.46155500e-01,
            3.56080055e-01, 2.62339354e-01, 5.77104211e-01,
            2.90152192e-01, 4.50525016e-01, 7.48675287e-01,
            2.42604896e-01, 6.00581288e-01, 8.03143203e-01,
            4.94083226e-01, 2.29664475e-01, 7.46658683e-01,
            5.09433448e-01, 3.79487723e-01, 8.44634652e-01,
            5.63152313e-01, 3.63268018e-01, 7.84910142e-01,
            4.38905567e-01, 5.73244631e-01, 4.61708456e-01,
            4.72654730e-01, 6.60536408e-01, 3.63687813e-01,
            6.33694530e-01, 8.07871938e-01, 3.11846614e-01,
            5.07961452e-01, 4.96953100e-01, 5.50586581e-01,
            6.19914949e-01, 3.63236725e-01, 8.44636381e-01,
            7.24196076e-01, 6.16903305e-01, 5.71678162e-01,
            4.66514975e-01, 1.45012841e-01, 8.72860014e-01,
            4.87980396e-01, 1.42213985e-01, 9.23158169e-01,
            4.20517772e-01, 1.23265646e-01, 6.53412461e-01, 0.0, 0.0,
            0.0 ]
    }
}
