{
    "pose_0": {
        "type_id": "opencv-matrix",
        "rows": 1,
        "cols": 18,
        "dt": "3f",
        "data": [ 4.43519920e-01, 2.18644276e-01, 8.28149796e-01,
            3.97460729e-01, 2.73336738e-01, 7.26807296e-01,
            3.22339267e-01, 3.05939674e-01, 5.56413472e-01,
            2.50283331e-01, 4.69533533e-01, 7.72077382e-01,
            1.95057958e-01, 6.03246152e-01, 7.81780303e-01,
            4.61950928e-01, 2.51335979e-01, 7.44814634e-01,
            5.03335297e-01, 3.85074735e-01, 8.26330304e-01,
            5.63126922e-01, 3.74119103e-01, 7.72168875e-01,
            4.37366039e-01, 5.81491470e-01, 4.81130630e-01,
            5.10984421e-01, 7.07000315e-01, 2.92370409e-01,
            6.39815927e-01, 8.16000164e-01, 2.27224052e-01,
            5.03318489e-01, 4.99604821e-01, 5.43937087e-01,
            6.21418059e-01, 3.76910269e-01, 8.29988599e-01,
            7.27212191e-01, 6.19699359e-01, 5.66877067e-01,
            4.25076902e-01, 1.91383943e-01, 8.50950301e-01,
            4.48145717e-01, 1.83259189e-01, 9.75107908e-01,
            3.76054317e-01, 1.75047636e-01, 5.92294395e-01, 0.0, 0.0,
            0.0 ]
    }
}
