{
    "pose_0": {
        "type_id": "opencv-matrix",
        "rows": 1,
        "cols": 18,
        "dt": "3f",
        "data": [ 3.39269251e-01, 2.70464182e-01, 8.68473470e-01,
            3.14692080e-01, 3.41459900e-01, 7.27416217e-01,
            2.50212967e-01, 3.82443160e-01, 6.08619332e-01,
            1.81230769e-01, 4.66977477e-01, 8.35303068e-01,
            1.78209603e-01, 6.22490764e-01, 8.76391709e-01,
            3.83677095e-01, 2.97853559e-01, 7.00513005e-01,
            4.69583720e-01, 4.07011211e-01, 8.14539254e-01,
            5.46307862e-01, 3.98608923e-01, 8.39308023e-01,
            4.34316516e-01, 6.06003284e-01, 4.36420560e-01,
            5.18680096e-01, 7.28782058e-01, 2.63165116e-01,
            6.32142007e-01, 8.35161805e-01, 2.86005020e-01,
            4.83380914e-01, 5.10480404e-01, 4.72957283e-01,
            6.15271211e-01, 4.06883985e-01, 7.98070431e-01,
            7.21138179e-01, 6.35988414e-01, 5.50459981e-01,
            3.20829719e-01, 2.51417905e-01, 8.76926899e-01,
            3.40750903e-01, 2.29608431e-01, 8.77675891e-01,
            2.74728626e-01, 2.67763019e-01, 7.40033746e-01, 0.0, 0.0,
            0.0 ]
    }
}
