{
    "pose_0": {
        "type_id": "opencv-matrix",
        "rows": 1,
        "cols": 18,
        "dt": "3f",
        "data": [ 5.23242235e-01, 1.96805000e-01, 8.65790546e-01,
            4.71100748e-01, 3.22319567e-01, 8.16961050e-01,
            4.11292970e-01, 3.36056471e-01, 6.92484021e-01,
            3.82168859e-01, 5.43313920e-01, 7.72606850e-01,
            3.37746024e-01, 7.28645265e-01, 7.99877346e-01,
            5.29382110e-01, 3.14094365e-01, 7.47898996e-01,
            5.44690907e-01, 4.88830686e-01, 8.60137820e-01,
            5.83129287e-01, 6.00522220e-01, 8.33869338e-01,
            4.46542084e-01, 6.52405798e-01, 4.58077103e-01,
            5.84637344e-01, 7.42380381e-01, 2.92772323e-01,
            7.30315149e-01, 8.40646982e-01, 8.45964998e-02,
            5.14080405e-01, 6.00596488e-01, 5.88598847e-01,
            6.07607126e-01, 6.79716289e-01, 3.90552104e-01, 0.0, 0.0,
            0.0, 5.06348670e-01, 1.66916937e-01, 8.50233078e-01,
            5.29401958e-01, 1.61391273e-01, 9.19609189e-01,
            4.58773553e-01, 1.69614434e-01, 7.03318119e-01, 0.0, 0.0,
            0.0 ]
    }
}
