{
    "pose_0": {
        "type_id": "opencv-matrix",
        "rows": 1,
        "cols": 18,
        "dt": "3f",
        "data": [ 4.08183515e-01, 2.45877132e-01, 8.37898731e-01,
            3.68382365e-01, 3.05935830e-01, 7.18511164e-01,
            2.97806621e-01, 3.41465652e-01, 6.09878838e-01,
            2.27211386e-01, 4.88805503e-01, 8.01911235e-01,
            1.81249514e-01, 6.19762421e-01, 8.24196339e-01,
            4.34354126e-01, 2.67815650e-01, 7.11341441e-01,
            4.89503443e-01, 3.87767226e-01, 7.69078135e-01,
            5.56969047e-01, 3.79544109e-01, 8.60538363e-01,
            4.37363982e-01, 5.86926997e-01, 4.57918316e-01,
            5.18646538e-01, 7.09702492e-01, 2.47468084e-01,
            6.47504091e-01, 8.16108644e-01, 1.58360273e-01,
            4.95670915e-01, 4.94195551e-01, 5.34502387e-01,
            6.18275404e-01, 3.82422298e-01, 8.34412158e-01,
            7.25736439e-01, 6.22456133e-01, 5.49776971e-01,
            3.86773646e-01, 2.26711065e-01, 8.96375537e-01,
            4.09760952e-01, 2.07652733e-01, 9.29212570e-01,
            3.37653369e-01, 2.13223562e-01, 6.71071470e-01, 0.0, 0.0,
            0.0 ]
    }
}
