{
    "pose_0": {
        "type_id": "opencv-matrix",
        "rows": 1,
        "cols": 18,
        "dt": "3f",
        "data": [ 4.85009938e-01, 1.69556305e-01, 9.04171586e-01,
            4.28174704e-01, 2.48791397e-01, 7.50691414e-01,
            3.57623816e-01, 2.70420313e-01, 6.16843104e-01,
            2.99329340e-01, 4.50605959e-01, 7.77127206e-01,
            2.51819134e-01, 6.03370249e-01, 8.16838384e-01,
            4.95717049e-01, 2.29506344e-01, 7.84281492e-01,
            5.09456992e-01, 3.74196947e-01, 7.94142783e-01,
            5.63123226e-01, 3.66038710e-01, 7.49687791e-01,
            4.40451294e-01, 5.73286831e-01, 4.69950020e-01,
            4.83386695e-01, 6.71493590e-01, 2.33991846e-01,
            6.33698106e-01, 8.07823539e-01, 2.11712241e-01,
            5.09417593e-01, 4.99619186e-01, 5.31041861e-01,
            6.18387580e-01, 3.63331199e-01, 8.36931109e-01,
            7.19590843e-01, 6.08780384e-01, 6.14159226e-01,
            4.71080720e-01, 1.42399296e-01, 9.22626615e-01,
            4.95589435e-01, 1.36811763e-01, 8.95790815e-01,
            4.23520744e-01, 1.25970364e-01, 6.86577797e-01, 0.0, 0.0,
            0.0 ]
    }
}
