{
    "pose_0": {
        "type_id": "opencv-matrix",
        "rows": 1,
        "cols": 18,
        "dt": "3f",
        "data": [ 5.34001291e-01, 2.04996556e-01, 9.09294963e-01,
            4.74214464e-01, 3.11366618e-01, 7.72598743e-01,
            4.15910065e-01, 3.25076967e-01, 6.19883597e-01,
            3.85209411e-01, 5.35017967e-01, 8.32179010e-01,
            3.46887738e-01, 7.06947923e-01, 8.10153902e-01,
            5.34000337e-01, 2.92317450e-01, 8.01637590e-01,
            5.26347339e-01, 4.47822124e-01, 6.51848793e-01,
            5.64685881e-01, 4.91400838e-01, 8.25845778e-01,
            4.45057184e-01, 6.41457617e-01, 4.00509298e-01,
            5.83127379e-01, 6.36001229e-01, 5.87357402e-01,
            7.59469509e-01, 8.16047966e-01, 2.43116438e-01,
            5.11026978e-01, 5.70506155e-01, 4.42161769e-01,
            6.18295252e-01, 5.21488369e-01, 7.56326020e-01,
            7.54870176e-01, 7.15104103e-01, 4.65856910e-01,
            5.18627167e-01, 1.77817643e-01, 8.28203261e-01,
            5.41633070e-01, 1.64291710e-01, 9.52461183e-01,
            4.71077323e-01, 1.64098531e-01, 7.52958894e-01, 0.0, 0.0,
            0.0 ]
    }
}
