{
    "pose_0": {
        "type_id": "opencv-matrix",
        "rows": 1,
        "cols": 18,
        "dt": "3f",
        "data": [ 4.98732775e-01, 1.58716530e-01, 8.86667013e-01,
            4.45026219e-01, 2.48779610e-01, 8.02564323e-01,
            3.73003811e-01, 2.70538211e-01, 6.64544821e-01,
            3.25460881e-01, 4.64109272e-01, 7.84370899e-01,
            2.87010938e-01, 6.19623125e-01, 8.44537079e-01,
            5.12506902e-01, 2.29595169e-01, 7.69594193e-01,
            5.18605649e-01, 3.60651553e-01, 7.52192438e-01,
            5.58548272e-01, 3.79471630e-01, 7.96185851e-01,
            4.41958636e-01, 5.75964272e-01, 4.72805828e-01,
            4.84913051e-01, 6.82391882e-01, 2.64324903e-01,
            6.32194102e-01, 8.15934241e-01, 1.60927027e-01,
            5.10979235e-01, 4.99649912e-01, 5.35365283e-01,
            6.16819739e-01, 3.76832932e-01, 8.25939000e-01,
            7.19605803e-01, 6.16923332e-01, 6.08477175e-01,
            4.81865674e-01, 1.34163246e-01, 8.69200826e-01,
            5.07876873e-01, 1.20363623e-01, 9.59874809e-01,
            4.32798266e-01, 1.23162255e-01, 6.91533625e-01, 0.0, 0.0,
            0.0 ]
    }
}
