{
    "pose_0": {
        "type_id": "opencv-matrix",
        "rows": 1,
        "cols": 18,
        "dt": "3f",
        "data": [ 3.40791553e-01, 2.70577937e-01, 8.57291102e-01,
            3.14702660e-01, 3.41526717e-01, 7.08697498e-01,
            2.50263333e-01, 3.87769550e-01, 5.93074858e-01,
            1.82789937e-01, 4.66870755e-01, 8.16835046e-01,
            1.78249106e-01, 6.22430325e-01, 8.57454956e-01,
            3.83701235e-01, 3.00498903e-01, 6.88775241e-01,
            4.69554633e-01, 4.09642428e-01, 7.89698601e-01,
            5.46278536e-01, 3.98684472e-01, 8.59410524e-01,
            4.34290498e-01, 6.06020510e-01, 4.40187246e-01,
            5.20166755e-01, 7.28780985e-01, 3.02009910e-01,
            6.84296072e-01, 8.59673202e-01, 3.14838469e-01,
            4.83389348e-01, 5.10477841e-01, 4.77474540e-01,
            6.16817296e-01, 4.04254973e-01, 8.22381496e-01,
            7.18086243e-01, 6.30586624e-01, 5.80536664e-01,
            3.22376072e-01, 2.54095376e-01, 8.94391418e-01,
            3.42290074e-01, 2.29706571e-01, 8.46118569e-01,
            2.74811715e-01, 2.70546019e-01, 7.84843862e-01, 0.0, 0.0,
            0.0 ]
    }
}
