{
    "pose_0": {
        "type_id": "opencv-matrix",
        "rows": 1,
        "cols": 18,
        "dt": "3f",
        "data": [ 3.95912021e-01, 2.43196696e-01, 8.10540915e-01,
            3.60673815e-01, 3.11432660e-01, 7.67664552e-01,
            2.88601130e-01, 3.57734531e-01, 6.27301931e-01,
            2.21106485e-01, 4.88759965e-01, 7.54352450e-01,
            1.82769343e-01, 6.22330248e-01, 8.31630647e-01,
            4.25142676e-01, 2.70403236e-01, 7.01301634e-01,
            4.84989852e-01, 3.87833178e-01, 7.99674332e-01,
            5.53948104e-01, 3.79492939e-01, 8.47195089e-01,
            4.38896120e-01, 5.81534386e-01, 4.27725732e-01,
            4.98722941e-01, 6.85176313e-01, 1.99422359e-01,
            6.45958662e-01, 8.16159010e-01, 9.67804864e-02,
            4.95683342e-01, 4.91529524e-01, 5.17610013e-01,
            6.18302703e-01, 3.82364869e-01, 8.52179885e-01,
            7.27246821e-01, 6.22353613e-01, 6.05768383e-01,
            3.74483585e-01, 2.24137351e-01, 8.86640847e-01,
            3.97497714e-01, 2.05065519e-01, 9.29245949e-01,
            3.23929995e-01, 2.18673378e-01, 6.86355829e-01, 0.0, 0.0,
            0.0 ]
    }
}
