{
    "pose_0": {
        "type_id": "opencv-matrix",
        "rows": 1,
        "cols": 18,
        "dt": "3f",
        "data": [ 5.44802964e-01, 1.85883015e-01, 9.45013583e-01,
            4.89512622e-01, 2.92313695e-01, 7.39793122e-01,
            4.29693520e-01, 3.14067006e-01, 6.47199035e-01,
            3.97542149e-01, 5.13245165e-01, 8.58903885e-01,
            3.60719770e-01, 6.82382405e-01, 8.29207301e-01,
            5.47783971e-01, 2.73197323e-01, 7.64404058e-01,
            5.29381573e-01, 3.90565395e-01, 2.63978094e-01,
            5.60128093e-01, 4.17841583e-01, 6.43358111e-01,
            4.46600139e-01, 6.06060863e-01, 5.34534931e-01,
            5.11001110e-01, 7.23330617e-01, 2.28759751e-01,
            6.32155001e-01, 8.51562440e-01, 3.61114591e-01,
            5.18644750e-01, 5.51470041e-01, 5.31761944e-01,
            6.12234592e-01, 4.17762101e-01, 7.85274863e-01,
            7.18028009e-01, 6.52428925e-01, 5.93428373e-01,
            5.21792769e-01, 1.61414251e-01, 9.20088887e-01,
            5.52404404e-01, 1.45049348e-01, 9.39326048e-01,
            4.80324686e-01, 1.61478683e-01, 7.00466514e-01, 0.0, 0.0,
            0.0 ]
    }
}
