{
    "pose_0": {
        "type_id": "opencv-matrix",
        "rows": 1,
        "cols": 18,
        "dt": "3f",
        "data": [ 4.00633216e-01, 2.43241087e-01, 8.33328605e-01,
            3.63780439e-01, 3.06007534e-01, 7.52110958e-01,
            2.94718206e-01, 3.49591643e-01, 5.82936466e-01,
            2.25663081e-01, 4.91414905e-01, 8.08514416e-01,
            1.81219473e-01, 6.22316182e-01, 8.34446013e-01,
            4.32770878e-01, 2.67761678e-01, 7.12152004e-01,
            4.89508063e-01, 3.87877643e-01, 7.61713147e-01,
            5.55483282e-01, 3.79513115e-01, 8.57418656e-01,
            4.37392712e-01, 5.84242046e-01, 4.45975810e-01,
            4.98743534e-01, 6.87836230e-01, 2.16780961e-01,
            6.45971715e-01, 8.16157639e-01, 1.63999140e-01,
            4.95692164e-01, 4.96890724e-01, 5.38750231e-01,
            6.16829813e-01, 3.82369429e-01, 8.32744956e-01,
            7.27227926e-01, 6.25139356e-01, 5.85742593e-01,
            3.85155350e-01, 2.24156082e-01, 8.78561139e-01,
            4.08186406e-01, 2.05041498e-01, 8.88867378e-01,
            3.34599078e-01, 2.16000065e-01, 6.70750976e-01, 0.0, 0.0,
            0.0 ]
    }
}
