{
    "pose_0": {
        "type_id": "opencv-matrix",
        "rows": 1,
        "cols": 18,
        "dt": "3f",
        "data": [ 5.37098885e-01, 2.05021963e-01, 8.80032718e-01,
            4.83352512e-01, 3.08713496e-01, 7.40264475e-01,
            4.23576087e-01, 3.27756494e-01, 6.51791692e-01,
            3.92910480e-01, 5.32335460e-01, 7.75523305e-01,
            3.49954784e-01, 6.98713541e-01, 8.10295582e-01,
            5.41642725e-01, 2.92274684e-01, 7.18003392e-01,
            5.33980548e-01, 4.45126683e-01, 1.88616797e-01,
            5.55496275e-01, 4.44990486e-01, 5.14755428e-01,
            4.45022672e-01, 6.44250572e-01, 4.23360378e-01,
            5.40163696e-01, 5.75924993e-01, 6.81472182e-01,
            6.39828682e-01, 7.45150447e-01, 7.96263814e-02,
            5.20193338e-01, 5.59655905e-01, 2.79499203e-01,
            5.98455787e-01, 4.44948822e-01, 8.30525219e-01,
            7.08872318e-01, 6.71463311e-01, 5.37992060e-01,
            5.20184755e-01, 1.80481389e-01, 9.11297977e-01,
            5.46221375e-01, 1.64183095e-01, 1.00860047e+00,
            4.71159667e-01, 1.69637665e-01, 6.88310444e-01, 0.0, 0.0,
            0.0 ]
    }
}
