{
    "pose_0": {
        "type_id": "opencv-matrix",
        "rows": 1,
        "cols": 18,
        "dt": "3f",
        "data": [ 3.36116523e-01, 2.70513028e-01, 8.91493380e-01,
            3.11623126e-01, 3.44126970e-01, 7.47189999e-01,
            2.47170076e-01, 3.85159373e-01, 5.94744563e-01,
            1.78138584e-01, 4.69568700e-01, 8.74446988e-01,
            1.76633254e-01, 6.25116348e-01, 8.56271505e-01,
            3.79083842e-01, 3.00552070e-01, 6.75591171e-01,
            4.61927801e-01, 4.09666568e-01, 7.99759507e-01,
            5.44690847e-01, 3.95942688e-01, 8.40097129e-01,
            4.26634640e-01, 6.03344262e-01, 4.40259218e-01,
            5.01790583e-01, 7.15120375e-01, 2.54915386e-01,
            6.33711696e-01, 8.35149169e-01, 2.02368230e-01,
            4.77258742e-01, 5.07862151e-01, 4.69208837e-01,
            6.09146714e-01, 4.04260486e-01, 8.13494503e-01,
            7.19592750e-01, 6.41445160e-01, 5.88816702e-01,
            3.14656764e-01, 2.51521319e-01, 8.81429493e-01,
            3.36166024e-01, 2.32349306e-01, 8.55947554e-01,
            2.67141670e-01, 2.67725646e-01, 7.11023331e-01, 0.0, 0.0,
            0.0 ]
    }
}
