{
    "pose_0": {
        "type_id": "opencv-matrix",
        "rows": 1,
        "cols": 18,
        "dt": "3f",
        "data": [ 3.76047641e-01, 2.48543307e-01, 8.50819588e-01,
            3.48437667e-01, 3.17014277e-01, 7.69979179e-01,
            2.79383212e-01, 3.65974516e-01, 5.84346235e-01,
            2.11927682e-01, 4.72398400e-01, 7.76630104e-01,
            1.81277856e-01, 6.19740605e-01, 8.30368161e-01,
            4.12878573e-01, 2.73258239e-01, 7.17112064e-01,
            4.83316422e-01, 3.98695946e-01, 8.33730340e-01,
            5.50854385e-01, 3.82251740e-01, 8.83584201e-01,
            4.37407970e-01, 5.95111847e-01, 4.58420366e-01,
            5.14071465e-01, 7.06944406e-01, 2.67932892e-01,
            6.45991802e-01, 8.18867266e-01, 1.05828896e-01,
            4.91048515e-01, 5.07780910e-01, 5.29956460e-01,
            6.16790891e-01, 3.95921677e-01, 7.84088075e-01,
            7.21121311e-01, 6.22330427e-01, 5.55681109e-01,
            3.59124988e-01, 2.26949021e-01, 8.86603832e-01,
            3.80613446e-01, 2.07746252e-01, 8.46576929e-01,
            3.10043603e-01, 2.29540095e-01, 7.03666687e-01, 0.0, 0.0,
            0.0 ]
    }
}
