{
    "pose_0": {
        "type_id": "opencv-matrix",
        "rows": 1,
        "cols": 18,
        "dt": "3f",
        "data": [ 5.43151557e-01, 1.99532628e-01, 8.39713156e-01,
            4.87976640e-01, 3.00576627e-01, 7.31974304e-01,
            4.28199321e-01, 3.19637597e-01, 6.52118146e-01,
            3.98997307e-01, 5.21442175e-01, 7.90780008e-01,
            3.54583561e-01, 6.87849343e-01, 8.04850221e-01,
            5.46313465e-01, 2.89582461e-01, 7.52794504e-01,
            5.34013987e-01, 4.23227936e-01, 2.23484084e-01,
            5.58499157e-01, 4.28805292e-01, 6.58232272e-01,
            4.46581602e-01, 6.22385025e-01, 4.34550345e-01,
            4.94147450e-01, 6.27838850e-01, 5.66798270e-01,
            6.44436359e-01, 8.29754591e-01, 2.61972547e-01,
            5.20243883e-01, 5.62409639e-01, 4.66912061e-01,
            6.07597768e-01, 4.31477785e-01, 8.27257395e-01,
            7.18071878e-01, 6.68800056e-01, 6.06855333e-01,
            5.21686018e-01, 1.72270209e-01, 8.86639535e-01,
            5.47791421e-01, 1.61440209e-01, 1.00431824e+00,
            4.75710332e-01, 1.64246961e-01, 6.79882288e-01, 0.0, 0.0,
            0.0 ]
    }
}
