{
    "pose_0": {
        "type_id": "opencv-matrix",
        "rows": 1,
        "cols": 18,
        "dt": "3f",
        "data": [ 5.21828234e-01, 1.96851030e-01, 8.68536949e-01,
            4.71090227e-01, 3.27776879e-01, 8.14445615e-01,
            4.11268771e-01, 3.38709861e-01, 6.95553124e-01,
            3.82134467e-01, 5.48680246e-01, 7.77093947e-01,
            3.37734818e-01, 7.28811860e-01, 8.17937374e-01,
            5.29392064e-01, 3.14225197e-01, 7.61007428e-01,
            5.44687390e-01, 4.91419166e-01, 8.48746419e-01,
            5.83098054e-01, 6.00579202e-01, 8.27019274e-01,
            4.45040047e-01, 6.55094564e-01, 4.56724942e-01,
            5.76949120e-01, 7.36957371e-01, 2.67088979e-01,
            7.28817940e-01, 8.43370199e-01, 8.18479657e-02,
            5.12558222e-01, 6.00589275e-01, 5.93927681e-01,
            6.07620299e-01, 6.85035110e-01, 3.68128240e-01, 0.0, 0.0,
            0.0, 5.04887760e-01, 1.69548854e-01, 8.27815354e-01,
            5.29411554e-01, 1.61401108e-01, 9.39097166e-01,
            4.58767414e-01, 1.72356486e-01, 6.96607471e-01, 0.0, 0.0,
            0.0 ]
    }
}
