{
    "pose_0": {
        "type_id": "opencv-matrix",
        "rows": 1,
        "cols": 18,
        "dt": "3f",
        "data": [ 3.49922389e-01, 2.59648770e-01, 8.77405822e-01,
            3.23929787e-01, 3.35906178e-01, 7.74781406e-01,
            2.57944256e-01, 3.79512459e-01, 6.19944155e-01,
            1.90407604e-01, 4.66962844e-01, 8.56141329e-01,
            1.78203508e-01, 6.19723856e-01, 8.61502290e-01,
            3.89838994e-01, 2.92333126e-01, 7.09160447e-01,
            4.71055210e-01, 4.06970441e-01, 8.29935253e-01,
            5.46211183e-01, 3.93268824e-01, 8.60297740e-01,
            4.34286803e-01, 6.00564301e-01, 4.50632513e-01,
            5.20216823e-01, 7.28724122e-01, 2.57284790e-01,
            6.81268632e-01, 8.51515472e-01, 3.81105989e-01,
            4.83374655e-01, 5.02395749e-01, 4.91295993e-01,
            6.12238467e-01, 4.01444376e-01, 8.12224865e-01,
            7.18077779e-01, 6.27886832e-01, 5.97775221e-01,
            3.28505009e-01, 2.45976686e-01, 8.55063200e-01,
            3.49961162e-01, 2.26807654e-01, 9.22790766e-01,
            2.83978015e-01, 2.48799920e-01, 7.61341155e-01, 0.0, 0.0,
            0.0 ]
    }
}
