{
    "pose_0": {
        "type_id": "opencv-matrix",
        "rows": 1,
        "cols": 18,
        "dt": "3f",
        "data": [ 3.37696552e-01, 2.70533651e-01, 9.20316398e-01,
            3.13170940e-01, 3.41473043e-01, 7.59943485e-01,
            2.48730645e-01, 3.85033965e-01, 6.12189591e-01,
            1.79699481e-01, 4.66894597e-01, 8.55141997e-01,
            1.78110912e-01, 6.22449696e-01, 8.94097984e-01,
            3.80632937e-01, 2.97863930e-01, 7.04654276e-01,
            4.65002030e-01, 4.07000601e-01, 7.79814422e-01,
            5.44775665e-01, 3.95988971e-01, 8.56308699e-01,
            4.32748526e-01, 6.08760238e-01, 4.34998423e-01,
            5.11003554e-01, 7.28788197e-01, 3.13383251e-01,
            6.82801425e-01, 8.59672785e-01, 4.49454606e-01,
            4.81816560e-01, 5.10582387e-01, 4.71541375e-01,
            6.12212479e-01, 4.04245466e-01, 7.96312332e-01,
            7.22638190e-01, 6.41491771e-01, 6.02218270e-01,
            3.17760885e-01, 2.51484036e-01, 8.59905660e-01,
            3.39204878e-01, 2.32295513e-01, 8.82096350e-01,
            2.73277044e-01, 2.67697453e-01, 7.53333688e-01, 0.0, 0.0,
            0.0 ]
    }
}
