{
    "pose_0": {
        "type_id": "opencv-matrix",
        "rows": 1,
        "cols": 18,
        "dt": "3f",
        "data": [ 5.33978343e-01, 2.04980835e-01, 9.19139862e-01,
            4.74207401e-01, 3.11433822e-01, 7.84666896e-01,
            4.14396405e-01, 3.27802211e-01, 6.29256129e-01,
            3.85154396e-01, 5.35026670e-01, 8.23230028e-01,
            3.43831062e-01, 7.09624112e-01, 7.87866592e-01,
            5.34018099e-01, 2.92326629e-01, 8.01843286e-01,
            5.32468557e-01, 4.47849929e-01, 7.77855873e-01,
            5.69323301e-01, 5.10547340e-01, 8.80233407e-01,
            4.46537465e-01, 6.38750553e-01, 4.29322153e-01,
            5.90766966e-01, 6.41372263e-01, 6.57473922e-01,
            7.44117200e-01, 8.07884574e-01, 3.68361294e-01,
            5.09512484e-01, 5.76051772e-01, 4.46717113e-01,
            6.19877756e-01, 5.54155469e-01, 7.90411711e-01,
            7.76312768e-01, 7.28811026e-01, 4.94212836e-01,
            5.18634021e-01, 1.77776694e-01, 8.27056766e-01,
            5.40148020e-01, 1.66886315e-01, 9.23159599e-01,
            4.69599009e-01, 1.61502764e-01, 7.47476697e-01, 0.0, 0.0,
            0.0 ]
    }
}
