{
    "pose_0": {
        "type_id": "opencv-matrix",
        "rows": 1,
        "cols": 18,
        "dt": "3f",
        "data": [ 5.46200991e-01, 1.86005116e-01, 9.51910317e-01,
            4.91048366e-01, 2.92341322e-01, 7.45369911e-01,
            4.29707497e-01, 3.14091116e-01, 6.50535345e-01,
            3.97541463e-01, 5.13275027e-01, 8.44511151e-01,
            3.60680312e-01, 6.84987545e-01, 8.35576296e-01,
            5.47822356e-01, 2.73255497e-01, 7.54214764e-01,
            5.34013987e-01, 3.95973265e-01, 2.66760796e-01,
            5.61595380e-01, 4.20561880e-01, 6.49493814e-01,
            4.46618199e-01, 6.06024563e-01, 5.37126899e-01,
            4.97191250e-01, 7.06964850e-01, 2.75530994e-01,
            6.30659699e-01, 8.46110046e-01, 3.26214343e-01,
            5.20199716e-01, 5.51426470e-01, 5.28767586e-01,
            6.10712528e-01, 4.20530647e-01, 7.99847662e-01,
            7.18091190e-01, 6.55162811e-01, 6.14553094e-01,
            5.23260534e-01, 1.61495909e-01, 9.16656017e-01,
            5.53939581e-01, 1.47789925e-01, 9.12519872e-01,
            4.80316728e-01, 1.61488146e-01, 6.88898087e-01, 0.0, 0.0,
            0.0 ]
    }
}
