{
    "pose_0": {
        "type_id": "opencv-matrix",
        "rows": 1,
        "cols": 18,
        "dt": "3f",
        "data": [ 3.63808841e-01, 2.48725444e-01, 8.84593844e-01,
            3.37719530e-01, 3.22337151e-01, 7.57896185e-01,
            2.73236930e-01, 3.66039366e-01, 5.89517474e-01,
            2.01188877e-01, 4.69633669e-01, 8.29269886e-01,
            1.79730192e-01, 6.19692028e-01, 8.37947130e-01,
            4.05185074e-01, 2.78731763e-01, 6.84974551e-01,
            4.72697109e-01, 4.04074520e-01, 8.60896468e-01,
            5.47859311e-01, 3.82393360e-01, 8.52245629e-01,
            4.37396675e-01, 5.95147908e-01, 4.77765948e-01,
            5.17110646e-01, 7.07017779e-01, 3.01971674e-01,
            6.79745913e-01, 8.40637863e-01, 3.27195108e-01,
            4.86461848e-01, 5.02345085e-01, 5.32222211e-01,
            6.15255237e-01, 3.96018177e-01, 7.72570789e-01,
            7.19591260e-01, 6.22484863e-01, 5.61316669e-01,
            3.46883029e-01, 2.29522079e-01, 8.96146476e-01,
            3.69866252e-01, 2.07875252e-01, 8.50638866e-01,
            2.97826052e-01, 2.29674444e-01, 7.16683447e-01, 0.0, 0.0,
            0.0 ]
    }
}
