{
    "pose_0": {
        "type_id": "opencv-matrix",
        "rows": 1,
        "cols": 18,
        "dt": "3f",
        "data": [ 5.35564005e-01, 2.05059201e-01, 9.02244627e-01,
            4.81840342e-01, 3.08687627e-01, 7.51288712e-01,
            4.22065705e-01, 3.22328329e-01, 6.56067133e-01,
            3.89826387e-01, 5.32390594e-01, 7.98040032e-01,
            3.49895626e-01, 7.04140246e-01, 8.16604078e-01,
            5.37066817e-01, 2.92263687e-01, 7.37861097e-01,
            5.30913055e-01, 4.45135117e-01, 2.39112839e-01,
            5.52384377e-01, 4.45031494e-01, 5.35557270e-01,
            4.45035189e-01, 6.49653912e-01, 4.16767776e-01,
            5.66207588e-01, 5.67871809e-01, 6.67825103e-01,
            7.18069613e-01, 8.16046000e-01, 4.92862791e-01,
            5.09455919e-01, 5.75967133e-01, 3.28343362e-01,
            5.95428467e-01, 4.45198596e-01, 8.93778622e-01,
            7.05767632e-01, 6.66025400e-01, 3.75162393e-01,
            5.20149112e-01, 1.80449873e-01, 8.79342437e-01,
            5.44735789e-01, 1.64296880e-01, 9.82328355e-01,
            4.71150786e-01, 1.64223731e-01, 6.93557620e-01, 0.0, 0.0,
            0.0 ]
    }
}
