{
    "pose_0": {
        "type_id": "opencv-matrix",
        "rows": 1,
        "cols": 18,
        "dt": "3f",
        "data": [ 3.83636713e-01, 2.40503579e-01, 8.04489315e-01,
            3.49938124e-01, 3.16858321e-01, 7.70110011e-01,
            2.80933678e-01, 3.63321304e-01, 5.87930322e-01,
            2.13408217e-01, 4.83270496e-01, 7.85727561e-01,
            1.82794631e-01, 6.19722545e-01, 8.33159685e-01,
            4.15928364e-01, 2.70486206e-01, 7.15349793e-01,
            4.83389974e-01, 3.95973831e-01, 8.42805028e-01,
            5.49364030e-01, 3.79722923e-01, 8.98261070e-01,
            4.41991270e-01, 5.95066190e-01, 4.44754034e-01,
            5.21716833e-01, 7.09697485e-01, 2.56736517e-01,
            6.42907143e-01, 8.18777263e-01, 2.35963523e-01,
            4.94116873e-01, 5.02397358e-01, 5.11358321e-01,
            6.16829395e-01, 3.85115176e-01, 8.17411244e-01,
            7.22639143e-01, 6.19670093e-01, 6.10443354e-01,
            3.60757351e-01, 2.26725936e-01, 9.00102258e-01,
            3.85170996e-01, 2.04977095e-01, 8.89313936e-01,
            3.11639965e-01, 2.29491249e-01, 7.07315683e-01, 0.0, 0.0,
            0.0 ]
    }
}
