{
    "pose_0": {
        "type_id": "opencv-matrix",
        "rows": 1,
        "cols": 18,
        "dt": "3f",
        "data": [ 4.72592115e-01, 1.88694745e-01, 9.18123901e-01,
            4.18939829e-01, 2.54123956e-01, 7.00537205e-01,
            3.42301935e-01, 2.73275793e-01, 5.88470399e-01,
            2.76390105e-01, 4.50609237e-01, 7.57392526e-01,
            2.27307796e-01, 5.97951472e-01, 8.40255320e-01,
            4.84961897e-01, 2.32400477e-01, 7.57138669e-01,
            5.07845998e-01, 3.76924217e-01, 8.13058019e-01,
            5.67700803e-01, 3.60666484e-01, 7.74295807e-01,
            4.38937187e-01, 5.75980484e-01, 4.43218112e-01,
            4.71102744e-01, 6.63263202e-01, 3.02310824e-01,
            6.36774838e-01, 8.07875335e-01, 1.75435752e-01,
            5.09445012e-01, 4.94193405e-01, 5.16580939e-01,
            6.21402204e-01, 3.65954936e-01, 8.21651638e-01,
            7.27254808e-01, 6.16885543e-01, 5.81911325e-01,
            4.55782235e-01, 1.64033115e-01, 8.88467491e-01,
            4.80331242e-01, 1.55879661e-01, 8.51672113e-01,
            4.09781158e-01, 1.42351821e-01, 7.12159216e-01, 0.0, 0.0,
            0.0 ]
    }
}
