{
    "pose_0": {
        "type_id": "opencv-matrix",
        "rows": 1,
        "cols": 18,
        "dt": "3f",
        "data": [ 4.58827317e-01, 2.05077603e-01, 9.09241140e-01,
            4.08240795e-01, 2.67789304e-01, 7.16757476e-01,
            3.34628046e-01, 2.92313755e-01, 5.89332044e-01,
            2.62563318e-01, 4.56016928e-01, 7.29816616e-01,
            2.11859211e-01, 5.97897172e-01, 8.23407233e-01,
            4.72644478e-01, 2.37789810e-01, 7.39097416e-01,
            5.04869580e-01, 3.82305980e-01, 8.37332010e-01,
            5.64679861e-01, 3.66033137e-01, 7.64635205e-01,
            4.40455168e-01, 5.78776479e-01, 4.74851817e-01,
            5.07915676e-01, 7.04248071e-01, 2.16874212e-01,
            6.36750102e-01, 8.10638547e-01, 1.97508901e-01,
            5.07947326e-01, 4.94212240e-01, 5.67456841e-01,
            6.21473670e-01, 3.74162167e-01, 7.94335961e-01,
            7.28740394e-01, 6.22367740e-01, 6.10375345e-01,
            4.40463990e-01, 1.80463776e-01, 8.50914419e-01,
            4.63469893e-01, 1.69535831e-01, 8.57436776e-01,
            3.95946205e-01, 1.61354750e-01, 6.84348941e-01, 0.0, 0.0,
            0.0 ]
    }
}
