{
    "pose_0": {
        "type_id": "opencv-matrix",
        "rows": 1,
        "cols": 18,
        "dt": "3f",
        "data": [ 4.84956563e-01, 1.69600219e-01, 9.01645124e-01,
            4.28160399e-01, 2.48648122e-01, 7.36891627e-01,
            3.57603341e-01, 2.65077114e-01, 5.92858255e-01,
            2.97798634e-01, 4.47840840e-01, 7.65032291e-01,
            2.50236869e-01, 6.00643814e-01, 8.29624057e-01,
            4.95664299e-01, 2.26944700e-01, 7.79863656e-01,
            5.09479284e-01, 3.76929551e-01, 8.24090600e-01,
            5.63153565e-01, 3.63293320e-01, 7.74831176e-01,
            4.38935518e-01, 5.73253095e-01, 4.68108743e-01,
            4.91066486e-01, 6.85061336e-01, 2.20571116e-01,
            6.33712471e-01, 8.05158496e-01, 2.63193250e-01,
            5.07945001e-01, 4.96932477e-01, 5.51852942e-01,
            6.19837582e-01, 3.63352358e-01, 8.34198117e-01,
            7.19617546e-01, 6.08751655e-01, 5.98997176e-01,
            4.71089065e-01, 1.42364278e-01, 9.24821973e-01,
            4.92616564e-01, 1.39493421e-01, 8.68488908e-01,
            4.22059149e-01, 1.25906408e-01, 6.96218669e-01, 0.0, 0.0,
            0.0 ]
    }
}
