{
    "pose_0": {
        "type_id": "opencv-matrix",
        "rows": 1,
        "cols": 18,
        "dt": "3f",
        "data": [ 5.21794677e-01, 1.99599847e-01, 8.96240890e-01,
            4.71136689e-01, 3.27793628e-01, 8.18370819e-01,
            4.11284924e-01, 3.38666290e-01, 6.91271961e-01,
            3.82175207e-01, 5.51382065e-01, 7.90482998e-01,
            3.37754011e-01, 7.28778839e-01, 8.16279590e-01,
            5.30946910e-01, 3.16836655e-01, 7.74804890e-01,
            5.44720411e-01, 4.91475105e-01, 8.63158226e-01,
            5.83105385e-01, 6.00594282e-01, 8.12319040e-01,
            4.46548432e-01, 6.55103981e-01, 4.74670589e-01,
            5.81545770e-01, 7.34248817e-01, 3.26362759e-01,
            7.30329931e-01, 8.43411446e-01, 8.87412801e-02,
            5.12548864e-01, 6.00674033e-01, 5.82974255e-01,
            6.06059790e-01, 6.82407379e-01, 3.10188204e-01, 0.0, 0.0,
            0.0, 5.03329039e-01, 1.72301576e-01, 7.99508691e-01,
            5.27880490e-01, 1.61428988e-01, 9.38686371e-01,
            4.58784789e-01, 1.75055802e-01, 6.80717170e-01, 0.0, 0.0,
            0.0 ]
    }
}
