{
    "pose_0": {
        "type_id": "opencv-matrix",
        "rows": 1,
        "cols": 18,
        "dt": "3f",
        "data": [ 6.43222839e+02, 5.77229492e+02, 3.88719529e-01,
            6.07262695e+02, 6.91296387e+02, 8.19321275e-01,
            3.91030273e+02, 6.85477051e+02, 7.35173106e-01,
            4.09003296e+02, 1.02773157e+03, 7.03451455e-01,
            4.99077820e+02, 1.31015747e+03, 6.29755616e-01,
            8.35572815e+02, 6.97459167e+02, 8.31224978e-01,
            7.45466309e+02, 1.01595715e+03, 7.02214241e-01,
            6.43168396e+02, 1.28634436e+03, 6.83916807e-01,
            4.56998596e+02, 1.12999707e+03, 6.32745683e-01,
            2.76958557e+02, 1.40044800e+03, 7.50313103e-01,
            4.51170044e+02, 1.85088733e+03, 7.91955829e-01,
            6.97559814e+02, 1.13004724e+03, 5.73996902e-01,
            8.77807556e+02, 1.38830029e+03, 7.10276127e-01,
            7.45614746e+02, 1.85117334e+03, 7.56825566e-01,
            5.89323547e+02, 5.05007538e+02, 4.73048270e-01,
            6.97360107e+02, 5.11234436e+02, 5.26646137e-01,
            4.87206360e+02, 5.05221283e+02, 6.45449519e-01,
            7.69461121e+02, 5.11361176e+02, 4.55474347e-01 ]
    }
}
