{
    "pose_0": {
        "type_id": "opencv-matrix",
        "rows": 1,
        "cols": 18,
        "dt": "3f",
        "data": [ 5.34807495e+02, 6.02975464e+02, 9.17815328e-01,
            5.29636047e+02, 7.12850708e+02, 8.43501210e-01,
            3.98410431e+02, 6.97131287e+02, 8.78824592e-01,
            4.35048615e+02, 9.32829834e+02, 7.89449632e-01,
            5.03250458e+02, 1.10560315e+03, 6.40495837e-01,
            6.76244812e+02, 7.28467773e+02, 8.27081144e-01,
            6.13446533e+02, 9.43374329e+02, 8.66700947e-01,
            5.34675903e+02, 1.10566101e+03, 6.63454771e-01,
            4.29801910e+02, 1.03231335e+03, 7.34891891e-01,
            4.09149780e+02, 1.20009570e+03, 7.95815945e-01,
            6.08028076e+02, 1.50384033e+03, 6.35633171e-01,
            6.02939697e+02, 1.02705872e+03, 7.53031373e-01,
            6.13452515e+02, 1.18427991e+03, 7.73423314e-01,
            5.39964600e+02, 1.44630115e+03, 2.64370561e-01,
            5.18832947e+02, 5.66017944e+02, 9.36747611e-01,
            5.71405762e+02, 5.66480225e+02, 9.18579876e-01,
            4.76946899e+02, 5.45247864e+02, 8.49557221e-01,
            6.28934021e+02, 5.66169067e+02, 8.44969928e-01 ]
    }
}
