{
    "pose_0": {
        "type_id": "opencv-matrix",
        "rows": 1,
        "cols": 18,
        "dt": "3f",
        "data": [ 5.18757385e+02, 6.02848450e+02, 9.49763834e-01,
            5.24174500e+02, 7.23172485e+02, 8.95939589e-01,
            3.93260529e+02, 7.12762878e+02, 8.40144098e-01,
            4.19468903e+02, 9.43111145e+02, 8.13362896e-01,
            4.92842957e+02, 1.11095325e+03, 7.49848366e-01,
            6.55360657e+02, 7.28530579e+02, 8.49464059e-01,
            6.18554260e+02, 9.43445496e+02, 8.41145456e-01,
            5.34880066e+02, 1.12142578e+03, 6.79587901e-01,
            4.24828918e+02, 1.04276208e+03, 7.24936306e-01,
            3.30522186e+02, 1.17900220e+03, 8.42645347e-01,
            4.40758240e+02, 1.53515759e+03, 8.08793962e-01,
            6.02887207e+02, 1.05336841e+03, 7.67344713e-01,
            7.23118103e+02, 1.18962207e+03, 8.58049452e-01,
            7.28497375e+02, 1.61378040e+03, 7.23736703e-01,
            4.82279114e+02, 5.66093079e+02, 9.62224603e-01,
            5.45316406e+02, 5.66113403e+02, 8.87342632e-01,
            4.45648224e+02, 5.60669067e+02, 6.79582417e-01,
            6.02666199e+02, 5.60811157e+02, 9.30609703e-01 ]
    }
}
