{
    "pose_0": {
        "type_id": "opencv-matrix",
        "rows": 1,
        "cols": 18,
        "dt": "3f",
        "data": [ 5.34873779e+02, 6.02866272e+02, 9.21429873e-01,
            5.29662354e+02, 7.07736816e+02, 8.43262255e-01,
            3.98535461e+02, 6.92189392e+02, 8.91468763e-01,
            4.35246582e+02, 9.27639404e+02, 8.06088924e-01,
            4.92809662e+02, 1.09518909e+03, 6.80664063e-01,
            6.76238647e+02, 7.28470398e+02, 8.27571273e-01,
            6.13326904e+02, 9.43504150e+02, 8.62434924e-01,
            5.45164063e+02, 1.10546277e+03, 7.16766953e-01,
            4.24852112e+02, 1.02718555e+03, 7.57166445e-01,
            4.35192993e+02, 1.21565320e+03, 7.51718998e-01,
            6.02997009e+02, 1.51430286e+03, 7.48445809e-01,
            6.02939148e+02, 1.02713464e+03, 7.70508349e-01,
            6.13511597e+02, 1.19466504e+03, 8.01370203e-01,
            4.66573883e+02, 1.59795630e+03, 6.15474701e-01,
            5.18860901e+02, 5.61089172e+02, 9.35122609e-01,
            5.71520874e+02, 5.66260559e+02, 9.16285872e-01,
            4.77011200e+02, 5.34820251e+02, 8.55842412e-01,
            6.34154602e+02, 5.61029419e+02, 8.52460742e-01 ]
    }
}
