{
    "pose_0": {
        "type_id": "opencv-matrix",
        "rows": 1,
        "cols": 18,
        "dt": "3f",
        "data": [ 5.34679749e+02, 6.02663086e+02, 9.14388895e-01,
            5.29644165e+02, 7.07695068e+02, 8.45741272e-01,
            3.98495850e+02, 6.97206299e+02, 8.73666465e-01,
            4.35177124e+02, 9.27546814e+02, 8.22948873e-01,
            5.03255096e+02, 1.10559827e+03, 6.94876313e-01,
            6.76231934e+02, 7.23404663e+02, 8.12158167e-01,
            6.13526611e+02, 9.43335815e+02, 8.39102030e-01,
            5.45195801e+02, 1.10587292e+03, 6.77470803e-01,
            4.35031921e+02, 1.03235303e+03, 7.60872841e-01,
            4.19421356e+02, 1.18930627e+03, 7.66385913e-01,
            5.18848816e+02, 1.43048340e+03, 5.66646695e-01,
            6.08130920e+02, 1.03227307e+03, 7.53989816e-01,
            6.50115845e+02, 1.18954895e+03, 8.63737583e-01,
            5.61155151e+02, 1.55094690e+03, 5.54741383e-01,
            5.18721741e+02, 5.61128906e+02, 9.19840217e-01,
            5.66275391e+02, 5.66194824e+02, 9.50977206e-01,
            4.71858368e+02, 5.40097290e+02, 8.53876173e-01,
            6.13324951e+02, 5.61151489e+02, 8.70919168e-01 ]
    }
}
