{
    "pose_0": {
        "type_id": "opencv-matrix",
        "rows": 1,
        "cols": 18,
        "dt": "3f",
        "data": [ 5.60710510e+02, 6.03039734e+02, 9.49007273e-01,
            5.24450500e+02, 7.18141907e+02, 8.66082966e-01,
            3.93433472e+02, 7.02331909e+02, 8.41344953e-01,
            4.29843719e+02, 9.38010681e+02, 7.72903860e-01,
            5.03425537e+02, 1.11614441e+03, 6.60567522e-01,
            6.60490723e+02, 7.28636780e+02, 8.24974239e-01,
            6.13286194e+02, 9.53731018e+02, 8.34409356e-01,
            5.34712585e+02, 1.13184351e+03, 6.04005873e-01,
            4.29867432e+02, 1.03768494e+03, 7.10348487e-01,
            4.24712799e+02, 1.23127161e+03, 8.08303535e-01,
            6.13360962e+02, 1.52481177e+03, 6.73501492e-01,
            6.03057312e+02, 1.03751160e+03, 7.40500748e-01,
            6.50021729e+02, 1.20519861e+03, 8.15097868e-01,
            5.13856384e+02, 1.60334375e+03, 6.36222899e-01,
            5.24341003e+02, 5.66017944e+02, 9.51013267e-01,
            5.92448120e+02, 5.66485046e+02, 8.98916006e-01,
            4.77137665e+02, 5.45218872e+02, 8.95218849e-01,
            6.39323425e+02, 5.66449158e+02, 7.72804558e-01 ]
    }
}
