{
    "pose_0": {
        "type_id": "opencv-matrix",
        "rows": 1,
        "cols": 18,
        "dt": "3f",
        "data": [ 5.18974304e+02, 6.03055420e+02, 9.65376139e-01,
            5.24291382e+02, 7.18024719e+02, 8.86253595e-01,
            3.93265167e+02, 7.02387390e+02, 8.48609388e-01,
            4.24814056e+02, 9.37873108e+02, 7.70074248e-01,
            5.03269623e+02, 1.11100171e+03, 6.68489039e-01,
            6.60521729e+02, 7.28439209e+02, 8.25954437e-01,
            6.13307983e+02, 9.48527832e+02, 8.49261105e-01,
            5.34712219e+02, 1.11630725e+03, 6.40975475e-01,
            4.24785797e+02, 1.04289465e+03, 7.16519356e-01,
            4.03989319e+02, 1.23119714e+03, 7.69590557e-01,
            6.08226685e+02, 1.53002966e+03, 6.81559145e-01,
            6.03023682e+02, 1.03246594e+03, 7.47518182e-01,
            6.34389709e+02, 1.19988208e+03, 8.14748943e-01,
            4.82548920e+02, 1.60327405e+03, 5.91842234e-01,
            4.82559631e+02, 5.66263062e+02, 9.31647956e-01,
            5.55552673e+02, 5.66432922e+02, 9.02109683e-01,
            4.45880615e+02, 5.55812317e+02, 7.54208505e-01,
            6.02844666e+02, 5.66096497e+02, 9.39281940e-01 ]
    }
}
