{
    "pose_0": {
        "type_id": "opencv-matrix",
        "rows": 1,
        "cols": 18,
        "dt": "3f",
        "data": [ 5.29629333e+02, 6.02596436e+02, 9.18117404e-01,
            5.29449036e+02, 7.07693237e+02, 8.55900526e-01,
            3.93546844e+02, 6.97245422e+02, 8.63595426e-01,
            4.30025696e+02, 9.32705139e+02, 8.06354880e-01,
            5.03349121e+02, 1.11074146e+03, 7.78651834e-01,
            6.76094727e+02, 7.23366333e+02, 8.04086089e-01,
            6.18513367e+02, 9.43313232e+02, 8.46413493e-01,
            5.55592529e+02, 1.11078149e+03, 6.54452264e-01,
            4.35087708e+02, 1.03762170e+03, 7.64240026e-01,
            3.93198547e+02, 1.18929529e+03, 8.66448104e-01,
            5.19042969e+02, 1.49335327e+03, 7.68190801e-01,
            6.08120728e+02, 1.03750964e+03, 7.66087532e-01,
            6.86777405e+02, 1.18963306e+03, 9.13642645e-01,
            6.76004089e+02, 1.44614099e+03, 3.09174299e-01,
            5.13751709e+02, 5.61050171e+02, 9.02178347e-01,
            5.66108093e+02, 5.66069092e+02, 9.51658845e-01,
            4.71680664e+02, 5.39923645e+02, 8.45060110e-01,
            6.08343872e+02, 5.60871033e+02, 8.64959002e-01 ]
    }
}
