{
    "pose_0": {
        "type_id": "opencv-matrix",
        "rows": 1,
        "cols": 18,
        "dt": "3f",
        "data": [ 5.18938049e+02, 6.02755493e+02, 9.65169013e-01,
            5.24199829e+02, 7.18077393e+02, 8.90014768e-01,
            3.93271942e+02, 7.07551392e+02, 8.41099322e-01,
            4.29842621e+02, 9.43217163e+02, 8.14139128e-01,
            5.03313232e+02, 1.11614221e+03, 7.46567428e-01,
            6.55423401e+02, 7.28315552e+02, 8.36109102e-01,
            6.18556213e+02, 9.43158264e+02, 8.67969930e-01,
            5.50417175e+02, 1.11615381e+03, 5.97826421e-01,
            4.24670715e+02, 1.04801050e+03, 7.22155392e-01,
            3.93320007e+02, 1.16325488e+03, 8.53199303e-01,
            5.13893616e+02, 1.49337146e+03, 7.44149923e-01,
            6.02918030e+02, 1.04810986e+03, 7.50928640e-01,
            6.86434570e+02, 1.19473035e+03, 8.64910722e-01,
            6.44656128e+02, 1.61368640e+03, 6.99329853e-01,
            4.82481842e+02, 5.66059021e+02, 9.40938890e-01,
            5.50463806e+02, 5.66035645e+02, 8.96132112e-01,
            4.45695709e+02, 5.60681396e+02, 7.94159770e-01,
            6.02709473e+02, 5.60766968e+02, 9.40182567e-01 ]
    }
}
