{
    "pose_0": {
        "type_id": "opencv-matrix",
        "rows": 1,
        "cols": 18,
        "dt": "3f",
        "data": [ 5.39962952e+02, 6.07971252e+02, 9.14316952e-01,
            5.29586304e+02, 7.02527527e+02, 8.40479255e-01,
            3.93513184e+02, 6.97085571e+02, 8.81496727e-01,
            4.24664001e+02, 9.43174866e+02, 8.20116103e-01,
            5.13729126e+02, 1.11610059e+03, 8.21434438e-01,
            6.81264465e+02, 7.23242126e+02, 8.13828647e-01,
            6.29013733e+02, 9.69583008e+02, 7.92032838e-01,
            5.55703857e+02, 1.11628711e+03, 6.33764267e-01,
            4.40381622e+02, 1.04286414e+03, 7.77485847e-01,
            2.98970245e+02, 1.15813928e+03, 8.31036091e-01,
            3.04279755e+02, 1.57193213e+03, 7.47511506e-01,
            6.08175537e+02, 1.04276001e+03, 7.50681698e-01,
            7.39230652e+02, 1.15282813e+03, 8.56631100e-01,
            7.34071838e+02, 1.57170020e+03, 7.97419310e-01,
            5.18749756e+02, 5.66388306e+02, 9.26065743e-01,
            5.71367310e+02, 5.71457886e+02, 9.03360486e-01,
            4.71940704e+02, 5.55578247e+02, 8.92214417e-01,
            6.23724365e+02, 5.66050354e+02, 8.44042063e-01 ]
    }
}
