{
    "pose_0": {
        "type_id": "opencv-matrix",
        "rows": 1,
        "cols": 18,
        "dt": "3f",
        "data": [ 5.45132385e+02, 6.02870972e+02, 9.03273106e-01,
            5.29598206e+02, 7.07734253e+02, 8.43006253e-01,
            3.98415344e+02, 6.92178284e+02, 8.82579565e-01,
            4.35018127e+02, 9.22417542e+02, 7.86455035e-01,
            4.97996857e+02, 1.10037988e+03, 6.47212744e-01,
            6.76237610e+02, 7.28475281e+02, 8.31156611e-01,
            6.13385254e+02, 9.43334839e+02, 8.72856319e-01,
            5.45167664e+02, 1.10550269e+03, 6.95919037e-01,
            4.29926117e+02, 1.02722778e+03, 7.59357274e-01,
            4.30069275e+02, 1.22086047e+03, 7.46061623e-01,
            6.03022400e+02, 1.50380774e+03, 7.27217436e-01,
            6.02971924e+02, 1.02712585e+03, 7.64227033e-01,
            6.13430847e+02, 1.18963538e+03, 8.20675790e-01,
            5.50399719e+02, 1.44626282e+03, 1.47100776e-01,
            5.19011536e+02, 5.61197815e+02, 9.56213057e-01,
            5.71648987e+02, 5.66329041e+02, 9.07677293e-01,
            4.76985138e+02, 5.39992249e+02, 8.69522810e-01,
            6.29140442e+02, 5.61176697e+02, 8.40551734e-01 ]
    }
}
