{
    "pose_0": {
        "type_id": "opencv-matrix",
        "rows": 1,
        "cols": 18,
        "dt": "3f",
        "data": [ 5.39971985e+02, 6.02862976e+02, 9.11703825e-01,
            5.29632385e+02, 7.07686951e+02, 8.44878793e-01,
            3.98486603e+02, 6.92139343e+02, 8.91033649e-01,
            4.35162140e+02, 9.27533569e+02, 7.86031365e-01,
            4.92826050e+02, 1.09004211e+03, 6.22263134e-01,
            6.76262390e+02, 7.28446106e+02, 8.27415228e-01,
            6.13336914e+02, 9.48482910e+02, 8.52679729e-01,
            5.40041931e+02, 1.10551001e+03, 7.40873396e-01,
            4.29891602e+02, 1.02725342e+03, 7.55816996e-01,
            4.29918182e+02, 1.21037573e+03, 7.68250585e-01,
            6.07967407e+02, 1.51949463e+03, 7.39265084e-01,
            6.02955750e+02, 1.02715796e+03, 7.58400142e-01,
            6.18620972e+02, 1.19461548e+03, 8.07180345e-01,
            5.60809692e+02, 1.44101343e+03, 1.13130286e-01,
            5.18922363e+02, 5.61125000e+02, 9.45181131e-01,
            5.71595276e+02, 5.66290955e+02, 9.11496043e-01,
            4.76976196e+02, 5.34875549e+02, 8.56546819e-01,
            6.34158020e+02, 5.61144897e+02, 8.43066335e-01 ]
    }
}
