{
    "pose_0": {
        "type_id": "opencv-matrix",
        "rows": 1,
        "cols": 18,
        "dt": "3f",
        "data": [ 5.39994934e+02, 6.02656677e+02, 8.97055924e-01,
            5.29734436e+02, 7.07609985e+02, 8.43717456e-01,
            3.98645233e+02, 6.97073669e+02, 8.87585998e-01,
            4.35270844e+02, 9.27588318e+02, 8.10261965e-01,
            4.97979156e+02, 1.10045898e+03, 6.54269159e-01,
            6.81252625e+02, 7.23422913e+02, 8.17931473e-01,
            6.13353333e+02, 9.43563293e+02, 8.34894121e-01,
            5.39970337e+02, 1.11088269e+03, 7.05454826e-01,
            4.35005615e+02, 1.02720984e+03, 7.70611048e-01,
            4.24718903e+02, 1.19990210e+03, 7.83412457e-01,
            5.76765320e+02, 1.52991821e+03, 5.22075891e-01,
            6.08082092e+02, 1.02718054e+03, 7.61890471e-01,
            6.39368591e+02, 1.18968665e+03, 8.50374401e-01,
            5.13899475e+02, 1.60323279e+03, 6.30213618e-01,
            5.18927979e+02, 5.61079651e+02, 9.49837089e-01,
            5.71379089e+02, 5.66121033e+02, 9.25110161e-01,
            4.76900787e+02, 5.45144531e+02, 8.70258093e-01,
            6.23722961e+02, 5.61096191e+02, 8.68695498e-01 ]
    }
}
