{
    "pose_0": {
        "type_id": "opencv-matrix",
        "rows": 1,
        "cols": 18,
        "dt": "3f",
        "data": [ 5.18928345e+02, 6.02857910e+02, 9.55265999e-01,
            5.24199219e+02, 7.12932068e+02, 8.87297690e-01,
            3.93242188e+02, 7.02423096e+02, 8.44427228e-01,
            4.29966461e+02, 9.38186218e+02, 7.85872042e-01,
            5.03226898e+02, 1.11100525e+03, 6.97212458e-01,
            6.55424377e+02, 7.23409302e+02, 8.21155429e-01,
            6.13525574e+02, 9.43245972e+02, 8.70673358e-01,
            5.45121277e+02, 1.11086975e+03, 6.27080441e-01,
            4.19565216e+02, 1.04278601e+03, 7.08358526e-01,
            4.03978546e+02, 1.18945813e+03, 8.31475377e-01,
            5.13721619e+02, 1.44083240e+03, 6.03883147e-01,
            6.02940125e+02, 1.03237939e+03, 7.45540857e-01,
            6.44640198e+02, 1.19464148e+03, 8.40788126e-01,
            5.24487122e+02, 1.60848767e+03, 5.99499285e-01,
            4.82519470e+02, 5.66085632e+02, 9.33226347e-01,
            5.55509338e+02, 5.66179321e+02, 9.08575892e-01,
            4.45856506e+02, 5.60676270e+02, 7.69998908e-01,
            6.02794312e+02, 5.61042114e+02, 9.48332429e-01 ]
    }
}
