{
    "pose_0": {
        "type_id": "opencv-matrix",
        "rows": 1,
        "cols": 18,
        "dt": "3f",
        "data": [ 5.18898254e+02, 6.02897461e+02, 9.69646454e-01,
            5.24168945e+02, 7.28295837e+02, 9.06411529e-01,
            3.93278900e+02, 7.18023376e+02, 8.44150424e-01,
            4.14219513e+02, 9.43213196e+02, 7.99652815e-01,
            4.82490509e+02, 1.11114758e+03, 7.35788584e-01,
            6.55258789e+02, 7.33575684e+02, 8.67465317e-01,
            6.13275024e+02, 9.64168091e+02, 7.94765532e-01,
            5.29612244e+02, 1.13697644e+03, 7.42465258e-01,
            4.35039337e+02, 1.04810315e+03, 7.30710745e-01,
            3.04233429e+02, 1.15298633e+03, 8.73183608e-01,
            3.51294708e+02, 1.56652112e+03, 8.05952072e-01,
            6.03068176e+02, 1.06361035e+03, 8.27595115e-01,
            7.33771179e+02, 1.18404773e+03, 8.61245275e-01,
            7.70281860e+02, 1.60845325e+03, 7.74631560e-01,
            4.82493652e+02, 5.66174194e+02, 9.38577294e-01,
            5.50416443e+02, 5.66261230e+02, 8.86054873e-01,
            4.45696991e+02, 5.60819946e+02, 8.26138973e-01,
            6.02544800e+02, 5.61130371e+02, 9.40717399e-01 ]
    }
}
