{
    "pose_0": {
        "type_id": "opencv-matrix",
        "rows": 1,
        "cols": 18,
        "dt": "3f",
        "data": [ 5.45241028e+02, 6.02979065e+02, 9.04225230e-01,
            5.34741760e+02, 7.07568665e+02, 8.30533028e-01,
            3.98491760e+02, 6.97069275e+02, 8.75577629e-01,
            4.29998566e+02, 9.38135376e+02, 8.51964116e-01,
            5.13671021e+02, 1.11608765e+03, 8.09050441e-01,
            6.86392761e+02, 7.23355042e+02, 8.30776930e-01,
            6.29091431e+02, 9.64305603e+02, 7.77095199e-01,
            5.60677979e+02, 1.11616492e+03, 6.81917310e-01,
            4.40467560e+02, 1.03767944e+03, 7.81325400e-01,
            3.09220490e+02, 1.15272827e+03, 8.69648516e-01,
            3.14623077e+02, 1.57183521e+03, 8.08144033e-01,
            6.08225220e+02, 1.04276904e+03, 7.49812782e-01,
            7.44408752e+02, 1.15281934e+03, 8.49528491e-01,
            7.34094360e+02, 1.57180969e+03, 7.91673422e-01,
            5.19015198e+02, 5.66006653e+02, 9.53254521e-01,
            5.76728882e+02, 5.66358643e+02, 8.92491519e-01,
            4.76969482e+02, 5.40094666e+02, 8.68055463e-01,
            6.34339905e+02, 5.61147278e+02, 8.54398727e-01 ]
    }
}
