{
    "pose_0": {
        "type_id": "opencv-matrix",
        "rows": 1,
        "cols": 18,
        "dt": "3f",
        "data": [ 5.50428345e+02, 6.02973450e+02, 9.08384144e-01,
            5.29749329e+02, 7.02481567e+02, 8.36597741e-01,
            3.98474121e+02, 6.92198975e+02, 8.78295958e-01,
            4.29860474e+02, 9.37841309e+02, 8.37106109e-01,
            5.13631714e+02, 1.11103479e+03, 8.13813984e-01,
            6.81502869e+02, 7.23297363e+02, 8.31912577e-01,
            6.34200256e+02, 9.59000122e+02, 7.91387439e-01,
            5.55759583e+02, 1.11118774e+03, 6.72894239e-01,
            4.40592804e+02, 1.03763196e+03, 7.79091537e-01,
            3.09273499e+02, 1.15279980e+03, 8.76114845e-01,
            3.20035522e+02, 1.56647156e+03, 7.81527162e-01,
            6.08338867e+02, 1.04276465e+03, 7.56903946e-01,
            7.44402100e+02, 1.15259375e+03, 8.66701722e-01,
            7.33953918e+02, 1.57167505e+03, 8.00275981e-01,
            5.19150330e+02, 5.66034851e+02, 9.55450594e-01,
            5.76769409e+02, 5.66366882e+02, 8.91415536e-01,
            4.77028015e+02, 5.40097229e+02, 8.69869292e-01,
            6.34295349e+02, 5.61088257e+02, 8.44203353e-01 ]
    }
}
