{
    "pose_0": {
        "type_id": "opencv-matrix",
        "rows": 1,
        "cols": 18,
        "dt": "3f",
        "data": [ 5.24177917e+02, 5.65947083e+02, 9.47731793e-01,
            5.19167175e+02, 7.28407410e+02, 9.03480291e-01,
            3.88003784e+02, 7.18119263e+02, 8.01897585e-01,
            4.03917603e+02, 9.48742798e+02, 7.81634748e-01,
            4.87538605e+02, 1.12670178e+03, 7.05088794e-01,
            6.50221619e+02, 7.33599854e+02, 8.74560058e-01,
            6.13404602e+02, 9.48742249e+02, 8.33600461e-01,
            5.34687500e+02, 1.14223267e+03, 7.41675198e-01,
            4.30010406e+02, 1.06364832e+03, 7.42289782e-01,
            2.72789917e+02, 1.17371582e+03, 8.72066855e-01,
            2.25623428e+02, 1.58237000e+03, 7.74900794e-01,
            6.02971191e+02, 1.06394421e+03, 8.11745286e-01,
            7.70314819e+02, 1.15307642e+03, 8.85577559e-01,
            8.01817932e+02, 1.57704004e+03, 7.55254984e-01,
            4.87769409e+02, 5.29533447e+02, 8.72531831e-01,
            5.60727722e+02, 5.29626953e+02, 8.93319249e-01,
            4.45765411e+02, 5.50418335e+02, 9.05499041e-01,
            6.02800354e+02, 5.55650391e+02, 9.56111908e-01 ]
    }
}
