{
    "pose_0": {
        "type_id": "opencv-matrix",
        "rows": 1,
        "cols": 18,
        "dt": "3f",
        "data": [ 5.34741455e+02, 6.02644714e+02, 9.09815788e-01,
            5.29525452e+02, 7.02469360e+02, 8.61235619e-01,
            3.98420166e+02, 6.97056641e+02, 8.81015956e-01,
            4.29931274e+02, 9.32800415e+02, 8.11982989e-01,
            5.08460114e+02, 1.10586304e+03, 7.78628170e-01,
            6.76123779e+02, 7.23226318e+02, 8.06000769e-01,
            6.23901917e+02, 9.43515808e+02, 8.30127418e-01,
            5.55483276e+02, 1.11104053e+03, 6.60037398e-01,
            4.40319336e+02, 1.03250024e+03, 7.83439577e-01,
            3.35627380e+02, 1.16861487e+03, 8.37401628e-01,
            4.56115631e+02, 1.52488367e+03, 7.96383679e-01,
            6.08246338e+02, 1.03760950e+03, 7.80953348e-01,
            7.33596741e+02, 1.17381665e+03, 8.65284979e-01,
            6.86506714e+02, 1.57178235e+03, 6.82503045e-01,
            5.18753235e+02, 5.61027283e+02, 9.20127094e-01,
            5.66341797e+02, 5.66074585e+02, 9.41689193e-01,
            4.71892731e+02, 5.34673523e+02, 8.70569170e-01,
            6.18505676e+02, 5.60831177e+02, 8.52301598e-01 ]
    }
}
