{
    "pose_0": {
        "type_id": "opencv-matrix",
        "rows": 1,
        "cols": 18,
        "dt": "3f",
        "data": [ 5.19144226e+02, 6.03020203e+02, 9.77786303e-01,
            5.24339111e+02, 7.18061951e+02, 8.82604003e-01,
            3.93301544e+02, 7.02420959e+02, 8.41845870e-01,
            4.24803711e+02, 9.32896484e+02, 7.75684536e-01,
            5.03280853e+02, 1.11104553e+03, 6.73132539e-01,
            6.60589111e+02, 7.28410950e+02, 8.26650739e-01,
            6.13356445e+02, 9.48484802e+02, 8.47871244e-01,
            5.34768616e+02, 1.11626697e+03, 6.36976779e-01,
            4.24706818e+02, 1.04287537e+03, 7.13036001e-01,
            4.04004974e+02, 1.21564990e+03, 7.54448056e-01,
            6.07975403e+02, 1.53512927e+03, 6.77811205e-01,
            6.02973389e+02, 1.03248682e+03, 7.41618693e-01,
            6.39369141e+02, 1.19476611e+03, 8.29657435e-01,
            4.82488342e+02, 1.60334021e+03, 6.17292404e-01,
            4.87560181e+02, 5.66336975e+02, 9.16139364e-01,
            5.55563110e+02, 5.66393372e+02, 9.05851245e-01,
            4.51086945e+02, 5.60724060e+02, 7.48404860e-01,
            6.02890259e+02, 5.61029358e+02, 9.77119088e-01 ]
    }
}
