{
    "pose_0": {
        "type_id": "opencv-matrix",
        "rows": 1,
        "cols": 18,
        "dt": "3f",
        "data": [ 5.19054871e+02, 6.02931946e+02, 9.79630589e-01,
            5.24175293e+02, 7.28351807e+02, 9.07983184e-01,
            3.93299194e+02, 7.18055725e+02, 8.43462646e-01,
            4.08985413e+02, 9.38176392e+02, 8.04082990e-01,
            4.87613831e+02, 1.11623865e+03, 7.18827128e-01,
            6.55226501e+02, 7.33621155e+02, 8.67324889e-01,
            6.13539673e+02, 9.64205994e+02, 8.03322077e-01,
            5.29712097e+02, 1.13700830e+03, 7.06754208e-01,
            4.35057648e+02, 1.05840210e+03, 7.38419473e-01,
            2.78191925e+02, 1.15802820e+03, 8.50440860e-01,
            3.09526367e+02, 1.56680359e+03, 7.92403936e-01,
            6.03057678e+02, 1.06385571e+03, 8.22429657e-01,
            7.44279724e+02, 1.17907666e+03, 8.19822609e-01,
            7.75622742e+02, 1.59801587e+03, 7.75499463e-01,
            4.82626312e+02, 5.66289795e+02, 9.19784188e-01,
            5.55510803e+02, 5.66303833e+02, 8.92641842e-01,
            4.45926483e+02, 5.61187683e+02, 8.14491034e-01,
            6.02630920e+02, 5.66052307e+02, 9.36864913e-01 ]
    }
}
