{
    "pose_0": {
        "type_id": "opencv-matrix",
        "rows": 1,
        "cols": 18,
        "dt": "3f",
        "data": [ 5.55583496e+02, 6.02819702e+02, 9.20456886e-01,
            5.24585022e+02, 7.18001038e+02, 8.56723070e-01,
            3.93520874e+02, 6.97296387e+02, 8.57052743e-01,
            4.30030426e+02, 9.32883423e+02, 7.95443177e-01,
            5.03206482e+02, 1.10587244e+03, 6.82930350e-01,
            6.65795959e+02, 7.28471497e+02, 8.20358038e-01,
            6.18528259e+02, 9.43530823e+02, 8.32230091e-01,
            5.40035950e+02, 1.11104749e+03, 6.82312965e-01,
            4.29877258e+02, 1.03754297e+03, 7.42104113e-01,
            4.29825897e+02, 1.20527747e+03, 7.70725727e-01,
            6.07913086e+02, 1.53527087e+03, 5.90394080e-01,
            6.03025269e+02, 1.03245508e+03, 7.67598808e-01,
            6.49865479e+02, 1.19993506e+03, 8.29355419e-01,
            5.13630554e+02, 1.59274817e+03, 6.11092508e-01,
            5.24130371e+02, 5.61152344e+02, 9.52951789e-01,
            5.87101379e+02, 5.66311646e+02, 8.89090359e-01,
            4.77190948e+02, 5.40081848e+02, 8.93150508e-01,
            6.34329224e+02, 5.66182617e+02, 8.51142466e-01 ]
    }
}
