{
    "pose_0": {
        "type_id": "opencv-matrix",
        "rows": 1,
        "cols": 18,
        "dt": "3f",
        "data": [ 5.24061951e+02, 5.76578857e+02, 9.07037139e-01,
            5.19213196e+02, 7.28431641e+02, 9.11350012e-01,
            3.93079346e+02, 7.18102173e+02, 8.22033405e-01,
            4.08981110e+02, 9.48652161e+02, 7.76239753e-01,
            4.87625641e+02, 1.13193286e+03, 7.28637815e-01,
            6.50184814e+02, 7.33665833e+02, 8.75541568e-01,
            6.08321899e+02, 9.64203491e+02, 8.10986459e-01,
            5.34764282e+02, 1.14241199e+03, 7.44864464e-01,
            4.30021729e+02, 1.05858398e+03, 7.42767155e-01,
            2.72803711e+02, 1.17383386e+03, 8.62022400e-01,
            2.25663361e+02, 1.58226257e+03, 7.81244457e-01,
            6.02980896e+02, 1.06389893e+03, 8.03791404e-01,
            7.70468628e+02, 1.15800391e+03, 8.91020238e-01,
            8.06974976e+02, 1.57715747e+03, 7.59768784e-01,
            4.87769928e+02, 5.55497620e+02, 8.64727259e-01,
            5.60651855e+02, 5.55608032e+02, 8.92994463e-01,
            4.45860931e+02, 5.55726624e+02, 8.97921681e-01,
            6.02797241e+02, 5.60901794e+02, 9.83302236e-01 ]
    }
}
