{
    "pose_0": {
        "type_id": "opencv-matrix",
        "rows": 1,
        "cols": 18,
        "dt": "3f",
        "data": [ 5.40037109e+02, 6.03089661e+02, 9.10842896e-01,
            5.29655762e+02, 7.07570068e+02, 8.30949545e-01,
            3.93562378e+02, 6.97111511e+02, 8.71619821e-01,
            4.24840790e+02, 9.38050171e+02, 8.27790320e-01,
            5.13711792e+02, 1.11117834e+03, 8.00965548e-01,
            6.81337341e+02, 7.23326538e+02, 8.16985905e-01,
            6.29025574e+02, 9.69506287e+02, 7.92304993e-01,
            5.55702881e+02, 1.11631213e+03, 6.50016963e-01,
            4.40493378e+02, 1.04284229e+03, 7.79311001e-01,
            3.04158600e+02, 1.15301147e+03, 8.56394112e-01,
            3.04375427e+02, 1.57193530e+03, 7.63945878e-01,
            6.08210571e+02, 1.03768213e+03, 7.48964965e-01,
            7.44217224e+02, 1.15281445e+03, 8.54762137e-01,
            7.34092285e+02, 1.56678040e+03, 7.96179771e-01,
            5.18847290e+02, 5.66207397e+02, 9.38932240e-01,
            5.71545776e+02, 5.66520508e+02, 9.01016653e-01,
            4.76815186e+02, 5.50479736e+02, 8.66027892e-01,
            6.23878723e+02, 5.66073181e+02, 7.96025515e-01 ]
    }
}
