{
    "pose_0": {
        "type_id": "opencv-matrix",
        "rows": 1,
        "cols": 18,
        "dt": "3f",
        "data": [ 5.60738220e+02, 6.02777466e+02, 9.36189294e-01,
            5.24501953e+02, 7.18003479e+02, 8.57214272e-01,
            3.93440674e+02, 6.97279480e+02, 8.53138566e-01,
            4.34980194e+02, 9.38125122e+02, 8.16169620e-01,
            5.03354340e+02, 1.11109106e+03, 6.70753658e-01,
            6.60608276e+02, 7.28476807e+02, 8.14444661e-01,
            6.13531311e+02, 9.48459900e+02, 8.45806301e-01,
            5.34820068e+02, 1.11628394e+03, 6.66644931e-01,
            4.29836853e+02, 1.03754736e+03, 7.26186931e-01,
            4.19489441e+02, 1.22085657e+03, 7.65947819e-01,
            6.18557190e+02, 1.52996924e+03, 6.34539068e-01,
            6.03030640e+02, 1.03756543e+03, 7.64097154e-01,
            6.49912476e+02, 1.20009460e+03, 8.19302857e-01,
            5.18961487e+02, 1.59799414e+03, 6.33395135e-01,
            5.24471191e+02, 5.61171265e+02, 9.23438191e-01,
            5.92348877e+02, 5.66341553e+02, 8.98954034e-01,
            4.82140808e+02, 5.40104675e+02, 8.93709540e-01,
            6.34211365e+02, 5.66314453e+02, 7.97917604e-01 ]
    }
}
