{
    "pose_0": {
        "type_id": "opencv-matrix",
        "rows": 1,
        "cols": 18,
        "dt": "3f",
        "data": [ 5.19273499e+02, 6.02848450e+02, 9.59467769e-01,
            5.24307007e+02, 7.17993408e+02, 8.79252434e-01,
            3.93296936e+02, 7.02354126e+02, 8.45600843e-01,
            4.29999573e+02, 9.38109070e+02, 7.76707649e-01,
            4.98158997e+02, 1.11088318e+03, 6.75699353e-01,
            6.60493408e+02, 7.28331421e+02, 8.22551608e-01,
            6.13355652e+02, 9.48461975e+02, 8.32589567e-01,
            5.39929871e+02, 1.11105359e+03, 6.49410605e-01,
            4.24691376e+02, 1.03757141e+03, 7.09981322e-01,
            4.30087494e+02, 1.21038025e+03, 7.16140807e-01,
            6.02841675e+02, 1.53513379e+03, 6.99818850e-01,
            6.03024292e+02, 1.03226477e+03, 7.59208918e-01,
            6.39544373e+02, 1.19466370e+03, 8.55886281e-01,
            4.82349915e+02, 1.59793738e+03, 6.09832406e-01,
            4.87735168e+02, 5.66060181e+02, 8.79596174e-01,
            5.55762573e+02, 5.66221741e+02, 9.40433264e-01,
            4.45866547e+02, 5.50392334e+02, 8.45065594e-01,
            6.02824646e+02, 5.61021729e+02, 9.60766852e-01 ]
    }
}
