{
    "pose_0": {
        "type_id": "opencv-matrix",
        "rows": 1,
        "cols": 18,
        "dt": "3f",
        "data": [ 5.19086975e+02, 6.02879517e+02, 9.75565612e-01,
            5.24115295e+02, 7.28434753e+02, 9.06019449e-01,
            3.93249176e+02, 7.18063782e+02, 8.35661471e-01,
            4.09054962e+02, 9.43501038e+02, 7.97827065e-01,
            4.82654205e+02, 1.12144714e+03, 7.30571508e-01,
            6.55213440e+02, 7.33756531e+02, 8.64865124e-01,
            6.13502991e+02, 9.69453796e+02, 8.18667412e-01,
            5.34841431e+02, 1.13716211e+03, 7.63674736e-01,
            4.35031128e+02, 1.05844788e+03, 7.38125086e-01,
            2.73003021e+02, 1.16333704e+03, 8.42748642e-01,
            2.36365067e+02, 1.59276477e+03, 7.10086226e-01,
            6.03002014e+02, 1.06385205e+03, 8.16236138e-01,
            7.70528748e+02, 1.15290356e+03, 9.13095713e-01,
            7.96636719e+02, 1.57710254e+03, 7.54845083e-01,
            4.87554016e+02, 5.66145447e+02, 9.08962309e-01,
            5.55583862e+02, 5.66281677e+02, 9.01865602e-01,
            4.50919586e+02, 5.60851563e+02, 8.34806561e-01,
            6.02646057e+02, 5.66114990e+02, 9.47528422e-01 ]
    }
}
