{
    "pose_0": {
        "type_id": "opencv-matrix",
        "rows": 1,
        "cols": 18,
        "dt": "3f",
        "data": [ 5.39964539e+02, 6.07944397e+02, 9.09273267e-01,
            5.29591980e+02, 7.02452515e+02, 8.44490290e-01,
            3.93500610e+02, 6.97059265e+02, 8.84313166e-01,
            4.19558167e+02, 9.43186768e+02, 8.17523658e-01,
            5.13662598e+02, 1.11613855e+03, 8.41266334e-01,
            6.81257263e+02, 7.23129639e+02, 8.06927085e-01,
            6.29025085e+02, 9.69399841e+02, 7.76661754e-01,
            5.55735901e+02, 1.11625269e+03, 6.35806382e-01,
            4.40314972e+02, 1.04275122e+03, 7.76843429e-01,
            2.93815125e+02, 1.15821765e+03, 8.24943423e-01,
            3.04232269e+02, 1.57187756e+03, 7.50625551e-01,
            6.08108948e+02, 1.03758765e+03, 7.56398320e-01,
            7.39136108e+02, 1.15274023e+03, 8.74781370e-01,
            7.38981201e+02, 1.56666479e+03, 7.78468013e-01,
            5.18750366e+02, 5.66339233e+02, 9.23551917e-01,
            5.71398071e+02, 5.71396179e+02, 9.05251801e-01,
            4.71899292e+02, 5.50437500e+02, 8.76695216e-01,
            6.23812073e+02, 5.61124512e+02, 8.33361864e-01 ]
    }
}
