{
    "pose_0": {
        "type_id": "opencv-matrix",
        "rows": 1,
        "cols": 18,
        "dt": "3f",
        "data": [ 5.34791138e+02, 6.02832153e+02, 9.15387273e-01,
            5.29500793e+02, 6.97322449e+02, 8.72482955e-01,
            3.93483948e+02, 6.92096191e+02, 8.83031189e-01,
            4.24841156e+02, 9.32825806e+02, 8.05792212e-01,
            5.08457733e+02, 1.11081580e+03, 8.18147242e-01,
            6.76266296e+02, 7.18006104e+02, 7.99302876e-01,
            6.29075256e+02, 9.48651306e+02, 7.95987606e-01,
            5.55544250e+02, 1.11090991e+03, 6.84710324e-01,
            4.40510864e+02, 1.03757703e+03, 7.87702680e-01,
            3.09374207e+02, 1.15278162e+03, 9.04174566e-01,
            3.88101868e+02, 1.53004871e+03, 8.03451180e-01,
            6.08205811e+02, 1.03249280e+03, 7.82490969e-01,
            7.44261169e+02, 1.15309521e+03, 8.42628241e-01,
            7.23142761e+02, 1.57721997e+03, 7.55213618e-01,
            5.13902222e+02, 5.66024536e+02, 9.18260634e-01,
            5.66407471e+02, 5.66236816e+02, 9.31348264e-01,
            4.71874207e+02, 5.40034180e+02, 8.49752009e-01,
            6.18497437e+02, 5.60915222e+02, 8.19887638e-01 ]
    }
}
