{
    "pose_0": {
        "type_id": "opencv-matrix",
        "rows": 1,
        "cols": 18,
        "dt": "3f",
        "data": [ 5.19112732e+02, 6.02882935e+02, 9.60168600e-01,
            5.24245544e+02, 7.18087280e+02, 8.92472267e-01,
            3.93238251e+02, 7.02504028e+02, 8.36830795e-01,
            4.29773346e+02, 9.37902954e+02, 7.72096932e-01,
            4.98180359e+02, 1.11083960e+03, 6.91990852e-01,
            6.60409058e+02, 7.28392395e+02, 8.32971573e-01,
            6.13435547e+02, 9.43462280e+02, 8.45217526e-01,
            5.40006470e+02, 1.11102832e+03, 6.28026903e-01,
            4.24711212e+02, 1.03242139e+03, 7.10918903e-01,
            4.09033936e+02, 1.18933789e+03, 7.88078308e-01,
            5.13752319e+02, 1.44079468e+03, 3.68934214e-01,
            6.02999451e+02, 1.02722241e+03, 7.53667653e-01,
            6.39523987e+02, 1.19466565e+03, 8.58037472e-01,
            5.18771790e+02, 1.60853674e+03, 5.82327068e-01,
            4.87551727e+02, 5.66093018e+02, 9.01529312e-01,
            5.55601013e+02, 5.66238220e+02, 9.20646429e-01,
            4.45868591e+02, 5.50407471e+02, 8.05624127e-01,
            6.02812927e+02, 5.60925537e+02, 9.62954521e-01 ]
    }
}
