{
    "pose_0": {
        "type_id": "opencv-matrix",
        "rows": 1,
        "cols": 18,
        "dt": "3f",
        "data": [ 5.24071228e+02, 5.60686218e+02, 9.38547075e-01,
            5.19106201e+02, 7.28328369e+02, 9.00331259e-01,
            3.87959351e+02, 7.18020630e+02, 8.00563335e-01,
            4.03914551e+02, 9.48529358e+02, 8.11016321e-01,
            4.87686005e+02, 1.12669312e+03, 7.29485512e-01,
            6.50180725e+02, 7.28761414e+02, 8.81706595e-01,
            6.13433472e+02, 9.48635681e+02, 8.44929338e-01,
            5.34862488e+02, 1.13715747e+03, 7.23231196e-01,
            4.29982239e+02, 1.06367090e+03, 7.39404917e-01,
            2.72748840e+02, 1.16864905e+03, 8.71302366e-01,
            2.25663376e+02, 1.58750769e+03, 7.72989929e-01,
            6.02929382e+02, 1.06888965e+03, 8.09095442e-01,
            7.70328918e+02, 1.15304309e+03, 8.91541779e-01,
            8.01776978e+02, 1.57711194e+03, 7.49278605e-01,
            4.87634369e+02, 5.24237061e+02, 9.21130121e-01,
            5.55801819e+02, 5.24242188e+02, 9.08244729e-01,
            4.45688019e+02, 5.45251221e+02, 8.95064116e-01,
            6.02729736e+02, 5.45280273e+02, 9.10521984e-01 ]
    }
}
