{
    "pose_0": {
        "type_id": "opencv-matrix",
        "rows": 1,
        "cols": 18,
        "dt": "3f",
        "data": [ 5.24101685e+02, 6.03053528e+02, 9.73077893e-01,
            5.24252441e+02, 7.18048218e+02, 8.86744142e-01,
            3.93205536e+02, 7.02359375e+02, 8.38143110e-01,
            4.24856628e+02, 9.38085388e+02, 7.70387530e-01,
            5.03324036e+02, 1.11109009e+03, 6.61654949e-01,
            6.60466003e+02, 7.28399902e+02, 8.25141490e-01,
            6.13307861e+02, 9.48632751e+02, 8.33052695e-01,
            5.34879517e+02, 1.11633899e+03, 6.35126531e-01,
            4.24669830e+02, 1.05331055e+03, 7.10954487e-01,
            4.08988098e+02, 1.22602283e+03, 7.86423564e-01,
            6.08318665e+02, 1.53518311e+03, 6.85871065e-01,
            6.03014771e+02, 1.04290308e+03, 7.28022575e-01,
            6.44585022e+02, 1.20002661e+03, 8.15158367e-01,
            5.60897400e+02, 1.45156860e+03, 1.85392961e-01,
            4.87822937e+02, 5.66366028e+02, 8.82931411e-01,
            5.55811707e+02, 5.66468445e+02, 9.21585262e-01,
            4.50986511e+02, 5.55785217e+02, 8.31971049e-01,
            6.02799683e+02, 5.66003235e+02, 9.38861549e-01 ]
    }
}
