{
    "pose_0": {
        "type_id": "opencv-matrix",
        "rows": 1,
        "cols": 18,
        "dt": "3f",
        "data": [ 5.45203674e+02, 6.02921631e+02, 9.13146973e-01,
            5.24494019e+02, 7.18117004e+02, 8.63758504e-01,
            3.93432007e+02, 7.02382751e+02, 8.39991450e-01,
            4.29792450e+02, 9.32902710e+02, 7.81615615e-01,
            5.03262482e+02, 1.11114746e+03, 6.81275904e-01,
            6.65714172e+02, 7.28553833e+02, 8.20889592e-01,
            6.13535400e+02, 9.48528931e+02, 8.45190883e-01,
            5.34739258e+02, 1.12663647e+03, 6.32387936e-01,
            4.29850403e+02, 1.04800269e+03, 7.17343390e-01,
            4.14213043e+02, 1.22610413e+03, 7.94525504e-01,
            6.13399719e+02, 1.53005603e+03, 6.46250308e-01,
            6.08025452e+02, 1.04280237e+03, 7.51055002e-01,
            6.49896973e+02, 1.21567395e+03, 8.28767061e-01,
            5.08661957e+02, 1.60849805e+03, 6.42975271e-01,
            5.19007507e+02, 5.65996094e+02, 9.65834975e-01,
            5.71657959e+02, 5.66393860e+02, 9.15380299e-01,
            4.71946686e+02, 5.50443176e+02, 8.85579228e-01,
            6.23897888e+02, 5.66264343e+02, 8.18324447e-01 ]
    }
}
