{
    "pose_0": {
        "type_id": "opencv-matrix",
        "rows": 1,
        "cols": 18,
        "dt": "3f",
        "data": [ 5.50403503e+02, 6.02917664e+02, 9.09495354e-01,
            5.34741577e+02, 7.07537659e+02, 8.30057681e-01,
            3.98475830e+02, 6.92198730e+02, 8.77525628e-01,
            4.29914948e+02, 9.37931091e+02, 8.44900310e-01,
            5.13597778e+02, 1.11097766e+03, 8.07067692e-01,
            6.86406433e+02, 7.23352966e+02, 8.34973931e-01,
            6.34150696e+02, 9.64190796e+02, 7.88456917e-01,
            5.55738403e+02, 1.11117993e+03, 6.82731271e-01,
            4.40530212e+02, 1.03758289e+03, 7.88803995e-01,
            3.09276123e+02, 1.15289001e+03, 8.67318690e-01,
            3.20038452e+02, 1.56126929e+03, 7.68713772e-01,
            6.08228455e+02, 1.03767798e+03, 7.61200964e-01,
            7.49422241e+02, 1.15277905e+03, 8.64666581e-01,
            7.33930847e+02, 1.57182031e+03, 7.94938087e-01,
            5.19146240e+02, 5.65954834e+02, 9.52377200e-01,
            5.81820557e+02, 5.66319092e+02, 8.86562049e-01,
            4.77077606e+02, 5.40037231e+02, 8.80463004e-01,
            6.34292786e+02, 5.61075928e+02, 8.34029198e-01 ]
    }
}
