{
    "pose_0": {
        "type_id": "opencv-matrix",
        "rows": 1,
        "cols": 18,
        "dt": "3f",
        "data": [ 5.24093201e+02, 6.03067383e+02, 9.76835132e-01,
            5.24380615e+02, 7.18068054e+02, 8.77396703e-01,
            3.93290619e+02, 7.02499878e+02, 8.32867205e-01,
            4.24839996e+02, 9.37928589e+02, 7.79502034e-01,
            5.03232452e+02, 1.11111511e+03, 6.71746910e-01,
            6.65666992e+02, 7.28462646e+02, 8.11038375e-01,
            6.13486877e+02, 9.43532104e+02, 8.53124380e-01,
            5.34888306e+02, 1.12141431e+03, 6.32489324e-01,
            4.24823456e+02, 1.05324927e+03, 7.13156521e-01,
            4.09017151e+02, 1.22621423e+03, 7.87009716e-01,
            6.08180359e+02, 1.53517932e+03, 6.82644367e-01,
            6.07975281e+02, 1.04288757e+03, 7.38010705e-01,
            6.44655029e+02, 1.19996350e+03, 8.25981319e-01,
            5.55645752e+02, 1.46723657e+03, 1.58157378e-01,
            4.92765381e+02, 5.66316406e+02, 8.77604663e-01,
            5.60680054e+02, 5.66497070e+02, 9.25844133e-01,
            4.56132202e+02, 5.55789429e+02, 8.10714126e-01,
            6.02921326e+02, 5.66103943e+02, 9.35623467e-01 ]
    }
}
