{
    "pose_0": {
        "type_id": "opencv-matrix",
        "rows": 1,
        "cols": 18,
        "dt": "3f",
        "data": [ 5.19267700e+02, 6.02866333e+02, 9.56782997e-01,
            5.24303040e+02, 7.17999939e+02, 8.79220068e-01,
            3.93288361e+02, 7.02357605e+02, 8.43527138e-01,
            4.29944122e+02, 9.37950012e+02, 7.75017083e-01,
            4.98167267e+02, 1.11096167e+03, 6.59356117e-01,
            6.60476807e+02, 7.28338745e+02, 8.21403503e-01,
            6.13268127e+02, 9.48530701e+02, 8.33022714e-01,
            5.34805786e+02, 1.11608350e+03, 6.32159233e-01,
            4.19578522e+02, 1.03752661e+03, 7.12121367e-01,
            4.24722504e+02, 1.20519495e+03, 7.64150381e-01,
            6.02725952e+02, 1.51950916e+03, 7.63114214e-01,
            6.02898560e+02, 1.02729724e+03, 7.40430772e-01,
            6.39395569e+02, 1.18967163e+03, 8.47979903e-01,
            4.87649170e+02, 1.58239172e+03, 5.77441096e-01,
            4.87739014e+02, 5.66073059e+02, 8.77188385e-01,
            5.55753174e+02, 5.66259521e+02, 9.39173877e-01,
            4.45855835e+02, 5.45318604e+02, 8.40462148e-01,
            6.02795898e+02, 5.61025757e+02, 9.49064791e-01 ]
    }
}
