{
    "pose_0": {
        "type_id": "opencv-matrix",
        "rows": 1,
        "cols": 18,
        "dt": "3f",
        "data": [ 5.45228516e+02, 6.03089661e+02, 9.07723665e-01,
            5.29556091e+02, 7.12786316e+02, 8.45881581e-01,
            3.93555725e+02, 6.92184387e+02, 8.80580068e-01,
            4.34983368e+02, 9.32743164e+02, 7.87438989e-01,
            5.03209198e+02, 1.10568591e+03, 6.44683242e-01,
            6.76166565e+02, 7.28469055e+02, 8.24403107e-01,
            6.13325317e+02, 9.43490906e+02, 8.63741934e-01,
            5.34709229e+02, 1.10585254e+03, 6.87006712e-01,
            4.29873169e+02, 1.03233289e+03, 7.40781128e-01,
            4.19586273e+02, 1.21560132e+03, 7.77394235e-01,
            6.08003052e+02, 1.51421362e+03, 6.54210091e-01,
            6.03005249e+02, 1.02725964e+03, 7.66971946e-01,
            6.13508423e+02, 1.19482813e+03, 8.22774470e-01,
            4.71763336e+02, 1.59803882e+03, 6.38538063e-01,
            5.19104919e+02, 5.66102661e+02, 9.49428737e-01,
            5.76703308e+02, 5.71391357e+02, 8.84135246e-01,
            4.77082123e+02, 5.45233643e+02, 8.53203535e-01,
            6.29107727e+02, 5.66329590e+02, 7.92519629e-01 ]
    }
}
