{
    "pose_0": {
        "type_id": "opencv-matrix",
        "rows": 1,
        "cols": 18,
        "dt": "3f",
        "data": [ 5.50522400e+02, 6.07868408e+02, 9.14347649e-01,
            5.29572266e+02, 7.12941589e+02, 8.42334628e-01,
            3.98377625e+02, 6.97139038e+02, 8.68189096e-01,
            4.35083344e+02, 9.37841064e+02, 8.03670287e-01,
            4.92910797e+02, 1.10031763e+03, 6.71546221e-01,
            6.76177673e+02, 7.28592590e+02, 8.26828480e-01,
            6.13440491e+02, 9.43534058e+02, 8.61464858e-01,
            5.40065796e+02, 1.10565588e+03, 7.29976773e-01,
            4.29891083e+02, 1.02730188e+03, 7.47449279e-01,
            4.35031769e+02, 1.20006201e+03, 7.75630057e-01,
            6.13412231e+02, 1.51951892e+03, 7.03860164e-01,
            6.02955017e+02, 1.02727148e+03, 7.71402121e-01,
            6.39352844e+02, 1.19455713e+03, 8.36768210e-01,
            5.65911133e+02, 1.44620996e+03, 1.45773157e-01,
            5.19243713e+02, 5.66092957e+02, 9.51394320e-01,
            5.81966431e+02, 5.71339661e+02, 8.71786952e-01,
            4.77164978e+02, 5.50356079e+02, 8.84818792e-01,
            6.34310547e+02, 5.66306152e+02, 8.07289481e-01 ]
    }
}
