{
    "pose_0": {
        "type_id": "opencv-matrix",
        "rows": 1,
        "cols": 18,
        "dt": "3f",
        "data": [ 5.29748291e+02, 6.02617126e+02, 9.09796238e-01,
            5.29494446e+02, 7.02513184e+02, 8.62224460e-01,
            3.98371613e+02, 6.97073242e+02, 8.78437817e-01,
            4.29944580e+02, 9.32824280e+02, 8.19995403e-01,
            5.03350342e+02, 1.10585315e+03, 7.84387887e-01,
            6.76195190e+02, 7.23307739e+02, 8.13326240e-01,
            6.18616272e+02, 9.43396179e+02, 8.27390730e-01,
            5.50560059e+02, 1.11102466e+03, 6.49280727e-01,
            4.35285339e+02, 1.03229443e+03, 8.08120430e-01,
            3.51190552e+02, 1.18928931e+03, 8.73987198e-01,
            4.82198792e+02, 1.51957227e+03, 8.37335110e-01,
            6.08109558e+02, 1.03241394e+03, 7.74291396e-01,
            7.18164734e+02, 1.18924084e+03, 8.60815048e-01,
            6.50270020e+02, 1.58227307e+03, 6.59188628e-01,
            5.13887024e+02, 5.61073853e+02, 9.09574866e-01,
            5.66205750e+02, 5.66067444e+02, 9.52044427e-01,
            4.71819214e+02, 5.34775391e+02, 8.56729448e-01,
            6.13362915e+02, 5.60799316e+02, 8.60794783e-01 ]
    }
}
