{
    "pose_0": {
        "type_id": "opencv-matrix",
        "rows": 1,
        "cols": 18,
        "dt": "3f",
        "data": [ 5.24061584e+02, 6.03023499e+02, 9.77511168e-01,
            5.24322998e+02, 7.18151306e+02, 8.85403872e-01,
            3.93305328e+02, 7.02449280e+02, 8.41288626e-01,
            4.24809601e+02, 9.32844421e+02, 7.77232409e-01,
            4.98165863e+02, 1.11099487e+03, 6.77330732e-01,
            6.60485596e+02, 7.28500427e+02, 8.29851270e-01,
            6.13319458e+02, 9.48590820e+02, 8.31043184e-01,
            5.34873169e+02, 1.11628625e+03, 6.16186082e-01,
            4.24662994e+02, 1.03762842e+03, 7.14052022e-01,
            4.14275024e+02, 1.20012195e+03, 7.29133248e-01,
            6.08041687e+02, 1.53531714e+03, 6.97720051e-01,
            6.02853149e+02, 1.03236365e+03, 7.36825883e-01,
            6.44525085e+02, 1.19466943e+03, 8.37980211e-01,
            4.82563507e+02, 1.60326147e+03, 5.99810839e-01,
            4.87779114e+02, 5.66318176e+02, 8.87078345e-01,
            5.55749817e+02, 5.66405334e+02, 9.21598852e-01,
            4.51038177e+02, 5.55768677e+02, 8.24579597e-01,
            6.02876648e+02, 5.61140137e+02, 9.78019416e-01 ]
    }
}
