{
    "pose_0": {
        "type_id": "opencv-matrix",
        "rows": 1,
        "cols": 18,
        "dt": "3f",
        "data": [ 5.19065857e+02, 6.02615051e+02, 9.58888650e-01,
            5.19271362e+02, 7.28435547e+02, 9.09360647e-01,
            3.93131165e+02, 7.18168884e+02, 8.27881813e-01,
            4.03952789e+02, 9.48563721e+02, 8.08503985e-01,
            4.87670868e+02, 1.13186914e+03, 7.26988494e-01,
            6.55145020e+02, 7.33732239e+02, 8.72861981e-01,
            6.13316040e+02, 9.64340759e+02, 8.27343702e-01,
            5.34798279e+02, 1.14226843e+03, 7.47034431e-01,
            4.29969299e+02, 1.06363586e+03, 7.40629435e-01,
            2.72885925e+02, 1.17379468e+03, 8.58494937e-01,
            2.25796143e+02, 1.58760425e+03, 7.90099680e-01,
            6.02984619e+02, 1.06893726e+03, 8.06207716e-01,
            7.70553528e+02, 1.15310779e+03, 9.02548671e-01,
            8.06959717e+02, 1.57710364e+03, 7.64128387e-01,
            4.82690582e+02, 5.61192993e+02, 9.14781690e-01,
            5.55565063e+02, 5.66002014e+02, 9.05588448e-01,
            4.45860229e+02, 5.60807617e+02, 8.35299432e-01,
            6.02682434e+02, 5.65996399e+02, 9.63106871e-01 ]
    }
}
