{
    "pose_0": {
        "type_id": "opencv-matrix",
        "rows": 1,
        "cols": 18,
        "dt": "3f",
        "data": [ 5.34709045e+02, 6.03015137e+02, 9.17415857e-01,
            5.29639221e+02, 7.12892517e+02, 8.44082534e-01,
            3.98397034e+02, 6.97149414e+02, 8.79148841e-01,
            4.35018036e+02, 9.32711426e+02, 7.79959798e-01,
            5.03205353e+02, 1.10551062e+03, 6.49969935e-01,
            6.76250244e+02, 7.28460449e+02, 8.30192268e-01,
            6.13470276e+02, 9.43290771e+02, 8.71609747e-01,
            5.34684570e+02, 1.10565320e+03, 6.59597158e-01,
            4.29834778e+02, 1.03236292e+03, 7.34600365e-01,
            4.09131042e+02, 1.19990295e+03, 7.98755586e-01,
            6.08068237e+02, 1.51431714e+03, 6.56491935e-01,
            6.03031250e+02, 1.02710034e+03, 7.52808690e-01,
            6.13277527e+02, 1.18930896e+03, 7.85472870e-01,
            5.39893433e+02, 1.45135925e+03, 2.27124467e-01,
            5.18738403e+02, 5.66103455e+02, 9.17597532e-01,
            5.66435181e+02, 5.66490173e+02, 9.26975727e-01,
            4.76877197e+02, 5.45201416e+02, 8.50753784e-01,
            6.23711060e+02, 5.66025635e+02, 8.64925146e-01 ]
    }
}
