{
    "pose_0": {
        "type_id": "opencv-matrix",
        "rows": 1,
        "cols": 18,
        "dt": "3f",
        "data": [ 5.24408142e+02, 6.03041870e+02, 9.53215718e-01,
            5.24508362e+02, 7.18157837e+02, 8.70378613e-01,
            3.93360504e+02, 7.02407410e+02, 8.45434129e-01,
            4.24823578e+02, 9.37918518e+02, 7.72465348e-01,
            5.03266357e+02, 1.11106580e+03, 6.55314922e-01,
            6.65798523e+02, 7.28535950e+02, 8.13720226e-01,
            6.13465332e+02, 9.48519409e+02, 8.52328658e-01,
            5.34848938e+02, 1.12138306e+03, 6.61077797e-01,
            4.24707153e+02, 1.04813940e+03, 7.09861577e-01,
            4.04006653e+02, 1.22601660e+03, 7.89818406e-01,
            6.08190369e+02, 1.54045947e+03, 6.26293659e-01,
            6.03070984e+02, 1.04799219e+03, 7.33502626e-01,
            6.44819336e+02, 1.20012732e+03, 8.25998485e-01,
            4.98123108e+02, 1.58753699e+03, 5.86556792e-01,
            5.03362549e+02, 5.66243164e+02, 8.75186980e-01,
            5.61026978e+02, 5.66481812e+02, 9.53850150e-01,
            4.61464172e+02, 5.55512573e+02, 8.34154546e-01,
            6.08089050e+02, 5.61136047e+02, 9.34319139e-01 ]
    }
}
