{
    "pose_0": {
        "type_id": "opencv-matrix",
        "rows": 1,
        "cols": 18,
        "dt": "3f",
        "data": [ 5.19049805e+02, 6.02862671e+02, 9.73807812e-01,
            5.24148499e+02, 7.28396545e+02, 9.06846642e-01,
            3.93282898e+02, 7.18043579e+02, 8.39056909e-01,
            4.09055634e+02, 9.43227661e+02, 8.17656040e-01,
            4.87696350e+02, 1.12137817e+03, 7.35590875e-01,
            6.55247498e+02, 7.33735962e+02, 8.63231897e-01,
            6.18523987e+02, 9.64192017e+02, 8.04740071e-01,
            5.34823242e+02, 1.13702441e+03, 7.45009661e-01,
            4.30088959e+02, 1.05847339e+03, 7.41077721e-01,
            2.73041077e+02, 1.15809253e+03, 8.61141860e-01,
            2.62435455e+02, 1.58236145e+03, 7.68875301e-01,
            6.02972595e+02, 1.06382764e+03, 8.19533348e-01,
            7.70358887e+02, 1.15310547e+03, 8.80011022e-01,
            8.01789246e+02, 1.57724475e+03, 7.56372809e-01,
            4.82689423e+02, 5.66137207e+02, 9.13201392e-01,
            5.55583801e+02, 5.66270447e+02, 9.05744910e-01,
            4.50944641e+02, 5.60905212e+02, 8.16655815e-01,
            6.02632996e+02, 5.66213318e+02, 9.44110334e-01 ]
    }
}
