{
    "pose_0": {
        "type_id": "opencv-matrix",
        "rows": 1,
        "cols": 18,
        "dt": "3f",
        "data": [ 5.24045349e+02, 6.03055908e+02, 9.72208261e-01,
            5.24331787e+02, 7.18065063e+02, 8.84456038e-01,
            3.93264130e+02, 7.07540527e+02, 8.28347862e-01,
            4.24813507e+02, 9.37952209e+02, 7.85964549e-01,
            4.98184113e+02, 1.11109912e+03, 6.80635691e-01,
            6.60579163e+02, 7.28433533e+02, 8.16473603e-01,
            6.13471436e+02, 9.43484314e+02, 8.64121914e-01,
            5.34880493e+02, 1.12141077e+03, 6.31750584e-01,
            4.24799408e+02, 1.05322009e+03, 7.15535343e-01,
            4.09133148e+02, 1.23121362e+03, 7.86554396e-01,
            6.08161743e+02, 1.53008789e+03, 6.71601295e-01,
            6.07900269e+02, 1.04287939e+03, 7.44729161e-01,
            6.44510132e+02, 1.19993384e+03, 8.17883611e-01,
            5.60748901e+02, 1.46196057e+03, 1.65016741e-01,
            4.87795074e+02, 5.66357788e+02, 8.88745964e-01,
            5.55813477e+02, 5.71347107e+02, 9.11042273e-01,
            4.61312592e+02, 5.60895813e+02, 7.86643863e-01,
            6.02835693e+02, 5.66275085e+02, 9.29520071e-01 ]
    }
}
