{
    "pose_0": {
        "type_id": "opencv-matrix",
        "rows": 1,
        "cols": 18,
        "dt": "3f",
        "data": [ 5.18837769e+02, 6.02824402e+02, 9.55097437e-01,
            5.24172546e+02, 7.18003601e+02, 8.90161157e-01,
            3.93237061e+02, 7.02469116e+02, 8.44932914e-01,
            4.29910675e+02, 9.38214722e+02, 7.83050597e-01,
            5.03269531e+02, 1.11104858e+03, 7.04913378e-01,
            6.55356628e+02, 7.28258179e+02, 8.34132969e-01,
            6.13519104e+02, 9.43227356e+02, 8.65899861e-01,
            5.40004761e+02, 1.11082898e+03, 6.25981390e-01,
            4.19596191e+02, 1.04279846e+03, 7.02823579e-01,
            4.03880981e+02, 1.18432874e+03, 8.25069129e-01,
            5.24142090e+02, 1.45153552e+03, 5.21471560e-01,
            6.02916809e+02, 1.03754712e+03, 7.29032993e-01,
            6.44989990e+02, 1.19477124e+03, 8.26388955e-01,
            5.61087769e+02, 1.60848413e+03, 5.93326449e-01,
            4.82395721e+02, 5.66070129e+02, 9.52626765e-01,
            5.50435364e+02, 5.66099854e+02, 8.96230280e-01,
            4.45699219e+02, 5.55799011e+02, 7.22646713e-01,
            6.02756958e+02, 5.60834778e+02, 9.42809224e-01 ]
    }
}
