{
    "pose_0": {
        "type_id": "opencv-matrix",
        "rows": 1,
        "cols": 18,
        "dt": "3f",
        "data": [ 5.45194519e+02, 6.03090515e+02, 9.09409285e-01,
            5.34730774e+02, 7.07631714e+02, 8.21685791e-01,
            3.98383850e+02, 6.97075012e+02, 8.75691772e-01,
            4.29827820e+02, 9.38030762e+02, 8.32334638e-01,
            5.13677734e+02, 1.11113135e+03, 7.92660534e-01,
            6.86395874e+02, 7.28274353e+02, 8.38652909e-01,
            6.28991638e+02, 9.69544006e+02, 7.94070363e-01,
            5.55650146e+02, 1.11617651e+03, 6.58339202e-01,
            4.40595551e+02, 1.04290234e+03, 7.72053778e-01,
            3.04146851e+02, 1.15304041e+03, 8.52415502e-01,
            3.09250275e+02, 1.57184277e+03, 7.85061121e-01,
            6.08338928e+02, 1.04282349e+03, 7.47130215e-01,
            7.44345581e+02, 1.15286169e+03, 8.53739321e-01,
            7.38983093e+02, 1.57179187e+03, 7.98823118e-01,
            5.18936462e+02, 5.66240845e+02, 9.40622151e-01,
            5.71604248e+02, 5.71330139e+02, 8.89832616e-01,
            4.76902466e+02, 5.50527344e+02, 8.73931646e-01,
            6.28994629e+02, 5.66140991e+02, 8.14387858e-01 ]
    }
}
