{
    "pose_0": {
        "type_id": "opencv-matrix",
        "rows": 1,
        "cols": 18,
        "dt": "3f",
        "data": [ 5.18850281e+02, 6.02814819e+02, 9.57293391e-01,
            5.24220337e+02, 7.18018860e+02, 8.89592648e-01,
            3.93250244e+02, 7.02483582e+02, 8.46222758e-01,
            4.29858063e+02, 9.38166382e+02, 7.98955441e-01,
            5.03298462e+02, 1.11114050e+03, 6.98434055e-01,
            6.55424683e+02, 7.28280579e+02, 8.34127069e-01,
            6.18473267e+02, 9.43262695e+02, 8.66069376e-01,
            5.39981873e+02, 1.11112012e+03, 6.23833954e-01,
            4.19587494e+02, 1.04798523e+03, 7.00785756e-01,
            3.98829437e+02, 1.18934424e+03, 8.71710479e-01,
            5.24475403e+02, 1.48291479e+03, 6.48618221e-01,
            6.02874329e+02, 1.03769067e+03, 7.21980631e-01,
            6.50123596e+02, 1.19478699e+03, 8.35883260e-01,
            6.44651917e+02, 1.45139331e+03, 1.33462429e-01,
            4.82362274e+02, 5.66100037e+02, 9.57985044e-01,
            5.50422424e+02, 5.66052185e+02, 8.95103157e-01,
            4.45731232e+02, 5.60718140e+02, 6.96447849e-01,
            6.02722107e+02, 5.60753235e+02, 9.26826119e-01 ]
    }
}
