{
    "pose_0": {
        "type_id": "opencv-matrix",
        "rows": 1,
        "cols": 18,
        "dt": "3f",
        "data": [ 5.50378296e+02, 6.02942871e+02, 9.09086823e-01,
            5.34767456e+02, 7.07595520e+02, 8.29585373e-01,
            3.98527222e+02, 6.97093018e+02, 8.75087082e-01,
            4.29942139e+02, 9.38040894e+02, 8.45625401e-01,
            5.13600281e+02, 1.11107874e+03, 7.92639554e-01,
            6.86384827e+02, 7.23360107e+02, 8.31427336e-01,
            6.29069397e+02, 9.69397583e+02, 7.77727127e-01,
            5.55736511e+02, 1.11622876e+03, 6.85760438e-01,
            4.40438538e+02, 1.03754492e+03, 7.85952985e-01,
            3.09226318e+02, 1.15296191e+03, 8.72108042e-01,
            3.20042358e+02, 1.56639233e+03, 7.88364410e-01,
            6.08144592e+02, 1.03766626e+03, 7.52862751e-01,
            7.49443970e+02, 1.15281335e+03, 8.51298630e-01,
            7.33931580e+02, 1.57187866e+03, 7.97480106e-01,
            5.19137329e+02, 5.65946411e+02, 9.49194849e-01,
            5.81817017e+02, 5.66332642e+02, 8.86621416e-01,
            4.77076569e+02, 5.39911865e+02, 8.78022611e-01,
            6.39335876e+02, 5.61027588e+02, 8.49272847e-01 ]
    }
}
