{
    "pose_0": {
        "type_id": "opencv-matrix",
        "rows": 1,
        "cols": 18,
        "dt": "3f",
        "data": [ 5.40016174e+02, 6.07947693e+02, 9.09369648e-01,
            5.29622131e+02, 7.02456970e+02, 8.41340363e-01,
            3.93460938e+02, 6.92182190e+02, 8.85335028e-01,
            4.19560638e+02, 9.43150085e+02, 8.18948150e-01,
            5.13673157e+02, 1.11612122e+03, 8.41624379e-01,
            6.81354614e+02, 7.23197693e+02, 8.17198575e-01,
            6.29023743e+02, 9.69399963e+02, 7.78792024e-01,
            5.55744629e+02, 1.11622559e+03, 6.36623085e-01,
            4.35426575e+02, 1.03765771e+03, 7.80793250e-01,
            2.93812561e+02, 1.15812024e+03, 8.28764915e-01,
            3.04117737e+02, 1.57170496e+03, 7.51367688e-01,
            6.08104797e+02, 1.03768433e+03, 7.54248917e-01,
            7.44215881e+02, 1.15268250e+03, 8.72041762e-01,
            7.39018433e+02, 1.56653149e+03, 7.54175425e-01,
            5.18797363e+02, 5.66302612e+02, 9.27759409e-01,
            5.71490051e+02, 5.71414368e+02, 9.02101874e-01,
            4.72002045e+02, 5.50460388e+02, 8.64359140e-01,
            6.23903137e+02, 5.66071533e+02, 8.17266345e-01 ]
    }
}
