{
    "pose_0": {
        "type_id": "opencv-matrix",
        "rows": 1,
        "cols": 18,
        "dt": "3f",
        "data": [ 5.18911621e+02, 6.02722534e+02, 9.58361030e-01,
            5.24179688e+02, 7.18096802e+02, 8.86628211e-01,
            3.93267426e+02, 7.07614990e+02, 8.35502028e-01,
            4.24656067e+02, 9.43217957e+02, 8.12381804e-01,
            5.03396484e+02, 1.11623901e+03, 7.75134146e-01,
            6.55381287e+02, 7.28338013e+02, 8.34378242e-01,
            6.18551392e+02, 9.43194702e+02, 8.72182846e-01,
            5.45313293e+02, 1.11616052e+03, 5.92172325e-01,
            4.24663116e+02, 1.03759143e+03, 7.20872700e-01,
            3.61881714e+02, 1.18933618e+03, 8.88192296e-01,
            4.87772339e+02, 1.51946057e+03, 7.87435472e-01,
            6.02793091e+02, 1.04289673e+03, 7.50067413e-01,
            6.97150879e+02, 1.19484949e+03, 8.58806908e-01,
            6.86573486e+02, 1.60866809e+03, 7.42120862e-01,
            4.82471802e+02, 5.66027283e+02, 9.42882538e-01,
            5.50452576e+02, 5.66030334e+02, 8.93145442e-01,
            4.45715363e+02, 5.60742065e+02, 8.01442862e-01,
            6.02678650e+02, 5.60824402e+02, 9.44254518e-01 ]
    }
}
