{
    "pose_0": {
        "type_id": "opencv-matrix",
        "rows": 1,
        "cols": 18,
        "dt": "3f",
        "data": [ 5.39990601e+02, 6.07965210e+02, 9.09924328e-01,
            5.29622131e+02, 7.02480408e+02, 8.38673294e-01,
            3.93459564e+02, 6.92192566e+02, 8.84903431e-01,
            4.19578156e+02, 9.43208435e+02, 8.20617795e-01,
            5.13676758e+02, 1.11614136e+03, 8.43872428e-01,
            6.81355835e+02, 7.23231079e+02, 8.19826007e-01,
            6.29010254e+02, 9.69522583e+02, 7.82878399e-01,
            5.55747314e+02, 1.11622046e+03, 6.37245834e-01,
            4.40342499e+02, 1.04275769e+03, 7.76056945e-01,
            2.93832428e+02, 1.15821875e+03, 8.28895152e-01,
            3.04161896e+02, 1.57179895e+03, 7.53084302e-01,
            6.08142639e+02, 1.04278101e+03, 7.49542117e-01,
            7.39235107e+02, 1.15266602e+03, 8.70513797e-01,
            7.39012512e+02, 1.56657239e+03, 7.61158705e-01,
            5.18755554e+02, 5.66318420e+02, 9.25111830e-01,
            5.71489258e+02, 5.71402222e+02, 9.02666330e-01,
            4.71944397e+02, 5.50485657e+02, 8.63969505e-01,
            6.28983459e+02, 5.66038513e+02, 8.24450135e-01 ]
    }
}
