{
    "pose_0": {
        "type_id": "opencv-matrix",
        "rows": 1,
        "cols": 18,
        "dt": "3f",
        "data": [ 5.50422729e+02, 6.02938782e+02, 9.09619689e-01,
            5.29753174e+02, 7.02445374e+02, 8.38945627e-01,
            3.98478485e+02, 6.92186279e+02, 8.78830492e-01,
            4.29891754e+02, 9.37920288e+02, 8.45395088e-01,
            5.13587585e+02, 1.11102917e+03, 8.14761579e-01,
            6.81505676e+02, 7.23251648e+02, 8.28505635e-01,
            6.34198730e+02, 9.59048279e+02, 7.91687906e-01,
            5.55708130e+02, 1.11115930e+03, 6.79720640e-01,
            4.40555267e+02, 1.03764124e+03, 7.81344235e-01,
            3.09319733e+02, 1.15288135e+03, 8.71662259e-01,
            3.20091766e+02, 1.56131799e+03, 7.76971281e-01,
            6.08280457e+02, 1.04275195e+03, 7.59271383e-01,
            7.49463379e+02, 1.15270447e+03, 8.69952738e-01,
            7.33938965e+02, 1.57178503e+03, 7.97052145e-01,
            5.19164612e+02, 5.66007996e+02, 9.55890357e-01,
            5.76773254e+02, 5.66353882e+02, 8.89629543e-01,
            4.77079163e+02, 5.40019104e+02, 8.78557384e-01,
            6.34261230e+02, 5.61107361e+02, 8.47105443e-01 ]
    }
}
