{
    "pose_0": {
        "type_id": "opencv-matrix",
        "rows": 1,
        "cols": 18,
        "dt": "3f",
        "data": [ 5.39926453e+02, 6.02673096e+02, 9.00128186e-01,
            5.34690491e+02, 7.07637634e+02, 8.42807293e-01,
            3.98714508e+02, 6.97067993e+02, 8.80602121e-01,
            4.35302094e+02, 9.27504517e+02, 7.87656307e-01,
            4.92895233e+02, 1.09521313e+03, 6.26367331e-01,
            6.81239197e+02, 7.28266479e+02, 8.14315319e-01,
            6.13406921e+02, 9.43565613e+02, 8.47680628e-01,
            5.34846985e+02, 1.10576196e+03, 7.25277305e-01,
            4.30097687e+02, 1.02725708e+03, 7.58859694e-01,
            4.24636230e+02, 1.19482800e+03, 7.78503895e-01,
            5.97594482e+02, 1.50905237e+03, 7.02230513e-01,
            6.08099854e+02, 1.02722888e+03, 7.65825808e-01,
            6.23837585e+02, 1.19493811e+03, 8.08034360e-01,
            5.60798706e+02, 1.45668506e+03, 2.12045982e-01,
            5.18912842e+02, 5.61024048e+02, 9.47234392e-01,
            5.71427856e+02, 5.66139709e+02, 9.22512114e-01,
            4.77011841e+02, 5.39959656e+02, 8.48280847e-01,
            6.23839417e+02, 5.65978149e+02, 8.81708324e-01 ]
    }
}
