{
    "pose_0": {
        "type_id": "opencv-matrix",
        "rows": 1,
        "cols": 18,
        "dt": "3f",
        "data": [ 5.29618835e+02, 6.02654541e+02, 9.20277596e-01,
            5.29568787e+02, 7.07693420e+02, 8.53446245e-01,
            3.98455597e+02, 6.97224060e+02, 8.72463942e-01,
            4.35083984e+02, 9.27474304e+02, 8.13634276e-01,
            4.98184479e+02, 1.10564490e+03, 7.10416079e-01,
            6.76134033e+02, 7.23366577e+02, 8.05417657e-01,
            6.18554443e+02, 9.43176208e+02, 8.48632097e-01,
            5.45221191e+02, 1.11079980e+03, 6.62853897e-01,
            4.35048553e+02, 1.03763757e+03, 7.49775290e-01,
            4.08964722e+02, 1.17896191e+03, 7.79698908e-01,
            5.24166260e+02, 1.45133813e+03, 7.26813734e-01,
            6.08176575e+02, 1.03759448e+03, 7.46022522e-01,
            6.55349670e+02, 1.19453296e+03, 8.41658592e-01,
            6.28957458e+02, 1.44598035e+03, 4.53572065e-01,
            5.13754639e+02, 5.61097717e+02, 9.00367498e-01,
            5.66092651e+02, 5.66127319e+02, 9.56062853e-01,
            4.71752502e+02, 5.40012451e+02, 8.59614015e-01,
            6.08343323e+02, 5.60923645e+02, 8.63737822e-01 ]
    }
}
