{
    "pose_0": {
        "type_id": "opencv-matrix",
        "rows": 1,
        "cols": 18,
        "dt": "3f",
        "data": [ 5.50370911e+02, 6.02945007e+02, 9.08987284e-01,
            5.34765442e+02, 7.07585754e+02, 8.30051839e-01,
            3.98502106e+02, 6.97079224e+02, 8.75210404e-01,
            4.29907593e+02, 9.37967041e+02, 8.50789189e-01,
            5.13601501e+02, 1.11099683e+03, 8.02155733e-01,
            6.86408508e+02, 7.23351868e+02, 8.34052444e-01,
            6.29123596e+02, 9.64170776e+02, 7.84962952e-01,
            5.55748108e+02, 1.11609546e+03, 6.84426665e-01,
            4.40539398e+02, 1.03762183e+03, 7.88502932e-01,
            3.04345520e+02, 1.15297705e+03, 8.61344576e-01,
            3.19968750e+02, 1.55623096e+03, 7.70840049e-01,
            6.08188354e+02, 1.03767834e+03, 7.56527543e-01,
            7.49486511e+02, 1.15279285e+03, 8.54078293e-01,
            7.33880859e+02, 1.57187598e+03, 7.95445025e-01,
            5.19119507e+02, 5.61190247e+02, 9.52205122e-01,
            5.81851685e+02, 5.66322205e+02, 8.87103200e-01,
            4.77092010e+02, 5.39957825e+02, 8.86573851e-01,
            6.39316711e+02, 5.61025085e+02, 8.48766625e-01 ]
    }
}
