{
    "pose_0": {
        "type_id": "opencv-matrix",
        "rows": 1,
        "cols": 18,
        "dt": "3f",
        "data": [ 5.19130432e+02, 6.02916504e+02, 9.74236608e-01,
            5.24066040e+02, 7.28478149e+02, 9.09697413e-01,
            3.93176544e+02, 7.18141296e+02, 8.31921935e-01,
            4.09114990e+02, 9.48627625e+02, 7.98904181e-01,
            4.87764221e+02, 1.12660034e+03, 7.30456531e-01,
            6.55188660e+02, 7.33813171e+02, 8.66986394e-01,
            6.18479492e+02, 9.64316833e+02, 8.07440758e-01,
            5.39967163e+02, 1.13705164e+03, 7.47107625e-01,
            4.30095917e+02, 1.06365234e+03, 7.45339274e-01,
            2.72899841e+02, 1.16852002e+03, 8.53024304e-01,
            2.25908875e+02, 1.58239038e+03, 7.83908606e-01,
            6.07900024e+02, 1.06884644e+03, 8.04635227e-01,
            7.70581238e+02, 1.15292749e+03, 9.23620164e-01,
            8.01745789e+02, 1.57208093e+03, 7.71699131e-01,
            4.87618469e+02, 5.66159912e+02, 8.99203897e-01,
            5.55629456e+02, 5.66348328e+02, 8.99678349e-01,
            4.50857971e+02, 5.60889832e+02, 8.67587924e-01,
            6.02651978e+02, 5.66193420e+02, 9.39346492e-01 ]
    }
}
