{
    "pose_0": {
        "type_id": "opencv-matrix",
        "rows": 1,
        "cols": 18,
        "dt": "3f",
        "data": [ 5.34726318e+02, 6.02664856e+02, 9.10784900e-01,
            5.29517517e+02, 7.02509583e+02, 8.62633646e-01,
            3.98400726e+02, 6.97057129e+02, 8.83774519e-01,
            4.29880280e+02, 9.32651123e+02, 8.05662632e-01,
            5.03412659e+02, 1.10571545e+03, 7.79702902e-01,
            6.76181763e+02, 7.23300537e+02, 8.15493047e-01,
            6.23710083e+02, 9.43297058e+02, 8.34283710e-01,
            5.55580139e+02, 1.11094958e+03, 6.65952623e-01,
            4.35326569e+02, 1.03232031e+03, 8.02384257e-01,
            3.41040619e+02, 1.17892395e+03, 8.46554458e-01,
            4.71685974e+02, 1.52459583e+03, 8.08601856e-01,
            6.08056580e+02, 1.03249121e+03, 7.81965315e-01,
            7.23353943e+02, 1.17381555e+03, 8.55156779e-01,
            6.97293274e+02, 1.44603662e+03, 2.43712038e-01,
            5.18745605e+02, 5.61074402e+02, 9.15082097e-01,
            5.66318848e+02, 5.66120300e+02, 9.46456552e-01,
            4.71840057e+02, 5.34709717e+02, 8.68538141e-01,
            6.13486145e+02, 5.60902527e+02, 8.62724543e-01 ]
    }
}
