{
    "pose_0": {
        "type_id": "opencv-matrix",
        "rows": 1,
        "cols": 18,
        "dt": "3f",
        "data": [ 5.39985413e+02, 6.03001160e+02, 9.16404426e-01,
            5.29538208e+02, 7.07726196e+02, 8.45555842e-01,
            3.93536987e+02, 6.97077393e+02, 8.74471664e-01,
            4.34976715e+02, 9.32729370e+02, 7.83688486e-01,
            5.03272003e+02, 1.10543555e+03, 6.41750336e-01,
            6.76219116e+02, 7.28404297e+02, 8.15891504e-01,
            6.13426270e+02, 9.43252441e+02, 8.60764205e-01,
            5.34755005e+02, 1.10544470e+03, 6.63269043e-01,
            4.24816376e+02, 1.03228491e+03, 7.31291831e-01,
            4.14239258e+02, 1.20519543e+03, 7.76661932e-01,
            6.08142334e+02, 1.51416394e+03, 6.67986155e-01,
            6.02893250e+02, 1.02702625e+03, 7.55150080e-01,
            6.13378357e+02, 1.18433203e+03, 7.82700419e-01,
            5.34816406e+02, 1.45138989e+03, 2.63988465e-01,
            5.18963318e+02, 5.66033875e+02, 9.51661170e-01,
            5.71600403e+02, 5.71316223e+02, 9.01048660e-01,
            4.77003082e+02, 5.50499695e+02, 8.40557456e-01,
            6.23854370e+02, 5.66346741e+02, 7.98603296e-01 ]
    }
}
