{
    "pose_0": {
        "type_id": "opencv-matrix",
        "rows": 1,
        "cols": 18,
        "dt": "3f",
        "data": [ 5.45309082e+02, 6.07916992e+02, 9.08393145e-01,
            5.34713806e+02, 7.07685486e+02, 8.19729626e-01,
            3.98411743e+02, 6.97124084e+02, 8.73811781e-01,
            4.29894073e+02, 9.38128235e+02, 8.42342257e-01,
            5.13630066e+02, 1.11116394e+03, 7.90534437e-01,
            6.81502747e+02, 7.28275696e+02, 8.36775541e-01,
            6.29072449e+02, 9.69450867e+02, 7.89930165e-01,
            5.55691956e+02, 1.11618030e+03, 6.76632643e-01,
            4.40548981e+02, 1.04287048e+03, 7.77900755e-01,
            3.04195374e+02, 1.15800684e+03, 8.55429888e-01,
            3.09487610e+02, 1.56661194e+03, 8.21841598e-01,
            6.08288940e+02, 1.03767224e+03, 7.42443204e-01,
            7.44362610e+02, 1.15291125e+03, 8.52814913e-01,
            7.34098389e+02, 1.57168237e+03, 7.99264729e-01,
            5.18958130e+02, 5.66254028e+02, 9.38920677e-01,
            5.76656494e+02, 5.66509583e+02, 8.78659308e-01,
            4.76932922e+02, 5.50398193e+02, 8.48927855e-01,
            6.34195984e+02, 5.61151978e+02, 8.18881035e-01 ]
    }
}
