{
    "pose_0": {
        "type_id": "opencv-matrix",
        "rows": 1,
        "cols": 18,
        "dt": "3f",
        "data": [ 5.29584900e+02, 6.07909790e+02, 9.34258521e-01,
            5.24477234e+02, 7.23139709e+02, 8.71889472e-01,
            3.93323547e+02, 7.02491089e+02, 8.36640358e-01,
            4.24753723e+02, 9.37833191e+02, 7.62214661e-01,
            5.03360321e+02, 1.11608350e+03, 6.68367207e-01,
            6.65730286e+02, 7.28583496e+02, 8.21258008e-01,
            6.13529907e+02, 9.43561584e+02, 8.55154932e-01,
            5.34891724e+02, 1.12150891e+03, 6.47220254e-01,
            4.24820282e+02, 1.04810376e+03, 7.09550381e-01,
            4.03944977e+02, 1.22090271e+03, 7.99511909e-01,
            6.07994568e+02, 1.54569519e+03, 6.33879066e-01,
            6.07939270e+02, 1.04280798e+03, 7.47197151e-01,
            6.44904358e+02, 1.20527051e+03, 8.23922396e-01,
            4.98119385e+02, 1.59801514e+03, 5.90231001e-01,
            5.13647156e+02, 5.66374634e+02, 9.00714815e-01,
            5.66082336e+02, 5.71421875e+02, 9.37216163e-01,
            4.66655548e+02, 5.55719421e+02, 8.72982502e-01,
            6.08274353e+02, 5.66054932e+02, 9.07417715e-01 ]
    }
}
