{
    "pose_0": {
        "type_id": "opencv-matrix",
        "rows": 1,
        "cols": 18,
        "dt": "3f",
        "data": [ 5.60709839e+02, 6.02910339e+02, 9.36982632e-01,
            5.24420227e+02, 7.17998962e+02, 8.61524224e-01,
            3.93452667e+02, 6.97285767e+02, 8.48798931e-01,
            4.29932526e+02, 9.37992249e+02, 7.93708205e-01,
            5.03371063e+02, 1.11117151e+03, 6.69115067e-01,
            6.55437988e+02, 7.28475769e+02, 8.19205225e-01,
            6.13315979e+02, 9.48707886e+02, 8.35787654e-01,
            5.34782654e+02, 1.12151587e+03, 6.32693648e-01,
            4.29850677e+02, 1.03762817e+03, 7.25009441e-01,
            4.24739685e+02, 1.23127673e+03, 7.90357888e-01,
            6.23867920e+02, 1.52470569e+03, 6.20321512e-01,
            6.03061584e+02, 1.03752173e+03, 7.51322925e-01,
            6.49917358e+02, 1.20523755e+03, 8.30375910e-01,
            5.13866638e+02, 1.60334509e+03, 6.65044129e-01,
            5.24468384e+02, 5.61152405e+02, 9.29329932e-01,
            5.92465454e+02, 5.66447876e+02, 8.98377478e-01,
            4.77274811e+02, 5.34872681e+02, 9.10498023e-01,
            6.39355347e+02, 5.66347717e+02, 7.95439124e-01 ]
    }
}
