{
    "pose_0": {
        "type_id": "opencv-matrix",
        "rows": 1,
        "cols": 18,
        "dt": "3f",
        "data": [ 5.50526245e+02, 6.02881409e+02, 9.13339853e-01,
            5.29501648e+02, 7.12879883e+02, 8.49555850e-01,
            3.98392517e+02, 6.97167480e+02, 8.69009495e-01,
            4.29984497e+02, 9.27497070e+02, 7.84670413e-01,
            4.98058868e+02, 1.10560217e+03, 6.65559471e-01,
            6.70983765e+02, 7.28458374e+02, 8.20178151e-01,
            6.13421936e+02, 9.48514221e+02, 8.36751580e-01,
            5.40091248e+02, 1.10585144e+03, 7.14581609e-01,
            4.29979034e+02, 1.02726135e+03, 7.58946240e-01,
            4.35059662e+02, 1.21042896e+03, 7.63353348e-01,
            6.13491638e+02, 1.52988306e+03, 6.70204520e-01,
            6.03015015e+02, 1.02727905e+03, 7.72078753e-01,
            6.44544800e+02, 1.19470886e+03, 8.63113940e-01,
            5.08506073e+02, 1.57199255e+03, 6.37631655e-01,
            5.24084351e+02, 5.65952881e+02, 9.51034904e-01,
            5.81929565e+02, 5.66398132e+02, 8.91904771e-01,
            4.77215393e+02, 5.40020935e+02, 8.80690932e-01,
            6.34204407e+02, 5.66224243e+02, 8.22396398e-01 ]
    }
}
