{
    "pose_0": {
        "type_id": "opencv-matrix",
        "rows": 1,
        "cols": 18,
        "dt": "3f",
        "data": [ 5.24093689e+02, 6.02994751e+02, 9.69141126e-01,
            5.24267456e+02, 7.18042053e+02, 8.82214427e-01,
            3.93209045e+02, 7.02332153e+02, 8.39255214e-01,
            4.24824860e+02, 9.37958191e+02, 7.64184892e-01,
            5.03254913e+02, 1.11098853e+03, 6.51472032e-01,
            6.60434631e+02, 7.28380005e+02, 8.23696375e-01,
            6.13305420e+02, 9.48661682e+02, 8.24967742e-01,
            5.34853271e+02, 1.11631140e+03, 6.61330044e-01,
            4.24707886e+02, 1.04809204e+03, 7.09427178e-01,
            4.03797821e+02, 1.20521790e+03, 7.75053084e-01,
            6.08188049e+02, 1.53004663e+03, 6.44168437e-01,
            6.02989685e+02, 1.04281555e+03, 7.30832517e-01,
            6.44553772e+02, 1.19990881e+03, 8.15386415e-01,
            5.60862488e+02, 1.45160413e+03, 2.18292132e-01,
            4.92805237e+02, 5.66273743e+02, 8.75407875e-01,
            5.60646118e+02, 5.66464050e+02, 9.22283649e-01,
            4.51022675e+02, 5.55532654e+02, 8.17205369e-01,
            6.02867188e+02, 5.66081238e+02, 9.29722726e-01 ]
    }
}
