{
    "pose_0": {
        "type_id": "opencv-matrix",
        "rows": 1,
        "cols": 18,
        "dt": "3f",
        "data": [ 5.45291870e+02, 6.02867981e+02, 9.02398348e-01,
            5.29724365e+02, 7.02393066e+02, 8.43650818e-01,
            3.98446869e+02, 6.92121216e+02, 8.87650728e-01,
            4.29900177e+02, 9.37889709e+02, 8.31021607e-01,
            5.13583740e+02, 1.11096143e+03, 7.85381079e-01,
            6.81460693e+02, 7.23301636e+02, 8.31958950e-01,
            6.34157288e+02, 9.59056946e+02, 7.84334302e-01,
            5.55718628e+02, 1.11115808e+03, 6.94079816e-01,
            4.40647980e+02, 1.04278943e+03, 7.68523633e-01,
            3.04379120e+02, 1.15264685e+03, 8.67581367e-01,
            3.40823853e+02, 1.55614014e+03, 7.53760695e-01,
            6.08381897e+02, 1.04291760e+03, 7.50382364e-01,
            7.49506104e+02, 1.15259802e+03, 8.63906145e-01,
            7.33889343e+02, 1.57182019e+03, 7.98352778e-01,
            5.19073425e+02, 5.61160522e+02, 9.54828262e-01,
            5.76735718e+02, 5.66256226e+02, 8.91806960e-01,
            4.77027008e+02, 5.40035461e+02, 8.65236282e-01,
            6.34216248e+02, 5.61116760e+02, 8.45850348e-01 ]
    }
}
