{
    "pose_0": {
        "type_id": "opencv-matrix",
        "rows": 1,
        "cols": 18,
        "dt": "3f",
        "data": [ 5.40028564e+02, 6.03028687e+02, 9.14222836e-01,
            5.29576843e+02, 7.12834473e+02, 8.48450184e-01,
            3.98397919e+02, 6.97133362e+02, 8.75810444e-01,
            4.35074402e+02, 9.32849243e+02, 7.95106828e-01,
            5.03265564e+02, 1.10573499e+03, 6.65925682e-01,
            6.76193481e+02, 7.28442871e+02, 8.28747988e-01,
            6.13388367e+02, 9.43431580e+02, 8.69615078e-01,
            5.34799561e+02, 1.10577100e+03, 6.59289598e-01,
            4.29895782e+02, 1.03233801e+03, 7.43089795e-01,
            4.14335602e+02, 1.20528687e+03, 7.94020891e-01,
            6.08202881e+02, 1.50376965e+03, 6.21351480e-01,
            6.03057190e+02, 1.02718030e+03, 7.63682961e-01,
            6.13267883e+02, 1.18970850e+03, 8.17221403e-01,
            5.29622681e+02, 1.45140845e+03, 2.09779769e-01,
            5.18968140e+02, 5.66104187e+02, 9.46722865e-01,
            5.71576660e+02, 5.66503113e+02, 9.03193772e-01,
            4.77024536e+02, 5.50384644e+02, 8.33660543e-01,
            6.23888000e+02, 5.66168579e+02, 8.26142550e-01 ]
    }
}
