{
    "pose_0": {
        "type_id": "opencv-matrix",
        "rows": 1,
        "cols": 18,
        "dt": "3f",
        "data": [ 5.40011169e+02, 6.07944214e+02, 9.07609224e-01,
            5.29603699e+02, 7.02437744e+02, 8.42518985e-01,
            3.93449768e+02, 6.92134644e+02, 8.90310526e-01,
            4.19527191e+02, 9.38216431e+02, 8.16125274e-01,
            5.13671631e+02, 1.11611768e+03, 8.52315187e-01,
            6.81347290e+02, 7.23211609e+02, 8.14265370e-01,
            6.29050659e+02, 9.64324524e+02, 7.73106813e-01,
            5.55746216e+02, 1.11623596e+03, 6.37447476e-01,
            4.40318787e+02, 1.03767578e+03, 7.82138050e-01,
            2.93752808e+02, 1.15812537e+03, 8.32135856e-01,
            3.04117554e+02, 1.56676917e+03, 7.65589476e-01,
            6.08076477e+02, 1.03767847e+03, 7.56652534e-01,
            7.44228149e+02, 1.15274365e+03, 8.69954050e-01,
            7.39039551e+02, 1.56647974e+03, 7.53766239e-01,
            5.18812500e+02, 5.66283325e+02, 9.29691970e-01,
            5.71525879e+02, 5.71443787e+02, 8.97134662e-01,
            4.71938385e+02, 5.50423401e+02, 8.63191843e-01,
            6.23857666e+02, 5.66199524e+02, 7.95827985e-01 ]
    }
}
