{
    "pose_0": {
        "type_id": "opencv-matrix",
        "rows": 1,
        "cols": 18,
        "dt": "3f",
        "data": [ 5.39942200e+02, 6.02833557e+02, 9.11993980e-01,
            5.29749512e+02, 7.07690063e+02, 8.38603914e-01,
            3.98607727e+02, 6.97065613e+02, 8.85808349e-01,
            4.35301697e+02, 9.27632996e+02, 7.98557878e-01,
            4.98077728e+02, 1.10034680e+03, 6.40049040e-01,
            6.81275085e+02, 7.28397156e+02, 8.29128802e-01,
            6.13403931e+02, 9.43415405e+02, 8.67793739e-01,
            5.40018005e+02, 1.10546558e+03, 7.24864662e-01,
            4.29983795e+02, 1.02719531e+03, 7.64874279e-01,
            4.30002167e+02, 1.21041248e+03, 7.45729268e-01,
            6.02881958e+02, 1.51939758e+03, 7.50402570e-01,
            6.07937561e+02, 1.02707532e+03, 7.66206980e-01,
            6.13294434e+02, 1.19464233e+03, 8.28638256e-01,
            4.71846649e+02, 1.59799744e+03, 6.18988097e-01,
            5.18928406e+02, 5.61115601e+02, 9.41030383e-01,
            5.71542603e+02, 5.66273438e+02, 9.16433871e-01,
            4.77014679e+02, 5.39905945e+02, 8.61191273e-01,
            6.29070435e+02, 5.65959473e+02, 8.55685830e-01 ]
    }
}
