{
    "pose_0": {
        "type_id": "opencv-matrix",
        "rows": 1,
        "cols": 18,
        "dt": "3f",
        "data": [ 5.19114136e+02, 6.02895935e+02, 9.75405455e-01,
            5.24048889e+02, 7.28459839e+02, 9.12107229e-01,
            3.93173828e+02, 7.18149841e+02, 8.32796991e-01,
            4.09067413e+02, 9.48707886e+02, 7.98744678e-01,
            4.87650513e+02, 1.12657642e+03, 7.42968500e-01,
            6.55174438e+02, 7.33800537e+02, 8.68289232e-01,
            6.13526306e+02, 9.64250854e+02, 7.99137712e-01,
            5.40078003e+02, 1.13709973e+03, 7.63944745e-01,
            4.30026764e+02, 1.06365942e+03, 7.48466074e-01,
            2.72956787e+02, 1.16343958e+03, 8.50387871e-01,
            2.25811829e+02, 1.58757361e+03, 7.88366616e-01,
            6.03047913e+02, 1.06396033e+03, 8.08609128e-01,
            7.70550903e+02, 1.15300403e+03, 9.11651313e-01,
            7.96692017e+02, 1.57715894e+03, 7.53734231e-01,
            4.87587067e+02, 5.66173157e+02, 9.04872179e-01,
            5.55627747e+02, 5.66334045e+02, 9.00973976e-01,
            4.50966064e+02, 5.61085876e+02, 8.46138716e-01,
            6.02614197e+02, 5.66292236e+02, 9.35296595e-01 ]
    }
}
