{
    "pose_0": {
        "type_id": "opencv-matrix",
        "rows": 1,
        "cols": 18,
        "dt": "3f",
        "data": [ 5.29606201e+02, 6.02611572e+02, 9.21102762e-01,
            5.29466980e+02, 7.07710938e+02, 8.53842914e-01,
            3.93561066e+02, 6.97245483e+02, 8.62419844e-01,
            4.29899261e+02, 9.27593750e+02, 8.02454352e-01,
            5.03305267e+02, 1.10588452e+03, 7.60186493e-01,
            6.76112061e+02, 7.23403381e+02, 8.08939695e-01,
            6.18487610e+02, 9.43340942e+02, 8.49000692e-01,
            5.50560913e+02, 1.11092896e+03, 6.46823049e-01,
            4.35152405e+02, 1.03240942e+03, 7.76503444e-01,
            3.72502960e+02, 1.18941174e+03, 8.68532419e-01,
            5.08521667e+02, 1.49855835e+03, 7.56478667e-01,
            6.08170349e+02, 1.03236743e+03, 7.73930132e-01,
            6.91850525e+02, 1.18924658e+03, 9.09009516e-01,
            6.76175049e+02, 1.45154932e+03, 2.55795956e-01,
            5.13736023e+02, 5.61069885e+02, 8.97827983e-01,
            5.66086914e+02, 5.66085327e+02, 9.51709807e-01,
            4.71702087e+02, 5.39946960e+02, 8.43003631e-01,
            6.13227051e+02, 5.60875122e+02, 8.70594740e-01 ]
    }
}
