{
    "pose_0": {
        "type_id": "opencv-matrix",
        "rows": 1,
        "cols": 18,
        "dt": "3f",
        "data": [ 5.39968994e+02, 6.02745056e+02, 9.08332229e-01,
            5.34687622e+02, 7.07693542e+02, 8.37923825e-01,
            3.98694061e+02, 6.97087463e+02, 8.78942847e-01,
            4.35393646e+02, 9.27534973e+02, 7.93482065e-01,
            4.87779053e+02, 1.08997766e+03, 6.52973294e-01,
            6.81221741e+02, 7.28342285e+02, 8.13582659e-01,
            6.13364502e+02, 9.43479126e+02, 8.64776492e-01,
            5.39922852e+02, 1.10560437e+03, 7.35535324e-01,
            4.34998901e+02, 1.02719934e+03, 7.73622930e-01,
            4.24642334e+02, 1.19473755e+03, 7.79301524e-01,
            5.87137329e+02, 1.51952734e+03, 7.22725809e-01,
            6.08186707e+02, 1.02710486e+03, 7.66557515e-01,
            6.18594360e+02, 1.19488354e+03, 8.13454926e-01,
            5.60808289e+02, 1.44644055e+03, 2.15220287e-01,
            5.18938965e+02, 5.61113892e+02, 9.50271487e-01,
            5.71505859e+02, 5.66254639e+02, 9.12199795e-01,
            4.77049408e+02, 5.50338745e+02, 8.29831302e-01,
            6.28969177e+02, 5.66115479e+02, 8.39834392e-01 ]
    }
}
