{
    "pose_0": {
        "type_id": "opencv-matrix",
        "rows": 1,
        "cols": 18,
        "dt": "3f",
        "data": [ 5.29664307e+02, 6.02614319e+02, 9.17881310e-01,
            5.29466431e+02, 7.07660095e+02, 8.58471572e-01,
            3.93567352e+02, 6.97187683e+02, 8.71276796e-01,
            4.29900238e+02, 9.27638367e+02, 8.02987278e-01,
            5.03406281e+02, 1.10581714e+03, 8.03822279e-01,
            6.76122925e+02, 7.23378601e+02, 8.11073482e-01,
            6.18565674e+02, 9.43360901e+02, 8.28757107e-01,
            5.55742126e+02, 1.11076917e+03, 6.77224994e-01,
            4.35132874e+02, 1.03236853e+03, 7.91945159e-01,
            3.61861664e+02, 1.18931567e+03, 8.94955754e-01,
            4.92824005e+02, 1.51426001e+03, 7.78071523e-01,
            6.08198059e+02, 1.03751025e+03, 7.63976872e-01,
            6.97272095e+02, 1.18951416e+03, 8.80950212e-01,
            6.44464539e+02, 1.57708765e+03, 6.77950501e-01,
            5.13776733e+02, 5.61050781e+02, 9.01415288e-01,
            5.66137695e+02, 5.66070068e+02, 9.51384842e-01,
            4.71721832e+02, 5.34844788e+02, 8.51716936e-01,
            6.13239929e+02, 5.60822998e+02, 8.61119509e-01 ]
    }
}
