{
    "pose_0": {
        "type_id": "opencv-matrix",
        "rows": 1,
        "cols": 18,
        "dt": "3f",
        "data": [ 5.39985352e+02, 6.07940369e+02, 9.14704263e-01,
            5.29571045e+02, 7.07538269e+02, 8.41947734e-01,
            3.93464844e+02, 6.97110291e+02, 8.75708759e-01,
            4.24680023e+02, 9.38159424e+02, 8.21162939e-01,
            5.13739441e+02, 1.11607117e+03, 8.11982095e-01,
            6.81253357e+02, 7.23227112e+02, 8.09715033e-01,
            6.29000366e+02, 9.69560364e+02, 7.91118860e-01,
            5.55713928e+02, 1.11634558e+03, 6.43738568e-01,
            4.40426117e+02, 1.04289612e+03, 7.83733189e-01,
            2.99040619e+02, 1.15825427e+03, 8.26738954e-01,
            3.04237793e+02, 1.57182825e+03, 7.62561619e-01,
            6.08188599e+02, 1.03766003e+03, 7.54524529e-01,
            7.39164490e+02, 1.15292053e+03, 8.58800948e-01,
            7.38952332e+02, 1.57169067e+03, 7.90567517e-01,
            5.18781128e+02, 5.66357910e+02, 9.29635227e-01,
            5.71385620e+02, 5.71436951e+02, 9.05809939e-01,
            4.71951050e+02, 5.55593872e+02, 8.88104260e-01,
            6.18697266e+02, 5.66104980e+02, 8.43670070e-01 ]
    }
}
