{
    "pose_0": {
        "type_id": "opencv-matrix",
        "rows": 1,
        "cols": 18,
        "dt": "3f",
        "data": [ 5.29606567e+02, 6.02572449e+02, 9.15681481e-01,
            5.29506470e+02, 7.07641724e+02, 8.58647227e-01,
            3.98395691e+02, 6.97177185e+02, 8.74102831e-01,
            4.29971558e+02, 9.22374512e+02, 8.05426121e-01,
            4.98143494e+02, 1.10552051e+03, 7.20662355e-01,
            6.76123169e+02, 7.23356750e+02, 8.06852818e-01,
            6.18572449e+02, 9.43168518e+02, 8.59251142e-01,
            5.45307068e+02, 1.11076257e+03, 6.82326913e-01,
            4.34987274e+02, 1.03765784e+03, 7.42609560e-01,
            4.03711761e+02, 1.18928455e+03, 8.29878926e-01,
            5.24164063e+02, 1.47239685e+03, 7.03127921e-01,
            6.08108704e+02, 1.03756689e+03, 7.47272015e-01,
            6.65805969e+02, 1.18952075e+03, 8.31663072e-01,
            6.44874512e+02, 1.44598999e+03, 4.02334452e-01,
            5.13770142e+02, 5.61020325e+02, 9.03229773e-01,
            5.66090271e+02, 5.66083923e+02, 9.54193413e-01,
            4.66734558e+02, 5.34892395e+02, 8.54170918e-01,
            6.08289978e+02, 5.60966614e+02, 8.70795190e-01 ]
    }
}
