{
    "pose_0": {
        "type_id": "opencv-matrix",
        "rows": 1,
        "cols": 18,
        "dt": "3f",
        "data": [ 5.24064331e+02, 6.03011719e+02, 9.74203289e-01,
            5.24348572e+02, 7.18078247e+02, 8.81052732e-01,
            3.93316833e+02, 7.02412964e+02, 8.43715906e-01,
            4.29814178e+02, 9.32879272e+02, 7.62376547e-01,
            4.98067749e+02, 1.11084424e+03, 6.62604213e-01,
            6.60519958e+02, 7.28435242e+02, 8.26314569e-01,
            6.13357422e+02, 9.48549622e+02, 8.33707571e-01,
            5.34767090e+02, 1.11614526e+03, 6.46038949e-01,
            4.24701477e+02, 1.03755347e+03, 7.11890459e-01,
            4.34985626e+02, 1.22086072e+03, 7.15885162e-01,
            6.08101440e+02, 1.53006116e+03, 7.04408646e-01,
            6.02953613e+02, 1.03235413e+03, 7.56180108e-01,
            6.39607910e+02, 1.19469897e+03, 8.48346651e-01,
            4.82595001e+02, 1.60322693e+03, 6.08168244e-01,
            4.87755402e+02, 5.66297058e+02, 8.89594674e-01,
            5.55768433e+02, 5.66352905e+02, 9.29939330e-01,
            4.50999756e+02, 5.55721069e+02, 8.19294631e-01,
            6.02899719e+02, 5.61062439e+02, 9.82657731e-01 ]
    }
}
