{
    "pose_0": {
        "type_id": "opencv-matrix",
        "rows": 1,
        "cols": 18,
        "dt": "3f",
        "data": [ 5.18898193e+02, 6.02885986e+02, 9.64198828e-01,
            5.24038818e+02, 7.28445129e+02, 9.12841797e-01,
            3.93182465e+02, 7.18134583e+02, 8.37987900e-01,
            4.08997925e+02, 9.48710388e+02, 8.05644155e-01,
            4.87545074e+02, 1.12664758e+03, 7.24721789e-01,
            6.55175171e+02, 7.33802185e+02, 8.67887497e-01,
            6.13391235e+02, 9.69437012e+02, 8.13439608e-01,
            5.34699707e+02, 1.14219885e+03, 7.71191478e-01,
            4.29991974e+02, 1.05856592e+03, 7.40835428e-01,
            2.72918518e+02, 1.16857190e+03, 8.63485575e-01,
            2.25826965e+02, 1.58764355e+03, 7.90062249e-01,
            6.03001709e+02, 1.06396338e+03, 8.11585784e-01,
            7.70432861e+02, 1.15305432e+03, 9.00810242e-01,
            7.96697266e+02, 1.57716345e+03, 7.55417824e-01,
            4.82556244e+02, 5.66091858e+02, 9.29372311e-01,
            5.55501953e+02, 5.66304016e+02, 8.92692149e-01,
            4.45812836e+02, 5.60911987e+02, 8.25275779e-01,
            6.02614807e+02, 5.66340637e+02, 9.30448055e-01 ]
    }
}
