{
    "pose_0": {
        "type_id": "opencv-matrix",
        "rows": 1,
        "cols": 18,
        "dt": "3f",
        "data": [ 5.50350098e+02, 6.02956116e+02, 9.03018773e-01,
            5.34766418e+02, 7.07591736e+02, 8.30953956e-01,
            3.98500885e+02, 6.97101685e+02, 8.73974562e-01,
            4.30001373e+02, 9.38052979e+02, 8.50794852e-01,
            5.13576965e+02, 1.11117114e+03, 8.09963644e-01,
            6.86394287e+02, 7.23361938e+02, 8.34945381e-01,
            6.34207031e+02, 9.59036072e+02, 7.80080676e-01,
            5.60704834e+02, 1.11618201e+03, 6.86653912e-01,
            4.40448700e+02, 1.03764856e+03, 7.81907856e-01,
            3.09244202e+02, 1.15281384e+03, 8.81398797e-01,
            3.14699158e+02, 1.56642822e+03, 8.17360997e-01,
            6.08171082e+02, 1.04278894e+03, 7.54154801e-01,
            7.49465149e+02, 1.15272559e+03, 8.58692288e-01,
            7.38946045e+02, 1.56681250e+03, 7.92077363e-01,
            5.19133789e+02, 5.65951904e+02, 9.50543761e-01,
            5.76805176e+02, 5.66348572e+02, 8.91312957e-01,
            4.77056396e+02, 5.34835754e+02, 8.86446834e-01,
            6.39349854e+02, 5.61064636e+02, 8.67970347e-01 ]
    }
}
