{
    "pose_0": {
        "type_id": "opencv-matrix",
        "rows": 1,
        "cols": 18,
        "dt": "3f",
        "data": [ 5.34714905e+02, 6.02666321e+02, 9.11745489e-01,
            5.29549683e+02, 7.02474060e+02, 8.57566595e-01,
            3.98432373e+02, 6.92183777e+02, 8.81859541e-01,
            4.29880798e+02, 9.32795044e+02, 8.14598501e-01,
            5.08477417e+02, 1.10579187e+03, 7.85540700e-01,
            6.76139709e+02, 7.23239807e+02, 8.03879321e-01,
            6.28990784e+02, 9.48582458e+02, 8.08984041e-01,
            5.55494934e+02, 1.11101807e+03, 6.79352522e-01,
            4.40376556e+02, 1.03249646e+03, 7.86077797e-01,
            3.25152832e+02, 1.16850427e+03, 8.36370230e-01,
            4.40271942e+02, 1.52980688e+03, 8.18669677e-01,
            6.08256287e+02, 1.03758301e+03, 7.80453384e-01,
            7.33997742e+02, 1.16856860e+03, 8.50461662e-01,
            6.91724548e+02, 1.57187244e+03, 7.58461058e-01,
            5.13901611e+02, 5.61052917e+02, 9.13656890e-01,
            5.66290833e+02, 5.66063416e+02, 9.43775356e-01,
            4.71872925e+02, 5.29727661e+02, 8.72786999e-01,
            6.18508911e+02, 5.60700989e+02, 8.41429472e-01 ]
    }
}
