{
    "pose_0": {
        "type_id": "opencv-matrix",
        "rows": 1,
        "cols": 18,
        "dt": "3f",
        "data": [ 5.50564392e+02, 6.02955322e+02, 9.27490830e-01,
            5.24492065e+02, 7.18091125e+02, 8.62807691e-01,
            3.93451294e+02, 7.02282166e+02, 8.45390558e-01,
            4.24810211e+02, 9.32761841e+02, 7.76155055e-01,
            5.03276978e+02, 1.11116760e+03, 6.60981417e-01,
            6.65656799e+02, 7.28584656e+02, 8.20608675e-01,
            6.13430359e+02, 9.48489075e+02, 8.49635899e-01,
            5.34712219e+02, 1.13181189e+03, 6.25634909e-01,
            4.29864868e+02, 1.04277893e+03, 7.07125127e-01,
            4.09163483e+02, 1.21572156e+03, 7.58676946e-01,
            6.13420349e+02, 1.52982935e+03, 6.74408317e-01,
            6.03065002e+02, 1.03247644e+03, 7.46234357e-01,
            6.50050110e+02, 1.20007153e+03, 8.25701058e-01,
            5.18951050e+02, 1.58758545e+03, 6.06387258e-01,
            5.19268005e+02, 5.65951050e+02, 9.72095132e-01,
            5.82001648e+02, 5.66416748e+02, 8.92091453e-01,
            4.76929565e+02, 5.50364807e+02, 8.86373341e-01,
            6.34151123e+02, 5.66347534e+02, 7.86762714e-01 ]
    }
}
