{
    "pose_0": {
        "type_id": "opencv-matrix",
        "rows": 1,
        "cols": 18,
        "dt": "3f",
        "data": [ 5.18894043e+02, 6.02794800e+02, 9.58750606e-01,
            5.24216064e+02, 7.18144653e+02, 8.86196613e-01,
            3.93275146e+02, 7.07592957e+02, 8.39331508e-01,
            4.19592316e+02, 9.38254395e+02, 8.07247162e-01,
            5.03262695e+02, 1.11609790e+03, 7.17398047e-01,
            6.60388977e+02, 7.28470642e+02, 8.36981595e-01,
            6.18507751e+02, 9.43281067e+02, 8.55717361e-01,
            5.40004822e+02, 1.11625330e+03, 6.18173301e-01,
            4.24838165e+02, 1.03754651e+03, 7.23924577e-01,
            3.51592499e+02, 1.17900769e+03, 8.61961246e-01,
            4.77202667e+02, 1.52488672e+03, 8.45496178e-01,
            6.02865173e+02, 1.04804077e+03, 7.45583415e-01,
            7.02430664e+02, 1.19451318e+03, 8.59978080e-01,
            6.91962219e+02, 1.60861536e+03, 7.44469881e-01,
            4.82439270e+02, 5.66095337e+02, 9.46874738e-01,
            5.50428101e+02, 5.66085938e+02, 8.92060161e-01,
            4.45727020e+02, 5.60879883e+02, 8.06613088e-01,
            6.02654175e+02, 5.60788147e+02, 9.37395453e-01 ]
    }
}
