{
    "pose_0": {
        "type_id": "opencv-matrix",
        "rows": 1,
        "cols": 18,
        "dt": "3f",
        "data": [ 5.40063293e+02, 6.07852356e+02, 9.07729685e-01,
            5.34750183e+02, 7.07633606e+02, 8.23745012e-01,
            3.98487885e+02, 6.97104614e+02, 8.77994299e-01,
            4.30027374e+02, 9.38155090e+02, 8.52110267e-01,
            5.13601074e+02, 1.11112622e+03, 7.67633200e-01,
            6.81488831e+02, 7.23385986e+02, 8.25693727e-01,
            6.29002502e+02, 9.69485657e+02, 7.91800499e-01,
            5.55648987e+02, 1.11618799e+03, 6.78078294e-01,
            4.40590302e+02, 1.04280042e+03, 7.76598334e-01,
            3.04318634e+02, 1.15310474e+03, 8.64811480e-01,
            3.09678406e+02, 1.57168286e+03, 8.19584072e-01,
            6.08341736e+02, 1.04276990e+03, 7.39120662e-01,
            7.49445557e+02, 1.15296704e+03, 8.45061660e-01,
            7.38970886e+02, 1.57172510e+03, 7.89463758e-01,
            5.18881348e+02, 5.66090515e+02, 9.30160582e-01,
            5.76634766e+02, 5.66431580e+02, 8.83338392e-01,
            4.76975800e+02, 5.40097534e+02, 8.47982049e-01,
            6.34272827e+02, 5.61102844e+02, 8.20176780e-01 ]
    }
}
