{
    "pose_0": {
        "type_id": "opencv-matrix",
        "rows": 1,
        "cols": 18,
        "dt": "3f",
        "data": [ 5.50382507e+02, 6.02916199e+02, 9.05978084e-01,
            5.34682373e+02, 7.02461914e+02, 8.38179171e-01,
            3.98470795e+02, 6.92122559e+02, 8.88956249e-01,
            4.29837097e+02, 9.32907104e+02, 8.33824456e-01,
            5.13603699e+02, 1.11098901e+03, 8.01488876e-01,
            6.86377991e+02, 7.23372864e+02, 8.41331363e-01,
            6.29135681e+02, 9.59045837e+02, 7.84504890e-01,
            5.55696899e+02, 1.11116846e+03, 6.79776549e-01,
            4.40617462e+02, 1.03765540e+03, 7.75654435e-01,
            3.09269440e+02, 1.15271021e+03, 8.79498541e-01,
            3.35628662e+02, 1.56138025e+03, 7.51215577e-01,
            6.08351929e+02, 1.04280420e+03, 7.53898919e-01,
            7.49451660e+02, 1.15261902e+03, 8.64195347e-01,
            7.33894226e+02, 1.56681152e+03, 8.09024394e-01,
            5.19121765e+02, 5.65945923e+02, 9.54710782e-01,
            5.76792175e+02, 5.66298889e+02, 8.90721083e-01,
            4.77043243e+02, 5.40045715e+02, 8.70095015e-01,
            6.34245850e+02, 5.61126709e+02, 8.40757728e-01 ]
    }
}
