{
    "pose_0": {
        "type_id": "opencv-matrix",
        "rows": 1,
        "cols": 18,
        "dt": "3f",
        "data": [ 5.29700562e+02, 6.02604492e+02, 9.11350608e-01,
            5.29484436e+02, 7.07564636e+02, 8.62694740e-01,
            3.98370453e+02, 6.97118591e+02, 8.77419353e-01,
            4.29970398e+02, 9.32773132e+02, 8.15949738e-01,
            5.08541168e+02, 1.11072595e+03, 8.02574337e-01,
            6.76142639e+02, 7.23309875e+02, 8.14623594e-01,
            6.18647217e+02, 9.43270386e+02, 8.35758328e-01,
            5.55615784e+02, 1.11087927e+03, 6.20267808e-01,
            4.35155273e+02, 1.03232446e+03, 7.94694304e-01,
            3.51664124e+02, 1.18434534e+03, 8.81174564e-01,
            4.82665863e+02, 1.51412439e+03, 8.01179290e-01,
            6.08142578e+02, 1.03243762e+03, 7.69603431e-01,
            7.12826721e+02, 1.18948645e+03, 8.81353140e-01,
            6.44895081e+02, 1.57705579e+03, 7.27993608e-01,
            5.13829407e+02, 5.61070923e+02, 9.02947664e-01,
            5.66142700e+02, 5.66067444e+02, 9.52558696e-01,
            4.71764130e+02, 5.34778442e+02, 8.58094871e-01,
            6.13240112e+02, 5.60791504e+02, 8.67899358e-01 ]
    }
}
