{
    "pose_0": {
        "type_id": "opencv-matrix",
        "rows": 1,
        "cols": 18,
        "dt": "3f",
        "data": [ 5.24070801e+02, 6.03083801e+02, 9.70768094e-01,
            5.24326904e+02, 7.18071960e+02, 8.83960724e-01,
            3.93248566e+02, 7.02505432e+02, 8.28866601e-01,
            4.24761597e+02, 9.37854187e+02, 7.64140129e-01,
            5.03361908e+02, 1.11607837e+03, 6.69157445e-01,
            6.60572998e+02, 7.28425293e+02, 8.16689074e-01,
            6.13454773e+02, 9.48610718e+02, 8.38931262e-01,
            5.39924561e+02, 1.12132422e+03, 6.32868528e-01,
            4.24762085e+02, 1.04803137e+03, 7.20058501e-01,
            4.03931030e+02, 1.22083374e+03, 7.77210951e-01,
            6.08273438e+02, 1.52999780e+03, 6.89805388e-01,
            6.07899597e+02, 1.04279358e+03, 7.41690457e-01,
            6.39562744e+02, 1.19496777e+03, 8.20297599e-01,
            5.60727173e+02, 1.46188159e+03, 1.50692195e-01,
            4.87831482e+02, 5.66387268e+02, 8.80645812e-01,
            5.55821411e+02, 5.71370178e+02, 9.06886458e-01,
            4.56237915e+02, 5.60852478e+02, 7.99902856e-01,
            6.02859619e+02, 5.66221313e+02, 9.45167780e-01 ]
    }
}
