{
    "pose_0": {
        "type_id": "opencv-matrix",
        "rows": 1,
        "cols": 18,
        "dt": "3f",
        "data": [ 5.24071899e+02, 6.02981445e+02, 9.73383307e-01,
            5.24336914e+02, 7.18032410e+02, 8.80080462e-01,
            3.93302826e+02, 7.02412048e+02, 8.43563557e-01,
            4.29840607e+02, 9.32907715e+02, 7.57368803e-01,
            4.98146149e+02, 1.11087549e+03, 6.72170341e-01,
            6.60528870e+02, 7.28371338e+02, 8.25369298e-01,
            6.13380188e+02, 9.43497620e+02, 8.49273145e-01,
            5.39957153e+02, 1.11107349e+03, 6.46474063e-01,
            4.19598846e+02, 1.03757275e+03, 7.14312971e-01,
            4.35359375e+02, 1.22616638e+03, 7.71588802e-01,
            6.08226563e+02, 1.52473389e+03, 7.19988286e-01,
            6.02954895e+02, 1.03231665e+03, 7.56501675e-01,
            6.39528748e+02, 1.19475769e+03, 8.60362887e-01,
            4.87579041e+02, 1.59277820e+03, 5.66873670e-01,
            4.87737854e+02, 5.66247314e+02, 8.90302479e-01,
            5.55807190e+02, 5.66296143e+02, 9.43445683e-01,
            4.50862823e+02, 5.55666504e+02, 8.42475057e-01,
            6.02879456e+02, 5.61042175e+02, 9.75893497e-01 ]
    }
}
