{
    "pose_0": {
        "type_id": "opencv-matrix",
        "rows": 1,
        "cols": 18,
        "dt": "3f",
        "data": [ 5.40065918e+02, 6.02869690e+02, 9.07966554e-01,
            5.29479492e+02, 7.12788513e+02, 8.51793945e-01,
            3.93516327e+02, 6.97038330e+02, 8.77185285e-01,
            4.30028015e+02, 9.27600708e+02, 7.77512908e-01,
            4.98110474e+02, 1.10040051e+03, 6.40168071e-01,
            6.71024414e+02, 7.28426758e+02, 8.12979341e-01,
            6.13270203e+02, 9.43392334e+02, 8.47014308e-01,
            5.34848511e+02, 1.10042969e+03, 6.67896986e-01,
            4.24832275e+02, 1.03236230e+03, 7.33736813e-01,
            4.14316040e+02, 1.20006726e+03, 7.68540204e-01,
            6.13245361e+02, 1.50906042e+03, 6.96714461e-01,
            6.02888062e+02, 1.02713550e+03, 7.64450848e-01,
            6.08260376e+02, 1.18947485e+03, 8.34057748e-01,
            5.45112488e+02, 1.44614124e+03, 1.74401954e-01,
            5.19071167e+02, 5.61172546e+02, 9.50450599e-01,
            5.71634033e+02, 5.66413635e+02, 9.05598521e-01,
            4.77047760e+02, 5.39897278e+02, 8.80071342e-01,
            6.29046082e+02, 5.66143616e+02, 8.51854384e-01 ]
    }
}
