{
    "pose_0": {
        "type_id": "opencv-matrix",
        "rows": 1,
        "cols": 18,
        "dt": "3f",
        "data": [ 5.18756897e+02, 6.02844971e+02, 9.50700521e-01,
            5.24209167e+02, 7.23120178e+02, 8.90466452e-01,
            3.93259888e+02, 7.07591553e+02, 8.41397464e-01,
            4.19443085e+02, 9.38030212e+02, 8.00099969e-01,
            4.98088043e+02, 1.11104126e+03, 7.47440696e-01,
            6.55406738e+02, 7.28519714e+02, 8.47181201e-01,
            6.18517639e+02, 9.43291687e+02, 8.63575757e-01,
            5.40029785e+02, 1.11628857e+03, 6.47652268e-01,
            4.24825439e+02, 1.04277307e+03, 7.29436874e-01,
            3.41034058e+02, 1.18423267e+03, 8.53891730e-01,
            4.66636414e+02, 1.53001782e+03, 8.08623433e-01,
            6.02932678e+02, 1.05330286e+03, 7.64321625e-01,
            7.12833496e+02, 1.18963281e+03, 8.57336640e-01,
            7.18031799e+02, 1.62419153e+03, 6.62354350e-01,
            4.82288177e+02, 5.66114624e+02, 9.62868690e-01,
            5.45273560e+02, 5.66127808e+02, 8.87583554e-01,
            4.45664215e+02, 5.60689209e+02, 6.98814750e-01,
            6.02629211e+02, 5.60798035e+02, 9.36159730e-01 ]
    }
}
