{
    "pose_0": {
        "type_id": "opencv-matrix",
        "rows": 1,
        "cols": 18,
        "dt": "3f",
        "data": [ 5.19067932e+02, 6.03050293e+02, 9.74273503e-01,
            5.24348206e+02, 7.18091675e+02, 8.83710384e-01,
            3.93303223e+02, 7.02441956e+02, 8.43542576e-01,
            4.24802185e+02, 9.37838440e+02, 7.72313118e-01,
            5.03286163e+02, 1.11104102e+03, 6.70011878e-01,
            6.60571777e+02, 7.28472290e+02, 8.27800691e-01,
            6.13359009e+02, 9.48510864e+02, 8.45957935e-01,
            5.34743286e+02, 1.11628967e+03, 6.26041293e-01,
            4.24782928e+02, 1.04285559e+03, 7.12265790e-01,
            4.08970245e+02, 1.22099207e+03, 7.66524136e-01,
            6.08096619e+02, 1.52997241e+03, 7.04695165e-01,
            6.03003906e+02, 1.03239941e+03, 7.47013807e-01,
            6.34330811e+02, 1.19492273e+03, 8.22407424e-01,
            4.82451813e+02, 1.60833423e+03, 6.04023516e-01,
            4.82651581e+02, 5.66346375e+02, 9.26380515e-01,
            5.55531311e+02, 5.66420288e+02, 8.99168849e-01,
            4.51010742e+02, 5.60844849e+02, 7.39450097e-01,
            6.02872437e+02, 5.61150330e+02, 9.67610121e-01 ]
    }
}
