{
    "pose_0": {
        "type_id": "opencv-matrix",
        "rows": 1,
        "cols": 18,
        "dt": "3f",
        "data": [ 5.24094177e+02, 6.02944702e+02, 9.65924203e-01,
            5.24299133e+02, 7.18006348e+02, 8.78873110e-01,
            3.93238434e+02, 7.02334167e+02, 8.39553118e-01,
            4.24837524e+02, 9.37978394e+02, 7.72320390e-01,
            5.03297516e+02, 1.11112622e+03, 6.55621707e-01,
            6.60490784e+02, 7.28359802e+02, 8.22915554e-01,
            6.13363281e+02, 9.43547913e+02, 8.54077697e-01,
            5.39898682e+02, 1.11627808e+03, 6.46912515e-01,
            4.19583160e+02, 1.05321729e+03, 7.09376156e-01,
            4.03908508e+02, 1.21050122e+03, 7.75650620e-01,
            6.08137756e+02, 1.53001978e+03, 6.61675572e-01,
            6.02918762e+02, 1.04278674e+03, 7.31064320e-01,
            6.44690918e+02, 1.19490356e+03, 8.33729804e-01,
            5.60979431e+02, 1.45162158e+03, 2.17871860e-01,
            4.92788971e+02, 5.66191406e+02, 8.68260324e-01,
            5.60663025e+02, 5.66372559e+02, 9.32536125e-01,
            4.56144897e+02, 5.50565369e+02, 7.90654838e-01,
            6.02893433e+02, 5.61148010e+02, 9.46196675e-01 ]
    }
}
