{
    "pose_0": {
        "type_id": "opencv-matrix",
        "rows": 1,
        "cols": 18,
        "dt": "3f",
        "data": [ 5.19258423e+02, 6.02984375e+02, 9.77287292e-01,
            5.24323242e+02, 7.18101196e+02, 8.82663012e-01,
            3.93292877e+02, 7.02411133e+02, 8.40196431e-01,
            4.24841827e+02, 9.32853210e+02, 7.79424906e-01,
            5.03227142e+02, 1.11106226e+03, 6.73964262e-01,
            6.60544128e+02, 7.28454224e+02, 8.27241302e-01,
            6.13323608e+02, 9.48503418e+02, 8.46340358e-01,
            5.34804382e+02, 1.11627722e+03, 6.27299011e-01,
            4.24670990e+02, 1.04283801e+03, 7.11345673e-01,
            4.09141663e+02, 1.21054431e+03, 7.30277777e-01,
            6.08186951e+02, 1.54041992e+03, 6.52815104e-01,
            6.02908325e+02, 1.03247913e+03, 7.46768475e-01,
            6.39522339e+02, 1.19479248e+03, 8.17245781e-01,
            4.87558960e+02, 1.60316748e+03, 5.92675209e-01,
            4.87713104e+02, 5.66320740e+02, 8.95347416e-01,
            5.55661438e+02, 5.66435547e+02, 9.11403060e-01,
            4.50982788e+02, 5.60690674e+02, 8.35566401e-01,
            6.02758362e+02, 5.66015869e+02, 9.52992380e-01 ]
    }
}
