{
    "pose_0": {
        "type_id": "opencv-matrix",
        "rows": 1,
        "cols": 18,
        "dt": "3f",
        "data": [ 5.34695374e+02, 6.02774048e+02, 9.21556830e-01,
            5.29498596e+02, 7.02434509e+02, 8.63605678e-01,
            3.93547729e+02, 6.97039612e+02, 8.76456439e-01,
            4.29817139e+02, 9.32736877e+02, 7.94766605e-01,
            5.08528839e+02, 1.11070642e+03, 7.87792206e-01,
            6.76153687e+02, 7.23150452e+02, 8.00137162e-01,
            6.23909546e+02, 9.48546936e+02, 8.12674165e-01,
            5.55483948e+02, 1.11094983e+03, 6.78436637e-01,
            4.40514465e+02, 1.03769006e+03, 7.87049890e-01,
            3.14662994e+02, 1.15309338e+03, 8.96797180e-01,
            4.09038818e+02, 1.53008752e+03, 8.07190776e-01,
            6.08218079e+02, 1.03764294e+03, 7.78786600e-01,
            7.39156128e+02, 1.15799158e+03, 8.45072985e-01,
            7.07719238e+02, 1.57179028e+03, 7.15012610e-01,
            5.13843506e+02, 5.61130371e+02, 9.17087376e-01,
            5.66343018e+02, 5.66114380e+02, 9.46877599e-01,
            4.71847870e+02, 5.34832214e+02, 8.60616386e-01,
            6.18555176e+02, 5.60828125e+02, 8.43288779e-01 ]
    }
}
