{
    "pose_0": {
        "type_id": "opencv-matrix",
        "rows": 1,
        "cols": 18,
        "dt": "3f",
        "data": [ 5.50415955e+02, 6.02956238e+02, 9.14024830e-01,
            5.29530273e+02, 7.12916748e+02, 8.46726596e-01,
            3.98399689e+02, 6.97130798e+02, 8.74569237e-01,
            4.30072113e+02, 9.27652893e+02, 7.87876010e-01,
            4.87784515e+02, 1.09522083e+03, 6.63197756e-01,
            6.76062683e+02, 7.28533691e+02, 8.24717939e-01,
            6.13470703e+02, 9.48500854e+02, 8.45855415e-01,
            5.40061157e+02, 1.10565100e+03, 7.42250681e-01,
            4.29909454e+02, 1.02730945e+03, 7.56168127e-01,
            4.35211090e+02, 1.20012585e+03, 7.88771868e-01,
            6.08295105e+02, 1.52477759e+03, 6.85682774e-01,
            6.03042419e+02, 1.02724121e+03, 7.57557869e-01,
            6.39417358e+02, 1.18969324e+03, 8.49516749e-01,
            4.87670715e+02, 1.59794580e+03, 5.96272945e-01,
            5.19188232e+02, 5.65998352e+02, 9.58535850e-01,
            5.81815796e+02, 5.66399780e+02, 8.91364515e-01,
            4.77143311e+02, 5.45146484e+02, 8.80520403e-01,
            6.34192383e+02, 5.66092468e+02, 8.05964530e-01 ]
    }
}
