{
    "pose_0": {
        "type_id": "opencv-matrix",
        "rows": 1,
        "cols": 18,
        "dt": "3f",
        "data": [ 5.19061218e+02, 6.03088867e+02, 9.69255924e-01,
            5.24269592e+02, 7.18032043e+02, 8.91860843e-01,
            3.93238251e+02, 7.02360779e+02, 8.48758936e-01,
            4.24838226e+02, 9.37946106e+02, 7.71455646e-01,
            5.03258087e+02, 1.11100635e+03, 6.66303992e-01,
            6.60512329e+02, 7.28408936e+02, 8.29542696e-01,
            6.13331726e+02, 9.48499146e+02, 8.47543061e-01,
            5.34806030e+02, 1.11628882e+03, 6.39384389e-01,
            4.24795990e+02, 1.04799084e+03, 7.15338171e-01,
            4.03925995e+02, 1.22087415e+03, 7.67134011e-01,
            6.08134888e+02, 1.53003674e+03, 6.61540389e-01,
            6.03003235e+02, 1.03752576e+03, 7.45191395e-01,
            6.39573853e+02, 1.19491675e+03, 8.06872785e-01,
            5.60647278e+02, 1.45674292e+03, 2.17247829e-01,
            4.82651672e+02, 5.66313049e+02, 9.18756902e-01,
            5.55553711e+02, 5.66480042e+02, 8.96903813e-01,
            4.45906860e+02, 5.55780701e+02, 7.89054513e-01,
            6.02806396e+02, 5.65988525e+02, 9.42764342e-01 ]
    }
}
