{
    "pose_0": {
        "type_id": "opencv-matrix",
        "rows": 1,
        "cols": 18,
        "dt": "3f",
        "data": [ 5.39911316e+02, 6.02814697e+02, 9.14957643e-01,
            5.34718506e+02, 7.07706665e+02, 8.36416066e-01,
            3.98653046e+02, 6.97078857e+02, 8.82211387e-01,
            4.35371002e+02, 9.32670410e+02, 7.91837335e-01,
            4.92889343e+02, 1.09527991e+03, 6.40988052e-01,
            6.81307495e+02, 7.28385925e+02, 8.25373590e-01,
            6.13411560e+02, 9.43466187e+02, 8.62347066e-01,
            5.39903198e+02, 1.10569702e+03, 7.30130732e-01,
            4.34980530e+02, 1.02718237e+03, 7.70736396e-01,
            4.24772186e+02, 1.19988196e+03, 7.76319861e-01,
            5.92458984e+02, 1.51944312e+03, 7.04027951e-01,
            6.08065918e+02, 1.02714551e+03, 7.65578985e-01,
            6.13274048e+02, 1.20010632e+03, 7.96351433e-01,
            5.50479614e+02, 1.45669946e+03, 1.54850751e-01,
            5.18895264e+02, 5.61147644e+02, 9.45229113e-01,
            5.71492859e+02, 5.66305664e+02, 9.17084217e-01,
            4.77018585e+02, 5.45242737e+02, 8.33679199e-01,
            6.28994751e+02, 5.66151733e+02, 8.49069834e-01 ]
    }
}
