{
    "pose_0": {
        "type_id": "opencv-matrix",
        "rows": 1,
        "cols": 18,
        "dt": "3f",
        "data": [ 5.50420593e+02, 6.02928772e+02, 9.09306645e-01,
            5.34736755e+02, 7.07559204e+02, 8.31178725e-01,
            3.98479523e+02, 6.97073181e+02, 8.74118924e-01,
            4.29896820e+02, 9.37961365e+02, 8.46620202e-01,
            5.13599670e+02, 1.11100159e+03, 8.11669886e-01,
            6.86399292e+02, 7.23312317e+02, 8.32705975e-01,
            6.34146362e+02, 9.59102478e+02, 7.85739541e-01,
            5.55705688e+02, 1.11115857e+03, 6.76595747e-01,
            4.40495819e+02, 1.03756494e+03, 7.86893785e-01,
            3.09261688e+02, 1.15289368e+03, 8.65137160e-01,
            3.19965240e+02, 1.55622791e+03, 7.68471658e-01,
            6.08180481e+02, 1.03760498e+03, 7.65492201e-01,
            7.49443115e+02, 1.15279822e+03, 8.61745059e-01,
            7.33874817e+02, 1.57189819e+03, 7.98035741e-01,
            5.19151917e+02, 5.65963318e+02, 9.52160895e-01,
            5.81819336e+02, 5.66320740e+02, 8.86488080e-01,
            4.77058044e+02, 5.39984558e+02, 8.84543538e-01,
            6.34301758e+02, 5.61024292e+02, 8.32667232e-01 ]
    }
}
