{
    "pose_0": {
        "type_id": "opencv-matrix",
        "rows": 1,
        "cols": 18,
        "dt": "3f",
        "data": [ 5.50388306e+02, 6.07866821e+02, 9.10818458e-01,
            5.29476990e+02, 7.07697327e+02, 8.50638568e-01,
            3.93543457e+02, 6.92122986e+02, 8.85224402e-01,
            4.30068939e+02, 9.32694031e+02, 7.87015557e-01,
            4.92890442e+02, 1.10045300e+03, 6.56528652e-01,
            6.71029968e+02, 7.28406982e+02, 8.17023516e-01,
            6.13339417e+02, 9.43355347e+02, 8.76127064e-01,
            5.34838501e+02, 1.10551721e+03, 6.98140621e-01,
            4.24823090e+02, 1.03243359e+03, 7.35130548e-01,
            4.19602264e+02, 1.19457678e+03, 7.86663771e-01,
            6.08010315e+02, 1.51948645e+03, 6.75519407e-01,
            6.02936462e+02, 1.02727844e+03, 7.56386399e-01,
            6.23740173e+02, 1.19468823e+03, 8.12170982e-01,
            4.71995026e+02, 1.60317114e+03, 6.48642540e-01,
            5.19161743e+02, 5.66116943e+02, 9.53265131e-01,
            5.81813538e+02, 5.71340149e+02, 8.75280142e-01,
            4.77087677e+02, 5.45205078e+02, 8.70935798e-01,
            6.34195801e+02, 5.66205017e+02, 7.97772050e-01 ]
    }
}
