{
    "pose_0": {
        "type_id": "opencv-matrix",
        "rows": 1,
        "cols": 18,
        "dt": "3f",
        "data": [ 5.39947754e+02, 6.07959412e+02, 9.11498189e-01,
            5.29601685e+02, 7.02500549e+02, 8.40774000e-01,
            3.93526733e+02, 6.97081421e+02, 8.83316755e-01,
            4.19625793e+02, 9.43135376e+02, 8.19829226e-01,
            5.13685486e+02, 1.11614783e+03, 8.34510028e-01,
            6.81261658e+02, 7.23205811e+02, 8.11657488e-01,
            6.29010742e+02, 9.69497253e+02, 7.84263909e-01,
            5.55725403e+02, 1.11624658e+03, 6.36575580e-01,
            4.40394104e+02, 1.04282422e+03, 7.75993109e-01,
            2.99040955e+02, 1.15311145e+03, 8.40525270e-01,
            3.04264954e+02, 1.57197449e+03, 7.50743270e-01,
            6.08167175e+02, 1.03766711e+03, 7.52802014e-01,
            7.39161682e+02, 1.15275317e+03, 8.69970918e-01,
            7.39002380e+02, 1.56671167e+03, 7.80094802e-01,
            5.18737854e+02, 5.66362122e+02, 9.23042774e-01,
            5.71366028e+02, 5.71411743e+02, 9.06187475e-01,
            4.71948853e+02, 5.50537109e+02, 8.78825188e-01,
            6.23790527e+02, 5.61140747e+02, 8.41666460e-01 ]
    }
}
