{
    "pose_0": {
        "type_id": "opencv-matrix",
        "rows": 1,
        "cols": 18,
        "dt": "3f",
        "data": [ 5.19199158e+02, 6.03062622e+02, 9.68930840e-01,
            5.24256470e+02, 7.18084351e+02, 8.92836034e-01,
            3.93243103e+02, 7.02389343e+02, 8.44807148e-01,
            4.24795715e+02, 9.38054932e+02, 7.68598437e-01,
            5.03235596e+02, 1.11103979e+03, 6.65055394e-01,
            6.60475647e+02, 7.28450317e+02, 8.28536868e-01,
            6.13281006e+02, 9.48661133e+02, 8.33493352e-01,
            5.34848145e+02, 1.12131677e+03, 6.42176807e-01,
            4.24670471e+02, 1.05324951e+03, 7.06907928e-01,
            4.08982788e+02, 1.21576941e+03, 7.80946732e-01,
            6.08148804e+02, 1.52999707e+03, 6.77089810e-01,
            6.03014526e+02, 1.04275867e+03, 7.25983143e-01,
            6.44686462e+02, 1.20005481e+03, 8.11216116e-01,
            5.60747559e+02, 1.45664990e+03, 2.27111965e-01,
            4.87670105e+02, 5.66304688e+02, 8.94768536e-01,
            5.55664490e+02, 5.66502563e+02, 9.06434417e-01,
            4.50906921e+02, 5.55793884e+02, 8.42985988e-01,
            6.02795959e+02, 5.66074829e+02, 9.49987531e-01 ]
    }
}
