{
    "pose_0": {
        "type_id": "opencv-matrix",
        "rows": 1,
        "cols": 18,
        "dt": "3f",
        "data": [ 5.50429382e+02, 6.02965393e+02, 9.07854795e-01,
            5.34676147e+02, 7.02522339e+02, 8.35643411e-01,
            3.98481079e+02, 6.97044800e+02, 8.76913786e-01,
            4.29914948e+02, 9.37942444e+02, 8.42986703e-01,
            5.13626343e+02, 1.11103735e+03, 8.14178348e-01,
            6.81508789e+02, 7.23311096e+02, 8.34364533e-01,
            6.34191467e+02, 9.59091064e+02, 7.87900448e-01,
            5.55769470e+02, 1.11117212e+03, 6.84616923e-01,
            4.40538696e+02, 1.04274878e+03, 7.79183567e-01,
            3.09290802e+02, 1.15286328e+03, 8.70095730e-01,
            3.20078735e+02, 1.56139453e+03, 7.74407625e-01,
            6.08266235e+02, 1.04283228e+03, 7.61591494e-01,
            7.44396667e+02, 1.15267163e+03, 8.72721732e-01,
            7.33930115e+02, 1.57174268e+03, 8.01594913e-01,
            5.19166687e+02, 5.66029419e+02, 9.55360234e-01,
            5.76795227e+02, 5.66377075e+02, 8.89802277e-01,
            4.77044952e+02, 5.40083679e+02, 8.70479226e-01,
            6.34346802e+02, 5.61145996e+02, 8.53183985e-01 ]
    }
}
