{
    "pose_0": {
        "type_id": "opencv-matrix",
        "rows": 1,
        "cols": 18,
        "dt": "3f",
        "data": [ 5.39916016e+02, 6.02737305e+02, 9.04423594e-01,
            5.29479614e+02, 6.97323547e+02, 8.73109758e-01,
            3.93548126e+02, 6.92079407e+02, 8.82205069e-01,
            4.24825439e+02, 9.32762268e+02, 8.12968850e-01,
            5.08480408e+02, 1.11084277e+03, 8.34141493e-01,
            6.76162476e+02, 7.17990356e+02, 7.90645778e-01,
            6.34192383e+02, 9.48627319e+02, 7.72727370e-01,
            5.55626526e+02, 1.11086169e+03, 6.92136168e-01,
            4.40451599e+02, 1.03247314e+03, 7.91480005e-01,
            3.04390503e+02, 1.15266748e+03, 8.84590745e-01,
            3.61890289e+02, 1.54559729e+03, 7.56868243e-01,
            6.08081543e+02, 1.03755457e+03, 7.72832930e-01,
            7.49452637e+02, 1.15292371e+03, 8.61066043e-01,
            7.28331421e+02, 1.57167310e+03, 8.04788113e-01,
            5.18840088e+02, 5.61194702e+02, 9.33667660e-01,
            5.66492676e+02, 5.66157288e+02, 9.20587122e-01,
            4.71966583e+02, 5.40002258e+02, 8.60196531e-01,
            6.18585754e+02, 5.60826355e+02, 8.27728033e-01 ]
    }
}
