{
    "pose_0": {
        "type_id": "opencv-matrix",
        "rows": 1,
        "cols": 18,
        "dt": "3f",
        "data": [ 5.40046936e+02, 6.02956787e+02, 9.11401331e-01,
            5.29484680e+02, 7.07708008e+02, 8.52725506e-01,
            3.93527649e+02, 6.92187622e+02, 8.76857460e-01,
            4.30017883e+02, 9.27599548e+02, 7.84486353e-01,
            5.03214905e+02, 1.10051648e+03, 6.45694733e-01,
            6.76107971e+02, 7.28389038e+02, 8.10677767e-01,
            6.13350830e+02, 9.43241516e+02, 8.62317801e-01,
            5.34865723e+02, 1.10050989e+03, 6.64190590e-01,
            4.24749359e+02, 1.03229602e+03, 7.34222889e-01,
            4.14300964e+02, 1.20519751e+03, 7.81858206e-01,
            6.08202271e+02, 1.51417993e+03, 6.91528320e-01,
            6.02868652e+02, 1.02704797e+03, 7.62496889e-01,
            6.13319153e+02, 1.18937354e+03, 8.10556829e-01,
            5.39933716e+02, 1.44621973e+03, 2.36629263e-01,
            5.19042603e+02, 5.66000061e+02, 9.54226077e-01,
            5.71642822e+02, 5.66504150e+02, 9.02572453e-01,
            4.77062500e+02, 5.45148804e+02, 8.63772035e-01,
            6.23912842e+02, 5.66286316e+02, 8.24721217e-01 ]
    }
}
