{
    "pose_0": {
        "type_id": "opencv-matrix",
        "rows": 1,
        "cols": 18,
        "dt": "3f",
        "data": [ 5.19056396e+02, 6.02917358e+02, 9.83440936e-01,
            5.24181091e+02, 7.28425537e+02, 9.12467837e-01,
            3.93300049e+02, 7.18120544e+02, 8.44355583e-01,
            4.09131866e+02, 9.43269592e+02, 8.02036524e-01,
            4.87678192e+02, 1.12150293e+03, 7.17996955e-01,
            6.55267822e+02, 7.33723145e+02, 8.64725828e-01,
            6.18484375e+02, 9.69375671e+02, 8.14358234e-01,
            5.34739441e+02, 1.13711438e+03, 7.44497061e-01,
            4.35013855e+02, 1.05848315e+03, 7.43528783e-01,
            2.73000854e+02, 1.15816516e+03, 8.57386589e-01,
            2.67843536e+02, 1.57187219e+03, 8.39974761e-01,
            6.02909851e+02, 1.06383447e+03, 8.19869816e-01,
            7.65117126e+02, 1.15818152e+03, 8.45238268e-01,
            7.86155457e+02, 1.59272632e+03, 7.43594170e-01,
            4.82646454e+02, 5.66234924e+02, 9.21101928e-01,
            5.55554871e+02, 5.66233398e+02, 8.98449659e-01,
            4.50989746e+02, 5.61166870e+02, 7.94979572e-01,
            6.02707214e+02, 5.66015015e+02, 9.55430090e-01 ]
    }
}
