{
    "pose_0": {
        "type_id": "opencv-matrix",
        "rows": 1,
        "cols": 18,
        "dt": "3f",
        "data": [ 5.45134521e+02, 6.02912415e+02, 9.00378585e-01,
            5.29478821e+02, 7.12763611e+02, 8.52323413e-01,
            3.93538239e+02, 6.97055603e+02, 8.74364674e-01,
            4.30103119e+02, 9.27544128e+02, 7.74129033e-01,
            4.92915161e+02, 1.09527307e+03, 6.28017247e-01,
            6.76070251e+02, 7.28416992e+02, 8.19190443e-01,
            6.13314087e+02, 9.43335754e+02, 8.72699976e-01,
            5.34782776e+02, 1.10048303e+03, 7.06070304e-01,
            4.29877014e+02, 1.03241370e+03, 7.32528806e-01,
            4.14334259e+02, 1.21566113e+03, 7.65757442e-01,
            6.13420593e+02, 1.51415747e+03, 6.67185545e-01,
            6.02961609e+02, 1.02728467e+03, 7.73678422e-01,
            6.08208862e+02, 1.18966211e+03, 8.47198784e-01,
            5.45147522e+02, 1.44615076e+03, 1.72136590e-01,
            5.19071472e+02, 5.65973511e+02, 9.54928815e-01,
            5.71651550e+02, 5.66431946e+02, 9.02121961e-01,
            4.77016479e+02, 5.34892822e+02, 8.78544748e-01,
            6.28993530e+02, 5.66078003e+02, 8.37878942e-01 ]
    }
}
