{
    "pose_0": {
        "type_id": "opencv-matrix",
        "rows": 1,
        "cols": 18,
        "dt": "3f",
        "data": [ 5.19224426e+02, 6.02842102e+02, 9.58067298e-01,
            5.24292664e+02, 7.18030945e+02, 8.85479152e-01,
            3.93267120e+02, 7.02432739e+02, 8.41192722e-01,
            4.29890076e+02, 9.32915649e+02, 7.84134865e-01,
            4.98171417e+02, 1.10584937e+03, 6.76357031e-01,
            6.60473999e+02, 7.28335449e+02, 8.21520984e-01,
            6.13385254e+02, 9.43414124e+02, 8.53064835e-01,
            5.45153076e+02, 1.11072058e+03, 6.75772250e-01,
            4.24724854e+02, 1.03246448e+03, 7.21303463e-01,
            4.19461700e+02, 1.19471606e+03, 7.52959013e-01,
            5.97645569e+02, 1.52994556e+03, 5.97211421e-01,
            6.03016357e+02, 1.02722498e+03, 7.75808573e-01,
            6.34298035e+02, 1.19487976e+03, 8.17271709e-01,
            4.92872894e+02, 1.58237073e+03, 5.41011155e-01,
            4.87735779e+02, 5.66068481e+02, 8.84436011e-01,
            5.55722351e+02, 5.66294250e+02, 9.30405438e-01,
            4.50893616e+02, 5.50451416e+02, 8.35987449e-01,
            6.02761292e+02, 5.61139526e+02, 9.54907477e-01 ]
    }
}
