{
    "pose_0": {
        "type_id": "opencv-matrix",
        "rows": 1,
        "cols": 18,
        "dt": "3f",
        "data": [ 5.40089783e+02, 6.02801636e+02, 9.02485669e-01,
            5.29710693e+02, 7.02389771e+02, 8.44160140e-01,
            3.98410400e+02, 6.92103210e+02, 8.87520671e-01,
            4.29801117e+02, 9.32894653e+02, 8.21789801e-01,
            5.08643066e+02, 1.11087927e+03, 7.93118358e-01,
            6.81458069e+02, 7.23335876e+02, 8.32943559e-01,
            6.34184265e+02, 9.53741211e+02, 7.87882924e-01,
            5.55599915e+02, 1.11115125e+03, 6.79369688e-01,
            4.40621277e+02, 1.04277551e+03, 7.71810532e-01,
            3.04404572e+02, 1.14777844e+03, 8.68128538e-01,
            3.46229370e+02, 1.55613025e+03, 7.53749549e-01,
            6.08357605e+02, 1.04282129e+03, 7.51540840e-01,
            7.49490173e+02, 1.14778613e+03, 8.69288862e-01,
            7.33955322e+02, 1.57186877e+03, 7.81498134e-01,
            5.18953979e+02, 5.61130371e+02, 9.52655077e-01,
            5.76612244e+02, 5.66233093e+02, 8.95693958e-01,
            4.76948761e+02, 5.40076660e+02, 8.60961139e-01,
            6.34153748e+02, 5.65993896e+02, 8.48821640e-01 ]
    }
}
