{
    "pose_0": {
        "type_id": "opencv-matrix",
        "rows": 1,
        "cols": 18,
        "dt": "3f",
        "data": [ 5.45142578e+02, 6.02889709e+02, 9.02891278e-01,
            5.29523010e+02, 7.07692383e+02, 8.50130379e-01,
            3.98408997e+02, 6.97039307e+02, 8.82046342e-01,
            4.35067413e+02, 9.32673340e+02, 7.81670690e-01,
            5.03220886e+02, 1.10564636e+03, 6.37277067e-01,
            6.76069031e+02, 7.28422058e+02, 8.17719579e-01,
            6.13405518e+02, 9.43271973e+02, 8.68006945e-01,
            5.29683960e+02, 1.10567944e+03, 6.51938498e-01,
            4.30007172e+02, 1.02727490e+03, 7.38388181e-01,
            4.14227692e+02, 1.20000610e+03, 7.82857299e-01,
            6.02981384e+02, 1.51416528e+03, 7.31833637e-01,
            6.03000366e+02, 1.02715894e+03, 7.59885132e-01,
            6.13332947e+02, 1.18953442e+03, 8.07023406e-01,
            5.24322571e+02, 1.48802063e+03, 1.97544053e-01,
            5.19067505e+02, 5.65964111e+02, 9.54159260e-01,
            5.71663635e+02, 5.66407104e+02, 9.08891201e-01,
            4.76982544e+02, 5.39904602e+02, 8.69955659e-01,
            6.29010925e+02, 5.66099426e+02, 8.23201776e-01 ]
    }
}
