{
    "pose_0": {
        "type_id": "opencv-matrix",
        "rows": 1,
        "cols": 18,
        "dt": "3f",
        "data": [ 5.34827820e+02, 6.02621887e+02, 9.08846021e-01,
            5.29723022e+02, 7.07704834e+02, 8.38027656e-01,
            3.98577179e+02, 6.97154053e+02, 8.78352046e-01,
            4.35206604e+02, 9.27586670e+02, 8.12264621e-01,
            4.98140472e+02, 1.10546521e+03, 7.01560974e-01,
            6.81246704e+02, 7.28295532e+02, 8.19469094e-01,
            6.13460632e+02, 9.43429626e+02, 8.42156470e-01,
            5.45320557e+02, 1.10584375e+03, 6.79948390e-01,
            4.35057373e+02, 1.02725073e+03, 7.64741302e-01,
            4.14314941e+02, 1.18945288e+03, 8.16334724e-01,
            5.18803650e+02, 1.41996130e+03, 6.29252374e-01,
            6.08131714e+02, 1.02725110e+03, 7.52245724e-01,
            6.44829651e+02, 1.18964783e+03, 8.63098264e-01,
            5.24277161e+02, 1.59808740e+03, 6.05711043e-01,
            5.18759705e+02, 5.61096313e+02, 9.29314852e-01,
            5.66376953e+02, 5.66042786e+02, 9.38588023e-01,
            4.72015137e+02, 5.45258301e+02, 8.33602726e-01,
            6.18502380e+02, 5.60933838e+02, 8.69491100e-01 ]
    }
}
