{
    "pose_0": {
        "type_id": "opencv-matrix",
        "rows": 1,
        "cols": 18,
        "dt": "3f",
        "data": [ 5.18986145e+02, 6.02934937e+02, 9.76765513e-01,
            5.24194946e+02, 7.28314758e+02, 9.07661080e-01,
            3.93308228e+02, 7.18037170e+02, 8.43908250e-01,
            4.09029297e+02, 9.38151978e+02, 8.08411598e-01,
            4.82600494e+02, 1.11114624e+03, 7.38252580e-01,
            6.55225037e+02, 7.33587463e+02, 8.67307305e-01,
            6.13468079e+02, 9.58982849e+02, 8.06880057e-01,
            5.34724854e+02, 1.13192456e+03, 7.20978975e-01,
            4.30091919e+02, 1.05839954e+03, 7.35457838e-01,
            2.88502502e+02, 1.15302258e+03, 8.39297116e-01,
            3.20145874e+02, 1.56682373e+03, 7.86876082e-01,
            6.07924927e+02, 1.06381494e+03, 8.27305079e-01,
            7.39057556e+02, 1.18415491e+03, 8.53919923e-01,
            7.75497498e+02, 1.60829810e+03, 7.77201772e-01,
            4.82557953e+02, 5.66269653e+02, 9.31888402e-01,
            5.50541687e+02, 5.66308167e+02, 8.86791229e-01,
            4.45868805e+02, 5.61108459e+02, 8.21367383e-01,
            6.02601074e+02, 5.66009155e+02, 9.43743765e-01 ]
    }
}
