{
    "pose_0": {
        "type_id": "opencv-matrix",
        "rows": 1,
        "cols": 18,
        "dt": "3f",
        "data": [ 5.24074585e+02, 6.02991028e+02, 9.77334201e-01,
            5.24325684e+02, 7.18043640e+02, 8.81913483e-01,
            3.93237274e+02, 7.02413818e+02, 8.30780327e-01,
            4.24796997e+02, 9.37952209e+02, 7.71507561e-01,
            5.03279877e+02, 1.11108118e+03, 6.51838779e-01,
            6.65626526e+02, 7.28361755e+02, 8.16375732e-01,
            6.13460632e+02, 9.48581665e+02, 8.39480102e-01,
            5.39914856e+02, 1.11633203e+03, 6.54570997e-01,
            4.24704498e+02, 1.04807666e+03, 7.13610172e-01,
            4.03973511e+02, 1.22083655e+03, 7.75709033e-01,
            6.08206482e+02, 1.53523303e+03, 6.46469772e-01,
            6.07900146e+02, 1.04281335e+03, 7.40023613e-01,
            6.44597412e+02, 1.19995386e+03, 8.20520580e-01,
            5.60812195e+02, 1.45670911e+03, 1.70465410e-01,
            4.87829834e+02, 5.66321350e+02, 8.83894742e-01,
            5.55774902e+02, 5.66439148e+02, 9.17469740e-01,
            4.56153015e+02, 5.60684998e+02, 8.06677997e-01,
            6.02831238e+02, 5.65968323e+02, 9.49699998e-01 ]
    }
}
