{
    "pose_0": {
        "type_id": "opencv-matrix",
        "rows": 1,
        "cols": 18,
        "dt": "3f",
        "data": [ 5.18866821e+02, 6.02848083e+02, 9.62327063e-01,
            5.24159302e+02, 7.23379822e+02, 9.03847218e-01,
            3.93279816e+02, 7.12920166e+02, 8.43585491e-01,
            4.14320465e+02, 9.43206604e+02, 7.99666047e-01,
            4.82592041e+02, 1.11110022e+03, 7.18483627e-01,
            6.55273193e+02, 7.28763489e+02, 8.61797214e-01,
            6.13354126e+02, 9.53842957e+02, 8.17506015e-01,
            5.29699951e+02, 1.13192029e+03, 7.45730519e-01,
            4.30083984e+02, 1.04288403e+03, 7.34711945e-01,
            3.09319061e+02, 1.15815442e+03, 8.60429764e-01,
            3.67088013e+02, 1.56639526e+03, 7.69122839e-01,
            6.02924377e+02, 1.05843884e+03, 8.00206184e-01,
            7.28667480e+02, 1.18428967e+03, 8.87445271e-01,
            7.65111511e+02, 1.61379126e+03, 7.52360106e-01,
            4.82411316e+02, 5.66086792e+02, 9.44801152e-01,
            5.50425720e+02, 5.66118958e+02, 8.96702647e-01,
            4.45613770e+02, 5.55821655e+02, 7.73988366e-01,
            6.02604309e+02, 5.60902039e+02, 9.41547275e-01 ]
    }
}
