{
    "pose_0": {
        "type_id": "opencv-matrix",
        "rows": 1,
        "cols": 18,
        "dt": "3f",
        "data": [ 5.29690979e+02, 6.07943176e+02, 9.31061506e-01,
            5.24428040e+02, 7.23180481e+02, 8.78243744e-01,
            3.93343323e+02, 7.07624756e+02, 8.29855919e-01,
            4.24737976e+02, 9.37879822e+02, 7.69532084e-01,
            5.03356201e+02, 1.11614368e+03, 6.84984505e-01,
            6.60599731e+02, 7.28568604e+02, 8.25904250e-01,
            6.13508789e+02, 9.48454712e+02, 8.45677316e-01,
            5.39944580e+02, 1.12656555e+03, 6.26796126e-01,
            4.29886871e+02, 1.04288525e+03, 7.10606873e-01,
            4.03948639e+02, 1.22100537e+03, 7.99628198e-01,
            6.08136230e+02, 1.54572327e+03, 6.69009268e-01,
            6.07942322e+02, 1.03766711e+03, 7.49853909e-01,
            6.49814148e+02, 1.20526074e+03, 8.18203449e-01,
            4.98117859e+02, 1.59793579e+03, 5.83493292e-01,
            5.13720947e+02, 5.66435425e+02, 8.99932027e-01,
            5.66151306e+02, 5.71467957e+02, 9.30746078e-01,
            4.66633362e+02, 5.60657471e+02, 8.81678343e-01,
            6.08114990e+02, 5.66184265e+02, 8.86563540e-01 ]
    }
}
