{
    "pose_0": {
        "type_id": "opencv-matrix",
        "rows": 1,
        "cols": 18,
        "dt": "3f",
        "data": [ 5.50493408e+02, 6.07905518e+02, 9.13835764e-01,
            5.29474487e+02, 7.12869507e+02, 8.47525656e-01,
            3.93530792e+02, 6.97112183e+02, 8.73077691e-01,
            4.35028748e+02, 9.37853821e+02, 8.14178526e-01,
            4.92967102e+02, 1.10044055e+03, 6.95900917e-01,
            6.71008057e+02, 7.28484436e+02, 8.20604444e-01,
            6.13547058e+02, 9.43479309e+02, 8.61961305e-01,
            5.45155884e+02, 1.10038843e+03, 7.11862147e-01,
            4.29815765e+02, 1.02716370e+03, 7.54566967e-01,
            4.29873291e+02, 1.19470789e+03, 7.59541214e-01,
            6.08114197e+02, 1.51423193e+03, 7.34532654e-01,
            6.02852783e+02, 1.02701880e+03, 7.76839912e-01,
            6.34279419e+02, 1.18942310e+03, 8.16792488e-01,
            5.60950500e+02, 1.45140369e+03, 1.98384792e-01,
            5.19202087e+02, 5.66162598e+02, 9.50968862e-01,
            5.81918274e+02, 5.71368652e+02, 8.72903645e-01,
            4.77109955e+02, 5.50351379e+02, 8.69082272e-01,
            6.34279297e+02, 5.66334351e+02, 8.05297673e-01 ]
    }
}
