{
    "pose_0": {
        "type_id": "opencv-matrix",
        "rows": 1,
        "cols": 18,
        "dt": "3f",
        "data": [ 5.50387939e+02, 6.02963318e+02, 9.09939468e-01,
            5.34820923e+02, 7.07570862e+02, 8.30024242e-01,
            3.98558929e+02, 6.97041992e+02, 8.80580723e-01,
            4.29939240e+02, 9.37914795e+02, 8.39460015e-01,
            5.08632751e+02, 1.11099036e+03, 7.82897890e-01,
            6.86436829e+02, 7.23371277e+02, 8.39269400e-01,
            6.34169556e+02, 9.59035095e+02, 7.78981447e-01,
            5.60625183e+02, 1.11618823e+03, 6.94985688e-01,
            4.40395538e+02, 1.03751465e+03, 7.89947987e-01,
            3.09267517e+02, 1.15287378e+03, 8.71967733e-01,
            3.20080292e+02, 1.56644189e+03, 7.83303440e-01,
            6.08101440e+02, 1.03763171e+03, 7.57408679e-01,
            7.49469482e+02, 1.15279578e+03, 8.50744426e-01,
            7.33919434e+02, 1.57185718e+03, 7.99806237e-01,
            5.19118103e+02, 5.65961365e+02, 9.51173484e-01,
            5.81855957e+02, 5.66341675e+02, 8.87922704e-01,
            4.77139709e+02, 5.40084961e+02, 8.86647344e-01,
            6.39390686e+02, 5.61041443e+02, 8.67609918e-01 ]
    }
}
