{
    "pose_0": {
        "type_id": "opencv-matrix",
        "rows": 1,
        "cols": 18,
        "dt": "3f",
        "data": [ 5.18760071e+02, 6.02884277e+02, 9.50120449e-01,
            5.24171387e+02, 7.23280090e+02, 9.00618911e-01,
            3.93284698e+02, 7.12871582e+02, 8.43428433e-01,
            4.14283508e+02, 9.38265381e+02, 8.06578577e-01,
            4.87531555e+02, 1.11100793e+03, 7.32507229e-01,
            6.55279907e+02, 7.28662231e+02, 8.60641241e-01,
            6.13472107e+02, 9.48616211e+02, 8.24624658e-01,
            5.29688538e+02, 1.13193262e+03, 7.24836111e-01,
            4.29974396e+02, 1.04289478e+03, 7.29562342e-01,
            3.09595367e+02, 1.15823035e+03, 8.54397178e-01,
            3.98452759e+02, 1.55614612e+03, 8.20835471e-01,
            6.02978577e+02, 1.05851245e+03, 7.90414929e-01,
            7.28425171e+02, 1.18934546e+03, 8.75924826e-01,
            7.44270325e+02, 1.61391418e+03, 7.44468033e-01,
            4.82268433e+02, 5.66137939e+02, 9.61846292e-01,
            5.50324707e+02, 5.66121521e+02, 8.86084080e-01,
            4.45699249e+02, 5.60796021e+02, 6.56601906e-01,
            6.02624756e+02, 5.60922058e+02, 9.47142124e-01 ]
    }
}
