{
    "pose_0": {
        "type_id": "opencv-matrix",
        "rows": 1,
        "cols": 18,
        "dt": "3f",
        "data": [ 5.29620178e+02, 6.02597961e+02, 9.17065382e-01,
            5.29464111e+02, 7.07679260e+02, 8.59162807e-01,
            3.93545013e+02, 6.97195679e+02, 8.69440854e-01,
            4.29974640e+02, 9.27542236e+02, 8.09126854e-01,
            5.03226959e+02, 1.10575610e+03, 7.78874636e-01,
            6.76103333e+02, 7.23426086e+02, 8.08720171e-01,
            6.18554199e+02, 9.43242249e+02, 8.50764751e-01,
            5.55538940e+02, 1.11073022e+03, 6.80683672e-01,
            4.35071564e+02, 1.03769312e+03, 7.64303684e-01,
            3.98403839e+02, 1.17895947e+03, 8.50538433e-01,
            5.19192688e+02, 1.48808716e+03, 7.34435976e-01,
            6.08076904e+02, 1.03247131e+03, 7.59640753e-01,
            6.81270325e+02, 1.18931787e+03, 8.46830249e-01,
            6.55141663e+02, 1.44622656e+03, 3.91146958e-01,
            5.13766052e+02, 5.61058289e+02, 9.01332676e-01,
            5.66082520e+02, 5.66091003e+02, 9.53249931e-01,
            4.66673859e+02, 5.34887146e+02, 8.51661742e-01,
            6.08294312e+02, 5.60909546e+02, 8.73082399e-01 ]
    }
}
