{
    "pose_0": {
        "type_id": "opencv-matrix",
        "rows": 1,
        "cols": 18,
        "dt": "3f",
        "data": [ 5.18949829e+02, 6.02898987e+02, 9.68187332e-01,
            5.19251770e+02, 7.28412842e+02, 9.08139110e-01,
            3.93104340e+02, 7.23117188e+02, 8.30422521e-01,
            4.03990479e+02, 9.48714539e+02, 8.00690770e-01,
            4.87682098e+02, 1.13181909e+03, 7.26761341e-01,
            6.55145996e+02, 7.33700439e+02, 8.74063194e-01,
            6.13394043e+02, 9.64229187e+02, 8.14682186e-01,
            5.34825806e+02, 1.14217932e+03, 7.52681673e-01,
            4.29970215e+02, 1.06360645e+03, 7.32362270e-01,
            2.72792114e+02, 1.17385815e+03, 8.62593293e-01,
            2.25814484e+02, 1.58761914e+03, 7.85512567e-01,
            6.03044800e+02, 1.06890698e+03, 8.14883947e-01,
            7.70443054e+02, 1.15293896e+03, 9.08853114e-01,
            8.01909363e+02, 1.57710046e+03, 7.64978290e-01,
            4.82539185e+02, 5.66187317e+02, 9.29606795e-01,
            5.55495178e+02, 5.66269104e+02, 8.94735038e-01,
            4.45780853e+02, 5.61104004e+02, 8.18628252e-01,
            6.02602539e+02, 5.66254028e+02, 9.38901663e-01 ]
    }
}
