{
    "pose_0": {
        "type_id": "opencv-matrix",
        "rows": 1,
        "cols": 18,
        "dt": "3f",
        "data": [ 5.19285156e+02, 6.02887512e+02, 9.64124918e-01,
            5.24319397e+02, 7.18008423e+02, 8.77173007e-01,
            3.93317780e+02, 7.02394409e+02, 8.42936814e-01,
            4.29985352e+02, 9.37998047e+02, 7.68514931e-01,
            5.03266022e+02, 1.11084912e+03, 6.94402874e-01,
            6.60497070e+02, 7.28339844e+02, 8.22129965e-01,
            6.13384338e+02, 9.43444275e+02, 8.52863252e-01,
            5.40078857e+02, 1.11099475e+03, 6.51163518e-01,
            4.24738708e+02, 1.03752551e+03, 7.13729620e-01,
            4.35244659e+02, 1.22613660e+03, 7.52196133e-01,
            6.02908142e+02, 1.52483716e+03, 7.27446795e-01,
            6.02982056e+02, 1.02729883e+03, 7.64354825e-01,
            6.39633240e+02, 1.19498950e+03, 8.41780305e-01,
            4.92965912e+02, 1.57187744e+03, 5.50755620e-01,
            4.87753235e+02, 5.66118103e+02, 8.83181393e-01,
            5.55760376e+02, 5.66259583e+02, 9.40869808e-01,
            4.45921417e+02, 5.50471924e+02, 8.39510977e-01,
            6.02827637e+02, 5.61047791e+02, 9.72558975e-01 ]
    }
}
