{
    "pose_0": {
        "type_id": "opencv-matrix",
        "rows": 1,
        "cols": 18,
        "dt": "3f",
        "data": [ 5.29460449e+02, 6.03005920e+02, 9.37990963e-01,
            5.24447876e+02, 7.23199585e+02, 8.74631584e-01,
            3.93337036e+02, 7.07648804e+02, 8.31804276e-01,
            4.30034027e+02, 9.43160217e+02, 7.78497636e-01,
            5.03388306e+02, 1.11616833e+03, 7.01179743e-01,
            6.65712585e+02, 7.28596802e+02, 8.23072076e-01,
            6.13543091e+02, 9.43532227e+02, 8.58066559e-01,
            5.40040222e+02, 1.12133142e+03, 6.31335795e-01,
            4.29908234e+02, 1.04800635e+03, 7.13211000e-01,
            4.03905121e+02, 1.22600183e+03, 8.16256642e-01,
            6.08139221e+02, 1.53516663e+03, 6.76684439e-01,
            6.08008057e+02, 1.04282227e+03, 7.56793559e-01,
            6.49844788e+02, 1.20519519e+03, 8.08362663e-01,
            5.03312653e+02, 1.59805457e+03, 5.79820275e-01,
            5.13632507e+02, 5.66159729e+02, 8.90090585e-01,
            5.66009705e+02, 5.71323853e+02, 9.43610787e-01,
            4.71728851e+02, 5.50551941e+02, 8.68654132e-01,
            6.08222168e+02, 5.66040955e+02, 8.89624417e-01 ]
    }
}
