{
    "pose_0": {
        "type_id": "opencv-matrix",
        "rows": 1,
        "cols": 18,
        "dt": "3f",
        "data": [ 5.18767273e+02, 6.02868835e+02, 9.47797060e-01,
            5.24141602e+02, 7.23232300e+02, 8.96966219e-01,
            3.93270477e+02, 7.12813171e+02, 8.40567887e-01,
            4.14364258e+02, 9.38225464e+02, 8.17386270e-01,
            4.87655151e+02, 1.11100012e+03, 7.37197220e-01,
            6.55301880e+02, 7.28595947e+02, 8.54519248e-01,
            6.13510864e+02, 9.48588928e+02, 8.27862620e-01,
            5.29717468e+02, 1.13182214e+03, 7.15417325e-01,
            4.29924561e+02, 1.04280359e+03, 7.24715352e-01,
            3.14803284e+02, 1.17378955e+03, 8.63476872e-01,
            4.30011475e+02, 1.54570142e+03, 7.92158723e-01,
            6.02926208e+02, 1.05841711e+03, 7.73724437e-01,
            7.23377930e+02, 1.18953809e+03, 8.71317208e-01,
            7.33737122e+02, 1.61379822e+03, 7.60062397e-01,
            4.82276947e+02, 5.66114502e+02, 9.61615264e-01,
            5.50350464e+02, 5.66119446e+02, 8.86045039e-01,
            4.45668732e+02, 5.60712158e+02, 6.66989625e-01,
            6.02643005e+02, 5.60926819e+02, 9.39976394e-01 ]
    }
}
