{
    "pose_0": {
        "type_id": "opencv-matrix",
        "rows": 1,
        "cols": 18,
        "dt": "3f",
        "data": [ 5.39948669e+02, 6.07948303e+02, 9.10078287e-01,
            5.29615295e+02, 7.02448975e+02, 8.40340972e-01,
            3.93489746e+02, 6.97038757e+02, 8.84057701e-01,
            4.19578369e+02, 9.43204285e+02, 8.20194721e-01,
            5.13674866e+02, 1.11612451e+03, 8.41946959e-01,
            6.81310181e+02, 7.23148743e+02, 8.11507523e-01,
            6.28964172e+02, 9.69409790e+02, 7.75293291e-01,
            5.55737061e+02, 1.11623767e+03, 6.34525180e-01,
            4.40328857e+02, 1.04275208e+03, 7.75896788e-01,
            2.93780579e+02, 1.15825830e+03, 8.24312449e-01,
            3.04241577e+02, 1.57190417e+03, 7.46840239e-01,
            6.08121948e+02, 1.03764880e+03, 7.55535960e-01,
            7.39172729e+02, 1.15267603e+03, 8.76696587e-01,
            7.39016846e+02, 1.56655017e+03, 7.59644985e-01,
            5.18735474e+02, 5.66336426e+02, 9.22135592e-01,
            5.71406860e+02, 5.71397217e+02, 9.05690134e-01,
            4.71917206e+02, 5.50479980e+02, 8.71535420e-01,
            6.23806458e+02, 5.65968811e+02, 8.36070180e-01 ]
    }
}
