{
    "pose_0": {
        "type_id": "opencv-matrix",
        "rows": 1,
        "cols": 18,
        "dt": "3f",
        "data": [ 5.18931274e+02, 6.02807678e+02, 9.64022338e-01,
            5.24193848e+02, 7.18031250e+02, 8.92165542e-01,
            3.93261719e+02, 7.07522461e+02, 8.42414081e-01,
            4.29866638e+02, 9.38129700e+02, 8.11980605e-01,
            5.03378418e+02, 1.11610547e+03, 7.18443513e-01,
            6.55413086e+02, 7.28273560e+02, 8.33878636e-01,
            6.18501038e+02, 9.43225342e+02, 8.59532475e-01,
            5.45251648e+02, 1.11610779e+03, 5.93672812e-01,
            4.24763550e+02, 1.04802368e+03, 7.09158659e-01,
            3.98524994e+02, 1.17369873e+03, 8.54932308e-01,
            5.24152771e+02, 1.49333142e+03, 7.54139066e-01,
            6.02927429e+02, 1.04283862e+03, 7.36205339e-01,
            6.60473572e+02, 1.19483398e+03, 8.18668723e-01,
            6.08195557e+02, 1.60839331e+03, 6.49822116e-01,
            4.82459625e+02, 5.66106934e+02, 9.44905281e-01,
            5.50481750e+02, 5.66083191e+02, 8.95267129e-01,
            4.45750000e+02, 5.60780945e+02, 7.78306484e-01,
            6.02662109e+02, 5.60818787e+02, 9.20069575e-01 ]
    }
}
