{
    "pose_0": {
        "type_id": "opencv-matrix",
        "rows": 1,
        "cols": 18,
        "dt": "3f",
        "data": [ 5.18914124e+02, 6.02729797e+02, 9.58131135e-01,
            5.24161255e+02, 7.18033691e+02, 8.87487531e-01,
            3.93249054e+02, 7.07570984e+02, 8.37124109e-01,
            4.24832672e+02, 9.43264709e+02, 8.12262893e-01,
            5.03416504e+02, 1.11617505e+03, 7.64543831e-01,
            6.55359131e+02, 7.23423218e+02, 8.31506968e-01,
            6.18585327e+02, 9.43159729e+02, 8.71669292e-01,
            5.50467651e+02, 1.11610461e+03, 5.96386790e-01,
            4.24730133e+02, 1.03764209e+03, 7.16680586e-01,
            3.87918274e+02, 1.15812390e+03, 8.31464350e-01,
            5.03308685e+02, 1.51938342e+03, 7.60872066e-01,
            6.02803589e+02, 1.04277832e+03, 7.52335548e-01,
            6.91810913e+02, 1.19463379e+03, 8.95597219e-01,
            6.55353394e+02, 1.59276074e+03, 6.01986229e-01,
            4.82455414e+02, 5.66034119e+02, 9.40330327e-01,
            5.50451965e+02, 5.66016602e+02, 8.93780410e-01,
            4.45682556e+02, 5.60696655e+02, 7.84456968e-01,
            6.02716064e+02, 5.60782410e+02, 9.40044403e-01 ]
    }
}
