{
    "pose_0": {
        "type_id": "opencv-matrix",
        "rows": 1,
        "cols": 18,
        "dt": "3f",
        "data": [ 5.50362793e+02, 6.02958252e+02, 9.07149792e-01,
            5.34736938e+02, 7.07565186e+02, 8.30878675e-01,
            3.98525970e+02, 6.97092102e+02, 8.74887466e-01,
            4.29960052e+02, 9.38016907e+02, 8.44861329e-01,
            5.08624237e+02, 1.11110938e+03, 8.12930167e-01,
            6.81499390e+02, 7.23303650e+02, 8.26211393e-01,
            6.29115051e+02, 9.64241577e+02, 7.73388028e-01,
            5.60628418e+02, 1.11616541e+03, 6.91677690e-01,
            4.40448639e+02, 1.03757617e+03, 7.83156872e-01,
            3.09255371e+02, 1.15293457e+03, 8.68341446e-01,
            3.20046417e+02, 1.56669189e+03, 8.21358562e-01,
            6.08159851e+02, 1.04275049e+03, 7.48890400e-01,
            7.49505310e+02, 1.15285999e+03, 8.49966764e-01,
            7.34052856e+02, 1.57179016e+03, 7.89342284e-01,
            5.19141907e+02, 5.65959595e+02, 9.50724304e-01,
            5.76805786e+02, 5.66375000e+02, 8.89184713e-01,
            4.77077942e+02, 5.34889465e+02, 8.75350535e-01,
            6.39313904e+02, 5.61080200e+02, 8.46348882e-01 ]
    }
}
