{
    "pose_0": {
        "type_id": "opencv-matrix",
        "rows": 1,
        "cols": 18,
        "dt": "3f",
        "data": [ 5.34672058e+02, 6.02761475e+02, 9.23760116e-01,
            5.29518982e+02, 7.02503479e+02, 8.57486844e-01,
            3.98361938e+02, 6.97038757e+02, 8.76567662e-01,
            4.24811218e+02, 9.27642944e+02, 8.05503964e-01,
            5.08484924e+02, 1.10587756e+03, 7.94010937e-01,
            6.76144836e+02, 7.23250854e+02, 8.05654705e-01,
            6.28959717e+02, 9.48561157e+02, 8.05655420e-01,
            5.55603333e+02, 1.11099158e+03, 6.72078133e-01,
            4.40379608e+02, 1.03765137e+03, 7.86115646e-01,
            3.14915131e+02, 1.16845947e+03, 8.57109666e-01,
            4.30034271e+02, 1.53001868e+03, 8.05099845e-01,
            6.08303162e+02, 1.04278137e+03, 7.61783361e-01,
            7.39216309e+02, 1.16326611e+03, 8.24359059e-01,
            6.97141357e+02, 1.56652014e+03, 7.15646148e-01,
            5.13828918e+02, 5.61097900e+02, 9.12732840e-01,
            5.66298340e+02, 5.66092773e+02, 9.45918798e-01,
            4.71864441e+02, 5.34736450e+02, 8.63567889e-01,
            6.18530273e+02, 5.60705994e+02, 8.27171743e-01 ]
    }
}
