{
    "pose_0": {
        "type_id": "opencv-matrix",
        "rows": 1,
        "cols": 18,
        "dt": "3f",
        "data": [ 5.34712036e+02, 6.02890991e+02, 9.29734349e-01,
            5.24441284e+02, 7.23181152e+02, 8.78411293e-01,
            3.93373901e+02, 7.07591125e+02, 8.35343659e-01,
            4.29988434e+02, 9.38092529e+02, 7.82189250e-01,
            5.03316010e+02, 1.11606238e+03, 6.91487253e-01,
            6.65650879e+02, 7.28579407e+02, 8.24505210e-01,
            6.18505005e+02, 9.43428833e+02, 8.67977977e-01,
            5.39934021e+02, 1.12133203e+03, 6.41735017e-01,
            4.29831146e+02, 1.04804541e+03, 7.17920184e-01,
            4.09117462e+02, 1.23133887e+03, 8.04147840e-01,
            6.13273315e+02, 1.54037561e+03, 6.53383672e-01,
            6.07947388e+02, 1.04280298e+03, 7.55582035e-01,
            6.49893555e+02, 1.20532251e+03, 8.04672360e-01,
            5.03261688e+02, 1.60839307e+03, 6.40608966e-01,
            5.13915039e+02, 5.65987488e+02, 9.36779082e-01,
            5.66403931e+02, 5.66366882e+02, 9.49097872e-01,
            4.71695129e+02, 5.55501465e+02, 8.77255738e-01,
            6.13451599e+02, 5.66177734e+02, 8.54527175e-01 ]
    }
}
