{
    "pose_0": {
        "type_id": "opencv-matrix",
        "rows": 1,
        "cols": 18,
        "dt": "3f",
        "data": [ 5.24220276e+02, 6.07853699e+02, 9.72651243e-01,
            5.24476501e+02, 7.18119324e+02, 8.74248624e-01,
            3.93349915e+02, 7.02389343e+02, 8.49544168e-01,
            4.29793488e+02, 9.37990540e+02, 7.83397853e-01,
            5.03213898e+02, 1.11109106e+03, 6.48368120e-01,
            6.65742859e+02, 7.28549988e+02, 8.13531518e-01,
            6.13456055e+02, 9.48535889e+02, 8.47840250e-01,
            5.34801025e+02, 1.12144775e+03, 6.61779165e-01,
            4.24715942e+02, 1.05324756e+03, 7.10885286e-01,
            4.08975433e+02, 1.22607031e+03, 7.96879768e-01,
            6.08190063e+02, 1.54045618e+03, 6.60840571e-01,
            6.07971680e+02, 1.04801086e+03, 7.33744800e-01,
            6.44721313e+02, 1.20528699e+03, 8.00848424e-01,
            4.92792084e+02, 1.59803430e+03, 6.12571239e-01,
            4.92981018e+02, 5.66304626e+02, 8.69371831e-01,
            5.60854492e+02, 5.71329163e+02, 9.45730031e-01,
            4.61359985e+02, 5.55648132e+02, 8.05709124e-01,
            6.07913208e+02, 5.66129211e+02, 9.42761421e-01 ]
    }
}
