{
    "pose_0": {
        "type_id": "opencv-matrix",
        "rows": 1,
        "cols": 18,
        "dt": "3f",
        "data": [ 5.18909302e+02, 6.02908142e+02, 9.66315746e-01,
            5.19286133e+02, 7.28444031e+02, 9.11360800e-01,
            3.93147430e+02, 7.18126526e+02, 8.35997343e-01,
            4.08984589e+02, 9.48735718e+02, 7.99456298e-01,
            4.87623901e+02, 1.13178882e+03, 7.17191935e-01,
            6.55191406e+02, 7.33767639e+02, 8.72112870e-01,
            6.13404846e+02, 9.69439148e+02, 8.12265277e-01,
            5.34735046e+02, 1.14222473e+03, 7.68040180e-01,
            4.30008881e+02, 1.06359631e+03, 7.35372901e-01,
            2.72901886e+02, 1.16861475e+03, 8.60176563e-01,
            2.25814926e+02, 1.58763831e+03, 7.83832610e-01,
            6.03050720e+02, 1.06886487e+03, 8.13645422e-01,
            7.70455994e+02, 1.15299634e+03, 9.14248645e-01,
            8.01768188e+02, 1.57717590e+03, 7.58686543e-01,
            4.82500336e+02, 5.66144531e+02, 9.32501316e-01,
            5.55499207e+02, 5.66281799e+02, 8.94429982e-01,
            4.45706146e+02, 5.61029602e+02, 8.29716444e-01,
            6.02599976e+02, 5.66304443e+02, 9.28622007e-01 ]
    }
}
