{
    "pose_0": {
        "type_id": "opencv-matrix",
        "rows": 1,
        "cols": 18,
        "dt": "3f",
        "data": [ 5.19220947e+02, 5.55603699e+02, 9.06108558e-01,
            5.19098755e+02, 7.28319031e+02, 9.01463389e-01,
            3.87949402e+02, 7.18091797e+02, 8.02914143e-01,
            4.04004425e+02, 9.48478882e+02, 8.03025007e-01,
            4.87659424e+02, 1.12667969e+03, 7.46040523e-01,
            6.50175415e+02, 7.28697754e+02, 8.81615877e-01,
            6.13419922e+02, 9.48510498e+02, 8.47198784e-01,
            5.39952454e+02, 1.13704333e+03, 7.11460769e-01,
            4.29935547e+02, 1.05859387e+03, 7.32753396e-01,
            2.72779449e+02, 1.16862439e+03, 8.68242502e-01,
            2.25719437e+02, 1.58241553e+03, 7.75260210e-01,
            6.02957336e+02, 1.06393933e+03, 8.05547237e-01,
            7.70343262e+02, 1.15305212e+03, 8.90689552e-01,
            8.01757019e+02, 1.57713989e+03, 7.44203687e-01,
            4.82664459e+02, 5.24104431e+02, 9.35457110e-01,
            5.55640198e+02, 5.19246338e+02, 9.00184810e-01,
            4.40782135e+02, 5.45318359e+02, 8.88958693e-01,
            6.02561401e+02, 5.40089722e+02, 8.95134389e-01 ]
    }
}
