{
    "pose_0": {
        "type_id": "opencv-matrix",
        "rows": 1,
        "cols": 18,
        "dt": "3f",
        "data": [ 5.19006958e+02, 6.02932983e+02, 9.80957747e-01,
            5.24191040e+02, 7.28392151e+02, 9.12023902e-01,
            3.93309906e+02, 7.18164490e+02, 8.45062971e-01,
            4.09096954e+02, 9.43203369e+02, 8.05410683e-01,
            4.87683014e+02, 1.12134290e+03, 7.13078082e-01,
            6.55252258e+02, 7.33668945e+02, 8.64035845e-01,
            6.13524536e+02, 9.64206482e+02, 8.08012486e-01,
            5.34754456e+02, 1.13195532e+03, 7.35285997e-01,
            4.35050934e+02, 1.05846851e+03, 7.35456467e-01,
            2.73120178e+02, 1.15807947e+03, 8.51558089e-01,
            2.93727600e+02, 1.57191577e+03, 7.79887021e-01,
            6.03019470e+02, 1.06388379e+03, 8.20330024e-01,
            7.54814331e+02, 1.16849048e+03, 8.02401841e-01,
            7.80861877e+02, 1.58238000e+03, 7.40326107e-01,
            4.82594482e+02, 5.66285461e+02, 9.28505361e-01,
            5.55510010e+02, 5.66299072e+02, 8.92970085e-01,
            4.51052856e+02, 5.66075806e+02, 7.56199896e-01,
            6.02700256e+02, 5.66160278e+02, 9.43618894e-01 ]
    }
}
