{
    "pose_0": {
        "type_id": "opencv-matrix",
        "rows": 1,
        "cols": 18,
        "dt": "3f",
        "data": [ 5.34708862e+02, 6.02973206e+02, 9.21482742e-01,
            5.29632813e+02, 7.12846741e+02, 8.46249640e-01,
            3.98417053e+02, 6.97145020e+02, 8.79328191e-01,
            4.35049286e+02, 9.32790222e+02, 7.88401544e-01,
            5.03247864e+02, 1.10565686e+03, 6.60898924e-01,
            6.76208130e+02, 7.28417236e+02, 8.23450446e-01,
            6.13396729e+02, 9.43406982e+02, 8.63287568e-01,
            5.34712280e+02, 1.10576855e+03, 6.68079495e-01,
            4.29853210e+02, 1.03229126e+03, 7.38680005e-01,
            4.09088593e+02, 1.19992310e+03, 7.97868013e-01,
            6.08002502e+02, 1.50380774e+03, 6.43591940e-01,
            6.02957214e+02, 1.02706482e+03, 7.54747629e-01,
            6.13331970e+02, 1.18434888e+03, 7.59178042e-01,
            5.45139709e+02, 1.44614429e+03, 2.40054414e-01,
            5.18762085e+02, 5.66054993e+02, 9.22153950e-01,
            5.66444763e+02, 5.66486206e+02, 9.28131998e-01,
            4.76888702e+02, 5.45245239e+02, 8.51620555e-01,
            6.18628479e+02, 5.66144531e+02, 8.55615914e-01 ]
    }
}
