{
    "pose_0": {
        "type_id": "opencv-matrix",
        "rows": 1,
        "cols": 18,
        "dt": "3f",
        "data": [ 5.34735168e+02, 6.02786194e+02, 9.16924953e-01,
            5.29495300e+02, 7.02308960e+02, 8.69307756e-01,
            3.93499237e+02, 6.92148682e+02, 8.78041863e-01,
            4.24804199e+02, 9.32709045e+02, 7.92120576e-01,
            5.08460724e+02, 1.11073242e+03, 8.03849578e-01,
            6.76210938e+02, 7.18072998e+02, 7.96553910e-01,
            6.28955750e+02, 9.53710205e+02, 7.84244776e-01,
            5.50547913e+02, 1.11096887e+03, 6.73752248e-01,
            4.40486023e+02, 1.03757312e+03, 7.89667308e-01,
            3.09734314e+02, 1.15286169e+03, 9.10839319e-01,
            3.93550568e+02, 1.53535339e+03, 8.03212702e-01,
            6.08131287e+02, 1.03757239e+03, 7.79372036e-01,
            7.44190918e+02, 1.15312842e+03, 8.43096793e-01,
            7.18072754e+02, 1.57175989e+03, 7.50998199e-01,
            5.13873657e+02, 5.65955994e+02, 9.16541576e-01,
            5.66343811e+02, 5.66182983e+02, 9.41804767e-01,
            4.71851044e+02, 5.34872620e+02, 8.64677787e-01,
            6.18487488e+02, 5.60843628e+02, 8.42413425e-01 ]
    }
}
