{
    "pose_0": {
        "type_id": "opencv-matrix",
        "rows": 1,
        "cols": 18,
        "dt": "3f",
        "data": [ 5.50411743e+02, 6.02927124e+02, 9.08818483e-01,
            5.34685791e+02, 7.02489746e+02, 8.35101187e-01,
            3.98473694e+02, 6.92187622e+02, 8.78333330e-01,
            4.29910034e+02, 9.37954590e+02, 8.43044519e-01,
            5.13596008e+02, 1.11102002e+03, 8.09862852e-01,
            6.86381226e+02, 7.23298157e+02, 8.30232978e-01,
            6.34172424e+02, 9.59102478e+02, 7.88695395e-01,
            5.55776306e+02, 1.11114734e+03, 6.90865755e-01,
            4.40515320e+02, 1.03759277e+03, 7.85373330e-01,
            3.09319366e+02, 1.15287317e+03, 8.69491875e-01,
            3.20045227e+02, 1.56132385e+03, 7.78442264e-01,
            6.08229187e+02, 1.04274500e+03, 7.64966130e-01,
            7.49455566e+02, 1.15275684e+03, 8.70403409e-01,
            7.33946533e+02, 1.57179749e+03, 7.97906518e-01,
            5.19152954e+02, 5.65965515e+02, 9.53617811e-01,
            5.81813782e+02, 5.66327026e+02, 8.86055708e-01,
            4.77050964e+02, 5.39998474e+02, 8.78408790e-01,
            6.34237976e+02, 5.61105408e+02, 8.29813719e-01 ]
    }
}
