{
    "pose_0": {
        "type_id": "opencv-matrix",
        "rows": 1,
        "cols": 18,
        "dt": "3f",
        "data": [ 5.24082642e+02, 6.03024292e+02, 9.77160215e-01,
            5.24321594e+02, 7.18114624e+02, 8.85393023e-01,
            3.93292877e+02, 7.02458435e+02, 8.39186609e-01,
            4.24779388e+02, 9.32849792e+02, 7.75431633e-01,
            4.98164063e+02, 1.11107605e+03, 6.72563374e-01,
            6.60487976e+02, 7.28456909e+02, 8.27509880e-01,
            6.13304504e+02, 9.48498901e+02, 8.47829223e-01,
            5.34834045e+02, 1.11633069e+03, 6.22619271e-01,
            4.19589508e+02, 1.04284314e+03, 7.08812833e-01,
            4.14373413e+02, 1.22082788e+03, 7.43028402e-01,
            6.08286011e+02, 1.55091272e+03, 6.43663943e-01,
            6.02902893e+02, 1.03755225e+03, 7.38135636e-01,
            6.39627563e+02, 1.20014075e+03, 7.97622681e-01,
            4.82638977e+02, 1.60321643e+03, 6.03143275e-01,
            4.87761017e+02, 5.66321045e+02, 8.89155090e-01,
            5.55806885e+02, 5.66362854e+02, 9.32181656e-01,
            4.51028351e+02, 5.55820007e+02, 8.14050853e-01,
            6.02933167e+02, 5.61146240e+02, 9.84456122e-01 ]
    }
}
