{
    "pose_0": {
        "type_id": "opencv-matrix",
        "rows": 1,
        "cols": 18,
        "dt": "3f",
        "data": [ 5.40036926e+02, 6.02832214e+02, 9.02692199e-01,
            5.29683044e+02, 7.02368347e+02, 8.46150935e-01,
            3.98364899e+02, 6.92072449e+02, 8.83884072e-01,
            4.24803833e+02, 9.32770752e+02, 8.17934990e-01,
            5.08597992e+02, 1.11083887e+03, 7.95138776e-01,
            6.81449097e+02, 7.23303040e+02, 8.31693530e-01,
            6.34169983e+02, 9.53755676e+02, 7.73618758e-01,
            5.55611511e+02, 1.11109253e+03, 6.83776557e-01,
            4.40616852e+02, 1.03765491e+03, 7.70917416e-01,
            3.09338715e+02, 1.14765186e+03, 8.86867106e-01,
            3.51371918e+02, 1.56133667e+03, 7.73076057e-01,
            6.08339050e+02, 1.04282520e+03, 7.44575620e-01,
            7.49503540e+02, 1.14782727e+03, 8.63432407e-01,
            7.33812012e+02, 1.57183325e+03, 8.06441903e-01,
            5.18931824e+02, 5.61174927e+02, 9.46692228e-01,
            5.71630005e+02, 5.66278931e+02, 8.99218440e-01,
            4.76944550e+02, 5.39963867e+02, 8.66956949e-01,
            6.34202332e+02, 5.66013672e+02, 8.53755176e-01 ]
    }
}
