{
    "pose_0": {
        "type_id": "opencv-matrix",
        "rows": 1,
        "cols": 18,
        "dt": "3f",
        "data": [ 5.19234070e+02, 6.02875244e+02, 9.50182199e-01,
            5.24278198e+02, 7.18090088e+02, 8.88583243e-01,
            3.93237732e+02, 7.07548157e+02, 8.34648967e-01,
            4.29823792e+02, 9.37864319e+02, 7.73232639e-01,
            5.03291077e+02, 1.11085034e+03, 6.91962302e-01,
            6.60478882e+02, 7.28362244e+02, 8.22600603e-01,
            6.13382996e+02, 9.43526367e+02, 8.39995086e-01,
            5.45138611e+02, 1.11094617e+03, 6.31789267e-01,
            4.24662720e+02, 1.03766785e+03, 7.08529472e-01,
            4.14258545e+02, 1.19456213e+03, 7.84683764e-01,
            5.92407227e+02, 1.52466382e+03, 4.84884560e-01,
            6.03006958e+02, 1.03230042e+03, 7.55551696e-01,
            6.39417847e+02, 1.19493250e+03, 8.28854501e-01,
            5.60814392e+02, 1.47760815e+03, 2.06383884e-01,
            4.87694397e+02, 5.66035339e+02, 8.82618546e-01,
            5.55756836e+02, 5.66246216e+02, 9.40735221e-01,
            4.45800018e+02, 5.45288269e+02, 8.53526294e-01,
            6.02814819e+02, 5.61012329e+02, 9.54601109e-01 ]
    }
}
