{
    "pose_0": {
        "type_id": "opencv-matrix",
        "rows": 1,
        "cols": 18,
        "dt": "3f",
        "data": [ 5.39959900e+02, 6.02788147e+02, 9.08558488e-01,
            5.29564880e+02, 7.02304016e+02, 8.61672878e-01,
            3.98386566e+02, 6.92027222e+02, 8.88551772e-01,
            4.24804352e+02, 9.32718689e+02, 8.11707735e-01,
            5.08513947e+02, 1.11084082e+03, 8.35810304e-01,
            6.81248230e+02, 7.23130920e+02, 8.02995384e-01,
            6.34193115e+02, 9.48644043e+02, 7.78973520e-01,
            5.55643555e+02, 1.11094543e+03, 7.03471422e-01,
            4.40456635e+02, 1.03755493e+03, 7.83512354e-01,
            3.04274017e+02, 1.15272668e+03, 8.77505898e-01,
            3.56538300e+02, 1.54035510e+03, 8.00639093e-01,
            6.08104980e+02, 1.04279858e+03, 7.56324470e-01,
            7.49427856e+02, 1.15289685e+03, 8.60343099e-01,
            7.28507935e+02, 1.57173486e+03, 8.27562332e-01,
            5.18854126e+02, 5.61166321e+02, 9.40298259e-01,
            5.71417542e+02, 5.66157959e+02, 9.17739928e-01,
            4.76879669e+02, 5.39928162e+02, 8.74099433e-01,
            6.23865173e+02, 5.60826904e+02, 8.11794639e-01 ]
    }
}
