{
    "pose_0": {
        "type_id": "opencv-matrix",
        "rows": 1,
        "cols": 18,
        "dt": "3f",
        "data": [ 5.39983276e+02, 6.02823486e+02, 9.04546857e-01,
            5.29590576e+02, 7.02294739e+02, 8.59797716e-01,
            3.98377380e+02, 6.92045288e+02, 8.90262067e-01,
            4.24826447e+02, 9.32780151e+02, 8.17862034e-01,
            5.08579407e+02, 1.11089307e+03, 8.18488896e-01,
            6.81326904e+02, 7.23148132e+02, 8.10962975e-01,
            6.34153015e+02, 9.53751282e+02, 7.75293171e-01,
            5.55638000e+02, 1.11103479e+03, 6.94000542e-01,
            4.40526459e+02, 1.03760718e+03, 7.75300801e-01,
            3.04321564e+02, 1.15265430e+03, 8.78666282e-01,
            3.51588318e+02, 1.55086719e+03, 7.87700176e-01,
            6.08160645e+02, 1.04279492e+03, 7.49715149e-01,
            7.49455505e+02, 1.15268811e+03, 8.64903867e-01,
            7.28754333e+02, 1.57191272e+03, 8.10871542e-01,
            5.18870789e+02, 5.61173096e+02, 9.41788673e-01,
            5.71516418e+02, 5.66230652e+02, 9.11681354e-01,
            4.76896851e+02, 5.34895508e+02, 8.67832899e-01,
            6.29075623e+02, 5.61061035e+02, 8.32993746e-01 ]
    }
}
