{
    "pose_0": {
        "type_id": "opencv-matrix",
        "rows": 1,
        "cols": 18,
        "dt": "3f",
        "data": [ 5.34858215e+02, 6.02805786e+02, 9.12990630e-01,
            5.29490356e+02, 6.97330505e+02, 8.72234821e-01,
            3.93506042e+02, 6.92064697e+02, 8.85629058e-01,
            4.24783600e+02, 9.32737671e+02, 8.07210863e-01,
            5.08429230e+02, 1.11077832e+03, 8.14775705e-01,
            6.76231873e+02, 7.18029419e+02, 7.95678735e-01,
            6.29098206e+02, 9.53745911e+02, 7.77976394e-01,
            5.55526062e+02, 1.11094067e+03, 6.95145071e-01,
            4.40457642e+02, 1.03246716e+03, 7.89864957e-01,
            3.09262207e+02, 1.15277722e+03, 8.89638364e-01,
            3.67286926e+02, 1.53534167e+03, 7.58966267e-01,
            6.08127136e+02, 1.03247241e+03, 7.80923665e-01,
            7.44230103e+02, 1.15281958e+03, 8.73089552e-01,
            7.28314941e+02, 1.57173096e+03, 8.03581774e-01,
            5.18768738e+02, 5.66002075e+02, 9.29545343e-01,
            5.66486084e+02, 5.66222351e+02, 9.22900259e-01,
            4.71958984e+02, 5.45161316e+02, 8.35121572e-01,
            6.18701599e+02, 5.60950378e+02, 8.33088458e-01 ]
    }
}
