{
    "pose_0": {
        "type_id": "opencv-matrix",
        "rows": 1,
        "cols": 18,
        "dt": "3f",
        "data": [ 5.40011047e+02, 6.07855286e+02, 9.11464691e-01,
            5.29575256e+02, 7.07544617e+02, 8.43297720e-01,
            3.93515106e+02, 6.97091064e+02, 8.73245120e-01,
            4.24775177e+02, 9.38101318e+02, 8.25918138e-01,
            5.13711792e+02, 1.11117810e+03, 8.07090938e-01,
            6.81243225e+02, 7.23250488e+02, 8.10905218e-01,
            6.29019287e+02, 9.69488647e+02, 7.85553277e-01,
            5.55737793e+02, 1.11634155e+03, 6.50254488e-01,
            4.40455994e+02, 1.04281873e+03, 7.84864008e-01,
            3.04153564e+02, 1.15312048e+03, 8.50457013e-01,
            3.04273865e+02, 1.57170459e+03, 7.49497294e-01,
            6.08200256e+02, 1.03757019e+03, 7.56808639e-01,
            7.39153503e+02, 1.15293127e+03, 8.59032571e-01,
            7.34075012e+02, 1.57169775e+03, 7.89353251e-01,
            5.18842773e+02, 5.66228027e+02, 9.35383201e-01,
            5.71453247e+02, 5.71342957e+02, 9.09274995e-01,
            4.71997803e+02, 5.50519531e+02, 8.77650261e-01,
            6.23761230e+02, 5.66050903e+02, 8.29743862e-01 ]
    }
}
