{
    "pose_0": {
        "type_id": "opencv-matrix",
        "rows": 1,
        "cols": 18,
        "dt": "3f",
        "data": [ 1.52335159e+02, 7.22478180e+01, 8.33350897e-01,
            1.49082794e+02, 1.27800751e+02, 8.56543422e-01,
            9.51851196e+01, 1.24564651e+02, 7.65808761e-01,
            4.94564819e+01, 1.96352127e+02, 6.76526010e-01,
            2.00570335e+01, 2.66571869e+02, 7.56858468e-01,
            2.02925552e+02, 1.32676331e+02, 7.75449872e-01,
            2.27439148e+02, 2.17598862e+02, 8.00928295e-01,
            2.32296738e+02, 3.02428223e+02, 7.56916761e-01,
            1.21257507e+02, 2.94252838e+02, 5.85197389e-01,
            1.11544579e+02, 4.13420258e+02, 5.67892075e-01,
            1.06551689e+02, 5.30968506e+02, 4.72184688e-01,
            1.80053406e+02, 2.94269501e+02, 5.61181366e-01,
            1.84897034e+02, 4.13426636e+02, 4.20061529e-01,
            1.97991104e+02, 5.30939575e+02, 2.08840102e-01,
            1.45748856e+02, 6.08891563e+01, 7.83842027e-01,
            1.63735260e+02, 6.09294739e+01, 8.65131915e-01,
            1.32679428e+02, 7.06110611e+01, 6.66509569e-01,
            1.76767349e+02, 7.06358337e+01, 7.40788698e-01 ]
    }
}
